166	166	9
32	32	3
3	4	6
134	152	1
87	90	3
8	8	3
182	182	9
40	41	4
12	32	2
39	39	14
152	152	9
136	136	5
172	172	7
95	95	3
167	185	2
49	49	14
43	43	12
107	107	2
168	168	11
195	195	8
52	52	9
124	124	8
129	129	10
133	133	7
24	59	6
109	109	16
171	171	9
165	165	8
18	167	3
141	141	20
47	47	11
4	4	6
171	172	6
182	183	2
0	1	8
13	16	2
139	139	18
143	144	9
106	112	3
133	149	2
112	117	5
153	191	5
31	31	9
110	110	3
24	24	13
15	23	3
57	57	6
181	182	4
54	54	6
67	67	5
100	100	8
157	157	4
65	65	8
28	28	5
29	29	4
151	151	16
26	27	4
1	25	2
94	94	3
153	153	11
81	81	7
189	190	5
106	141	3
105	105	2
104	104	10
177	177	10
23	23	5
170	171	10
12	16	1
24	31	4
0	0	9
15	15	9
36	36	8
166	167	2
186	186	20
98	154	2
2	2	11
132	134	2
30	30	10
164	164	18
149	149	10
47	53	1
112	112	8
59	59	17
181	181	12
132	132	7
14	21	2
184	185	4
78	78	3
113	114	5
155	155	1
26	39	1
160	160	7
99	99	4
187	187	5
152	154	1
196	196	16
137	139	4
140	140	4
125	190	1
20	20	3
125	173	7
47	48	2
13	14	5
134	134	7
114	114	6
5	6	2
140	141	1
103	109	4
134	155	4
159	159	8
39	40	3
24	32	2
11	11	7
185	185	8
44	45	1
117	117	9
194	195	4
131	131	12
162	162	8
160	193	2
33	33	13
94	95	6
191	191	12
162	163	2
45	52	2
133	144	2
101	101	4
147	147	9
10	10	11
101	102	2
19	19	10
14	14	3
123	123	10
136	137	3
69	69	14
116	181	1
72	72	5
144	145	5
143	145	5
41	43	2
74	74	2
44	44	13
37	38	3
10	39	1
26	26	3
189	189	9
85	85	9
175	175	6
50	50	7
42	43	1
169	169	7
163	163	7
86	87	2
171	183	3
156	156	9
149	150	2
62	63	6
1	3	4
121	127	2
70	70	8
6	6	5
115	115	6
112	191	2
179	179	6
16	17	2
68	68	5
56	56	6
71	71	4
161	161	8
182	187	2
154	154	8
24	35	2
43	51	5
55	55	7
174	174	8
192	192	3
137	137	4
38	39	2
17	33	2
88	88	9
188	188	3
31	32	5
46	47	4
139	144	2
97	98	2
86	86	1
26	59	1
135	135	8
71	81	2
158	165	2
108	108	6
20	25	3
167	171	4
12	12	7
41	41	7
176	176	4
112	150	7
127	127	3
111	111	1
53	54	3
170	170	6
48	48	9
128	128	9
120	120	2
82	82	7
192	193	3
121	121	7
12	13	1
16	16	10
54	55	3
38	42	3
50	51	4
73	73	4
197	197	4
58	59	2
139	140	4
101	156	4
60	60	3
180	180	6
20	34	3
104	105	3
3	18	1
9	39	4
61	61	7
75	76	2
34	34	7
121	189	4
180	186	3
154	157	3
53	55	4
49	50	2
164	167	6
58	66	3
113	113	8
79	79	2
142	148	1
111	193	2
25	25	9
0	25	2
114	172	3
35	35	7
85	86	2
193	193	4
148	148	7
183	184	1
74	89	2
183	183	4
122	122	6
98	98	5
178	178	5
99	129	1
3	186	3
98	152	1
186	189	2
152	153	3
43	44	3
66	66	5
83	83	2
184	184	4
38	38	1
5	178	2
161	164	2
125	196	6
64	64	5
130	130	7
165	181	3
185	186	3
113	195	4
18	18	9
134	158	3
58	58	8
179	191	3
16	33	1
151	172	2
184	188	4
142	142	4
15	34	2
167	167	6
113	175	2
193	197	2
22	22	3
191	193	1
138	138	4
168	171	3
191	192	3
11	174	3
107	191	2
138	141	2
10	41	1
135	136	3
6	7	1
46	46	2
146	160	1
75	81	2
88	97	3
124	133	3
117	118	5
81	84	2
11	12	1
173	173	4
106	107	1
104	106	1
51	58	2
31	36	1
134	135	2
59	61	1
15	33	2
99	109	1
29	30	2
84	84	1
21	26	3
58	189	3
146	146	2
181	191	1
45	45	6
26	83	1
63	63	3
107	152	3
173	174	4
116	191	2
1	2	1
106	115	1
95	97	1
23	30	4
108	140	2
122	124	2
118	118	5
110	186	1
28	29	3
9	9	2
177	178	5
4	5	2
55	56	1
156	175	3
113	184	2
17	17	1
102	103	2
12	36	3
40	40	1
62	62	5
1	1	5
31	43	1
141	174	2
150	191	3
179	180	3
150	150	1
27	27	1
7	7	4
61	80	1
187	189	2
93	106	2
20	166	2
19	39	2
106	136	3
144	144	1
160	178	2
17	166	1
32	33	1
108	151	3
1	32	3
0	46	1
42	42	2
105	152	1
14	15	1
183	186	2
165	166	2
36	37	3
89	89	1
182	186	2
119	128	1
178	179	4
194	194	2
179	187	1
190	190	3
134	149	3
67	73	1
101	103	1
43	162	1
0	3	2
155	156	1
71	80	2
31	55	1
116	116	4
67	76	3
101	126	2
143	195	1
174	175	2
36	165	1
124	132	1
93	93	1
63	82	1
132	182	1
2	3	1
130	190	1
39	83	1
158	159	1
146	147	2
130	131	2
108	141	1
113	166	1
33	34	1
120	192	1
6	31	1
63	64	1
135	190	1
103	103	1
126	126	1
133	182	1
54	57	1
138	151	1
106	106	1
34	35	1
126	160	1
167	174	1
111	140	2
23	24	1
103	104	2
7	161	2
24	28	1
97	99	1
143	189	1
48	49	1
94	98	1
162	164	2
96	96	1
142	149	1
115	116	1
159	164	1
130	141	1
125	127	1
180	181	1
123	137	1
