54	56	3
9	10	2
117	118	1
52	52	2
123	123	1
109	109	1
109	154	2
133	133	4
21	21	2
68	68	2
24	24	2
107	107	5
78	78	2
36	38	1
68	74	1
15	24	1
130	130	4
57	57	2
87	87	4
85	112	1
44	45	1
112	114	1
17	23	4
6	12	2
127	129	2
10	10	4
98	99	2
16	45	2
6	7	3
16	16	5
5	5	2
63	65	1
136	139	2
145	146	1
121	121	1
32	32	7
4	4	6
3	24	1
50	50	7
20	64	1
28	28	2
15	30	2
32	83	3
23	65	1
18	18	2
35	35	8
86	87	2
44	44	2
3	53	1
111	114	3
12	13	1
11	11	5
119	119	2
94	97	1
41	47	2
49	54	1
82	82	4
94	94	1
3	6	2
23	23	2
41	42	3
46	46	1
41	41	3
102	102	4
24	28	2
39	39	2
104	107	1
86	86	1
45	45	2
43	44	1
75	99	1
147	147	2
40	40	6
83	83	3
4	36	1
31	31	3
25	33	3
97	102	3
63	63	1
43	43	4
86	94	2
66	97	4
5	7	1
5	32	1
4	32	1
137	137	2
10	22	2
76	93	1
95	95	1
84	86	1
116	116	1
135	135	1
37	43	3
11	12	1
71	91	2
67	67	2
124	124	2
21	65	2
80	104	2
54	55	4
26	28	1
55	56	2
35	36	2
126	127	1
137	149	1
120	143	1
37	37	2
63	64	2
62	62	2
34	34	1
72	74	2
5	9	1
68	82	1
28	30	3
138	138	2
67	84	1
42	81	1
68	70	1
56	56	1
62	66	1
12	12	3
13	52	1
9	9	3
69	69	3
29	29	3
75	77	2
126	150	1
28	29	1
51	78	2
81	83	1
124	139	1
53	54	2
35	46	1
26	27	3
54	54	1
131	132	1
66	66	2
100	100	6
92	112	1
115	115	1
131	133	1
103	111	1
93	98	1
87	121	2
55	55	1
13	76	1
123	126	1
77	77	1
25	82	1
73	73	1
55	63	1
66	85	1
6	24	1
125	125	1
24	82	1
19	19	3
154	154	3
37	85	1
14	14	5
80	80	2
96	132	1
11	16	2
35	81	2
18	19	1
18	26	1
45	77	1
25	25	4
42	42	4
20	23	1
77	90	1
110	145	1
7	10	2
23	54	1
149	149	1
13	20	1
50	75	1
126	126	1
103	105	2
142	142	1
11	21	1
8	17	1
22	22	2
34	35	1
12	21	1
136	151	1
108	108	2
114	115	1
108	114	1
3	52	1
32	34	1
7	7	1
80	83	1
18	36	1
101	102	3
20	20	1
64	66	1
13	14	2
47	47	2
129	129	1
24	29	1
29	30	3
38	80	2
68	69	1
33	33	2
57	80	1
87	88	2
77	78	1
85	93	1
25	68	1
75	76	2
88	88	1
14	15	1
124	125	1
115	118	1
139	140	2
97	99	1
25	28	1
125	132	1
103	113	1
132	133	1
57	97	1
6	6	2
125	141	1
90	91	1
25	62	2
71	71	2
66	67	1
55	84	2
108	109	1
88	128	1
17	33	1
100	114	1
110	110	3
81	81	1
23	24	1
16	56	1
62	63	1
36	36	1
104	111	1
25	64	1
8	36	1
74	75	1
24	67	2
42	43	1
36	37	1
145	148	1
16	30	1
95	110	2
98	98	1
106	106	1
23	48	1
83	94	1
26	63	1
13	22	1
57	63	1
14	22	1
128	128	1
85	85	2
49	50	1
121	124	2
22	50	1
86	89	1
135	139	1
6	20	1
37	38	1
49	49	2
40	47	2
96	99	1
36	104	1
40	108	1
144	148	1
78	79	1
25	26	2
139	141	1
29	32	1
90	127	1
41	107	1
19	46	1
56	57	1
136	137	2
22	23	1
58	68	1
41	56	1
110	111	2
50	97	1
76	77	1
90	100	1
13	13	1
40	43	1
26	32	1
136	136	1
106	107	1
46	77	1
30	30	1
48	48	1
123	124	1
40	41	1
6	25	1
104	113	1
52	97	1
125	126	1
126	128	1
85	86	1
101	107	1
152	152	1
51	56	1
