8	10	4
58	58	6
69	69	9
61	61	17
48	49	4
17	18	9
45	45	14
21	71	3
10	10	16
47	47	18
25	25	6
49	49	21
1	1	8
63	64	2
48	48	10
75	75	9
39	39	12
47	48	6
26	27	12
77	77	12
68	69	11
46	47	3
76	76	9
60	60	6
63	63	14
27	28	2
78	78	6
21	21	10
73	78	2
27	27	16
5	5	9
79	79	11
7	7	14
25	58	1
40	45	4
72	72	10
43	43	6
76	77	5
57	58	2
12	20	1
29	29	24
71	72	4
71	71	5
80	80	5
26	26	8
28	28	9
53	63	2
26	59	6
36	36	10
39	40	5
19	19	10
64	64	5
75	76	4
18	18	7
21	22	2
5	6	14
37	37	19
54	54	12
32	32	5
63	68	3
6	6	16
41	41	19
73	73	8
26	61	3
65	65	8
70	70	5
8	8	16
30	30	15
32	33	5
50	50	11
52	52	8
52	53	6
17	17	2
2	3	15
25	53	1
34	35	4
0	0	3
13	13	8
51	52	4
60	61	4
62	63	1
31	31	6
3	3	4
62	62	6
9	9	11
48	66	2
66	67	2
50	51	2
53	53	4
25	62	4
53	54	2
57	57	4
30	71	1
59	59	4
43	45	1
33	33	7
74	74	17
49	54	3
22	22	1
64	65	6
51	51	3
20	21	2
4	4	2
42	42	8
51	71	1
63	69	1
48	61	3
56	57	4
59	75	3
14	14	6
56	56	9
36	37	4
46	46	10
38	38	8
16	18	1
16	16	1
2	16	5
14	15	3
10	12	3
81	81	1
55	55	5
3	5	2
43	58	1
40	41	5
47	71	2
49	52	1
38	39	2
67	72	2
55	56	1
20	40	2
34	55	3
69	71	2
7	9	1
7	8	2
30	36	1
35	36	3
4	16	1
5	11	5
79	80	4
28	29	1
30	31	1
35	38	2
46	48	2
68	68	4
15	15	1
5	8	1
58	75	3
25	26	1
72	77	1
14	31	2
40	40	3
22	31	3
12	14	5
49	50	2
66	66	1
8	9	1
56	70	2
33	64	1
18	80	1
7	35	2
6	7	1
11	11	3
42	43	3
65	68	2
50	52	2
2	2	1
80	81	1
50	68	2
56	69	2
61	66	1
34	34	3
42	61	1
34	37	1
9	12	2
9	10	2
26	28	1
41	45	1
73	74	1
63	72	1
4	5	1
50	64	1
37	38	1
33	34	1
59	61	3
13	14	1
69	70	1
65	66	1
31	32	1
74	76	1
34	36	1
35	35	1
64	77	1
