97	98	4
8	9	2
79	79	3
75	75	4
91	91	2
96	97	2
28	28	4
15	15	1
10	10	3
26	26	5
20	21	2
109	109	1
115	115	1
44	44	4
64	66	3
76	76	6
128	130	1
67	87	1
82	82	2
24	26	2
53	53	6
20	20	1
8	8	4
125	130	1
118	118	6
51	52	1
122	122	3
10	23	2
89	90	1
38	43	1
95	104	1
57	57	3
84	101	3
125	125	2
116	119	1
23	23	2
117	117	2
90	90	4
54	78	2
134	134	5
64	68	1
115	132	2
86	86	3
71	71	3
66	67	2
99	99	1
53	107	1
104	105	2
52	53	1
54	54	4
129	129	2
102	103	1
118	119	1
36	36	5
124	124	3
123	124	1
83	91	1
87	88	1
43	43	1
100	100	4
18	19	1
69	69	3
67	84	3
135	135	1
110	111	3
28	29	1
119	119	1
102	102	5
82	85	1
68	68	3
112	112	4
112	114	1
87	87	2
121	121	3
49	49	1
19	19	3
81	82	2
121	125	2
5	5	3
91	134	1
12	12	3
109	110	2
93	93	5
116	120	2
33	34	1
97	97	1
67	78	1
98	111	1
94	95	1
64	64	4
83	87	1
86	131	1
73	74	3
10	11	2
115	120	1
6	7	1
106	106	5
73	73	2
105	105	5
49	50	3
85	85	4
116	121	1
94	107	2
133	134	2
87	92	2
11	14	1
62	62	1
131	131	8
31	31	2
57	58	2
14	14	2
80	80	7
70	125	2
44	50	1
25	25	1
45	46	1
53	54	2
0	107	2
120	120	2
63	63	2
130	130	1
126	126	4
80	81	1
58	58	5
84	84	6
87	91	1
43	44	3
84	86	1
17	17	4
133	133	2
1	2	1
59	59	2
91	92	2
121	122	1
3	3	1
117	118	2
78	78	2
19	21	1
63	103	1
84	108	1
52	54	1
1	1	1
89	89	2
92	92	2
17	27	1
32	33	2
100	101	1
126	129	3
59	60	1
83	84	2
127	127	2
79	82	2
86	87	2
45	45	6
43	53	1
77	84	4
102	129	1
120	122	1
98	98	6
60	68	1
69	116	1
96	96	2
49	53	2
35	36	1
132	132	2
121	124	2
102	114	1
98	131	1
76	79	2
38	38	2
65	65	2
47	47	2
88	88	3
24	24	2
95	108	2
106	108	1
52	52	3
126	132	2
33	33	1
72	72	3
11	11	2
95	95	1
7	43	2
90	134	1
117	120	1
123	135	1
73	80	1
65	68	1
79	80	1
78	82	1
16	16	3
113	114	3
64	88	1
23	24	4
84	85	1
6	13	2
68	87	1
77	78	5
21	21	1
106	112	1
67	68	1
19	20	1
49	77	1
92	99	1
101	134	1
61	62	1
6	6	1
71	92	1
16	17	2
95	133	1
73	81	1
77	79	3
2	2	1
76	80	1
83	83	3
35	35	1
74	93	2
68	114	1
77	77	1
108	122	1
52	112	1
13	13	1
128	128	1
27	27	2
61	61	1
49	116	1
119	134	1
121	135	1
0	0	3
108	109	3
123	123	5
50	125	1
82	84	2
30	63	2
46	46	2
126	128	1
104	104	4
114	114	1
9	20	1
37	43	1
22	22	1
127	128	1
68	116	1
50	58	1
24	25	1
131	132	1
9	9	1
14	15	2
120	121	1
80	82	1
30	30	2
3	4	1
81	81	1
107	107	1
33	54	1
125	126	1
80	87	1
122	123	1
100	132	1
84	133	2
26	45	1
42	53	1
103	103	1
68	77	1
59	98	1
108	135	1
50	77	1
4	5	1
110	113	1
29	71	1
8	27	1
92	93	1
21	22	1
0	43	1
37	37	1
81	83	1
97	119	1
75	122	1
14	38	1
62	63	1
121	127	1
66	69	1
109	115	1
75	78	1
15	16	1
55	55	1
77	83	1
121	130	1
11	36	1
56	56	1
82	83	1
3	114	1
114	132	1
119	127	1
83	85	1
50	52	1
4	46	1
86	108	1
15	18	1
58	115	1
13	14	1
7	7	1
78	80	1
82	110	1
62	127	1
27	28	1
90	99	1
112	113	1
70	70	1
