6	6	4
10	10	5
1	2	2
120	122	1
30	30	2
86	86	3
102	106	1
119	119	2
24	24	1
129	129	6
74	74	5
2	2	4
9	9	5
121	122	3
88	89	2
0	1	1
128	128	4
12	12	5
7	11	1
75	76	3
122	122	14
114	114	2
118	118	3
78	79	1
24	25	1
111	111	3
133	138	2
84	122	1
105	105	6
14	14	4
23	23	5
94	94	4
95	95	3
122	126	3
72	72	4
3	10	3
5	11	1
96	97	1
84	111	2
81	81	3
130	130	4
2	3	2
110	110	1
89	89	5
72	75	1
71	72	3
91	91	3
112	112	5
116	116	1
109	111	2
116	126	1
22	22	1
14	15	1
84	84	5
13	13	7
93	93	6
117	117	1
112	116	1
108	117	2
21	35	4
75	75	2
87	87	5
72	73	2
15	84	1
123	123	4
86	101	1
120	120	2
134	134	4
20	20	1
126	126	2
102	102	4
137	137	2
131	131	4
93	95	2
4	5	2
104	104	1
121	121	8
34	35	1
8	11	2
93	94	1
127	127	3
25	38	2
97	97	2
140	140	3
76	77	3
19	19	4
13	14	1
27	27	5
74	118	1
135	135	2
73	73	3
18	18	6
76	76	3
121	123	2
16	16	1
113	113	1
81	115	1
124	125	1
33	33	6
82	83	3
29	30	1
97	102	1
29	29	1
117	118	2
25	25	1
74	75	1
117	120	2
29	32	3
7	8	2
97	98	2
10	11	1
132	132	2
129	130	1
89	90	1
84	85	1
81	83	1
125	125	3
8	9	3
15	15	1
11	21	2
83	83	1
86	87	1
125	126	1
122	123	2
31	32	1
15	16	1
21	21	1
37	38	1
14	16	1
28	29	1
108	108	1
136	136	1
0	7	1
72	94	2
78	78	2
107	112	1
113	115	2
90	91	1
98	98	2
100	100	1
133	133	2
107	107	2
85	85	1
119	122	2
1	1	1
35	36	1
73	118	1
128	135	2
83	113	1
72	122	1
37	37	1
129	133	2
27	28	2
24	26	1
26	26	5
12	13	2
44	74	2
80	84	1
106	112	1
36	36	1
112	114	1
3	3	1
11	11	1
104	105	1
137	140	1
95	131	1
110	111	3
8	8	2
7	7	3
77	77	2
85	93	1
109	116	1
2	6	1
17	23	1
110	114	1
119	120	1
83	84	1
124	128	1
103	104	1
79	79	1
16	17	3
127	129	1
12	18	1
103	103	1
109	109	2
120	121	3
16	74	1
101	108	1
39	39	1
102	111	1
134	138	1
17	17	1
4	24	1
22	107	1
88	90	1
101	102	1
35	35	1
21	24	1
28	28	2
7	12	1
106	106	1
38	38	2
107	108	1
100	102	1
115	115	1
87	89	1
32	33	1
31	38	1
17	19	1
