70	70	1
175	176	3
231	232	2
36	62	1
176	176	11
11	12	1
25	30	1
167	169	2
55	56	3
60	67	1
72	72	1
48	50	1
84	85	3
210	210	3
211	211	4
204	204	6
170	170	10
192	232	1
173	174	3
195	195	4
23	23	8
153	153	1
88	89	1
247	247	5
177	177	8
72	75	1
52	101	2
222	223	1
5	5	3
0	11	1
77	119	1
46	46	4
33	33	7
165	209	2
46	54	1
19	19	1
83	84	4
23	201	4
76	85	2
148	149	1
110	110	7
82	82	2
102	104	1
119	119	3
171	172	6
58	62	2
47	91	1
208	208	2
176	177	2
100	101	2
18	18	3
197	213	2
117	117	3
58	58	3
52	53	1
183	183	2
197	198	3
106	107	1
57	57	1
171	191	1
175	209	1
115	115	4
1	1	6
227	227	5
49	49	3
30	30	3
168	168	1
187	187	5
233	233	5
208	236	3
52	52	1
179	179	5
64	64	3
180	180	3
193	193	7
26	26	2
15	15	3
94	98	2
160	160	10
178	178	3
234	234	3
96	97	1
29	29	2
151	154	2
116	246	1
179	199	1
47	202	1
159	160	1
97	247	1
174	179	1
57	58	3
154	154	2
97	98	5
56	56	7
52	102	1
10	27	1
188	190	3
28	230	1
102	103	1
47	48	4
246	247	1
162	162	10
201	202	1
210	211	2
17	17	6
59	59	3
240	240	2
105	105	2
213	213	8
221	221	1
4	15	2
32	32	4
45	45	4
169	217	2
200	200	2
39	39	2
188	213	3
187	209	2
82	171	1
67	68	4
3	3	1
206	207	2
191	196	1
232	233	2
196	197	2
42	44	2
109	110	1
9	9	2
188	188	5
14	14	1
26	27	3
226	227	3
106	106	1
48	65	2
211	218	1
152	152	6
248	248	3
207	213	1
217	217	4
232	232	4
181	181	3
237	238	3
228	228	3
103	196	2
171	171	9
93	94	1
51	51	9
231	231	3
219	223	2
104	108	1
10	10	5
42	46	1
12	15	1
173	173	2
151	151	7
157	158	1
225	225	1
237	237	3
31	31	4
160	241	6
163	163	4
84	112	1
107	108	1
181	183	1
60	60	5
101	101	5
215	215	7
25	26	4
190	192	2
181	182	2
93	118	1
35	35	3
60	61	1
88	202	1
164	165	2
165	165	3
66	67	2
113	113	3
117	178	2
187	217	1
78	78	1
19	113	1
104	107	1
47	47	4
243	243	3
184	218	1
160	161	3
38	38	1
54	54	3
46	47	1
158	158	4
3	112	1
117	150	1
59	64	1
118	118	5
50	102	1
42	43	4
190	190	1
186	186	2
159	159	3
8	8	4
96	96	2
118	119	5
24	24	1
50	70	2
178	181	1
144	144	1
166	167	3
114	114	5
48	51	1
55	61	2
193	194	3
112	246	1
179	181	3
245	246	1
80	80	1
102	160	1
111	112	1
236	237	4
89	119	2
173	193	1
158	160	2
151	206	1
55	55	3
163	165	2
184	184	3
83	83	3
165	176	1
66	66	2
86	86	1
169	207	1
6	6	5
192	192	1
187	189	1
191	191	6
105	107	2
220	220	7
212	212	1
56	114	1
98	98	4
161	161	2
46	53	1
87	163	2
74	74	1
60	66	2
23	66	2
202	202	3
244	244	1
88	119	1
95	97	1
172	210	1
87	88	1
48	48	3
180	199	1
11	27	2
175	244	1
170	171	1
194	194	3
174	176	2
81	81	1
229	231	1
183	185	2
91	92	1
42	42	7
221	222	2
83	170	1
88	107	1
59	61	2
178	188	1
85	85	1
230	230	2
67	200	1
201	201	3
189	189	1
246	246	2
95	95	2
19	114	1
220	246	1
234	235	1
200	201	1
102	102	1
50	91	1
238	239	2
99	99	4
43	43	2
169	172	1
92	93	1
209	209	3
82	112	1
249	249	1
189	190	1
117	120	3
242	242	2
239	240	1
223	223	3
1	29	1
92	92	6
202	203	2
187	190	1
20	167	1
175	237	1
239	239	4
104	106	3
76	84	1
155	156	1
180	181	1
175	175	6
173	226	1
203	203	3
13	13	2
51	63	2
100	244	2
29	54	1
76	76	3
240	241	3
105	106	3
169	169	3
5	111	1
99	166	1
85	87	1
95	201	1
79	84	2
167	168	2
88	88	5
95	100	2
81	172	1
65	68	1
196	196	2
82	85	3
11	11	3
205	207	1
216	216	1
28	29	1
108	108	1
216	218	1
115	159	3
245	245	4
241	244	2
164	166	1
91	102	1
88	105	2
38	39	1
149	150	1
4	14	3
236	236	1
7	7	6
185	186	1
5	14	2
206	208	1
97	99	1
194	199	1
150	150	2
241	241	1
35	37	1
172	183	2
53	53	2
72	76	1
172	172	4
116	117	1
8	101	1
147	147	3
208	209	2
34	34	3
192	196	1
157	157	5
207	207	1
68	70	1
75	75	1
47	50	1
27	28	3
73	198	2
87	87	2
48	60	1
116	116	2
67	69	1
58	60	1
67	67	2
224	228	1
244	246	1
235	235	2
156	156	3
71	71	2
183	184	1
3	14	1
74	75	2
41	41	2
230	234	1
84	84	7
107	160	1
12	12	1
61	61	1
206	206	2
55	201	1
69	71	2
34	35	4
20	20	2
87	175	1
222	222	4
2	32	1
197	199	1
109	114	1
198	220	1
166	183	1
78	175	1
241	243	1
77	78	4
215	218	1
173	227	1
102	111	1
166	194	1
21	22	1
164	209	1
188	215	1
100	100	2
27	27	2
60	65	1
152	153	1
35	36	1
79	102	1
3	78	1
198	224	1
29	31	3
26	55	1
93	93	3
153	158	1
103	103	1
75	76	2
9	54	1
22	22	3
78	80	1
113	114	1
182	182	2
95	96	3
243	248	1
109	109	3
199	200	3
214	215	2
162	164	1
4	4	1
54	55	1
166	166	5
65	65	1
110	112	1
16	17	1
65	66	1
185	185	3
51	198	1
1	53	1
57	61	1
24	201	2
75	91	1
182	183	1
161	206	1
176	181	1
96	99	1
69	69	1
197	197	2
115	116	2
21	21	3
25	25	1
93	228	1
94	94	2
23	24	3
175	178	1
93	226	1
62	62	2
28	28	1
86	87	1
160	176	1
98	115	1
2	17	1
170	177	1
112	112	1
185	187	1
178	198	1
30	70	1
167	167	2
218	219	2
156	160	1
18	23	1
14	61	1
49	66	1
89	89	2
163	164	1
213	214	1
217	241	1
174	174	3
189	244	2
110	117	1
208	219	1
111	111	2
242	243	1
116	150	1
244	245	1
35	64	1
97	103	1
72	200	1
164	164	2
165	166	1
185	201	1
229	229	2
175	177	1
208	241	1
37	37	1
193	195	1
51	62	1
186	212	1
157	159	1
75	84	1
213	244	1
6	22	1
184	235	1
6	14	1
108	159	1
233	234	2
93	225	1
36	38	1
168	169	1
61	62	1
145	145	3
111	115	1
20	22	1
170	187	1
159	212	1
29	30	1
194	196	1
53	55	1
170	209	1
20	48	1
78	87	1
121	121	1
205	226	1
73	73	1
243	244	1
179	180	1
235	247	1
1	228	1
145	163	1
14	60	1
208	211	1
94	227	1
4	5	2
90	181	1
198	200	1
144	167	1
227	228	1
85	86	1
76	77	1
229	232	1
2	3	1
103	113	1
84	111	1
64	72	1
153	182	1
120	120	1
156	165	1
215	216	1
220	221	1
172	197	1
39	40	1
50	50	1
199	199	1
11	109	2
76	86	1
152	237	1
193	207	1
213	238	1
195	198	1
33	35	1
209	246	1
192	199	2
89	90	1
194	211	1
184	238	1
146	146	1
205	205	1
2	110	1
224	246	1
190	208	1
68	68	1
28	197	1
73	75	1
187	188	1
179	185	1
78	79	1
186	188	1
22	69	1
152	158	1
197	210	1
56	57	1
197	226	1
