42	43	4
173	174	1
4	14	1
125	125	6
104	119	1
135	135	6
7	8	3
124	124	1
135	137	4
71	71	4
17	32	2
32	33	4
12	34	1
39	39	9
99	99	1
18	19	7
15	16	3
38	39	6
18	18	8
10	37	1
64	64	3
44	45	3
148	148	2
152	153	2
5	7	3
87	87	6
154	154	4
14	14	9
77	179	2
6	7	3
85	85	1
29	29	7
31	32	1
86	86	2
23	23	11
3	3	7
83	84	4
37	38	4
85	95	2
90	91	1
133	136	1
55	55	3
98	99	1
165	165	6
114	114	2
164	164	4
19	19	8
130	151	3
180	180	5
95	95	9
37	37	4
127	127	5
66	67	1
2	2	1
49	49	1
154	169	1
170	171	1
35	35	12
76	76	13
43	44	5
151	151	3
109	109	3
123	131	1
80	81	3
101	102	2
116	116	2
100	107	1
114	134	1
30	58	1
15	15	2
52	71	2
49	51	1
61	135	1
4	9	3
89	89	4
24	124	1
21	21	3
9	12	2
122	122	5
119	120	1
62	63	1
134	134	7
19	20	6
127	128	4
145	177	2
50	51	3
110	117	1
31	31	4
86	146	1
17	28	2
24	106	1
153	153	3
102	102	5
133	133	4
35	36	1
107	107	3
3	24	1
22	24	4
27	27	5
165	168	2
37	39	4
172	172	7
80	86	1
13	13	10
132	149	1
72	78	3
23	164	1
63	147	1
103	103	3
152	152	2
10	11	2
27	171	1
2	53	1
13	41	1
25	25	6
166	166	1
28	28	2
87	88	1
43	43	4
72	72	1
12	13	4
2	3	1
82	147	1
36	37	2
121	124	2
80	97	1
169	170	5
65	65	2
5	6	1
22	22	7
50	52	1
118	118	1
168	168	3
112	112	1
7	7	1
41	42	7
98	115	2
9	10	3
159	159	3
139	139	4
4	4	2
146	146	1
141	145	2
55	56	2
13	14	3
39	41	3
145	145	5
20	61	1
29	30	3
105	107	2
27	44	2
27	28	5
92	92	4
143	158	1
158	158	2
93	93	2
17	17	5
170	170	1
27	33	1
56	56	3
168	169	4
38	38	8
82	82	3
113	113	4
40	40	3
138	138	6
30	31	7
13	22	1
8	8	4
42	42	1
8	14	1
78	78	2
5	8	3
7	10	1
174	174	4
128	146	1
32	32	10
16	83	1
125	131	1
1	2	4
59	59	5
60	60	5
128	131	2
14	15	1
26	27	3
90	90	7
22	23	2
10	10	4
126	126	5
151	153	2
81	125	2
33	33	5
61	61	3
19	24	2
18	62	3
179	179	3
171	171	3
140	140	2
43	45	2
93	94	3
12	27	1
136	136	2
119	119	4
157	158	2
41	41	7
116	117	1
167	167	4
15	35	1
38	131	1
108	110	2
96	119	2
28	29	5
160	164	2
62	81	1
1	1	1
111	113	1
142	143	4
39	40	3
59	76	1
104	105	1
163	163	3
93	171	2
93	96	1
1	31	1
36	36	6
25	29	1
91	92	2
26	26	3
3	4	1
3	25	1
141	142	1
167	170	2
108	109	2
24	42	1
157	157	1
32	42	2
86	88	1
148	152	1
113	114	2
100	100	5
19	95	4
42	44	2
4	45	1
97	97	2
56	59	2
108	108	7
100	110	2
7	11	2
6	6	1
97	147	1
79	91	2
12	12	5
161	161	1
6	8	1
36	78	2
11	12	3
92	94	1
88	88	1
114	152	2
116	118	2
61	62	1
76	77	4
174	175	2
6	63	1
30	30	2
5	10	1
117	117	3
21	23	3
140	154	2
154	165	1
111	111	2
55	72	1
165	166	2
160	160	2
5	54	1
64	111	1
80	82	2
50	64	1
8	10	2
9	9	4
10	13	1
11	11	5
3	13	1
173	173	3
132	132	2
0	0	2
94	94	3
134	149	1
104	104	2
143	143	1
73	73	1
150	150	1
166	167	1
100	106	1
25	28	2
95	116	2
65	66	1
50	50	2
4	25	1
129	130	1
111	114	1
33	34	1
13	44	1
124	126	1
153	168	1
92	93	2
38	72	1
90	92	1
4	5	2
138	172	2
115	116	2
31	42	1
18	22	2
149	150	1
36	73	1
20	21	1
40	41	1
175	175	3
96	97	3
13	15	1
10	64	1
122	128	1
16	42	1
77	77	2
145	146	2
5	11	1
27	59	1
34	34	2
52	52	2
97	115	1
122	149	1
115	167	1
158	159	2
154	158	1
128	128	1
24	24	4
107	157	1
25	26	1
106	116	1
23	132	1
103	146	2
100	101	2
141	154	2
67	71	2
14	16	2
63	63	2
79	111	1
80	100	1
118	140	1
120	120	2
67	68	2
133	134	2
160	169	1
31	138	1
153	154	3
178	178	3
117	143	5
140	170	2
91	93	1
159	165	1
101	101	1
156	179	1
28	30	1
87	90	1
20	20	1
129	146	1
29	43	1
58	58	2
153	169	1
172	175	1
10	33	1
81	81	3
127	130	1
16	16	1
111	112	1
59	60	1
134	171	2
20	22	2
62	62	1
110	110	1
24	28	1
68	84	1
167	171	1
29	31	1
68	68	3
19	54	1
136	137	2
125	127	1
95	132	1
8	11	1
74	74	1
129	129	3
98	98	1
162	162	1
67	67	1
18	42	1
58	136	2
66	66	2
45	45	1
1	3	2
15	33	1
81	84	2
112	126	1
88	93	1
59	77	1
81	145	1
160	161	1
62	65	1
15	45	1
123	125	1
96	101	1
12	44	1
149	149	1
19	23	1
144	145	1
31	96	1
169	169	2
16	17	1
19	53	1
68	127	2
135	136	1
5	5	2
61	72	2
18	45	1
0	2	1
111	123	1
102	103	1
44	44	1
51	51	2
24	25	1
52	53	1
25	27	1
60	138	1
147	147	1
124	131	1
140	173	1
122	141	1
26	28	2
137	137	1
39	90	1
154	164	1
41	44	1
15	34	1
33	42	1
8	9	1
150	166	1
123	123	1
51	52	1
17	19	1
111	125	1
4	7	1
11	33	1
11	34	2
148	153	1
14	83	1
88	148	1
