163	163	6
10	52	1
112	112	2
11	12	4
3	3	4
17	17	2
41	42	2
45	45	3
5	8	1
161	161	2
137	137	5
21	21	5
147	147	3
132	132	2
66	66	4
17	41	2
152	153	4
34	35	1
68	70	2
17	18	2
47	73	1
12	45	1
2	2	8
138	144	2
67	69	1
84	85	3
62	63	1
14	14	3
165	165	5
53	53	2
140	141	5
124	124	4
1	1	2
8	49	1
86	90	2
9	10	3
57	64	2
133	133	4
15	15	5
13	48	2
50	50	7
144	144	5
27	27	3
154	154	6
84	84	6
152	152	5
7	28	2
88	89	2
93	93	7
1	111	1
150	158	1
94	118	1
101	102	5
93	105	2
48	49	4
13	13	3
70	85	4
98	114	1
45	156	1
40	40	3
37	38	2
126	127	1
83	110	1
137	145	2
108	108	3
37	163	2
10	35	1
107	107	4
154	156	1
155	159	2
54	55	1
18	18	1
49	50	2
122	122	2
114	118	3
56	56	7
90	90	4
127	139	4
80	80	4
138	138	1
79	79	2
118	118	4
96	96	3
133	145	3
37	37	1
100	100	1
147	156	3
74	74	3
142	143	1
77	112	1
117	159	2
15	36	2
5	5	9
20	150	1
70	107	3
156	157	2
116	116	2
70	70	2
137	148	1
24	25	1
131	131	3
141	141	5
121	122	1
87	87	1
102	102	1
135	136	2
48	48	3
52	55	3
143	143	2
0	1	2
157	157	3
75	75	11
148	148	3
169	169	1
57	57	2
158	158	5
63	63	2
36	36	5
73	73	3
83	83	1
4	5	3
103	103	1
127	128	1
105	106	1
72	73	1
115	125	1
92	158	1
77	77	3
6	6	2
109	109	2
18	19	3
0	42	1
2	25	2
97	116	1
0	0	1
165	166	1
115	116	6
96	99	2
77	79	5
114	128	4
78	78	3
110	111	4
89	89	2
45	46	2
52	52	1
69	69	2
25	168	2
8	8	5
125	125	3
46	46	1
139	146	1
110	158	3
76	80	1
101	103	1
3	43	4
44	46	1
102	104	5
102	103	1
64	65	1
23	24	5
21	111	1
95	95	4
23	23	2
103	104	2
95	154	1
69	71	1
54	54	2
74	113	3
137	149	1
22	22	3
136	136	6
17	20	2
123	123	7
12	14	1
100	112	1
130	130	2
13	20	1
81	96	3
164	164	3
62	62	5
51	129	1
111	111	9
98	98	3
55	56	2
166	167	1
118	119	1
42	42	4
75	90	1
23	161	1
13	15	2
128	131	3
21	22	4
55	55	4
21	166	1
100	147	1
1	2	1
26	27	1
22	115	1
50	156	1
15	23	1
26	26	2
35	36	1
43	43	3
134	134	2
70	162	2
95	99	2
71	73	1
21	116	1
109	110	2
95	97	2
75	85	2
131	132	1
113	117	1
62	121	2
87	88	1
64	64	2
73	99	1
2	13	1
10	11	1
77	101	1
163	168	1
94	94	1
4	4	3
49	49	4
19	19	1
75	114	3
44	45	1
82	84	1
44	44	1
57	62	1
72	99	1
148	149	1
39	166	2
94	96	1
82	83	1
10	15	4
6	7	2
62	87	2
66	67	3
17	19	1
46	155	1
154	159	1
49	54	1
3	4	1
76	76	2
13	14	2
150	150	1
57	112	1
105	105	1
74	97	1
119	122	1
56	57	1
115	124	2
52	53	2
7	7	1
21	57	1
103	105	1
16	16	1
38	41	1
11	16	1
128	128	1
95	96	1
62	109	2
120	120	2
116	132	2
81	81	3
10	10	1
50	51	4
143	147	2
34	34	3
78	79	1
149	149	1
155	156	1
39	40	2
169	170	1
23	40	1
76	112	1
51	51	1
155	155	1
43	109	1
80	81	1
2	43	1
71	90	1
41	41	1
96	103	1
47	49	1
155	158	1
127	148	1
9	15	1
106	106	1
67	68	1
17	55	1
57	93	1
138	139	1
16	19	1
68	68	2
20	20	1
151	159	1
38	38	1
9	9	2
7	19	1
5	6	1
24	24	1
88	92	1
151	151	2
86	86	1
99	113	1
20	21	2
143	144	1
0	46	1
140	140	2
146	146	1
110	110	1
9	73	1
120	121	2
10	12	1
67	125	1
142	142	1
160	160	2
50	89	2
52	129	1
119	119	1
12	13	1
45	47	1
56	76	1
113	114	1
80	86	1
114	125	1
131	138	2
39	87	1
9	12	2
9	162	1
77	78	1
170	170	1
91	158	1
145	145	1
154	155	1
93	104	1
48	63	1
101	105	1
95	117	1
108	129	1
127	129	1
25	25	1
35	35	1
129	131	1
127	127	1
129	130	1
48	83	1
152	160	1
150	163	1
119	123	1
144	146	1
17	24	1
99	99	1
135	135	1
16	36	1
85	85	1
44	55	1
