48	48	2
60	78	1
178	178	7
202	202	4
55	59	1
184	184	6
239	239	6
67	68	3
166	180	2
194	194	5
227	227	5
39	161	1
153	154	3
187	189	1
31	31	2
34	246	2
243	244	4
182	187	2
35	35	2
214	214	6
11	11	5
231	231	6
193	193	5
239	240	4
3	3	4
236	239	1
102	102	3
172	172	4
93	93	2
102	103	2
171	214	2
235	235	4
113	243	2
115	241	1
191	192	6
231	235	2
57	58	8
17	18	1
38	45	3
169	169	9
64	64	4
153	153	4
196	196	5
101	101	7
106	107	3
239	241	3
8	8	3
100	101	5
5	5	5
95	229	2
217	217	5
92	95	2
33	33	3
46	116	2
27	27	2
108	238	1
79	81	4
214	241	1
60	60	2
163	164	4
66	66	4
185	185	8
245	246	6
88	88	4
188	189	7
63	63	4
165	166	2
197	237	1
115	115	8
40	41	1
118	118	5
160	160	7
166	181	2
12	12	4
62	62	5
15	15	6
168	169	4
80	80	6
221	230	1
65	164	1
169	225	2
220	220	5
103	108	1
108	236	2
61	73	4
208	237	2
92	92	3
242	243	1
43	45	1
201	201	9
174	192	2
180	180	3
96	96	7
30	50	2
207	207	5
183	185	1
35	65	2
190	190	8
103	104	5
238	238	4
237	237	10
81	101	1
74	80	1
176	178	2
167	243	2
169	200	1
152	152	7
111	242	1
111	111	6
112	112	7
158	162	1
38	39	6
213	213	2
108	119	1
37	38	2
3	36	1
230	230	9
216	217	3
163	165	1
240	240	3
200	200	12
59	59	11
212	234	2
49	50	3
156	156	1
192	210	1
192	196	2
61	110	1
215	215	7
173	174	1
10	156	2
67	67	9
162	202	2
66	67	1
71	71	3
167	168	6
23	23	2
236	242	1
190	191	4
146	147	1
181	183	1
170	172	4
188	188	3
105	105	6
77	77	1
214	224	3
56	57	1
100	168	3
47	47	5
107	107	5
95	95	3
60	117	1
54	56	1
70	110	1
41	45	2
228	228	4
65	65	1
81	114	2
84	85	4
26	26	6
191	191	8
114	114	7
116	116	3
155	155	4
39	40	1
211	211	4
169	170	2
177	187	2
1	120	1
63	70	5
183	183	6
167	167	6
30	49	1
37	37	6
6	8	2
89	92	5
71	73	4
84	101	1
166	218	1
106	119	3
51	61	1
69	71	1
103	105	1
33	245	1
164	181	2
87	88	4
154	154	10
4	5	1
60	76	1
194	195	5
174	177	3
208	239	1
182	182	3
10	10	3
227	243	1
105	106	5
157	157	4
192	192	3
67	114	1
187	187	7
209	238	2
221	221	4
115	116	6
79	79	6
113	114	4
69	69	7
164	164	5
221	222	3
226	226	3
170	171	1
236	236	2
17	17	3
170	170	11
216	223	1
1	58	3
201	204	1
71	112	4
53	54	1
106	116	3
64	65	4
96	97	1
174	175	2
151	151	6
245	247	1
169	171	2
182	183	4
180	186	1
172	173	7
55	55	3
56	56	3
42	42	5
212	213	3
232	232	2
174	174	4
56	108	1
191	196	1
163	166	3
172	188	2
18	18	2
24	24	4
78	97	2
218	225	1
209	209	2
236	237	4
213	237	1
158	158	5
170	173	4
84	108	1
32	33	3
19	19	3
186	190	4
51	62	3
162	165	1
177	190	1
218	218	7
186	187	1
165	225	1
209	210	2
41	43	3
30	37	2
45	45	3
67	115	2
173	175	1
178	183	3
194	207	1
32	32	1
180	183	2
24	27	2
73	73	2
102	104	1
106	106	1
117	117	4
14	42	1
183	184	2
163	163	6
65	66	6
241	242	1
76	79	1
162	198	1
29	31	1
116	242	2
197	198	3
97	97	1
181	182	1
96	115	1
220	221	5
52	52	2
52	98	2
189	190	5
173	180	2
91	91	6
199	199	4
195	195	4
85	145	1
71	102	2
178	179	2
98	98	1
217	224	1
166	166	3
84	99	3
81	81	3
215	217	1
71	113	2
39	39	3
26	202	2
90	90	1
186	186	2
100	171	4
165	210	1
118	119	7
71	114	2
175	184	2
78	79	1
147	161	1
75	77	3
177	177	3
206	206	6
3	35	1
193	196	2
104	105	3
2	52	2
30	31	1
215	224	1
197	197	4
216	236	1
240	241	3
89	94	1
182	185	2
192	206	1
155	165	1
114	117	1
46	64	1
179	183	3
45	115	2
164	182	1
226	227	2
159	211	1
34	245	1
48	63	1
41	226	1
86	86	1
78	78	2
84	84	4
22	22	2
214	240	2
179	179	2
88	89	4
69	115	1
43	44	1
65	202	3
192	207	1
189	189	4
229	229	1
95	98	5
114	115	2
199	201	2
176	176	7
14	14	7
51	53	2
79	95	1
235	236	2
109	110	2
111	112	2
104	104	2
43	43	5
171	188	1
197	215	2
91	92	3
175	175	10
41	41	1
20	20	4
168	168	1
75	75	5
87	119	1
166	183	1
146	164	1
67	70	1
210	211	2
157	161	1
49	61	1
79	87	2
177	191	1
146	146	5
219	219	4
76	76	2
38	38	4
234	235	2
171	171	2
165	165	1
86	118	1
150	150	3
109	153	1
247	248	3
63	100	1
69	83	1
187	188	3
36	36	3
59	60	1
190	196	2
162	164	1
156	161	1
50	62	1
44	44	3
12	116	1
1	1	1
218	219	1
85	85	2
169	186	3
212	212	1
39	159	2
170	179	1
176	177	2
87	87	6
100	169	1
108	145	2
236	240	3
159	182	1
163	214	1
90	92	1
170	177	1
7	8	1
199	238	2
41	42	1
206	236	1
82	82	3
143	145	1
70	70	3
218	224	4
99	99	4
42	65	1
160	228	1
28	155	1
97	115	1
194	208	3
105	107	1
178	185	1
74	74	7
215	216	1
234	234	6
77	78	2
210	210	2
246	247	2
84	109	2
160	161	1
222	222	1
104	107	2
197	236	1
96	98	1
78	82	2
68	85	1
71	72	2
162	162	2
186	204	1
69	113	1
175	177	2
51	59	2
225	225	2
177	189	1
34	34	2
148	153	1
16	40	1
233	233	1
72	80	1
40	40	4
92	93	2
76	80	2
237	238	3
18	19	2
167	169	1
192	193	2
48	233	2
86	98	1
51	51	2
71	111	2
95	100	1
108	237	1
166	170	1
198	198	3
107	108	3
209	213	2
55	56	1
200	201	1
180	181	1
208	208	3
215	241	2
108	108	1
37	160	1
25	67	1
114	118	2
72	82	1
220	222	1
145	145	3
210	241	1
214	215	1
165	167	1
222	233	1
243	243	3
195	239	2
107	111	1
21	23	1
80	96	1
195	237	1
236	241	1
242	242	1
195	197	2
5	116	1
32	235	1
95	97	1
103	114	2
72	72	2
60	63	1
45	66	1
244	246	1
172	179	1
181	181	3
110	111	1
179	191	1
80	82	1
49	49	1
54	54	2
182	186	2
99	100	3
34	35	2
76	77	3
221	223	1
205	205	3
230	231	1
68	79	2
6	164	1
224	224	1
54	55	2
81	113	1
247	247	2
21	150	1
60	61	3
228	230	2
68	69	1
72	99	1
118	240	1
180	184	2
109	109	3
58	110	2
14	15	1
58	59	1
36	40	1
89	89	3
113	241	1
165	239	2
241	246	1
119	119	4
199	200	1
63	89	1
51	115	1
84	100	1
83	83	2
120	120	1
10	23	1
173	186	1
162	163	1
80	102	1
173	178	2
220	232	1
169	172	1
221	232	1
215	236	1
231	234	1
115	118	1
38	46	1
28	28	1
221	244	2
66	70	1
58	58	1
216	216	6
170	174	1
74	97	1
83	86	1
62	112	3
62	71	1
219	224	1
30	116	1
72	114	1
79	90	1
85	86	1
79	110	1
12	13	1
192	195	1
167	226	1
12	14	3
72	85	1
158	184	2
204	204	3
22	23	3
162	185	1
89	91	1
28	52	1
211	240	1
203	203	2
68	70	1
70	114	1
246	246	1
212	218	1
173	173	2
171	174	1
248	248	1
178	184	1
161	161	1
48	49	2
73	118	1
233	234	1
171	172	3
164	165	1
50	50	3
175	176	1
80	81	1
207	212	2
231	238	1
171	183	4
246	248	1
219	233	1
79	109	1
63	92	2
184	185	1
245	245	2
31	33	1
30	30	1
174	197	1
174	176	1
53	53	1
241	241	1
13	14	1
53	82	1
206	211	1
57	73	1
57	57	2
232	239	1
199	210	1
169	226	1
42	45	1
158	159	1
102	111	1
66	69	1
64	69	2
160	165	1
115	117	1
193	198	1
212	224	1
86	88	1
32	202	1
166	225	1
32	35	1
185	189	1
107	145	1
209	211	1
81	85	1
166	210	1
86	100	1
223	223	1
60	119	1
68	68	2
179	185	1
191	199	1
86	87	1
43	226	1
150	151	1
208	209	1
45	97	1
17	30	1
204	207	1
220	226	2
193	194	2
100	100	2
82	84	2
90	91	2
106	108	1
48	95	1
79	96	1
64	96	1
29	110	1
55	57	1
178	186	1
84	111	1
209	239	1
228	229	1
70	71	1
194	237	1
21	21	1
79	113	1
176	181	1
214	225	1
60	77	1
103	113	1
9	232	1
158	182	1
29	30	1
16	16	1
182	184	1
