54	58	2
30	31	2
70	70	4
76	76	3
65	66	4
27	27	4
62	62	2
49	51	4
48	48	5
48	50	2
53	53	7
20	20	5
32	33	3
28	28	3
58	58	4
39	76	1
33	77	1
45	45	4
38	38	6
26	57	1
63	63	5
32	32	2
49	49	4
61	61	7
24	24	2
67	71	1
7	7	1
5	6	3
74	76	2
25	25	4
52	53	3
26	26	6
73	73	11
25	54	1
38	43	1
1	2	1
36	63	1
67	67	3
25	73	3
32	65	1
13	13	3
64	67	1
67	70	2
75	75	4
58	71	1
10	11	3
66	67	3
24	29	1
55	55	2
62	64	4
52	67	1
43	43	4
44	44	3
12	12	4
27	75	2
32	39	1
34	62	3
77	77	2
56	65	2
52	52	3
23	23	2
1	1	4
2	3	3
29	30	2
57	57	6
49	52	2
30	34	2
62	65	2
72	72	6
51	52	2
35	36	1
69	69	2
43	45	1
41	42	5
68	70	3
28	29	7
40	48	2
34	34	4
39	40	2
46	46	6
25	77	1
5	8	2
38	39	2
7	8	2
65	65	3
74	74	3
3	3	4
32	34	1
6	6	3
72	73	2
65	67	2
50	50	2
46	61	1
39	39	3
41	43	1
9	10	1
2	2	1
48	53	1
53	54	7
22	23	2
35	35	5
54	54	3
47	47	6
58	61	1
41	44	1
34	35	2
51	51	5
55	56	5
44	45	5
59	61	2
18	19	2
31	34	2
21	22	2
18	23	1
74	75	2
75	76	3
29	76	1
44	47	1
49	50	4
27	72	2
57	61	1
31	32	1
18	18	1
42	42	6
31	31	2
40	40	3
36	70	1
28	31	3
58	60	1
36	74	1
71	76	1
58	59	4
64	64	5
23	29	1
37	37	4
37	38	2
33	65	1
31	43	2
25	55	1
56	57	3
36	37	5
23	24	3
33	33	5
0	1	1
64	66	3
35	58	1
64	71	1
19	19	2
56	58	1
23	31	1
76	77	2
39	43	1
5	5	1
30	30	2
29	29	3
36	36	3
40	41	2
31	57	1
4	6	1
54	55	2
25	52	3
3	4	1
27	28	1
66	66	5
50	53	1
26	27	1
29	32	1
48	51	1
71	74	1
35	38	3
31	35	1
34	36	1
47	67	1
71	71	2
21	21	3
60	60	2
47	48	1
2	5	2
68	68	2
8	8	1
41	47	1
40	47	1
69	70	1
0	0	1
3	5	2
23	33	2
49	53	1
36	38	1
47	51	1
70	72	1
25	26	1
67	68	1
35	37	1
60	62	1
27	53	1
33	34	1
13	22	1
19	20	2
72	74	1
68	71	1
6	8	1
53	57	1
39	53	1
13	14	1
59	60	1
48	49	1
66	68	1
71	72	1
29	33	1
70	73	1
63	67	1
47	55	1
52	58	1
57	60	1
70	71	1
61	63	1
