5	6	2
145	145	3
9	11	2
136	136	4
159	179	2
109	128	3
38	38	14
42	42	5
54	75	1
31	31	8
29	30	2
107	107	3
14	14	14
122	123	5
135	135	5
0	0	4
155	164	1
146	146	5
23	36	2
90	90	4
32	36	2
102	126	1
23	29	2
22	42	1
159	159	2
20	23	1
3	3	2
129	130	2
74	75	1
131	131	3
177	180	1
35	36	2
40	40	10
23	25	3
138	138	1
19	20	3
10	10	9
162	162	2
36	36	4
2	4	1
177	178	2
110	111	3
17	17	5
104	104	1
142	175	1
32	43	1
94	174	1
60	78	2
137	137	5
130	130	7
39	40	5
10	13	1
60	60	4
89	89	1
3	10	1
91	91	3
140	140	3
147	147	4
38	41	1
45	45	5
133	148	1
148	148	2
44	44	5
33	33	7
36	41	1
73	73	5
5	26	1
5	5	4
114	135	1
40	78	1
30	30	6
158	158	5
53	53	2
119	129	2
55	55	5
87	90	1
162	167	1
13	68	2
166	167	1
11	74	1
110	110	2
1	2	3
43	43	6
34	34	3
22	33	1
22	23	5
10	17	2
107	124	2
24	27	1
133	134	4
19	19	5
115	115	2
16	16	6
169	169	5
116	161	2
6	14	2
119	120	1
146	154	1
106	132	2
131	136	3
71	71	4
38	39	1
91	92	3
157	157	1
4	4	2
25	25	3
177	177	1
5	9	2
109	109	2
147	151	1
92	92	1
139	139	2
3	7	2
3	5	2
10	11	3
84	84	1
11	11	5
95	95	1
149	149	6
65	65	2
9	9	5
101	101	7
173	175	1
118	119	1
150	150	5
5	43	1
77	77	2
113	113	5
103	140	2
59	60	4
30	35	2
32	32	3
174	175	3
82	82	3
157	159	1
125	125	2
6	42	2
92	93	1
127	143	1
93	122	1
17	33	1
171	173	2
135	136	4
12	12	3
126	127	2
18	18	5
111	145	1
12	14	2
141	141	4
2	2	3
38	40	1
114	114	2
134	134	3
8	8	3
37	37	7
30	31	5
28	40	1
21	22	1
106	107	2
8	19	1
122	143	1
168	168	4
175	175	5
15	16	1
160	160	6
27	28	1
89	90	1
7	17	2
123	138	2
118	144	2
6	8	5
98	98	1
59	153	1
176	176	5
32	33	4
24	40	1
152	153	1
79	79	4
109	115	1
133	133	6
86	86	4
141	142	2
120	120	3
172	173	2
157	168	1
26	27	4
108	109	2
10	22	1
2	7	1
5	30	1
155	155	2
56	56	3
4	11	1
164	164	1
39	79	1
170	179	1
20	20	4
62	62	2
167	167	7
132	176	1
87	87	3
75	75	3
136	147	2
119	130	4
68	68	2
175	179	1
173	174	2
127	127	2
41	42	5
39	77	2
96	97	1
3	4	3
117	117	2
63	65	1
81	86	2
53	54	1
147	149	2
132	173	1
32	35	1
145	149	1
21	21	3
78	78	1
8	42	1
106	133	1
170	171	3
42	44	1
152	152	1
93	102	1
156	156	2
85	85	2
6	6	4
152	169	1
45	76	1
144	160	1
165	168	1
57	57	2
18	31	2
135	138	1
139	159	1
43	45	1
74	74	2
6	22	1
29	29	6
158	179	1
4	71	1
52	53	1
42	46	1
102	102	2
7	11	1
26	41	1
6	12	1
31	32	1
163	164	3
15	21	2
8	9	5
54	145	2
14	17	2
28	132	2
114	136	1
142	143	3
115	150	1
0	1	3
15	15	4
120	121	1
59	92	2
70	149	1
28	125	1
25	27	1
173	173	3
90	127	1
121	137	2
15	17	1
142	142	4
11	22	1
1	1	2
164	166	1
122	122	1
36	38	2
10	36	1
41	41	3
99	100	1
95	105	1
77	81	1
6	7	3
108	108	6
14	15	2
100	101	1
154	176	2
37	38	4
38	83	1
111	129	1
168	169	1
123	123	1
28	29	1
135	150	1
28	28	3
8	12	2
139	140	1
172	172	4
93	96	1
89	96	1
134	166	1
116	116	1
51	52	2
93	94	1
151	161	1
8	10	1
62	66	1
29	31	3
25	26	3
67	68	1
178	179	1
39	39	1
22	22	2
10	14	1
137	167	1
109	177	1
10	37	1
138	139	2
61	61	2
90	91	1
7	7	2
11	12	1
18	20	1
118	118	2
45	46	1
151	151	1
95	96	1
112	112	1
169	178	1
124	125	2
24	70	1
9	32	1
146	177	1
12	15	1
141	146	1
16	39	1
129	172	1
174	178	1
166	166	3
51	59	1
171	171	3
171	172	1
110	126	1
23	24	1
9	27	1
129	129	1
114	119	1
121	121	1
13	67	2
56	75	1
154	177	1
79	80	1
121	123	1
25	133	2
127	128	1
123	124	1
93	140	1
2	3	2
131	132	1
9	10	1
114	122	1
13	13	3
157	162	1
27	27	2
111	111	1
26	26	3
15	23	1
170	170	2
146	156	1
97	97	2
28	41	1
33	36	1
34	95	1
130	150	1
27	76	1
137	139	2
157	165	1
71	80	1
93	93	1
37	58	1
64	64	1
153	179	1
24	24	1
74	97	1
78	79	1
25	85	1
9	21	1
30	44	1
4	7	1
6	9	1
83	83	2
37	81	1
18	21	1
175	177	2
12	22	1
118	174	1
111	118	1
95	125	1
180	180	1
167	171	1
21	24	1
123	125	2
55	58	1
85	108	1
24	25	1
134	135	1
161	161	1
154	171	1
23	23	1
15	44	1
17	18	1
128	151	1
72	74	1
113	115	1
58	103	1
