44	44	5
20	20	2
107	107	8
121	123	5
100	100	6
151	151	8
84	150	3
97	98	7
4	4	2
22	23	3
147	147	5
140	140	3
68	69	2
117	117	6
37	39	1
72	72	3
85	85	6
116	117	5
22	45	5
26	26	7
29	29	7
130	138	1
110	110	7
135	135	3
31	31	9
144	147	1
84	120	2
120	120	5
63	64	3
129	129	6
109	109	5
136	136	9
81	82	5
97	97	3
111	116	4
126	126	9
93	94	3
15	15	7
89	89	15
65	69	3
121	121	6
90	95	8
113	113	12
83	84	3
1	1	6
123	124	3
108	108	3
15	30	1
96	97	3
32	32	8
116	116	1
114	114	1
86	89	7
102	104	4
124	141	2
142	142	4
141	141	9
25	36	6
49	49	13
131	132	2
47	72	1
111	111	5
45	47	3
69	70	3
73	73	7
38	39	3
139	139	1
109	114	1
68	68	1
75	75	1
46	46	4
125	125	3
81	81	3
33	33	3
21	21	6
87	87	5
115	115	2
86	141	1
6	6	1
107	135	3
117	127	2
18	104	3
65	65	2
101	116	3
31	37	1
149	149	2
122	122	2
12	12	2
31	35	1
84	88	1
36	54	1
114	128	6
80	80	3
39	42	4
25	25	11
53	55	2
143	145	4
88	89	1
36	47	4
50	51	1
70	70	6
133	133	4
79	79	1
157	157	8
140	142	4
102	103	4
144	146	1
69	69	3
120	123	2
92	94	1
77	80	4
95	119	2
5	5	1
154	154	2
39	40	6
85	86	3
17	17	6
106	107	2
117	118	3
70	72	1
76	76	1
34	34	2
85	119	1
10	12	4
112	119	1
101	101	1
105	105	3
134	134	2
83	90	4
8	8	6
114	138	2
8	11	5
90	90	3
109	111	1
154	155	1
108	109	3
30	30	1
90	91	3
43	43	6
42	42	4
138	139	2
153	154	1
150	150	4
56	56	2
69	79	1
67	67	3
77	82	1
105	110	4
106	106	5
132	133	2
21	22	3
67	68	2
111	131	1
42	43	3
84	119	3
90	114	3
130	130	7
16	17	4
123	123	3
30	51	2
110	115	6
84	132	1
19	70	5
41	41	3
54	55	2
94	94	2
78	79	1
88	88	7
145	146	4
127	127	2
125	141	3
103	103	7
77	79	3
99	99	2
25	26	1
51	55	1
124	125	2
127	129	4
62	62	4
15	42	3
106	125	1
86	86	6
30	31	7
118	124	3
134	135	2
155	155	3
131	131	3
48	50	3
136	153	2
145	145	6
28	28	3
111	112	3
35	35	2
22	34	3
11	102	3
137	137	7
96	98	1
140	141	1
3	3	1
128	128	5
71	71	1
11	12	6
14	15	2
104	105	1
23	24	3
108	127	1
45	46	1
69	140	2
63	63	1
9	10	3
77	81	2
102	125	1
148	148	1
119	119	1
151	152	4
126	127	1
40	41	3
0	6	1
98	98	3
43	56	1
2	2	4
51	52	2
114	139	1
124	124	3
83	83	3
138	138	1
142	154	5
142	143	3
112	137	1
89	90	2
37	37	1
48	51	1
136	137	1
47	50	2
66	86	1
52	52	4
9	9	2
52	53	1
82	82	1
18	19	3
50	50	2
17	18	2
117	119	2
109	112	1
104	104	3
127	139	2
0	0	1
152	155	1
24	46	1
70	71	1
23	23	1
96	150	2
29	158	1
51	54	1
38	42	1
75	76	1
8	9	1
23	26	2
153	153	1
46	72	1
2	3	1
77	78	2
156	156	1
48	48	2
104	107	1
133	134	1
112	135	1
33	38	1
100	105	2
24	24	1
37	38	1
122	125	1
57	57	1
45	55	1
93	93	1
7	113	1
131	139	1
