40	79	1
95	95	4
57	57	5
35	35	1
62	63	1
80	80	7
53	60	3
36	62	2
72	72	6
60	60	6
36	48	1
70	71	4
41	41	7
75	75	5
63	75	1
98	99	1
69	70	2
60	61	3
25	25	4
43	43	6
54	54	10
53	95	2
61	76	1
71	71	10
56	56	8
61	61	9
102	102	1
94	94	3
39	39	3
63	64	3
46	50	1
83	84	3
51	53	1
30	30	3
56	57	4
40	57	2
55	56	4
80	81	5
53	53	7
46	80	1
59	59	2
24	26	4
92	93	1
54	55	5
44	44	12
97	97	5
45	101	2
47	47	5
60	88	1
86	86	4
76	78	2
34	53	1
55	58	1
93	93	5
47	48	2
64	64	4
85	90	2
27	27	1
34	45	3
94	98	2
67	68	1
68	68	7
76	77	3
29	38	3
64	66	1
81	81	5
55	78	1
84	84	3
46	51	2
25	26	2
37	37	5
22	41	2
87	87	2
24	93	1
90	90	4
94	97	4
69	69	7
64	65	2
66	66	2
70	72	1
34	34	4
34	36	1
42	42	7
100	100	4
25	53	1
96	96	3
41	69	1
49	49	5
92	92	3
89	89	9
74	75	4
27	66	1
76	76	4
45	45	2
63	63	7
61	102	2
26	27	4
58	59	3
24	24	2
66	73	2
58	66	1
48	48	3
93	94	2
37	80	1
26	26	6
62	62	5
101	101	6
37	38	2
46	47	3
49	50	1
23	27	2
63	71	2
84	95	2
33	33	7
31	89	1
78	78	3
50	50	6
93	100	1
38	39	1
74	74	4
81	82	2
25	30	1
35	61	2
95	98	2
79	79	3
51	57	3
91	91	3
65	65	1
52	59	3
36	36	2
88	93	1
47	62	1
41	42	2
77	77	7
27	28	2
78	79	3
94	95	1
51	51	7
40	45	1
48	76	2
29	33	1
55	55	1
49	51	1
76	97	1
41	90	1
93	95	1
69	101	1
20	20	3
38	79	1
53	54	1
28	53	1
52	52	4
59	60	1
86	92	1
96	98	2
79	80	2
38	51	1
43	44	2
58	58	3
49	63	1
52	101	2
39	40	4
40	40	2
42	64	1
22	29	1
48	49	2
42	65	1
86	96	2
55	60	1
45	55	1
23	23	1
69	72	1
89	91	1
52	63	1
37	53	1
55	57	1
45	46	2
30	37	1
83	97	1
96	97	2
57	77	1
90	91	1
24	36	1
41	91	1
99	101	1
67	67	5
34	63	1
49	85	1
89	99	1
35	40	1
87	92	1
69	89	1
80	85	2
33	61	2
61	80	1
23	25	1
35	39	1
84	88	1
95	96	1
66	75	2
83	95	2
60	62	1
65	76	1
97	99	1
79	84	1
53	56	1
61	62	2
24	27	1
99	99	1
47	95	1
47	49	1
68	69	1
63	72	1
75	78	1
64	77	1
87	88	1
85	85	2
47	76	1
88	89	1
46	81	1
80	102	1
68	95	1
59	64	1
69	102	1
36	37	1
73	92	1
33	34	1
54	68	1
65	74	1
