24	24	2
32	89	1
43	68	1
97	98	1
76	77	5
86	87	2
43	43	6
23	26	1
52	89	1
86	100	3
79	97	1
67	67	3
52	52	6
87	87	4
84	84	4
86	94	1
66	66	12
25	25	3
102	102	2
91	91	11
48	49	3
23	58	1
48	48	4
56	56	5
70	70	9
43	44	1
97	97	5
60	74	1
86	86	2
84	93	1
37	37	4
95	95	7
91	92	6
45	94	2
62	62	5
74	75	1
31	31	3
79	79	5
58	58	2
81	81	6
29	38	3
45	48	1
60	61	3
98	98	5
26	88	3
42	74	1
96	97	2
83	85	1
53	53	4
28	28	1
96	96	3
84	95	2
62	63	2
90	90	6
25	28	2
22	55	1
99	100	2
46	46	6
69	69	9
78	81	2
64	64	6
35	36	2
41	41	4
59	60	1
38	38	10
57	76	1
29	29	2
74	74	2
69	70	3
34	36	1
44	49	1
70	71	2
33	33	2
66	74	1
35	38	1
27	27	6
82	82	1
45	45	5
57	61	4
75	75	3
52	76	1
71	72	1
33	81	1
95	97	3
22	23	1
87	95	1
68	70	1
39	40	3
47	48	3
57	57	2
40	40	6
60	60	1
47	47	4
94	94	4
41	73	1
90	93	2
71	71	2
81	82	2
99	101	1
41	42	3
87	88	5
77	78	2
61	62	1
83	96	1
44	44	5
33	36	1
76	76	5
88	88	2
89	89	5
78	78	8
58	77	1
40	41	1
39	39	3
49	49	9
92	95	2
27	33	1
26	27	4
50	50	8
73	73	4
27	28	1
53	55	1
24	26	3
53	54	2
20	23	1
64	72	2
69	99	2
58	60	2
61	61	6
45	49	1
24	37	1
77	90	2
48	50	3
83	99	1
100	100	5
68	68	4
47	54	1
32	33	1
23	29	1
66	101	2
77	79	1
90	91	2
99	99	4
77	77	1
101	101	2
63	63	6
60	63	1
46	47	4
54	55	4
59	62	1
56	90	1
25	26	2
72	73	2
25	41	1
42	42	2
55	79	1
63	66	3
80	80	2
20	25	2
47	53	1
62	96	2
55	55	2
68	71	3
59	59	5
86	88	1
24	48	1
42	51	1
26	28	1
37	38	2
96	100	2
89	96	1
29	31	1
35	37	1
56	85	1
65	65	3
35	62	1
76	94	1
98	99	2
83	92	1
95	96	1
23	27	1
52	78	1
36	36	1
35	39	1
62	77	1
69	73	1
80	90	2
100	101	2
79	80	1
66	67	2
52	53	1
52	54	1
64	65	1
58	59	1
35	35	1
44	45	1
93	93	4
56	61	1
78	79	1
101	102	1
68	74	1
85	90	1
83	83	1
39	58	1
66	73	1
51	51	1
55	56	1
67	68	2
38	39	1
60	93	1
23	23	1
94	98	1
56	57	1
85	85	1
68	69	2
87	100	1
41	74	1
51	52	1
97	100	1
86	92	1
85	101	1
45	93	2
46	48	1
48	52	1
80	81	1
