25	25	8
112	112	4
86	86	5
73	75	2
66	68	4
102	102	2
87	88	1
21	21	5
66	67	1
101	124	1
122	129	1
78	78	7
82	82	5
22	22	2
1	1	5
20	23	1
54	56	1
43	52	1
38	43	1
49	50	1
133	134	1
9	9	2
30	30	2
3	4	1
35	59	1
93	93	9
113	113	6
18	19	2
18	20	1
84	98	2
44	44	4
60	60	7
24	25	3
114	115	5
83	85	2
105	105	1
60	64	1
115	115	8
95	95	4
14	14	4
102	103	1
114	114	2
0	0	5
74	75	1
67	68	3
68	68	9
73	73	3
94	94	5
64	86	1
83	86	2
15	15	8
2	2	3
104	104	2
96	97	3
118	119	2
74	74	5
57	58	4
118	118	3
70	70	3
89	89	4
117	117	5
77	77	8
107	107	5
82	93	1
83	84	1
95	97	2
64	64	6
55	56	2
113	118	3
17	17	3
24	61	1
131	131	7
32	32	4
105	111	2
121	122	1
88	88	4
61	62	3
127	127	4
1	2	3
29	33	1
72	72	2
84	85	3
12	12	3
57	57	3
50	50	3
106	106	6
123	123	5
50	52	2
83	87	2
62	63	1
109	109	2
6	6	3
119	119	2
106	109	2
79	125	1
32	34	1
87	87	1
92	92	6
83	83	4
68	69	2
90	90	4
46	46	1
76	76	4
55	62	1
99	111	1
124	125	3
93	94	3
22	29	1
66	66	3
11	15	2
13	15	4
77	78	2
99	99	2
91	91	6
58	58	4
28	29	1
64	115	1
79	79	4
22	23	1
27	28	3
23	23	3
62	62	6
96	96	2
100	107	1
124	124	2
106	111	2
24	45	1
106	107	1
36	36	3
13	72	1
71	76	1
103	103	3
28	28	4
4	67	1
47	47	1
52	52	3
100	100	4
110	110	2
64	65	2
122	123	6
10	11	3
69	69	3
127	131	1
44	45	1
125	125	6
87	94	1
25	27	1
33	127	1
53	53	2
101	120	1
128	128	1
126	126	3
33	34	2
56	56	4
128	129	3
75	75	5
61	61	5
124	126	3
35	35	2
64	68	2
18	69	1
98	111	1
93	132	1
84	84	2
82	83	3
122	122	2
22	61	2
129	129	4
58	59	3
82	98	1
113	114	2
42	43	2
63	63	5
55	58	1
86	87	2
69	96	1
67	84	1
43	43	1
55	61	2
8	15	2
2	3	1
16	17	1
61	84	1
112	114	1
114	131	1
13	13	1
95	96	1
23	26	1
115	116	2
34	34	3
96	98	1
31	31	1
91	92	1
119	120	1
62	64	1
45	45	1
57	85	1
15	16	2
98	117	2
95	99	1
37	38	1
101	101	2
38	96	1
53	54	2
116	120	2
95	117	1
10	10	4
3	3	4
14	15	1
89	106	1
58	60	1
22	88	1
11	11	2
116	116	4
36	37	1
103	121	1
121	121	2
4	4	1
109	110	1
55	55	3
50	51	1
106	108	2
120	120	1
110	111	1
98	98	2
108	109	2
98	99	1
32	77	1
115	123	1
55	92	2
82	85	1
61	64	1
47	52	2
14	16	1
87	114	1
114	125	1
123	128	1
89	90	1
75	76	1
69	71	1
30	31	1
63	65	1
85	85	1
99	100	1
71	72	1
53	64	1
81	81	3
111	111	1
8	8	2
77	123	1
101	104	1
59	60	2
5	5	1
65	65	1
130	130	1
22	87	1
48	49	1
80	80	2
93	98	1
65	67	1
89	101	1
87	107	1
34	36	1
18	18	1
29	29	1
7	46	1
27	116	1
2	34	1
54	61	1
54	60	1
50	62	1
65	70	1
65	93	1
117	118	1
78	100	1
124	132	1
59	59	1
111	130	1
24	24	1
130	131	2
21	27	1
62	112	1
114	119	2
19	19	1
97	99	1
22	27	1
21	22	1
45	50	1
90	91	1
24	26	1
23	25	1
51	52	1
84	91	1
7	7	1
99	101	1
74	101	3
77	107	1
52	77	1
5	69	1
77	95	1
8	45	1
42	42	1
2	80	1
115	128	1
107	108	1
86	96	1
134	134	1
30	32	1
73	74	1
82	84	1
