8	8	7
44	44	4
1	1	8
37	43	1
5	34	1
39	41	4
14	14	3
86	86	6
0	36	1
18	22	1
59	149	2
25	45	2
60	61	1
87	87	3
116	116	7
27	27	4
115	115	3
129	151	1
6	10	1
35	141	1
41	41	4
136	147	1
43	43	11
155	170	1
38	40	2
159	171	2
29	30	1
64	68	1
62	62	3
143	143	1
107	107	3
132	133	2
126	127	4
25	25	7
36	55	1
180	180	4
36	36	6
97	115	1
68	80	2
178	178	2
114	114	2
56	56	3
133	137	2
37	45	1
86	90	2
117	117	2
98	109	2
175	175	3
21	21	4
35	35	3
16	22	1
50	109	1
6	6	1
157	170	3
63	67	2
52	65	2
171	171	1
55	107	1
129	129	1
15	16	1
21	23	1
14	40	2
24	24	4
83	95	1
81	81	2
9	9	7
155	168	1
173	173	4
140	168	1
176	176	4
77	77	3
133	134	2
10	10	4
143	159	1
155	155	7
172	172	1
30	30	3
50	51	3
63	63	1
15	42	5
146	154	1
73	73	5
71	72	2
32	33	5
89	89	4
31	31	6
59	60	3
45	45	4
104	106	1
23	23	3
10	43	2
135	150	1
100	100	2
49	54	2
40	41	3
131	131	1
146	147	1
119	119	3
135	138	1
50	97	1
139	170	1
16	16	3
28	29	3
5	15	1
26	116	1
2	116	1
54	55	1
153	153	2
79	134	1
147	150	2
12	14	1
135	135	3
12	12	3
121	122	2
2	2	2
9	23	1
33	33	6
27	28	2
133	133	3
43	44	4
143	145	1
145	145	4
4	16	2
128	131	1
158	174	2
122	122	2
9	11	1
91	94	1
90	90	2
108	108	1
118	127	1
147	148	1
156	178	1
15	20	1
55	61	1
59	59	6
134	142	2
40	40	1
24	26	6
39	39	3
130	143	2
171	173	1
135	152	1
81	109	1
13	15	1
81	82	1
56	144	1
147	155	1
127	155	1
140	162	1
163	167	3
30	37	2
118	118	1
122	124	1
56	176	1
165	165	1
31	43	2
153	156	2
0	37	1
143	158	1
82	129	2
163	164	3
168	168	2
26	27	2
3	15	1
132	132	2
29	39	1
12	131	1
28	28	1
179	179	1
167	167	2
100	149	3
22	26	1
103	143	2
2	3	2
170	170	1
5	46	1
2	4	2
60	60	3
3	4	1
162	177	1
7	10	1
35	39	1
4	6	2
142	142	2
42	43	2
56	95	1
11	13	1
151	151	1
9	12	3
61	85	1
9	20	2
123	124	4
169	169	6
98	113	1
147	149	2
18	24	1
65	65	2
15	35	2
110	110	2
96	96	2
84	86	2
92	94	2
124	143	3
88	127	1
117	126	2
17	18	3
0	0	2
19	19	2
26	26	5
17	43	1
23	29	1
162	179	1
19	20	3
142	158	2
77	79	2
33	35	1
18	19	1
104	105	2
93	93	2
64	84	1
124	124	1
112	112	2
122	143	1
4	5	1
2	62	1
95	95	3
4	35	2
1	31	1
11	11	5
13	13	6
22	22	3
111	112	1
10	14	1
3	3	5
90	113	1
141	141	2
134	149	1
102	104	2
30	33	1
67	130	1
110	144	1
53	53	1
98	100	2
66	66	2
14	15	2
167	168	1
5	5	2
114	117	2
139	169	2
128	135	1
127	127	1
9	15	2
165	167	1
115	117	1
152	153	1
80	80	2
140	155	1
151	160	1
72	119	1
10	11	4
57	60	2
34	73	2
64	96	1
174	174	2
5	41	2
132	153	2
94	94	1
37	37	5
49	65	2
98	98	2
177	178	1
96	108	1
51	109	1
146	146	1
32	32	2
54	180	1
113	113	2
73	75	1
53	66	1
82	83	3
161	161	3
122	123	1
170	171	3
72	72	1
158	158	2
29	29	4
104	104	1
136	137	1
97	97	2
4	4	1
146	150	2
31	77	1
104	112	1
83	84	1
18	28	2
101	101	2
121	121	1
152	152	1
93	94	1
3	146	1
11	12	2
168	172	1
58	90	1
64	65	1
37	39	2
82	82	2
15	15	4
50	52	1
22	107	1
17	32	1
104	145	1
127	134	1
16	24	1
85	85	1
4	7	1
42	42	2
149	164	1
140	154	1
100	148	1
167	171	1
25	26	1
78	79	1
160	163	1
71	87	2
88	89	2
103	104	2
151	154	2
122	170	1
56	60	1
85	96	1
128	128	1
118	121	1
12	15	2
36	43	1
19	33	1
138	138	3
148	148	3
50	60	1
52	53	1
17	19	1
174	178	1
90	132	1
137	176	1
37	42	3
164	164	1
33	34	1
17	30	1
18	23	1
84	84	1
62	118	1
123	123	2
91	91	2
134	134	3
12	13	1
90	91	1
140	140	1
36	38	2
111	111	1
7	9	1
18	29	1
118	148	1
129	136	1
161	162	1
28	30	2
62	99	2
44	45	1
154	154	3
128	151	1
3	129	1
76	76	1
103	114	1
135	146	1
55	55	1
55	57	1
16	39	1
29	42	1
126	126	1
23	28	1
8	9	1
16	91	1
57	179	1
118	146	1
132	135	1
44	77	1
125	125	1
93	96	1
35	45	1
16	17	2
35	116	1
4	41	1
174	175	2
160	170	1
50	50	1
11	45	1
39	40	1
53	153	1
34	72	3
17	20	1
28	31	1
85	88	1
78	78	1
18	18	2
167	172	1
128	132	2
79	80	1
121	158	1
38	38	2
93	123	1
74	74	1
61	75	1
96	97	1
70	71	1
9	41	1
24	25	1
82	113	1
23	30	1
149	149	2
132	136	1
29	31	1
134	135	1
2	129	1
166	174	1
163	172	1
82	131	1
58	95	1
100	107	1
0	1	1
22	23	1
101	107	1
99	105	1
27	33	1
168	170	1
4	15	1
61	72	1
17	17	1
65	66	1
160	161	1
55	56	1
25	33	1
130	135	1
