49	49	3
32	60	1
6	6	3
122	123	2
77	79	1
84	85	5
71	71	2
99	104	1
128	129	1
23	24	1
76	87	1
21	21	2
121	121	4
84	84	3
22	22	7
110	111	3
27	28	2
16	16	6
85	97	2
5	6	3
114	114	3
41	54	2
66	67	3
70	71	3
33	33	4
101	102	2
75	76	4
111	111	1
116	116	3
99	101	4
25	26	2
41	43	2
109	109	6
63	64	2
56	56	2
112	112	3
73	73	2
24	24	5
85	87	1
67	68	2
75	98	2
81	81	7
48	48	8
99	99	2
55	55	4
38	77	2
4	4	6
78	78	4
116	117	2
98	101	1
21	27	2
97	98	3
14	14	4
47	48	3
75	75	3
74	75	2
21	29	2
16	29	2
79	85	1
128	128	2
57	57	9
50	123	1
92	92	4
120	120	2
7	7	4
77	77	3
123	123	3
32	32	8
92	93	2
68	69	2
29	109	1
3	4	3
77	78	1
65	95	2
89	89	1
46	47	4
70	70	3
102	107	1
65	66	3
50	50	3
62	62	1
45	71	1
96	96	7
5	5	4
104	104	1
72	75	1
63	63	1
82	82	4
113	113	2
14	15	3
45	47	1
44	44	3
12	18	1
22	25	1
98	99	2
39	39	1
17	17	6
101	101	8
15	15	7
43	43	5
102	117	1
19	33	1
88	90	1
11	13	1
58	58	4
122	122	1
15	20	2
47	47	5
129	130	2
101	103	1
118	121	1
98	98	2
69	69	2
63	65	1
83	84	3
117	132	1
61	62	1
87	87	6
127	127	2
88	89	3
25	25	3
20	20	3
42	42	8
27	27	4
119	119	4
22	23	1
13	13	2
55	56	1
97	97	2
88	88	3
76	76	1
45	46	2
102	125	2
88	96	1
39	40	1
79	93	1
45	48	1
28	29	2
24	41	1
53	108	1
105	105	4
60	62	1
62	63	1
51	51	7
99	100	1
93	94	1
96	109	1
100	100	2
1	2	2
11	11	4
115	116	2
78	79	2
57	108	2
68	71	1
29	31	2
55	61	2
94	96	1
2	2	1
12	12	1
68	68	2
44	46	1
4	7	1
69	93	1
32	33	1
23	23	4
51	52	1
90	90	4
38	38	2
105	106	2
97	101	2
46	48	5
114	121	1
94	99	1
25	47	2
52	52	1
12	13	1
38	40	2
126	126	2
108	108	3
91	107	1
115	115	2
54	54	2
30	30	2
100	101	3
40	69	1
124	131	1
15	23	1
70	79	1
68	70	1
27	54	2
118	118	2
53	53	2
84	92	1
0	6	1
117	123	1
95	95	2
24	40	1
8	8	2
86	86	3
85	85	4
120	121	1
118	132	1
65	65	1
16	17	1
48	49	2
59	59	2
13	14	1
68	99	1
89	104	1
3	5	1
61	61	2
37	40	1
102	102	3
6	7	1
133	133	1
132	133	1
28	30	1
7	9	1
86	88	1
26	27	1
4	5	1
85	88	1
0	1	2
29	29	2
125	125	1
76	77	1
66	66	2
26	48	2
42	44	2
19	19	2
9	9	1
116	119	1
120	129	1
18	21	1
41	115	1
119	124	1
26	26	2
12	26	1
43	45	1
126	127	2
113	124	1
108	109	1
77	88	1
41	41	3
40	40	1
109	111	1
48	112	1
103	103	2
82	84	1
63	75	1
71	72	1
30	63	1
44	45	1
28	69	1
15	18	1
79	82	1
115	125	1
28	28	2
109	114	1
71	73	1
59	72	1
106	107	2
94	94	1
76	94	1
40	116	2
1	1	1
114	116	1
2	3	1
29	40	1
60	61	1
68	72	1
46	54	1
0	0	1
32	34	1
107	108	1
83	83	1
93	96	1
107	107	2
10	10	1
91	93	2
130	131	1
49	53	1
129	129	1
95	96	1
97	100	1
11	12	1
104	122	1
74	74	1
75	77	1
72	84	1
85	86	1
80	80	1
113	132	1
72	72	1
37	37	1
