20	20	2
32	33	2
64	74	1
123	126	3
53	54	5
34	34	3
210	210	2
184	188	2
80	104	1
40	40	2
64	64	4
165	169	2
36	62	1
202	203	4
84	84	6
140	141	3
76	76	3
162	177	1
187	217	2
64	86	1
79	142	2
208	208	3
31	31	3
184	184	1
167	167	5
4	34	1
133	134	1
82	85	2
7	9	2
35	76	2
33	33	4
55	55	5
104	105	2
27	74	1
63	63	3
159	160	1
150	150	2
174	216	1
218	218	3
218	226	1
173	174	2
113	113	2
242	242	1
42	42	3
88	88	2
63	64	3
104	124	2
148	149	4
190	191	4
156	157	3
162	186	1
239	239	3
44	46	2
187	188	3
18	19	3
114	137	1
20	22	1
201	201	4
152	152	1
85	86	4
199	199	3
66	66	4
57	57	1
148	169	1
182	183	3
45	67	1
26	72	1
39	39	9
7	17	2
104	104	3
20	47	1
240	241	3
107	107	1
54	61	1
118	122	1
85	85	2
230	230	3
45	69	1
204	222	1
102	104	1
25	25	10
6	18	2
79	79	2
161	161	3
156	156	1
101	101	2
37	62	2
59	59	3
101	155	1
226	229	2
103	111	3
179	179	1
168	168	2
194	218	1
59	63	2
58	77	1
131	133	1
120	121	2
159	193	1
117	118	2
14	14	1
114	114	4
240	240	4
225	226	3
137	137	1
42	44	1
152	162	1
46	46	4
32	32	3
143	143	4
36	37	1
110	178	1
199	208	3
65	68	1
61	61	2
139	169	1
71	72	2
29	29	4
19	19	1
153	153	1
219	219	2
48	51	1
152	154	3
55	64	2
177	179	1
8	95	2
228	228	2
44	44	2
26	26	4
98	99	1
150	152	1
176	179	1
142	143	1
213	217	1
198	199	1
211	217	2
151	162	1
45	45	3
20	40	1
24	24	2
17	17	2
223	223	4
129	129	3
208	213	2
220	221	2
53	53	4
107	122	2
11	17	2
145	145	1
68	68	1
158	158	1
183	183	2
13	18	3
0	50	4
43	43	1
109	109	1
228	229	1
210	211	3
216	216	1
15	15	5
211	212	3
2	129	1
50	60	1
18	33	1
146	146	3
128	129	2
3	3	3
205	242	2
74	74	5
48	48	4
158	159	5
78	78	6
73	74	5
169	169	2
17	22	1
65	65	5
36	36	2
72	72	3
1	61	2
147	148	2
149	184	1
44	134	4
223	225	2
70	125	1
214	215	4
120	138	2
81	104	1
140	169	1
209	217	1
48	54	1
12	39	1
12	12	4
221	221	1
204	207	2
45	46	1
63	77	3
209	224	3
23	23	3
177	177	2
145	147	2
164	164	5
40	47	2
156	176	1
204	204	1
176	177	1
11	11	5
166	166	2
24	29	2
47	48	1
236	236	1
118	132	3
152	153	1
86	196	1
215	215	4
8	129	1
8	8	3
117	170	1
196	196	2
231	231	2
96	96	4
190	190	1
202	202	2
85	101	1
5	5	2
62	63	6
160	163	1
117	122	1
46	62	3
51	52	1
209	209	3
61	70	1
62	62	2
184	185	1
75	79	1
165	166	4
41	52	2
64	69	2
101	120	1
119	119	2
8	84	1
61	62	1
19	20	1
99	175	1
203	203	1
65	66	1
78	79	2
159	159	1
207	208	2
40	42	3
222	224	1
212	212	2
37	57	1
118	127	1
192	192	3
48	50	1
27	27	1
193	193	1
185	220	1
12	47	1
124	125	1
35	57	3
229	229	4
30	30	3
163	163	3
34	36	3
144	146	3
197	197	4
51	53	2
152	156	2
47	47	1
231	232	1
169	170	1
6	107	1
14	17	2
231	236	1
106	108	1
137	138	3
128	137	2
4	5	1
81	82	2
188	188	3
144	144	3
74	75	3
5	18	3
163	208	1
136	137	2
175	206	2
180	180	2
43	44	3
210	219	2
149	156	2
43	46	1
139	168	2
222	222	2
37	61	1
35	36	2
81	83	1
234	234	1
201	202	3
138	139	3
29	30	3
101	103	4
16	95	1
22	40	2
190	205	1
177	221	2
16	16	2
207	207	1
227	227	3
103	103	1
63	65	1
37	37	1
116	117	1
80	102	1
81	192	1
30	33	1
141	141	1
166	167	1
116	124	1
78	122	1
20	24	1
6	81	2
13	110	1
108	108	2
201	203	1
18	34	1
159	165	1
81	84	2
67	68	1
174	175	1
44	45	1
127	128	1
76	77	1
34	57	1
22	33	1
189	189	4
51	57	1
25	32	2
86	128	2
237	237	3
160	190	1
212	213	2
208	209	1
124	126	1
7	8	1
84	123	1
172	205	1
180	206	3
41	41	1
0	0	3
106	124	1
40	52	1
50	50	1
69	70	2
18	183	1
21	21	3
26	27	1
174	174	1
2	15	1
105	105	1
134	134	1
16	19	2
164	165	1
13	16	2
10	10	3
105	109	1
186	187	1
224	225	2
38	38	2
144	173	1
187	189	2
37	38	2
3	5	1
195	196	1
99	99	1
34	49	1
73	236	1
3	91	1
178	178	1
217	218	1
115	117	2
21	62	1
224	226	1
190	197	1
52	52	3
146	147	2
32	36	2
5	12	1
193	204	1
70	70	2
108	178	2
193	195	1
56	57	4
59	80	1
6	6	3
31	33	1
221	223	1
235	235	1
224	228	1
175	175	1
105	106	1
231	233	1
175	176	2
29	83	1
4	12	1
102	102	3
198	198	2
28	28	3
181	181	2
5	108	3
214	216	3
139	142	1
113	118	2
4	35	1
124	124	1
6	16	1
75	76	3
120	120	1
68	86	1
173	173	1
77	77	1
133	133	1
10	98	1
86	86	1
24	26	1
205	205	1
115	116	2
89	89	2
211	218	1
7	12	1
22	23	1
191	192	1
117	120	1
16	18	1
76	80	1
30	31	2
172	173	1
52	54	1
106	128	1
100	138	1
143	144	3
182	192	1
46	47	1
226	228	1
60	60	1
115	115	1
42	43	1
131	136	1
39	41	1
206	206	1
25	26	1
188	190	1
194	194	1
79	82	1
139	145	2
48	99	1
35	56	1
12	15	1
47	61	1
18	22	1
22	22	2
45	55	1
109	110	1
105	126	1
17	20	2
181	182	1
118	118	1
84	100	1
203	204	1
70	71	1
7	81	1
49	59	1
116	129	1
51	51	1
99	130	1
32	38	1
103	105	1
73	73	1
150	151	1
69	135	1
151	151	1
1	2	2
88	172	1
8	53	1
82	83	1
66	78	1
135	135	1
57	140	1
163	171	1
12	14	1
49	49	1
116	116	1
217	219	1
58	58	1
157	175	1
17	23	1
201	211	1
16	78	1
15	19	2
223	226	1
71	71	1
134	136	1
58	60	1
17	99	1
117	125	1
138	138	2
187	195	1
65	75	1
55	77	1
43	67	1
