47	47	7
37	37	7
40	40	9
46	46	5
30	34	1
42	42	3
35	38	1
31	32	2
37	38	3
18	18	3
17	36	1
18	22	1
19	21	2
15	17	1
21	21	2
32	32	2
34	35	1
29	30	1
43	43	6
27	27	2
19	19	5
14	15	1
34	34	5
21	22	2
42	43	1
41	43	1
20	22	1
32	41	1
16	16	5
29	29	3
44	45	4
38	38	4
11	15	1
39	39	3
45	45	3
33	41	1
40	41	2
24	24	1
19	20	2
23	25	1
44	44	4
29	42	1
30	30	7
20	21	1
22	25	1
45	46	2
28	28	2
15	46	1
41	41	2
20	20	1
24	41	1
24	26	1
22	22	3
31	43	2
31	31	5
41	42	5
36	46	2
33	34	1
23	23	1
37	46	1
16	46	1
35	36	2
40	43	1
33	33	1
26	33	1
38	39	1
