182	183	1
139	139	9
120	122	3
22	22	4
77	77	1
41	42	2
55	56	2
161	161	3
104	104	5
149	150	6
128	132	2
140	140	5
110	111	2
4	5	1
88	89	2
74	74	2
95	95	9
38	38	10
22	24	1
64	66	1
83	112	3
102	102	4
85	96	1
78	79	4
149	149	1
134	140	2
42	57	1
38	39	3
0	0	7
42	55	1
87	88	2
39	40	2
24	47	2
114	115	1
187	187	2
2	2	5
90	106	2
107	107	3
23	25	1
23	74	1
43	46	1
13	14	2
183	183	3
81	82	2
84	85	4
32	32	2
116	118	2
174	174	1
72	73	4
152	152	3
78	83	1
78	78	6
95	96	5
109	110	2
82	95	1
47	47	3
15	23	1
113	123	1
83	83	9
61	67	1
91	91	4
81	81	2
154	154	6
87	87	5
114	131	1
62	76	2
116	116	1
65	65	3
22	23	1
165	165	4
122	124	3
14	14	5
131	132	4
139	141	1
42	42	6
87	89	1
155	155	1
55	55	3
62	62	5
87	140	1
90	105	2
108	108	5
120	120	3
177	178	1
76	76	1
150	151	2
105	105	2
88	88	5
16	17	3
119	119	2
13	17	1
25	65	1
20	21	5
134	134	2
85	86	1
20	20	4
121	121	2
94	95	1
24	24	4
129	129	4
138	138	3
103	104	3
137	137	3
18	18	1
111	111	4
142	143	7
128	129	1
82	82	2
188	189	1
58	58	2
21	22	1
21	21	3
91	92	1
98	102	1
144	185	4
46	58	1
46	76	1
41	41	4
157	162	1
45	45	2
34	57	3
70	73	3
88	110	1
114	114	2
173	173	4
148	182	1
44	44	2
12	13	2
122	123	1
37	37	2
147	148	1
134	135	7
80	80	2
167	168	1
23	28	2
144	144	2
64	64	5
106	107	5
112	112	4
118	140	2
151	154	2
90	92	2
159	159	1
128	143	1
0	1	3
6	8	1
103	103	3
163	163	5
157	157	2
1	1	1
138	139	3
141	142	1
122	135	1
56	56	5
155	157	1
19	20	1
88	91	1
160	160	1
166	167	1
109	118	1
137	138	1
151	152	3
115	115	1
44	47	2
128	128	4
17	18	1
71	72	3
120	123	2
164	165	2
90	90	2
25	25	8
115	117	1
13	15	1
33	34	1
172	173	3
81	94	1
52	54	1
37	99	1
92	92	4
184	185	2
76	77	1
38	40	3
83	84	3
124	124	2
35	36	2
15	15	4
97	103	1
153	153	3
138	142	1
147	147	1
179	180	2
48	89	2
127	131	2
132	132	5
116	117	1
12	17	2
59	59	2
34	36	2
13	20	2
21	23	1
125	126	2
47	76	5
63	63	1
14	26	1
144	158	3
24	56	1
32	33	1
57	57	4
13	47	1
93	94	1
127	127	2
116	122	2
124	125	1
97	98	2
101	103	2
34	34	3
156	156	2
84	84	1
141	141	3
104	108	2
89	89	5
7	8	2
26	26	1
99	99	1
162	162	2
29	29	2
94	94	2
107	108	2
127	133	1
145	155	1
25	56	1
153	186	2
40	40	1
86	87	1
151	151	3
70	70	2
146	146	2
113	113	1
142	142	1
79	79	3
85	85	2
11	11	1
48	48	2
31	67	2
104	105	1
135	136	1
9	10	1
13	13	4
129	131	1
26	27	2
145	145	2
152	153	1
71	71	1
169	169	2
130	132	2
170	171	1
89	92	1
96	97	1
113	115	2
89	106	1
33	35	1
119	120	2
14	32	1
185	185	1
97	97	1
101	101	1
130	135	1
68	71	1
122	122	2
113	114	1
18	58	1
153	159	1
25	30	1
166	172	1
86	92	1
155	156	1
53	54	2
187	188	1
111	115	1
157	158	1
42	95	1
116	135	1
175	184	1
102	105	1
169	170	1
87	110	1
125	125	4
91	105	1
163	165	1
27	28	1
180	180	2
110	110	3
145	147	2
106	106	1
89	90	1
39	39	1
42	80	1
4	4	1
109	109	1
75	75	2
42	43	1
148	148	3
144	163	1
33	33	1
79	95	1
53	53	1
40	99	2
48	55	2
121	159	1
190	190	2
5	6	2
36	37	1
2	3	1
150	154	1
152	154	2
18	19	1
130	166	2
182	182	1
60	61	1
118	118	2
72	72	1
9	9	1
171	171	3
116	134	1
24	31	1
156	157	1
73	73	1
143	143	1
84	102	2
48	57	1
169	172	1
64	65	1
36	57	1
67	67	2
94	111	1
47	60	1
3	3	2
34	35	2
10	11	1
176	185	1
115	121	1
121	122	2
30	61	1
154	156	2
80	81	1
90	91	1
102	103	2
30	62	1
149	154	1
91	112	1
58	63	1
100	100	2
70	71	1
31	31	2
174	175	1
89	93	1
19	19	2
189	190	1
58	59	1
124	129	1
175	175	1
105	107	1
117	119	1
116	119	1
133	133	2
16	16	2
37	38	1
41	91	1
90	95	1
93	111	1
150	150	1
78	95	1
173	177	1
130	130	2
115	183	1
84	112	1
172	174	1
23	23	1
115	124	1
46	119	1
14	18	1
132	135	1
170	170	1
101	104	1
47	91	1
112	113	1
45	47	1
96	107	1
180	181	1
139	142	1
136	137	2
61	61	1
91	110	1
143	144	1
27	27	1
83	102	1
75	76	1
37	101	1
15	20	1
126	126	1
69	71	1
148	150	2
140	141	1
42	58	1
130	134	1
25	26	1
131	131	1
13	33	1
183	185	1
96	105	1
100	101	1
