8	8	2
55	55	4
48	49	1
2	3	6
35	43	1
29	29	2
54	58	1
22	24	1
30	30	4
50	55	2
36	36	2
16	47	2
12	13	1
33	33	2
14	49	1
11	11	6
32	34	3
17	17	2
14	14	3
42	42	3
4	4	2
16	16	5
0	12	1
7	13	1
40	40	1
15	16	2
7	9	1
14	15	1
48	51	4
6	8	2
0	0	1
31	31	2
38	38	3
38	39	1
1	1	3
18	18	5
9	9	3
10	10	5
52	52	2
55	56	5
38	40	1
4	6	2
50	50	3
57	58	2
32	33	2
7	7	1
35	35	1
40	41	2
11	12	3
57	57	1
45	45	2
43	44	2
51	54	1
47	47	1
48	48	4
15	15	3
27	31	1
33	35	1
33	34	2
29	36	1
49	49	3
32	39	1
15	31	1
2	2	2
43	43	1
23	24	2
58	58	2
40	46	1
34	34	1
13	13	1
8	10	1
18	19	1
39	39	2
44	45	1
17	23	2
20	22	1
54	55	1
16	18	2
36	38	2
53	53	1
8	40	1
54	54	1
20	21	1
5	8	1
0	2	1
28	30	1
10	12	1
21	23	1
9	10	2
49	50	3
28	28	1
19	38	1
10	11	3
56	56	1
35	42	1
40	42	2
33	40	1
51	51	3
3	3	1
16	29	2
10	13	2
6	6	1
6	9	1
53	57	1
32	41	1
46	47	1
30	31	1
