53	54	5
82	83	3
19	19	4
76	76	8
22	22	1
53	53	2
59	59	3
57	66	1
75	76	3
54	54	2
5	65	1
12	12	4
21	22	1
11	24	2
8	8	1
68	69	3
80	80	5
52	52	3
17	18	3
54	57	1
50	55	1
59	64	3
58	58	2
62	76	1
67	67	3
84	84	3
17	19	3
28	28	1
72	74	2
14	14	4
49	79	1
15	16	2
10	11	2
11	11	4
7	12	2
9	9	3
23	26	3
60	60	2
79	79	4
69	69	5
12	17	1
72	73	1
24	49	2
53	61	1
89	89	4
75	75	1
25	25	2
51	54	1
12	64	1
13	19	4
64	64	2
12	19	1
62	62	3
56	66	1
81	81	3
72	72	1
78	79	1
58	72	1
50	50	3
70	84	2
76	79	2
27	27	2
12	20	2
50	52	3
23	24	1
67	68	1
3	3	5
86	86	2
0	0	1
21	23	3
55	56	2
77	78	4
53	72	1
6	8	1
4	4	2
82	82	2
65	65	1
57	57	3
17	17	2
58	70	1
11	81	2
26	26	1
59	73	2
31	31	3
8	65	1
49	49	3
63	63	2
71	71	1
35	35	1
56	70	2
24	25	1
52	80	1
56	67	1
54	59	2
55	55	1
5	5	2
46	56	2
55	57	1
68	68	2
61	61	1
88	89	1
66	66	1
34	34	2
51	51	1
81	82	2
63	64	3
10	10	1
17	48	1
78	80	2
6	59	1
47	47	1
13	65	1
55	82	1
64	71	1
2	2	2
4	48	1
50	89	1
88	88	1
24	24	2
30	31	2
75	84	1
9	23	1
12	13	1
52	54	1
85	85	1
49	77	1
28	89	1
7	8	1
21	21	1
10	25	1
50	54	1
58	63	1
8	19	1
62	63	1
74	76	1
48	48	1
