128	134	1
75	75	5
11	11	2
43	43	5
157	157	3
83	84	2
94	96	1
17	18	4
82	91	1
134	134	2
50	50	2
36	36	2
123	140	2
113	113	4
151	151	3
99	139	1
153	153	1
65	65	5
91	96	1
131	136	1
33	33	7
149	150	3
6	6	8
27	27	4
121	152	1
155	156	4
119	119	3
77	78	1
135	135	3
66	69	1
128	128	2
19	19	4
31	31	6
156	156	3
81	81	11
120	121	1
33	34	3
77	94	1
150	150	2
9	9	3
130	131	4
136	137	1
112	112	5
137	138	6
25	25	6
70	71	1
36	39	4
111	112	5
126	126	3
147	148	4
45	45	2
127	127	2
40	40	1
106	106	3
113	114	2
24	24	7
113	118	2
18	18	4
5	5	6
152	152	3
13	88	1
55	55	4
144	157	1
85	85	4
46	48	2
117	117	3
41	43	2
82	82	4
35	35	3
24	48	1
10	10	5
17	17	1
138	142	1
65	82	1
4	5	3
110	115	2
85	95	2
80	82	1
4	4	3
90	90	3
123	124	2
42	42	3
18	19	3
15	18	1
115	116	1
131	132	2
120	120	4
107	112	1
43	45	2
93	113	2
14	15	2
146	146	3
63	68	2
28	28	2
53	53	1
145	146	2
91	91	4
102	103	1
147	154	1
132	137	2
83	83	4
26	90	1
125	125	2
39	41	2
55	57	1
97	97	2
52	53	1
80	93	1
87	87	3
38	38	3
54	54	3
81	82	1
15	17	1
105	114	2
99	99	3
46	51	2
115	115	3
98	98	4
87	97	1
29	102	1
158	159	3
32	66	1
130	130	3
88	145	1
43	53	1
118	118	1
32	32	2
104	128	1
53	54	2
79	79	6
98	158	1
82	86	1
3	3	3
138	138	1
42	43	4
91	134	1
15	15	3
21	25	1
98	99	2
47	47	2
31	32	2
113	115	1
114	117	1
22	22	4
52	70	1
12	18	2
113	116	1
21	21	2
49	51	1
53	108	1
44	45	1
36	37	4
148	148	5
102	102	1
124	124	2
43	84	1
62	63	2
153	157	1
143	143	3
85	90	1
125	126	1
85	86	1
7	27	1
46	47	5
92	92	3
7	7	6
80	80	10
30	74	1
63	64	1
71	130	1
30	30	4
31	37	1
0	0	4
38	152	1
105	105	2
145	145	1
150	151	1
18	20	2
106	111	1
23	23	4
48	48	1
127	128	1
44	46	1
56	89	2
48	66	1
10	11	3
126	127	1
110	111	3
1	3	2
147	147	4
63	71	1
51	51	5
81	107	2
135	136	3
2	2	8
128	129	2
116	116	2
108	108	1
147	149	1
121	126	2
155	155	3
137	137	2
103	103	2
16	17	3
46	46	3
124	127	1
93	93	6
92	93	2
91	93	1
129	129	3
7	44	1
140	140	3
78	82	2
142	145	1
82	143	1
8	28	1
114	114	4
70	70	3
142	143	1
19	22	1
76	124	1
118	131	3
14	14	2
16	18	1
95	95	2
14	16	1
106	128	1
35	45	4
118	133	1
3	31	1
144	144	3
49	49	1
5	157	1
48	96	1
106	117	2
68	68	2
19	35	2
76	81	1
47	53	1
34	34	2
113	143	1
79	80	2
87	118	1
29	29	2
147	153	1
51	88	1
101	101	3
8	43	1
110	110	1
22	23	1
154	154	2
4	28	2
100	100	3
5	6	2
40	150	1
24	46	1
99	100	1
106	149	2
118	119	4
50	155	1
96	97	1
50	51	1
89	89	2
44	44	2
22	25	1
136	136	2
85	104	1
29	30	4
8	9	1
55	120	1
26	28	2
63	69	1
92	97	2
86	86	2
40	41	1
121	121	3
25	26	1
107	107	5
153	154	3
88	88	3
37	38	2
80	86	2
139	139	3
12	13	2
8	8	3
112	151	2
23	26	1
94	95	3
47	54	1
105	106	2
104	104	2
98	106	2
105	117	1
157	158	1
132	132	2
123	155	1
131	131	1
133	135	1
76	128	1
151	156	1
134	148	1
94	94	1
11	12	1
5	7	3
86	97	1
100	129	1
137	139	1
48	50	1
1	143	2
69	154	1
155	157	2
101	115	1
112	133	1
114	115	2
112	120	1
28	29	2
26	27	2
39	42	1
137	155	1
49	154	1
80	84	1
40	151	1
4	156	2
127	156	1
117	119	1
77	82	1
46	99	1
54	70	1
52	52	4
114	148	1
130	132	1
123	123	3
158	158	3
43	103	1
63	139	1
72	73	2
8	10	1
23	24	1
105	115	1
30	43	1
68	70	2
71	131	1
34	35	1
90	91	1
133	134	1
123	125	3
83	113	2
64	64	1
119	120	1
141	141	1
6	7	1
104	106	1
74	75	1
11	14	1
52	154	1
32	33	2
18	64	1
133	146	1
136	145	1
54	55	2
46	73	1
144	145	1
106	122	1
148	150	1
67	69	1
146	147	1
47	141	1
95	96	2
40	43	1
1	2	3
48	62	1
134	149	1
80	81	1
83	102	1
55	56	1
152	154	1
45	48	1
120	156	1
79	89	1
26	26	3
51	62	1
37	37	1
89	95	1
27	100	1
115	117	1
113	145	1
78	80	1
51	52	1
39	39	1
111	111	1
109	131	1
109	115	1
111	113	1
9	11	1
84	85	1
148	149	1
35	99	1
106	107	2
34	64	1
13	16	1
111	144	1
87	93	1
127	131	1
39	111	1
49	62	1
16	16	1
1	1	1
2	3	1
107	114	1
149	149	1
70	153	1
76	77	1
128	135	1
28	149	1
13	13	1
129	130	1
49	96	1
5	33	1
71	132	1
41	41	1
104	105	2
84	84	1
93	94	1
37	41	1
100	101	1
47	71	1
66	66	1
82	83	1
77	77	1
74	74	1
38	40	1
23	132	1
110	129	1
