63	63	2
6	8	1
13	13	6
40	75	2
29	29	4
36	39	1
22	22	2
45	48	1
32	32	3
60	60	6
3	3	3
43	43	4
73	76	3
6	6	5
21	21	5
46	46	8
46	47	1
52	66	1
9	33	1
22	23	5
7	8	2
41	41	2
24	24	2
52	53	1
27	76	1
47	47	4
48	49	3
74	74	1
41	42	1
2	2	3
64	64	2
63	64	2
25	25	1
36	37	3
26	27	1
35	39	2
55	55	6
62	68	1
65	65	3
12	13	1
73	73	2
23	24	4
4	5	2
56	56	1
35	35	6
37	37	4
7	7	1
20	20	2
73	75	1
55	60	1
54	55	2
4	4	7
50	51	2
67	69	1
23	23	5
64	72	1
0	0	4
37	39	3
42	42	2
49	51	1
70	71	3
1	1	2
19	20	2
56	57	1
19	19	4
40	40	3
35	40	1
72	73	3
6	7	2
36	36	4
10	12	2
25	27	2
10	10	3
30	30	2
29	31	3
52	52	2
34	68	2
28	75	1
48	48	5
39	44	1
51	51	2
67	68	2
46	57	3
57	57	1
2	3	1
61	61	1
41	47	2
52	65	1
48	51	1
53	58	1
72	72	4
45	46	3
67	67	5
39	74	1
20	21	1
59	59	1
28	28	1
62	63	2
32	34	1
7	9	2
31	31	4
37	38	2
42	53	1
42	54	1
44	44	2
9	29	2
45	45	2
24	25	2
33	33	1
9	19	1
58	58	1
42	65	1
0	1	1
50	50	1
39	40	1
40	41	1
26	28	2
21	22	2
71	77	1
59	60	2
5	5	2
2	4	1
18	18	2
11	11	2
1	2	1
25	26	1
9	10	1
12	14	1
0	38	1
27	27	1
77	77	1
29	30	1
49	53	1
64	65	1
28	29	1
