29	30	2
166	170	1
51	52	3
0	41	1
128	169	1
156	156	11
102	102	9
147	147	7
166	167	6
43	43	5
30	30	3
110	110	6
102	129	1
155	155	7
165	184	2
70	188	2
99	99	4
152	152	3
153	190	1
106	106	1
10	10	6
73	139	1
130	144	1
187	187	3
189	197	2
109	109	2
106	109	2
108	127	3
49	49	6
77	78	3
100	100	1
171	182	1
8	19	1
197	197	4
163	163	5
186	187	3
158	158	4
4	9	2
146	182	1
128	171	3
113	114	2
24	26	3
140	145	3
121	133	3
176	176	2
61	61	1
3	4	2
153	153	5
186	186	5
134	134	4
116	117	4
25	26	2
154	173	3
175	192	1
181	181	4
154	155	4
98	99	8
104	128	1
10	17	1
5	5	4
79	79	2
40	40	4
170	171	3
100	101	1
2	3	2
108	108	4
173	191	1
193	193	5
165	167	1
14	14	8
47	47	4
173	173	4
152	153	4
178	178	6
192	192	6
163	172	1
19	28	1
148	148	4
19	20	2
5	8	5
0	2	2
63	63	2
137	145	1
26	26	5
138	138	4
27	27	3
89	89	5
45	45	4
164	168	1
159	159	6
104	106	1
48	48	6
44	44	1
80	80	6
25	25	5
27	28	6
122	123	1
133	133	7
148	149	2
161	162	2
144	147	1
141	141	4
139	140	3
128	128	2
75	76	2
109	133	1
191	191	2
134	147	2
20	21	1
84	86	1
123	124	2
145	145	2
120	121	3
96	97	2
137	137	6
50	50	7
190	190	4
94	94	3
16	40	2
131	131	5
16	18	2
12	13	3
146	147	3
38	39	2
36	37	2
165	165	10
7	20	1
194	194	5
7	21	1
55	55	4
35	35	5
163	169	2
75	79	1
162	164	4
157	157	6
160	166	2
140	141	3
63	65	1
58	58	3
170	188	2
77	77	2
98	98	7
191	192	4
76	76	2
182	182	5
158	175	1
164	164	10
64	64	6
116	116	7
125	125	5
21	21	1
68	191	1
70	70	2
193	194	1
16	17	2
175	175	7
119	119	10
142	164	1
54	56	2
111	111	4
46	47	3
156	158	2
34	34	5
70	71	2
130	131	2
59	59	7
134	135	4
138	141	1
165	187	1
156	157	3
182	184	2
132	132	5
120	120	3
94	100	2
33	36	1
140	146	1
19	39	1
116	118	1
170	172	4
107	108	2
127	128	2
168	169	1
24	25	1
179	179	6
151	191	2
124	124	5
54	54	4
185	185	5
119	120	1
80	152	4
9	10	1
50	51	4
52	52	8
69	69	3
96	96	1
4	4	3
161	161	5
0	1	2
123	123	6
153	161	1
151	151	9
167	167	2
37	37	4
93	95	1
112	136	1
135	136	1
84	85	1
170	170	5
15	15	1
144	158	1
94	95	3
36	36	7
177	192	1
41	41	1
180	180	2
28	35	1
22	23	2
81	163	1
42	42	6
24	64	1
153	156	1
8	8	4
129	160	1
135	145	1
143	143	6
176	178	1
140	140	4
164	167	1
38	38	3
175	182	1
24	63	2
33	33	1
157	158	2
194	195	1
143	144	3
93	94	3
94	97	2
1	1	3
100	114	2
189	189	5
158	159	4
102	103	1
7	7	2
20	27	1
56	57	1
11	42	2
54	55	2
104	147	3
134	139	1
174	174	4
107	127	1
2	2	4
20	28	1
13	14	2
13	13	2
122	122	3
195	195	5
6	6	3
81	152	1
126	127	2
95	98	2
150	150	2
142	144	2
160	160	4
28	31	2
78	79	1
165	166	2
8	42	1
49	50	1
162	177	3
12	12	1
135	135	2
172	174	2
125	127	1
18	18	2
103	103	5
177	178	1
181	182	7
20	20	2
155	181	1
132	133	1
34	35	4
105	111	1
40	41	1
118	159	1
72	72	3
184	185	1
162	162	2
152	163	1
174	177	1
104	105	1
136	136	1
177	177	9
30	31	2
75	143	1
15	43	1
157	162	2
111	136	1
132	158	2
159	160	1
146	150	1
139	139	2
133	134	2
103	104	2
190	191	1
173	192	1
108	109	1
155	173	1
28	42	1
173	182	1
179	194	1
19	19	4
154	154	3
176	179	1
160	171	1
74	74	2
106	107	2
86	87	2
80	154	2
149	150	1
31	32	2
172	186	1
98	134	1
24	24	3
59	60	1
17	17	2
178	182	1
159	190	1
138	139	1
70	129	2
18	35	1
2	15	1
39	40	2
103	147	2
37	38	1
28	28	1
103	148	1
76	89	1
56	56	3
142	142	2
117	117	4
23	43	1
13	59	2
33	38	1
24	31	1
157	184	2
172	173	1
136	145	1
132	143	2
28	29	2
169	169	2
167	168	3
187	188	4
9	9	5
57	57	2
168	171	1
190	192	1
121	121	1
150	152	1
48	171	1
113	113	4
0	0	2
169	172	2
149	149	5
29	43	3
146	148	1
131	139	2
147	155	1
126	126	4
83	83	1
161	164	2
127	127	3
188	188	4
82	187	1
53	53	5
107	107	2
62	63	1
94	99	1
173	174	1
179	180	2
3	3	2
3	41	1
112	112	1
15	18	1
172	172	2
101	101	2
86	86	1
141	156	1
68	68	1
65	65	2
87	87	2
54	170	1
5	7	1
15	17	1
130	132	2
0	24	1
167	170	1
151	152	1
103	115	1
24	27	1
10	13	1
70	186	1
46	196	1
23	23	1
21	22	1
168	168	1
150	172	1
34	36	1
11	11	1
0	30	1
11	46	1
102	104	1
138	140	1
120	141	1
83	155	1
150	154	1
8	41	1
164	176	2
93	93	2
144	153	1
33	86	1
153	154	1
22	22	1
174	178	3
111	112	1
155	182	3
51	162	1
74	112	1
132	139	1
33	34	2
171	172	1
169	182	2
166	166	2
146	146	2
157	163	4
139	147	1
18	19	3
137	139	1
188	189	2
71	71	1
100	103	1
112	113	1
82	164	1
183	183	2
39	39	2
196	197	2
159	176	1
46	46	3
64	67	1
184	184	1
121	122	1
155	156	2
156	182	1
41	63	1
117	118	1
73	135	1
162	165	2
31	31	1
158	160	1
146	164	1
115	115	1
73	73	1
43	44	1
71	72	1
58	175	2
32	32	1
0	3	1
67	68	1
87	88	1
34	38	1
115	117	1
93	96	1
194	196	1
28	36	1
141	142	1
121	132	1
62	62	3
30	32	2
177	181	1
154	180	1
52	57	2
179	182	1
118	130	1
132	146	1
134	140	1
95	97	1
75	142	1
95	95	1
173	176	1
84	84	1
26	47	1
186	189	1
13	41	1
178	180	1
183	184	1
189	190	1
70	128	1
45	46	1
169	170	1
165	169	1
173	175	1
27	29	1
59	174	1
157	176	2
40	42	1
174	190	1
53	54	1
143	148	1
131	133	1
114	134	1
51	51	1
69	70	1
39	41	1
17	18	2
19	29	1
156	172	1
20	40	1
144	144	1
152	161	1
164	165	1
174	176	2
105	106	1
99	100	1
0	18	1
166	168	1
177	185	1
88	88	1
25	27	1
118	118	1
81	81	1
55	56	1
129	129	1
14	37	1
150	157	1
196	196	1
24	28	1
9	42	1
120	122	1
48	49	1
25	42	1
109	123	1
122	124	1
85	87	1
82	82	1
1	2	1
122	132	1
109	111	1
97	97	1
