76	76	5
36	37	4
57	58	3
72	72	1
77	77	2
26	26	1
74	74	3
30	31	2
69	69	12
24	24	2
68	72	1
29	67	1
73	73	4
61	61	1
6	41	1
62	64	2
51	54	2
32	33	2
4	37	2
47	53	2
68	68	1
63	72	1
20	21	1
41	41	3
67	69	2
60	60	5
22	22	4
53	58	3
0	6	2
2	3	4
11	11	4
66	67	2
40	40	3
47	47	2
41	42	4
42	43	4
10	10	3
73	76	1
47	59	2
31	35	2
51	51	3
68	70	4
30	30	2
29	29	3
33	34	2
46	46	2
51	52	3
24	31	1
45	55	3
35	37	1
23	23	1
50	50	4
39	41	6
27	27	2
51	53	2
28	46	1
48	50	1
72	73	1
43	43	6
57	57	6
3	60	1
3	14	1
12	45	2
27	29	2
9	9	2
64	64	1
40	41	2
27	28	1
29	66	1
35	40	2
7	8	2
32	32	3
63	64	3
0	0	5
44	44	2
13	50	1
5	5	5
63	63	1
47	71	1
67	68	1
76	77	2
3	3	6
21	21	3
66	70	1
0	43	2
62	62	4
12	21	1
25	26	2
12	12	3
13	72	1
37	38	1
65	67	2
69	71	1
59	61	1
10	19	3
35	36	1
55	56	2
71	71	3
25	25	1
54	54	2
26	39	1
2	2	3
29	45	2
12	26	2
42	42	3
60	61	2
35	68	1
27	30	2
49	49	6
33	33	3
1	5	4
36	36	2
11	21	1
72	74	1
5	30	1
4	24	1
4	5	1
65	66	2
29	30	1
8	8	3
2	27	1
65	65	1
1	53	1
55	55	1
8	9	1
28	29	1
47	48	1
53	53	3
58	58	2
56	58	1
4	31	1
5	22	1
6	38	1
39	40	2
47	49	1
14	14	1
64	71	1
59	59	1
3	32	1
34	34	4
1	1	1
50	51	1
63	71	2
66	66	1
4	4	3
35	44	1
22	27	1
65	74	2
75	75	3
31	76	1
35	35	1
43	44	1
28	40	1
18	22	1
10	75	1
10	32	1
70	71	1
13	13	2
48	49	1
28	53	1
3	8	1
29	71	1
40	43	1
5	23	1
31	31	2
0	36	1
19	19	2
64	66	1
22	53	1
32	42	1
50	57	1
49	67	1
5	52	1
58	59	1
12	55	1
70	70	1
9	10	1
26	69	1
2	4	1
56	57	1
61	62	1
68	71	1
13	21	1
20	74	1
75	76	1
26	43	1
18	18	1
37	39	1
26	36	1
48	51	1
8	20	1
25	29	1
2	29	1
32	71	1
23	24	1
28	30	2
51	69	1
61	63	1
45	46	1
8	40	1
14	30	1
45	45	1
20	54	1
41	44	1
