54	54	3
94	107	1
85	85	5
48	48	2
23	32	1
67	68	1
87	88	1
30	30	4
102	102	1
27	52	1
88	90	1
66	68	1
75	103	3
98	98	2
92	93	1
48	52	2
102	103	2
74	96	1
94	94	3
41	42	2
40	41	5
50	50	3
88	88	1
102	104	3
95	95	4
41	52	1
82	83	1
61	62	2
101	101	3
100	100	2
31	31	8
20	24	1
111	112	3
110	111	2
67	81	1
36	37	4
50	51	2
55	55	3
66	66	3
93	93	2
72	72	4
107	107	2
25	25	1
54	59	3
29	57	1
92	97	1
52	52	3
67	67	2
78	78	4
75	75	3
88	91	2
33	34	3
28	28	8
30	31	3
27	29	1
51	52	1
49	50	2
43	43	2
64	64	2
47	50	3
76	80	1
91	94	2
106	108	1
71	72	1
109	109	7
26	26	1
29	30	3
65	65	3
20	21	1
84	86	1
90	90	4
29	29	1
58	58	3
78	81	2
68	68	3
70	70	1
40	40	3
84	85	1
38	38	2
45	113	1
49	49	3
113	114	2
59	61	2
80	80	3
94	108	1
57	57	3
81	81	4
93	95	1
26	35	1
59	68	1
64	74	2
30	47	1
106	107	3
81	85	1
26	27	1
44	45	1
35	94	2
45	45	1
22	74	1
60	76	4
42	43	1
103	103	1
51	51	1
37	44	1
48	49	2
56	62	1
60	60	1
42	42	2
104	104	1
24	103	1
89	89	2
72	73	1
56	56	2
36	36	2
81	84	1
77	81	1
37	37	3
39	39	2
25	32	1
39	40	1
63	96	1
83	85	2
57	58	1
97	97	2
58	76	1
23	25	1
48	50	1
78	80	2
107	108	1
38	39	1
91	91	2
105	105	1
90	92	1
31	65	1
111	111	2
83	88	1
41	94	1
33	110	1
81	82	1
35	35	2
77	77	2
113	113	2
100	101	1
94	95	1
41	41	1
71	73	1
47	89	1
93	107	1
78	79	2
96	108	2
38	93	1
53	54	1
62	63	1
54	55	2
73	73	1
83	83	1
62	62	1
76	77	1
62	84	1
46	46	1
22	103	1
74	75	1
86	88	1
98	99	1
63	63	1
55	56	1
27	56	1
28	29	1
27	32	1
92	92	1
32	37	1
78	85	1
91	110	2
24	24	1
47	47	1
43	45	1
70	87	1
30	32	1
55	57	1
54	58	1
86	86	1
32	32	2
53	60	1
25	31	1
58	59	1
71	71	1
