76	76	6
89	90	6
85	100	1
107	118	1
113	122	1
21	21	2
7	7	3
69	70	1
86	86	7
11	31	4
60	61	1
35	35	1
106	107	6
131	131	2
90	90	5
103	103	5
30	43	2
6	6	3
57	58	2
69	117	2
114	114	7
13	23	1
92	95	1
69	69	3
120	122	1
84	84	2
72	72	4
70	70	8
64	64	4
65	66	2
9	37	1
78	79	2
82	84	2
74	74	2
12	33	1
19	23	1
73	73	6
87	87	3
103	104	2
133	133	4
61	61	1
92	92	2
66	67	2
124	124	3
57	121	1
68	68	2
124	126	1
71	71	8
75	76	2
112	113	2
54	54	2
134	135	1
129	130	2
64	65	3
25	25	2
12	13	2
15	15	1
79	79	1
93	96	2
111	111	4
42	42	1
22	43	1
53	67	1
34	34	3
95	95	4
43	43	4
106	106	7
20	20	1
105	105	4
115	115	1
99	99	3
4	8	1
101	101	5
77	77	3
18	18	2
91	92	1
92	111	1
118	121	1
52	53	1
14	14	6
21	72	1
47	50	1
129	129	4
66	81	1
116	116	2
62	63	2
115	133	1
117	118	2
103	105	1
86	87	1
78	78	2
60	60	4
62	62	3
108	108	1
88	117	1
16	127	1
88	89	1
63	128	1
126	126	2
108	110	1
14	66	1
44	44	5
116	127	1
27	91	2
0	1	2
26	26	1
134	134	3
2	2	2
118	118	3
1	1	1
4	4	5
90	94	1
130	133	1
36	36	3
50	50	3
24	24	2
132	133	3
54	55	3
33	33	1
84	85	1
115	117	2
65	97	1
110	122	1
17	18	1
130	130	2
75	75	3
72	73	3
66	66	1
85	85	3
5	5	2
124	131	1
119	119	4
93	93	2
32	32	1
102	104	1
80	80	2
82	82	3
79	88	1
95	127	1
98	106	1
1	2	2
82	86	1
28	28	2
126	127	2
98	98	5
55	55	2
53	64	1
8	45	1
79	113	1
37	89	2
2	133	1
83	84	1
15	60	1
43	96	1
11	11	3
100	100	3
24	26	1
59	59	4
116	118	2
102	102	2
110	111	1
110	110	1
12	12	2
88	91	1
104	104	2
12	27	2
93	95	1
9	31	2
86	100	1
53	53	3
52	52	2
75	87	1
3	4	1
127	127	1
50	87	1
78	109	2
58	58	1
123	123	4
59	60	1
91	91	3
33	35	2
96	96	3
22	22	3
49	50	3
12	92	1
21	22	2
132	132	1
112	112	1
70	71	1
117	119	1
3	5	1
27	29	1
28	70	1
96	129	1
58	59	1
89	89	1
27	74	2
10	13	1
109	109	2
63	63	2
48	48	1
69	73	1
67	67	1
4	95	1
77	78	2
88	88	1
52	64	1
17	17	1
50	52	1
130	131	1
100	120	1
27	27	2
44	45	1
61	105	1
63	64	1
79	80	1
124	125	3
100	101	1
110	127	2
35	46	1
122	123	3
92	93	1
120	120	1
29	29	1
125	125	2
15	26	1
4	5	1
62	106	1
125	127	1
54	96	1
80	81	1
83	83	1
18	23	1
49	86	1
113	113	2
114	115	1
68	69	1
123	127	1
6	13	2
98	99	3
85	97	1
20	22	1
81	82	1
113	115	1
13	46	1
114	125	1
63	89	2
57	60	1
32	33	1
81	109	1
38	38	1
5	78	1
114	129	1
128	129	1
91	112	1
11	25	1
95	96	1
45	65	1
7	86	1
85	86	1
60	69	1
121	121	2
62	105	1
110	118	1
111	115	1
54	62	1
80	82	1
16	17	1
46	53	1
87	100	1
55	59	1
69	121	1
23	24	1
14	43	2
97	99	1
115	116	1
105	106	1
99	101	1
8	23	1
131	133	1
49	69	1
87	121	1
33	38	1
29	30	1
96	106	1
46	64	1
11	36	1
24	25	1
34	47	1
84	107	1
90	120	1
