62	62	3
74	74	6
82	82	2
117	117	4
7	8	2
43	43	4
1	1	7
101	101	5
60	60	2
44	44	7
126	126	1
103	103	9
128	128	5
58	58	2
34	35	2
129	133	1
16	16	1
6	6	7
67	68	2
80	80	3
26	26	3
38	38	2
130	131	2
66	66	8
111	111	5
76	76	4
105	117	2
116	118	2
134	134	9
89	121	2
119	119	1
99	115	2
111	112	3
50	51	3
87	96	1
105	113	1
126	128	1
72	72	2
44	108	1
22	22	1
133	133	3
20	21	1
95	95	7
108	123	1
126	127	4
90	91	1
86	87	3
129	129	2
113	116	2
79	79	4
60	91	2
102	109	2
134	135	3
24	24	1
113	113	4
53	53	3
120	122	1
105	106	1
114	114	3
64	64	5
84	84	2
7	19	1
64	65	2
50	50	4
54	124	1
97	97	5
83	84	2
107	107	1
71	71	4
55	56	2
75	80	2
122	123	1
121	121	6
88	88	3
107	117	1
61	66	1
30	30	1
113	114	2
87	88	2
71	72	4
8	8	1
69	90	1
75	75	3
33	36	1
69	101	1
21	21	1
115	116	1
63	70	1
24	25	2
93	104	1
100	110	1
120	121	2
5	5	3
112	113	3
106	106	1
68	96	2
1	81	1
76	77	3
116	116	4
100	101	2
94	94	4
60	92	2
13	14	1
63	64	2
62	63	3
12	12	3
24	36	1
99	99	2
125	132	2
102	105	1
66	70	1
6	8	1
112	112	2
68	81	1
116	120	1
79	80	1
29	31	1
3	3	1
67	67	2
17	17	1
86	86	1
116	126	1
101	112	3
82	85	1
124	124	3
15	15	4
102	103	2
91	91	1
27	28	2
25	25	4
2	2	3
70	70	3
22	24	2
29	29	1
45	47	1
91	92	1
19	19	1
127	128	1
123	124	1
90	90	3
125	125	1
91	94	1
116	117	1
33	33	1
52	53	1
92	92	2
102	102	6
73	73	2
49	49	4
115	115	1
100	100	6
0	0	1
109	109	1
73	75	1
43	44	1
105	105	2
84	85	1
81	82	1
104	104	3
28	29	1
93	93	2
78	78	2
19	20	2
132	132	3
55	55	3
32	32	2
130	130	1
133	134	2
58	64	1
62	98	1
99	100	1
33	34	1
59	59	2
52	52	3
109	110	1
89	89	1
126	133	2
118	121	1
28	33	1
120	120	1
121	122	2
26	29	1
100	118	1
71	101	1
93	94	1
70	78	2
27	73	1
123	123	3
69	69	2
69	70	1
69	71	1
32	36	1
85	85	2
68	68	3
91	93	1
84	96	1
98	98	1
83	83	1
94	115	1
43	60	2
72	73	1
7	13	1
56	57	1
35	52	1
87	87	2
23	34	1
76	82	1
104	105	1
14	14	2
24	35	1
109	117	1
94	101	1
68	84	1
11	12	1
70	93	1
66	67	1
75	76	1
96	96	1
13	13	1
68	70	1
45	45	1
89	91	1
63	63	2
66	132	1
128	129	2
85	87	1
35	35	1
102	111	1
28	35	1
56	61	1
31	130	1
45	46	1
101	107	1
122	122	1
