52	52	3
38	55	2
30	30	4
26	26	1
32	36	1
40	61	1
42	61	2
14	15	1
39	51	1
30	39	1
31	31	7
1	1	1
33	33	8
38	38	12
53	54	2
59	59	7
37	37	4
57	57	4
23	24	2
23	23	2
10	15	1
42	42	8
39	39	1
58	58	2
40	41	2
15	15	1
46	46	3
31	33	2
44	62	1
60	60	3
30	37	1
51	51	8
6	9	1
49	49	6
2	2	6
61	61	4
43	43	2
45	45	4
43	44	1
39	40	1
33	48	1
36	36	4
15	16	1
38	51	1
48	50	1
24	25	3
31	32	2
41	41	3
35	35	2
52	53	1
43	62	2
47	47	2
58	59	1
19	19	1
20	22	2
56	57	1
41	42	1
58	60	1
50	50	6
48	48	4
33	34	1
18	20	2
34	34	1
1	11	1
42	62	1
37	54	2
55	59	1
36	56	1
14	14	2
22	22	2
49	60	1
34	43	1
41	53	1
55	55	4
19	21	1
51	58	1
49	57	2
40	42	1
24	24	1
18	18	1
4	4	4
2	45	1
38	42	1
18	19	2
44	46	2
14	32	1
16	16	1
34	44	1
42	57	1
0	0	2
45	46	3
9	14	1
41	46	1
7	7	1
37	40	1
3	3	2
56	56	4
3	5	1
32	32	1
44	45	1
62	62	2
7	9	2
8	8	1
19	20	1
6	7	1
52	55	1
30	31	1
6	6	1
40	40	1
53	53	1
10	10	1
51	56	1
10	11	1
38	39	2
2	44	1
35	36	1
58	62	1
37	52	1
44	47	1
54	54	1
9	16	1
30	62	2
40	46	1
4	5	1
29	40	1
44	52	1
37	39	1
37	41	1
