9	9	6
38	38	5
2	2	4
59	59	2
51	52	6
31	32	6
3	3	2
45	45	1
42	42	7
55	56	3
11	11	3
38	56	2
7	7	2
0	0	1
61	61	2
35	35	4
12	12	7
37	37	1
14	14	9
56	56	6
10	10	4
51	53	1
32	33	4
32	32	5
44	44	4
7	8	1
6	6	6
4	5	1
56	57	1
16	16	4
60	60	4
46	46	4
34	34	5
36	36	4
51	51	5
40	40	3
23	23	4
17	17	1
34	35	5
48	49	1
41	41	5
30	30	7
31	62	4
1	2	2
50	50	8
8	8	1
47	47	5
39	39	2
6	7	4
58	58	3
33	33	2
11	12	2
14	15	1
49	49	5
53	55	1
29	54	1
31	55	2
3	12	2
15	15	2
37	39	1
49	50	2
53	54	3
38	39	3
47	50	1
30	54	1
39	40	1
42	47	1
43	43	4
55	55	3
48	48	2
9	13	3
30	31	2
21	21	2
35	44	1
13	13	5
31	31	1
17	18	2
37	38	1
52	52	4
1	1	1
36	37	1
39	41	2
53	53	2
38	59	1
47	48	1
42	43	1
38	40	1
17	31	1
19	19	2
5	5	1
33	42	1
54	54	1
20	29	1
45	46	1
43	48	1
50	51	1
4	4	1
52	55	1
18	19	1
0	51	1
1	52	1
12	13	1
43	44	1
