15	15	3
18	18	2
14	22	7
33	33	2
34	34	27
25	26	3
21	25	2
40	43	3
41	41	6
15	16	5
17	17	13
30	30	7
40	40	3
35	35	12
42	42	19
21	26	2
38	39	2
44	44	9
23	25	4
26	26	4
22	22	3
22	24	4
27	27	6
19	19	2
46	46	15
10	10	3
22	25	4
47	47	9
39	39	12
20	20	6
30	33	4
32	32	2
19	24	5
38	38	8
35	36	1
24	24	1
23	23	3
28	28	7
43	43	5
21	21	11
27	28	2
28	29	3
31	31	8
36	37	4
25	25	5
31	41	4
23	24	2
37	37	13
45	45	12
28	30	2
30	31	2
27	30	1
29	29	1
28	36	1
32	34	4
20	31	1
44	46	2
36	36	1
33	34	1
29	35	1
17	19	1
16	16	1
45	46	1
37	47	1
