27	76	3
26	26	2
29	29	7
64	64	4
18	18	3
71	72	5
93	93	4
104	106	2
140	140	5
139	139	6
53	56	2
66	74	1
120	120	6
39	39	6
34	34	5
121	121	2
38	38	5
115	115	2
25	31	1
95	95	6
37	42	1
61	62	2
32	32	6
21	21	5
124	125	1
118	120	1
132	143	4
125	130	1
59	60	3
35	35	2
9	9	2
92	93	1
121	122	2
119	119	8
130	130	6
139	140	8
51	52	4
103	103	10
116	139	4
55	56	2
73	98	2
106	106	2
20	88	4
67	68	2
111	117	1
115	117	2
94	95	3
39	40	5
112	112	2
125	125	3
51	51	4
36	37	3
50	53	1
78	79	5
97	98	1
124	127	1
83	108	1
131	131	13
15	16	3
22	22	2
136	136	5
68	69	3
125	134	1
62	64	1
67	67	2
123	142	1
4	4	6
19	19	6
123	123	12
16	16	2
83	83	4
104	123	1
13	20	1
134	134	3
73	75	2
111	112	3
15	15	5
54	54	4
103	105	2
11	11	4
69	70	4
20	22	1
30	30	7
141	142	2
88	113	2
119	127	1
29	119	1
61	61	8
48	49	1
102	102	2
56	56	1
103	110	2
111	130	1
2	2	7
87	87	8
57	58	4
135	136	3
13	13	6
8	20	2
114	114	2
55	55	4
115	116	1
36	36	1
122	138	1
105	105	2
114	115	2
126	126	3
69	69	2
26	72	1
126	127	2
111	120	2
75	75	1
9	39	1
82	82	3
65	66	2
24	24	2
48	48	1
104	109	1
1	2	1
95	112	1
110	111	4
81	81	1
29	30	1
77	78	2
28	30	1
22	23	2
17	17	3
84	84	4
133	133	2
127	127	7
119	126	1
108	109	3
132	133	2
42	42	3
64	73	1
104	104	4
91	94	3
104	105	1
65	65	4
146	146	1
141	141	2
29	56	1
41	50	2
134	139	1
116	116	6
110	110	1
107	108	2
119	125	1
121	123	2
67	72	2
56	58	3
32	33	2
28	28	4
33	50	1
40	48	3
13	131	2
113	113	1
38	39	9
60	61	1
20	21	3
74	74	4
59	59	4
96	97	3
68	68	4
12	62	1
30	32	1
76	76	2
99	99	3
53	53	2
85	107	1
113	114	4
20	20	2
120	124	2
105	106	4
3	4	1
87	90	1
109	138	1
124	126	2
113	127	1
99	100	2
118	138	1
5	5	2
32	48	1
119	124	1
63	63	1
107	107	3
6	26	1
88	89	6
129	130	2
2	3	4
91	91	3
135	139	1
92	101	1
73	73	3
109	109	1
10	11	2
107	110	1
118	118	6
71	71	1
135	138	2
137	137	4
37	38	4
142	143	2
77	79	1
50	52	2
117	117	1
40	40	1
118	142	2
28	37	1
58	63	1
112	113	2
57	57	4
23	23	2
96	96	2
75	76	2
1	3	3
95	124	2
144	144	2
31	31	2
78	84	2
19	21	2
121	138	1
28	50	4
58	58	5
62	66	1
109	112	1
130	132	2
43	43	2
79	81	1
138	138	1
82	114	1
128	129	2
60	60	4
118	119	1
9	10	1
84	85	1
137	138	1
49	53	1
133	140	1
66	72	1
88	122	1
88	88	2
92	94	1
41	41	2
66	66	2
85	86	1
33	108	1
33	42	3
91	106	1
6	6	1
98	102	1
30	55	1
128	128	3
134	138	2
77	84	1
52	65	1
85	85	2
90	90	2
25	25	3
109	117	1
102	110	1
19	24	2
2	11	1
101	102	1
70	72	1
41	48	2
82	83	1
136	137	1
122	123	1
18	21	1
18	22	2
10	20	1
77	77	1
51	57	1
91	92	3
125	131	1
13	24	1
38	40	1
72	72	1
31	32	2
101	130	1
10	10	2
94	94	2
132	132	4
15	17	1
129	129	2
97	97	1
85	110	1
122	122	3
30	49	1
30	31	1
106	108	1
72	73	1
138	139	1
50	50	3
98	98	5
87	108	1
101	109	1
38	50	1
33	35	1
128	133	1
134	135	2
29	76	2
13	14	2
62	73	1
1	1	2
105	137	1
133	136	2
51	53	2
21	91	2
81	87	1
100	100	1
49	62	2
72	75	1
66	67	1
73	74	1
70	73	1
86	86	2
6	13	1
55	78	1
90	92	1
101	101	2
52	53	1
6	132	1
55	58	1
26	27	1
34	35	2
60	63	1
53	54	1
70	71	1
87	97	1
92	92	1
81	82	2
123	131	2
0	1	1
78	82	1
62	65	1
142	145	1
123	133	1
50	51	1
8	9	2
79	79	1
123	124	1
21	22	2
127	131	1
16	20	1
108	108	2
64	65	1
126	128	1
80	80	1
135	135	2
33	33	1
56	57	1
58	59	1
47	82	1
102	107	1
15	20	1
95	99	1
112	117	1
125	126	1
104	110	1
102	106	1
122	136	1
30	39	1
53	62	1
54	56	1
102	104	1
78	87	1
34	36	1
19	26	1
115	119	1
35	36	1
87	114	1
49	49	1
