1	1	6
9	15	4
80	131	1
114	114	3
18	18	1
85	85	5
106	107	2
42	43	4
23	23	2
43	43	9
101	104	1
110	111	8
47	47	3
82	83	2
87	87	4
91	92	2
24	24	3
130	130	3
100	101	2
72	73	1
10	14	2
95	96	3
10	11	4
62	64	1
36	36	1
4	13	1
64	64	3
52	52	5
63	72	1
97	98	4
133	133	4
126	126	2
21	22	2
61	62	3
71	71	10
105	105	4
64	66	1
88	88	5
12	93	2
90	90	4
96	97	3
8	9	3
48	48	3
130	133	2
99	99	4
114	115	6
28	28	4
77	79	2
131	131	3
121	121	6
86	86	2
132	132	7
93	94	4
111	120	1
22	32	2
94	126	1
50	67	2
79	79	6
128	128	1
116	116	2
129	129	3
4	4	4
43	56	2
110	110	3
93	93	2
82	86	2
102	103	2
24	25	2
44	45	1
117	117	2
130	131	2
76	79	1
57	57	1
74	74	4
133	134	2
84	84	1
11	15	1
70	76	2
113	115	2
50	72	1
71	77	1
78	78	2
76	77	2
106	116	3
0	3	2
112	113	2
80	80	4
44	50	6
119	119	4
34	65	1
92	92	7
123	123	2
93	126	1
19	24	2
73	73	4
69	69	2
45	95	1
61	61	2
88	127	1
3	4	1
98	98	4
104	105	2
83	86	1
121	122	2
94	95	3
15	19	1
15	16	1
7	12	1
117	119	2
2	29	3
72	72	2
106	106	4
15	15	2
77	77	4
54	56	1
60	61	3
115	116	1
81	84	1
66	68	3
65	65	1
27	34	1
113	124	1
63	65	2
70	80	1
13	13	2
109	109	2
124	124	4
101	101	2
18	21	1
106	108	5
108	109	1
73	92	1
132	133	2
128	132	3
26	36	2
14	14	1
96	96	1
37	39	1
46	84	1
34	35	1
53	53	2
104	126	1
53	54	1
0	0	2
38	38	3
91	91	2
101	102	1
50	50	5
126	127	3
86	88	1
120	120	2
118	118	4
8	8	1
113	113	5
89	90	1
69	77	2
31	31	1
84	85	1
1	65	3
99	111	1
84	110	1
88	89	1
10	24	1
30	30	3
135	135	1
2	2	2
114	124	1
102	126	1
112	112	1
37	43	1
76	76	2
49	58	1
13	27	2
65	70	1
104	104	3
63	69	1
46	129	2
94	94	3
124	125	1
6	7	2
38	47	1
102	104	1
64	88	3
92	94	1
96	127	2
60	60	1
94	129	1
97	97	2
8	10	1
99	101	1
65	72	1
58	58	3
127	130	1
89	89	4
45	101	1
85	114	1
21	68	4
129	131	3
120	121	2
90	91	1
54	55	2
68	68	5
77	78	2
9	9	2
19	19	1
42	42	1
21	27	1
87	88	1
37	37	2
107	108	1
73	74	3
83	84	2
107	113	1
83	83	2
105	117	2
75	93	1
88	116	1
81	81	1
74	112	1
81	112	1
119	121	1
1	12	1
133	135	1
30	32	1
125	126	1
66	66	1
85	86	1
89	134	2
52	53	1
68	81	1
67	79	1
103	103	3
104	115	1
129	133	1
25	34	1
67	67	2
31	32	1
48	49	2
49	49	1
118	120	1
62	65	1
11	37	1
109	110	3
95	95	3
125	125	1
57	71	1
134	134	1
123	124	1
59	59	1
55	55	2
42	45	2
68	80	1
54	58	1
19	22	1
7	7	1
106	110	1
78	79	1
85	112	1
5	5	3
116	125	2
11	11	2
70	93	1
71	72	1
127	127	2
86	87	2
35	35	2
21	21	2
119	120	1
58	71	1
117	118	1
68	69	2
44	87	1
3	3	1
105	126	1
33	43	1
29	29	2
101	116	1
57	69	1
33	33	1
48	54	1
49	50	1
131	132	1
17	19	1
110	112	1
111	111	2
24	37	1
126	129	1
22	35	1
20	21	1
47	51	1
83	87	1
55	56	1
59	65	1
110	113	1
115	117	2
6	114	1
98	99	1
115	115	1
92	93	1
82	85	1
7	8	1
26	26	2
109	111	1
56	58	1
29	30	1
123	126	1
122	122	1
56	60	1
