64	64	7
83	106	2
14	15	3
100	101	3
103	103	3
63	74	3
38	41	4
86	86	6
32	47	2
65	65	6
11	48	1
8	8	2
114	115	4
15	16	1
78	78	3
24	26	2
73	73	6
104	104	2
60	60	7
11	31	3
25	25	5
42	42	6
35	35	6
48	87	1
85	90	1
107	107	3
69	69	1
26	92	1
18	18	2
8	40	3
90	91	4
14	42	1
80	80	6
66	67	1
8	44	1
94	99	2
31	31	2
105	106	5
33	63	1
63	63	2
27	81	1
109	110	1
51	55	3
95	96	4
45	46	1
21	22	2
111	123	3
22	23	3
28	80	1
43	44	3
23	25	6
58	58	4
33	33	6
108	108	3
106	106	5
49	49	3
63	77	1
27	82	1
40	84	1
26	26	9
19	19	2
127	127	2
102	108	1
109	109	2
69	70	2
96	109	1
17	20	3
23	23	3
76	76	4
91	96	2
93	93	4
27	27	6
105	122	1
20	20	1
96	99	1
82	82	4
82	94	2
8	100	1
45	45	3
97	97	6
29	29	6
123	123	1
90	90	1
23	113	1
87	88	1
32	64	1
45	69	1
23	95	1
119	125	2
67	67	1
58	59	1
39	39	5
18	23	1
14	14	1
37	38	1
116	130	1
42	43	1
26	60	3
122	122	2
21	82	2
100	109	5
8	10	1
40	40	3
93	125	1
48	84	2
94	94	4
30	31	3
36	36	2
99	100	4
72	72	3
26	27	1
29	81	1
6	7	3
4	4	3
20	26	3
32	32	7
84	84	3
4	23	1
22	24	1
38	49	1
12	12	4
27	92	2
102	102	4
11	61	1
21	21	3
89	104	1
101	101	2
34	35	2
13	43	1
67	68	2
96	96	1
98	99	4
86	117	1
65	67	1
100	100	3
85	85	2
84	127	1
31	133	1
57	57	2
118	118	2
93	101	1
37	43	1
6	6	3
2	102	2
39	44	1
48	49	1
19	20	1
12	70	1
99	99	5
3	90	1
70	70	2
94	98	1
72	79	1
74	76	1
7	7	3
20	42	2
25	27	2
86	103	1
48	90	2
88	93	1
7	101	2
31	32	2
11	93	1
32	33	3
16	21	2
11	11	5
9	9	8
18	19	1
114	114	1
86	87	1
84	85	1
4	58	1
9	46	1
39	81	2
48	93	2
17	35	1
56	56	3
25	70	1
105	105	1
7	16	2
61	61	1
16	17	1
75	100	1
45	74	1
10	96	1
25	26	4
106	112	1
29	30	1
132	133	1
5	5	3
19	46	1
92	92	5
133	134	1
96	97	3
56	57	2
80	114	5
97	98	1
103	106	2
47	47	2
3	49	2
74	75	1
35	37	1
102	121	1
130	130	3
45	47	1
98	98	1
126	128	1
43	73	1
22	43	1
27	74	2
6	8	1
96	101	1
124	124	1
124	125	1
27	93	1
41	42	1
98	108	1
19	93	1
47	62	1
14	35	1
38	90	1
79	80	3
79	79	1
113	114	1
34	83	3
108	125	2
29	34	1
29	45	1
36	37	1
106	107	2
56	76	1
41	43	2
59	59	5
111	111	2
102	116	1
4	5	1
113	113	2
30	59	1
33	35	1
80	82	1
12	47	1
28	28	2
91	93	1
97	111	1
127	131	1
20	27	1
95	95	2
13	40	1
68	69	2
77	77	5
27	36	1
112	112	2
37	40	1
38	38	1
0	108	1
96	100	1
32	57	1
17	18	2
30	30	3
120	120	2
20	45	2
110	110	1
57	63	3
51	51	1
12	46	1
66	66	1
86	121	2
93	94	1
20	21	1
43	43	1
75	118	1
48	48	1
67	72	1
46	46	4
8	103	2
47	66	1
15	30	1
110	114	1
93	95	1
30	44	1
89	92	1
133	133	1
40	57	1
92	93	1
16	20	1
89	90	1
16	16	1
99	101	1
31	36	1
88	90	1
13	13	1
37	39	1
65	86	1
30	81	1
15	15	1
119	124	1
128	128	1
10	11	1
68	77	1
43	96	1
83	92	1
88	132	3
31	41	1
46	85	2
112	116	1
51	54	1
94	97	1
121	122	1
86	93	1
46	47	1
35	36	1
100	125	1
41	48	1
56	91	1
102	122	1
78	79	1
119	119	1
87	92	1
45	70	1
9	10	1
5	49	1
68	68	3
98	107	1
14	36	1
41	107	1
94	109	1
49	59	1
129	129	1
77	103	1
30	38	1
64	67	1
78	84	1
101	126	1
62	62	1
85	93	1
9	34	1
