53	53	16
55	56	9
56	57	5
27	27	18
26	33	4
4	4	15
11	70	2
74	74	22
73	73	24
1	1	29
11	11	19
60	60	16
16	17	14
18	39	3
46	46	13
17	17	22
79	80	9
34	34	10
80	81	5
2	2	23
14	14	29
70	70	12
38	38	26
49	52	5
50	51	10
56	56	29
42	42	19
38	39	13
29	29	24
10	11	9
7	7	26
0	6	1
79	79	13
16	16	15
35	35	29
48	48	26
49	49	13
26	27	4
74	75	10
55	71	1
47	47	17
55	55	20
1	2	7
25	32	5
19	20	2
43	43	5
78	78	29
11	13	1
73	74	4
58	58	17
63	63	30
74	79	2
4	7	1
78	79	4
80	80	28
71	71	16
47	79	1
54	55	5
57	57	13
33	65	1
47	48	3
63	64	8
5	5	21
7	8	6
49	71	5
10	34	1
72	73	4
10	33	1
40	40	20
35	40	6
60	61	9
9	9	17
54	54	15
33	34	6
64	64	19
63	72	1
9	26	2
70	71	14
75	76	3
49	50	9
3	3	18
30	30	12
38	43	1
52	52	10
34	76	1
29	56	6
26	26	23
69	69	12
2	73	2
13	30	3
6	6	18
72	72	15
18	47	1
62	62	9
1	13	2
66	68	2
66	67	4
75	75	20
45	79	3
5	6	12
67	70	2
8	9	9
11	71	1
29	30	4
45	47	5
18	74	3
26	35	3
44	48	1
76	76	20
11	15	1
0	5	1
37	37	28
62	63	4
0	0	11
10	72	1
11	14	4
32	32	21
45	80	1
11	25	1
12	12	16
65	65	15
10	10	17
39	39	15
51	51	11
42	45	2
58	59	4
43	45	2
27	28	5
13	32	1
33	58	2
0	7	1
29	35	1
20	21	6
25	25	6
50	52	4
36	36	15
41	41	26
18	38	1
31	31	19
68	68	10
66	66	16
73	76	6
19	19	20
11	12	6
35	36	4
28	29	1
2	27	2
8	49	1
67	68	5
25	66	4
35	56	2
28	28	7
67	69	3
47	56	2
6	19	1
18	48	1
13	13	17
49	68	2
8	17	3
32	70	1
61	61	11
36	78	3
3	4	7
1	73	2
51	68	2
48	49	6
31	50	1
40	42	2
19	21	4
9	72	2
10	12	3
67	67	16
37	39	4
45	45	11
7	46	3
19	71	3
77	77	14
32	33	6
13	14	11
6	68	2
33	67	1
8	8	14
77	78	7
41	76	1
1	75	2
0	57	2
16	20	1
20	49	3
50	68	6
1	45	2
15	15	6
18	18	5
12	65	1
66	75	2
8	25	2
68	69	7
65	72	1
40	41	6
12	71	1
25	26	4
53	67	2
19	48	1
41	42	9
32	71	1
17	18	5
10	31	1
58	77	1
6	16	2
35	37	2
73	80	2
46	47	5
48	57	1
35	41	1
61	75	3
17	38	1
38	73	1
2	72	1
49	51	4
52	72	1
30	70	4
51	52	5
15	16	2
54	68	2
18	20	1
50	71	4
39	40	7
26	29	1
47	53	2
30	33	1
53	54	4
27	65	1
41	61	1
66	72	1
2	55	1
18	73	1
3	5	3
0	1	4
10	52	2
33	36	3
59	72	1
13	25	2
62	76	1
25	67	1
28	64	2
15	38	2
59	60	1
20	20	5
43	79	3
64	70	1
13	22	1
8	73	1
28	35	1
16	33	2
69	70	4
25	56	2
71	72	3
57	58	2
60	75	1
57	60	3
45	46	2
63	68	1
31	63	1
46	77	3
58	60	3
2	41	2
21	70	1
1	77	2
35	73	1
18	79	2
61	62	4
12	25	1
14	15	5
12	14	1
64	66	2
44	44	2
16	36	1
33	35	2
59	63	1
68	70	3
50	50	8
41	75	3
25	30	1
33	33	8
21	21	8
14	71	1
36	37	5
5	10	3
40	45	1
75	78	1
37	38	2
33	39	2
49	62	1
4	36	1
36	41	1
6	61	2
6	7	5
33	71	1
59	59	6
43	64	1
21	22	3
14	38	1
48	78	1
26	28	1
76	78	2
52	66	3
1	3	1
16	19	2
45	48	1
2	69	1
53	68	2
18	80	2
36	47	1
22	22	3
10	13	1
7	30	2
28	30	2
34	41	2
30	67	1
33	76	1
59	61	1
31	72	1
31	68	1
7	10	1
37	78	2
53	59	2
20	33	1
2	56	1
35	76	2
48	62	2
30	41	2
63	75	3
49	53	1
76	77	3
30	32	2
31	32	5
29	37	1
2	19	2
32	50	1
68	75	2
49	67	1
47	77	2
12	13	6
75	79	1
35	78	1
26	55	1
42	73	1
31	67	1
60	62	2
33	68	1
1	36	3
49	72	2
37	41	1
49	70	2
5	7	3
12	55	1
41	79	1
69	71	1
10	14	2
53	65	2
30	31	4
51	70	2
42	43	6
38	48	1
46	78	1
10	70	1
36	45	1
17	29	4
55	66	1
64	65	1
30	69	1
4	79	2
35	75	1
56	76	1
69	76	1
4	5	1
27	61	1
20	27	1
57	61	2
74	77	1
17	28	1
70	72	1
31	33	2
63	65	1
15	29	1
65	66	1
52	71	1
30	49	1
32	34	1
64	80	2
35	57	1
49	56	3
2	42	1
58	62	1
39	42	1
33	53	1
5	8	1
45	57	4
26	30	1
76	81	1
15	72	1
48	71	1
32	72	1
62	64	1
32	63	1
0	33	1
62	65	1
11	54	1
2	61	1
0	3	2
74	78	1
34	74	1
12	15	3
59	74	1
31	69	2
51	73	1
46	76	1
26	67	1
54	65	1
54	56	3
10	71	1
29	34	1
31	39	1
67	73	1
4	65	1
2	4	1
39	76	2
3	31	1
2	21	1
49	69	2
31	51	1
37	45	1
52	68	1
0	58	1
50	69	2
2	7	1
15	67	1
40	43	1
60	66	1
56	61	1
34	73	1
47	55	1
0	74	1
47	75	1
1	6	1
56	74	1
10	32	1
72	75	2
10	25	1
61	63	1
14	72	2
32	66	1
42	74	1
11	30	1
8	28	1
5	18	1
35	38	1
9	10	3
26	32	1
21	80	1
4	41	1
13	15	1
11	29	1
9	16	1
60	65	1
41	74	1
16	29	1
10	30	1
58	75	1
64	71	1
14	20	1
35	74	1
55	61	1
51	53	1
63	69	1
26	56	1
16	67	1
5	30	1
35	39	1
9	48	2
18	28	1
27	36	1
17	36	1
58	78	1
62	70	1
6	51	1
2	5	1
21	31	1
39	68	1
8	10	1
51	69	1
21	53	1
34	78	1
1	71	1
0	9	1
32	68	1
7	18	1
0	40	1
28	73	1
48	77	1
66	71	1
0	4	1
58	80	1
46	79	1
40	75	1
12	16	1
40	66	1
51	67	1
60	64	1
3	8	1
1	4	1
