107	107	6
58	59	2
38	38	5
60	83	4
99	100	3
35	35	2
80	80	4
28	30	4
81	95	2
85	85	6
74	74	11
34	35	3
49	50	2
81	81	8
58	58	1
103	106	3
49	51	2
59	59	7
88	91	2
95	98	1
92	94	1
34	34	2
113	113	2
39	42	3
44	45	2
36	46	1
77	78	2
22	22	4
93	95	2
63	63	3
89	93	1
77	77	3
110	110	4
101	102	2
65	65	6
82	83	1
71	106	1
73	73	1
40	40	5
86	93	2
58	61	2
106	106	1
105	105	3
32	32	2
90	90	4
95	97	2
43	44	2
107	108	1
90	94	1
78	78	4
64	64	7
28	28	3
65	68	1
20	46	1
95	95	1
86	89	2
37	38	1
28	29	2
68	68	2
92	92	1
67	69	1
91	93	1
53	53	2
40	41	2
63	66	1
61	61	12
102	102	3
47	48	2
60	60	1
50	51	3
85	96	1
56	56	1
69	73	1
88	90	2
104	104	3
109	110	2
98	98	3
100	100	2
20	42	1
90	91	3
20	20	1
62	78	1
60	61	3
72	73	4
81	83	1
94	98	1
29	29	2
48	96	1
63	64	3
96	101	1
97	97	3
68	69	2
49	49	6
56	57	1
71	75	1
76	77	1
98	101	1
72	72	3
32	34	3
76	79	2
40	83	1
93	94	3
22	37	1
71	71	5
97	98	3
71	73	1
31	31	4
99	99	3
75	76	2
84	84	1
74	75	2
20	22	1
57	58	1
52	53	1
104	105	1
36	39	2
66	66	2
76	76	3
69	69	5
22	24	1
44	52	2
81	87	1
38	39	1
26	27	2
19	21	1
25	25	2
47	87	1
70	71	2
45	45	3
95	96	1
81	82	2
73	74	4
39	40	2
54	58	1
87	98	1
82	82	4
35	37	1
43	43	3
46	46	2
68	71	1
99	102	1
98	99	1
89	89	2
87	88	3
50	53	3
78	79	3
30	32	2
80	81	2
85	88	1
112	112	2
113	114	3
75	75	2
86	90	2
48	48	1
69	70	1
94	94	2
41	93	1
24	24	1
54	54	2
83	83	4
82	85	1
98	109	1
102	104	1
109	109	1
61	62	2
69	80	1
55	56	1
45	92	1
105	107	1
74	81	1
59	61	2
47	47	1
74	108	1
79	79	1
21	36	1
36	36	2
94	109	1
42	42	1
101	103	1
23	26	1
31	79	1
91	91	1
70	91	1
69	91	1
91	95	1
108	108	1
51	52	2
23	66	1
37	37	1
98	100	1
103	103	1
26	26	2
83	84	1
99	101	1
87	92	1
52	60	1
104	107	1
59	69	1
89	98	1
85	86	1
21	21	1
23	23	1
95	108	1
20	81	1
67	68	1
19	20	1
