28	61	1
35	36	2
49	60	1
77	79	2
40	41	1
61	61	4
50	54	2
67	68	5
10	12	3
56	56	6
65	65	5
62	66	4
59	59	12
64	64	5
6	14	3
65	71	1
47	47	9
60	60	2
68	69	3
58	59	4
25	53	3
11	11	2
33	54	1
49	52	3
19	19	7
30	39	1
10	11	4
7	8	2
12	12	7
48	53	1
73	73	3
63	64	2
63	63	3
15	15	2
57	61	1
69	69	8
20	20	2
50	51	4
13	16	1
49	51	1
37	37	1
33	34	1
56	57	4
48	74	1
42	42	4
46	46	9
56	66	1
51	51	3
12	33	1
66	66	2
2	53	1
19	26	1
13	13	2
77	77	3
67	69	1
38	38	4
78	78	1
63	72	1
48	48	1
76	76	4
57	63	2
29	30	2
0	16	1
48	49	1
80	81	1
33	33	5
1	1	1
21	22	1
68	68	2
49	53	2
3	3	1
16	35	2
28	40	2
56	74	1
60	63	1
72	72	1
54	63	1
31	31	2
58	65	2
29	29	4
16	19	1
32	63	1
2	2	2
55	55	4
5	5	2
25	58	1
25	51	2
72	73	1
59	60	2
74	74	2
38	56	1
57	57	4
18	18	2
28	28	2
45	45	8
27	27	1
6	9	1
12	13	3
64	70	1
40	53	1
40	40	1
17	18	1
80	80	1
53	53	2
17	17	2
39	39	1
50	53	2
6	21	1
9	9	1
71	72	1
70	71	1
34	49	2
54	55	2
52	68	1
0	0	1
52	69	4
56	69	3
35	35	1
6	7	2
49	66	1
56	71	2
3	4	1
31	50	1
28	74	1
47	58	1
27	74	2
8	15	1
50	52	1
8	8	4
26	26	2
34	78	1
16	16	2
41	41	1
32	72	1
50	50	1
66	67	3
25	49	1
45	46	1
30	33	1
73	78	1
27	29	1
64	65	1
62	78	1
13	14	1
7	7	1
48	68	1
11	12	1
49	63	2
75	75	2
7	19	1
55	66	1
63	70	2
51	52	2
13	15	2
2	18	1
38	43	2
40	72	1
49	80	1
34	34	1
41	42	1
32	32	1
43	43	1
46	49	1
1	27	1
55	78	1
46	56	1
14	15	1
14	53	1
1	71	1
5	6	1
