16	16	3
3	12	3
15	20	2
46	47	3
32	32	2
41	42	2
75	75	4
31	31	5
48	48	1
8	8	2
34	35	1
65	70	2
49	49	2
68	68	5
35	35	6
58	59	1
70	71	1
56	56	1
65	65	1
26	26	6
45	47	1
46	46	3
67	67	2
10	10	3
74	74	8
49	53	2
73	73	2
30	31	1
76	76	3
40	52	1
12	12	2
20	20	3
71	73	1
32	33	1
52	68	3
70	70	1
33	33	1
39	39	6
69	69	7
44	45	2
60	60	1
54	54	4
50	51	4
55	55	3
31	32	2
20	21	1
68	69	3
14	14	4
51	52	7
57	57	2
57	60	2
27	67	1
50	50	2
6	6	3
9	9	2
26	36	1
66	66	3
67	68	2
40	40	5
25	37	1
12	13	2
10	13	1
5	6	1
7	7	3
48	56	2
37	38	4
38	38	1
73	74	3
62	62	1
59	59	2
1	1	1
53	53	1
27	27	2
4	17	1
16	17	1
79	79	2
37	37	1
13	13	2
26	29	1
9	15	1
36	36	1
32	40	2
29	29	2
64	64	4
41	61	2
59	60	1
47	47	3
53	54	2
58	58	2
63	64	2
2	2	2
47	77	1
71	72	1
4	63	1
6	9	1
51	51	1
54	55	1
49	50	2
17	17	2
45	45	2
30	30	1
14	17	1
26	37	2
8	12	2
58	80	1
1	13	1
66	67	1
41	41	2
52	52	2
63	63	2
66	79	1
25	25	1
15	15	1
28	28	1
40	53	1
6	12	1
60	61	1
11	12	1
40	41	2
43	43	1
39	41	1
32	49	1
11	14	1
42	42	1
72	72	1
