25	25	3
73	73	3
66	66	5
1	2	2
27	27	3
67	67	3
58	61	2
74	74	4
75	75	8
54	54	5
71	74	1
15	15	5
8	8	4
76	76	5
12	14	2
73	80	1
3	5	1
37	37	4
69	69	5
30	30	6
64	64	5
12	12	4
21	21	1
79	80	3
53	55	1
14	14	7
42	74	2
7	78	2
1	9	1
67	70	3
46	46	5
71	72	3
38	38	5
32	33	3
7	71	1
41	42	3
42	42	2
56	75	3
49	64	1
30	35	1
51	51	2
47	47	6
77	78	1
7	7	4
2	40	1
39	41	1
27	28	1
68	70	2
71	75	1
75	76	2
29	29	3
78	79	3
70	72	2
42	45	1
9	13	3
3	15	1
63	63	6
56	76	2
60	60	1
78	81	1
34	34	4
4	4	5
49	51	2
66	67	2
54	55	1
48	48	3
35	35	2
25	28	2
32	70	2
46	74	1
39	39	3
50	53	1
8	52	2
26	27	1
38	39	1
14	77	2
78	78	3
49	50	3
9	16	1
33	69	3
43	55	1
58	65	1
17	18	1
3	3	1
45	45	2
50	52	2
35	40	1
8	75	1
52	63	2
2	2	3
51	52	2
29	30	3
31	31	1
56	67	2
30	66	1
77	77	4
5	36	1
15	76	1
36	36	2
11	20	1
13	13	3
70	70	3
1	1	5
64	65	1
26	26	5
67	69	1
52	52	3
41	41	1
27	53	1
32	32	1
42	43	1
28	69	1
79	79	1
47	64	1
72	72	6
19	19	2
76	78	1
16	16	2
27	54	2
54	59	2
25	62	1
69	71	1
35	36	1
73	78	1
65	74	1
8	63	1
39	47	1
31	38	1
62	62	4
19	33	1
31	33	2
3	37	2
57	57	1
6	11	1
49	57	1
69	70	1
68	69	2
56	57	1
18	18	4
17	17	3
53	54	1
2	6	1
70	71	1
11	21	2
6	6	1
4	6	3
25	49	2
6	8	1
0	71	1
43	46	2
71	71	1
58	59	3
5	26	1
38	41	2
80	80	2
31	80	1
5	11	1
9	10	2
46	48	1
27	29	1
59	62	1
44	44	2
61	61	2
54	56	1
50	68	1
9	80	1
39	40	1
49	49	2
14	21	1
6	26	1
47	50	1
5	35	1
2	3	1
63	69	1
44	48	1
10	54	1
34	35	2
28	28	2
50	63	1
26	48	1
65	65	2
3	38	1
36	39	2
63	64	1
52	55	1
3	8	2
50	50	1
20	21	1
11	11	1
66	70	1
25	70	1
0	0	1
30	63	1
39	71	1
59	59	1
49	75	1
5	6	1
17	43	1
28	29	1
7	79	1
