139	143	1
5	5	4
110	113	2
84	90	1
46	46	4
75	75	1
83	83	2
36	36	3
124	126	3
55	56	2
151	151	3
34	34	1
130	130	2
90	90	1
109	109	1
23	99	2
121	121	4
30	75	1
108	109	1
84	87	2
77	77	1
7	8	3
126	126	1
39	39	5
139	139	2
130	141	2
79	80	2
74	74	1
45	63	1
17	23	1
8	11	1
110	114	1
98	98	2
11	11	3
4	4	2
139	144	2
88	101	1
47	47	7
127	128	2
95	97	1
33	34	1
48	49	4
78	78	2
129	130	2
15	15	3
135	135	3
7	9	2
93	93	2
24	29	2
4	40	2
108	108	2
14	14	6
79	79	4
75	76	2
82	82	4
95	95	3
6	86	2
150	150	5
83	84	2
138	139	2
104	104	3
94	94	4
103	105	1
51	103	1
67	68	1
20	23	1
11	13	1
87	89	1
145	145	3
99	99	1
103	103	3
21	21	2
56	56	7
96	98	1
23	23	3
74	75	2
24	24	2
102	103	4
22	22	1
41	41	3
107	114	1
64	64	2
6	12	1
49	49	2
7	11	3
20	21	3
99	115	2
103	110	1
107	107	1
50	51	2
88	88	3
149	149	1
147	148	1
141	142	2
13	13	4
24	25	1
118	135	1
148	148	2
101	101	1
58	61	1
21	24	2
56	116	1
71	71	1
41	42	3
149	150	2
81	143	1
82	83	1
43	43	4
107	108	3
87	87	1
12	13	2
36	37	3
97	99	2
116	117	1
116	116	2
49	51	1
76	76	4
8	12	1
85	86	1
70	71	1
17	20	2
73	73	1
111	111	5
65	85	1
40	40	1
31	31	1
145	146	1
31	34	2
76	143	1
128	136	2
138	138	7
25	26	2
54	54	3
117	129	1
15	16	2
29	29	4
105	105	2
129	129	1
75	138	1
37	37	1
88	92	1
111	112	2
93	97	1
119	119	1
32	32	2
136	146	1
137	138	1
8	8	3
54	55	2
83	85	1
48	48	1
132	133	2
105	106	1
55	55	5
22	68	1
26	85	1
152	152	2
69	115	1
48	50	2
114	115	1
16	29	1
85	85	2
130	147	2
50	65	1
25	27	1
78	79	1
108	111	3
11	14	1
3	116	1
48	52	1
79	138	1
5	73	1
65	71	1
127	127	3
65	78	1
147	150	1
130	137	1
103	104	3
6	151	2
115	116	1
10	11	1
15	35	1
150	151	2
35	36	2
13	124	1
96	96	2
91	91	1
48	71	1
37	39	1
128	128	3
30	31	2
143	143	2
87	113	1
49	50	1
69	69	2
30	30	4
20	20	4
58	58	2
6	11	1
66	88	1
71	79	1
56	62	1
45	46	4
53	53	2
128	135	1
7	7	1
69	70	2
43	44	2
47	67	1
25	36	1
109	110	1
127	150	1
50	63	1
86	93	1
108	113	1
6	10	1
120	120	3
2	2	1
97	97	1
7	13	1
2	3	2
33	35	1
138	146	1
132	144	2
29	33	1
15	152	1
73	74	1
147	147	1
140	140	1
80	81	1
57	57	2
25	25	3
102	148	1
130	133	1
17	17	1
45	45	1
94	95	1
62	63	1
65	68	1
154	154	2
25	81	2
95	109	1
97	147	1
47	49	2
57	129	1
68	73	1
119	134	1
153	153	1
7	103	1
58	140	2
22	29	1
116	118	1
23	78	1
42	43	1
72	96	1
84	85	2
76	137	1
43	46	2
93	111	1
10	54	1
112	113	1
48	53	1
81	81	1
41	43	1
124	124	1
100	103	1
145	147	1
81	95	1
119	120	1
87	114	1
62	62	1
51	102	1
139	142	1
9	11	1
57	58	2
10	20	1
82	85	1
78	82	1
136	137	1
12	137	1
18	19	2
53	56	1
125	140	1
93	95	1
108	114	1
98	142	1
42	62	1
42	42	1
10	10	1
84	111	1
110	112	1
28	29	1
8	16	1
121	122	2
20	28	1
16	16	1
102	144	2
32	50	1
121	127	1
30	32	1
5	66	1
132	142	1
73	77	1
103	112	1
27	33	1
89	90	1
125	125	1
27	27	1
52	57	1
7	151	1
65	65	1
87	91	1
53	54	2
24	26	1
77	141	1
102	102	1
51	51	2
68	69	1
122	123	1
86	87	1
84	86	1
44	45	1
122	141	1
71	72	1
3	3	1
86	86	2
17	66	1
22	23	1
8	9	1
16	17	1
129	138	1
32	34	1
88	98	1
14	15	1
134	134	1
39	54	1
64	95	2
26	26	1
5	6	1
6	8	1
93	94	1
8	18	1
79	143	1
87	94	1
61	75	1
