31	31	8
49	49	5
37	37	6
17	17	6
27	27	12
47	47	11
5	36	2
14	32	3
70	70	6
4	27	1
18	18	4
60	60	2
45	56	4
67	68	6
50	50	6
3	3	6
40	40	10
52	52	11
39	39	7
42	42	13
22	22	3
68	70	1
51	52	8
67	67	18
61	61	2
9	9	13
42	76	2
30	30	3
11	12	2
78	78	10
5	5	8
50	52	6
2	2	4
49	60	4
5	32	2
41	42	3
1	4	3
1	1	13
8	8	11
63	63	5
48	57	3
32	32	2
74	74	7
55	55	7
5	6	3
9	10	11
35	35	15
58	58	5
13	13	5
71	71	12
80	80	6
11	14	10
59	59	13
46	46	5
25	25	1
65	66	1
25	52	1
25	26	3
5	9	3
17	72	1
34	36	1
49	50	4
61	78	4
73	73	3
6	6	5
68	68	14
26	27	1
68	78	3
43	43	6
38	39	5
48	48	6
62	62	5
14	14	3
57	57	6
29	29	3
6	32	1
69	70	1
42	43	3
12	12	2
12	13	3
6	7	1
76	76	7
26	26	5
11	32	1
38	38	4
77	77	4
66	68	2
69	69	9
54	54	8
36	36	2
45	45	3
64	64	4
20	20	4
15	26	5
56	56	4
31	32	3
73	74	1
9	15	4
7	7	10
39	40	4
77	78	1
79	79	7
51	51	4
19	19	2
41	41	4
63	64	2
9	32	1
0	0	6
28	28	4
21	21	2
29	30	1
10	12	3
16	16	2
63	65	1
27	35	2
11	11	2
0	1	1
21	68	1
61	62	1
49	52	1
51	53	1
30	32	1
75	75	5
56	67	2
0	30	1
59	65	1
53	53	3
58	60	2
37	38	2
56	61	1
53	54	4
44	44	3
27	28	3
45	66	2
33	39	1
30	31	2
10	13	1
16	17	2
56	57	1
38	40	3
12	14	1
35	36	1
33	34	2
13	14	1
28	29	1
7	8	1
57	66	1
10	11	1
4	4	1
