22	22	6
4	4	3
53	65	1
53	53	3
34	40	1
41	42	5
23	25	1
2	2	3
69	70	2
13	13	5
52	52	2
43	44	2
64	64	2
69	69	1
18	19	3
10	10	8
12	13	3
44	44	3
77	77	4
42	42	4
29	29	2
66	66	5
9	10	3
45	45	8
25	45	1
55	61	2
32	33	1
10	11	4
32	32	6
49	49	2
32	34	1
2	5	1
11	12	3
5	5	3
12	12	6
1	6	1
21	21	8
24	29	1
65	65	5
34	42	2
48	51	1
61	61	4
38	38	1
46	51	1
9	9	2
44	47	1
6	6	7
39	60	1
48	49	4
25	25	2
36	36	1
23	35	1
46	47	5
66	71	2
30	40	1
40	40	1
19	21	1
19	19	6
7	7	1
50	51	2
40	41	3
68	68	3
54	54	3
5	19	1
23	23	3
51	53	1
40	43	1
55	55	3
22	23	1
20	20	9
72	72	3
31	31	5
48	48	5
51	51	1
8	8	7
19	45	2
34	52	1
27	27	3
3	3	6
6	7	1
6	60	1
58	58	2
47	74	1
1	1	1
1	4	4
29	30	2
43	43	6
44	45	1
70	72	2
4	6	1
76	77	1
64	65	1
26	26	1
47	47	2
2	6	1
34	35	2
57	60	1
1	2	1
54	58	1
46	46	2
58	59	4
51	71	1
35	77	1
73	73	2
50	50	1
31	35	2
75	75	1
52	54	2
74	74	2
41	41	1
18	18	3
70	71	5
67	67	2
14	14	1
35	35	1
72	74	1
19	20	3
8	9	1
23	24	3
57	58	1
38	60	1
65	71	1
73	74	1
45	46	3
39	39	3
54	64	1
57	59	1
33	33	3
71	71	2
53	60	1
56	56	2
50	63	1
10	20	1
51	69	1
9	19	1
70	73	1
38	39	2
42	44	1
5	7	2
47	48	1
2	31	1
60	60	1
66	67	2
35	75	1
28	28	2
9	11	1
9	12	1
21	22	1
3	33	1
72	78	1
59	59	5
24	35	2
22	28	1
52	53	1
68	69	1
44	68	1
70	70	1
63	63	1
0	0	3
34	34	2
13	76	1
72	73	1
37	38	1
28	29	1
12	28	1
18	20	1
28	35	1
53	54	1
36	37	1
49	50	2
25	31	1
65	69	1
55	56	1
60	61	1
24	25	1
25	26	1
23	29	1
76	76	1
44	46	1
57	57	1
30	30	1
62	63	1
66	69	1
11	11	1
