66	66	1
9	21	1
117	117	2
6	6	5
21	21	5
155	155	1
68	70	4
81	88	1
19	19	7
80	81	2
154	154	3
7	7	3
4	4	3
4	5	2
92	146	1
67	69	3
52	53	1
144	146	1
121	121	4
119	120	2
14	14	3
12	12	3
99	99	3
73	73	4
17	39	1
158	159	1
100	100	3
140	141	3
109	109	11
118	121	2
110	111	2
1	1	5
85	106	2
96	96	5
64	65	2
123	124	2
112	113	5
148	148	4
25	26	1
25	56	1
111	111	2
67	70	2
122	154	1
145	146	2
81	81	4
116	116	3
121	122	5
7	28	1
84	110	1
29	30	2
14	22	2
33	33	6
15	33	1
30	30	6
33	52	1
146	146	4
85	87	2
32	32	4
101	101	3
118	119	3
117	144	2
34	36	1
15	15	6
69	112	1
48	52	1
20	34	1
103	103	6
131	134	1
77	77	8
28	28	8
129	129	4
111	112	1
42	42	5
68	68	3
24	44	1
110	120	1
50	53	1
13	13	4
46	46	4
75	75	3
151	152	2
106	107	4
26	27	4
83	85	1
37	37	4
131	131	4
95	98	1
97	98	4
81	85	1
2	2	8
16	16	4
56	56	1
135	136	4
95	97	2
20	20	1
109	117	2
40	144	2
34	34	7
136	137	2
128	128	9
148	153	2
146	147	3
0	1	2
96	142	1
64	154	1
9	9	7
13	15	5
96	121	1
109	110	2
27	42	1
72	72	2
49	49	1
128	129	1
23	23	5
9	10	1
78	79	8
142	142	4
82	82	4
108	108	2
77	117	3
47	48	3
92	92	4
4	34	1
13	22	4
29	32	2
97	97	3
47	87	1
27	27	6
53	87	1
89	89	3
150	153	2
11	47	1
22	22	6
108	110	5
94	95	1
125	138	3
119	122	2
91	134	2
86	89	1
15	16	1
74	122	1
67	68	2
120	121	2
8	8	2
62	67	1
88	90	1
126	126	4
26	26	4
139	139	5
45	45	4
1	2	3
9	37	1
89	90	1
109	113	1
71	71	1
39	39	2
118	120	4
127	127	3
71	87	2
30	54	1
62	62	2
104	104	8
25	25	3
144	144	3
17	18	2
48	49	2
98	99	1
0	8	1
12	28	2
109	135	2
77	78	3
38	68	1
18	51	1
65	66	1
52	52	1
142	147	1
158	158	2
38	39	3
24	24	3
86	86	6
131	133	3
31	31	3
83	87	1
7	55	1
115	115	2
31	32	1
109	111	3
19	20	3
0	0	8
88	88	3
76	77	2
18	18	3
124	124	3
135	135	3
48	53	2
67	82	2
31	33	1
98	98	2
7	51	1
7	9	2
84	85	2
12	13	1
55	55	3
139	140	1
126	127	1
64	87	1
111	118	1
122	136	1
118	118	4
137	138	1
9	11	1
144	145	2
89	141	1
116	138	1
10	50	1
49	53	1
11	11	2
115	127	2
113	114	2
5	5	2
105	105	5
91	105	1
106	106	2
14	28	1
16	53	2
107	107	2
95	96	2
155	156	2
100	101	1
84	84	1
72	103	2
96	108	1
90	137	1
95	95	3
69	69	1
94	97	2
152	155	3
104	121	2
24	25	2
151	151	4
82	87	2
131	132	2
3	19	1
130	131	2
66	151	1
121	142	1
16	17	2
157	157	2
147	147	3
11	14	1
40	40	2
11	29	1
14	15	1
78	80	1
44	44	3
120	122	1
8	11	1
47	47	3
123	125	2
157	158	1
3	3	3
85	86	2
132	132	4
122	122	1
87	89	1
129	130	1
4	50	1
13	14	2
93	129	1
107	108	1
42	43	2
7	34	1
113	113	3
30	129	1
51	54	2
125	126	2
1	94	1
110	110	3
136	136	3
28	31	3
81	94	1
111	113	1
34	153	1
91	91	4
84	89	1
75	98	1
53	54	1
53	53	2
25	54	2
79	91	1
149	149	2
39	63	1
113	149	1
79	83	1
87	88	3
34	63	1
83	86	1
115	119	2
36	36	2
123	137	1
152	153	1
93	93	1
63	64	2
94	94	1
102	102	2
115	116	1
42	146	1
137	137	1
83	83	1
150	151	2
81	82	1
43	43	2
23	41	1
14	20	1
35	35	3
51	52	3
41	41	2
147	154	1
114	114	4
46	50	1
81	139	1
41	49	1
54	54	1
12	18	1
27	76	1
10	69	1
141	141	2
115	148	1
146	154	1
7	16	2
10	37	1
138	158	1
112	112	1
27	28	1
120	120	3
153	153	4
67	67	3
110	113	2
7	71	1
52	54	1
99	104	1
124	135	1
10	14	1
85	111	1
47	80	1
120	123	2
7	30	1
92	130	1
70	71	2
140	148	1
103	104	1
90	90	1
5	93	2
112	148	3
108	111	1
66	67	2
51	53	1
141	147	1
27	41	1
118	135	1
79	81	1
126	137	1
17	26	1
10	10	2
29	29	1
146	148	1
125	125	3
21	33	1
79	133	1
125	141	2
0	46	1
156	157	1
36	39	1
130	130	4
121	147	1
78	78	2
69	122	2
30	90	1
104	141	1
65	139	1
2	5	1
31	37	1
140	157	1
150	150	2
143	144	1
84	87	1
93	157	1
36	66	1
3	22	1
112	121	1
140	140	1
80	80	1
46	54	1
122	142	1
24	39	1
127	137	1
22	45	2
10	18	1
85	89	1
66	72	1
87	98	1
114	137	1
69	71	1
124	139	1
91	133	1
135	146	1
87	87	3
91	98	1
29	83	2
5	8	1
78	91	1
111	116	1
18	25	1
37	38	1
1	28	1
125	134	1
12	26	1
90	134	1
38	38	1
15	22	1
69	108	1
14	69	1
36	50	1
0	45	1
46	47	2
72	132	1
104	113	1
34	37	1
115	120	1
3	33	1
104	105	1
118	126	1
2	7	1
18	20	1
101	102	2
21	22	1
36	152	1
92	155	1
35	57	1
55	73	1
83	115	1
114	116	1
35	36	2
93	94	1
113	117	1
89	109	1
28	40	1
56	57	1
43	50	1
107	109	1
55	71	1
91	140	1
104	116	1
4	31	1
14	19	1
26	52	1
57	57	1
78	81	1
110	112	1
97	99	1
49	70	1
37	53	1
145	147	1
83	84	1
144	151	1
96	157	1
77	81	1
53	64	1
31	48	1
69	70	1
117	156	1
128	139	1
78	83	1
34	41	1
