4	4	3
51	54	3
50	50	4
50	55	3
1	20	2
51	51	6
45	45	9
43	57	2
39	40	3
53	57	1
37	37	2
12	13	1
8	8	3
21	56	2
20	39	2
36	36	10
12	12	2
21	21	5
30	57	1
48	48	6
42	42	2
47	47	2
52	52	7
5	5	4
56	57	2
56	60	2
6	6	1
49	49	5
7	8	1
44	44	3
39	39	6
18	18	3
16	24	1
31	36	1
14	16	1
38	51	1
44	45	1
48	60	2
32	33	4
60	60	1
33	33	3
41	55	2
9	9	3
54	54	1
7	7	1
33	37	2
40	41	2
58	59	1
39	51	3
48	49	3
0	0	3
1	1	1
33	34	2
43	43	5
9	11	1
34	48	1
46	46	3
50	52	3
38	39	1
54	60	1
37	39	1
0	47	1
35	35	1
35	36	1
14	15	1
34	34	6
40	40	2
31	31	4
62	62	1
32	34	1
16	18	1
57	57	1
54	59	1
61	61	2
17	17	1
15	21	1
19	19	1
61	62	3
38	58	1
30	30	2
8	9	2
21	22	1
52	57	1
38	41	1
32	35	3
17	18	1
30	31	1
40	54	2
56	56	1
3	3	1
0	6	1
25	42	1
40	42	1
6	7	1
32	32	2
9	30	1
34	35	1
44	56	1
16	16	1
14	14	1
51	52	1
26	38	1
10	10	1
49	58	1
2	2	1
58	58	1
