132	132	7
46	66	5
133	134	6
41	41	19
23	23	19
145	146	7
3	4	11
22	23	4
82	82	14
70	70	8
122	122	15
87	124	3
94	94	10
116	116	7
141	141	14
80	80	13
108	113	3
76	77	2
136	136	6
98	98	18
106	107	5
71	71	6
16	36	2
12	13	5
117	117	5
14	34	4
15	15	8
65	65	3
120	120	6
115	115	6
7	7	12
54	54	7
125	144	3
130	132	3
147	147	5
65	138	6
153	154	3
4	12	3
135	135	4
128	128	12
104	152	1
99	99	7
130	130	8
35	35	11
37	38	6
79	79	6
106	106	6
115	138	2
145	147	6
69	69	13
122	140	11
26	102	6
101	101	13
150	150	10
103	104	5
29	42	2
5	7	8
30	47	3
108	108	11
137	139	1
49	52	6
102	102	9
81	82	5
5	5	3
2	6	6
93	93	8
27	27	9
36	36	4
100	100	4
113	113	1
105	105	8
83	83	11
141	153	3
94	111	5
79	84	1
148	148	10
76	76	3
153	153	10
141	145	3
140	140	4
125	126	2
122	123	4
85	85	7
34	35	2
68	70	2
29	29	34
111	111	8
107	107	3
117	118	4
40	41	8
142	142	9
32	32	4
13	13	4
1	2	13
19	19	5
127	127	5
9	52	5
130	131	5
37	37	9
109	109	22
31	31	15
30	46	8
122	155	2
51	51	2
16	16	6
107	111	2
154	154	4
104	104	12
44	44	14
48	48	8
13	34	2
110	110	4
19	34	2
104	110	2
109	110	3
38	38	3
85	107	4
114	115	5
78	78	6
118	119	6
118	118	21
158	158	4
25	25	5
131	131	9
49	49	2
91	91	10
137	152	6
86	86	4
54	71	4
26	26	4
122	139	4
79	80	1
124	124	7
143	143	13
35	37	4
138	138	12
18	18	21
42	47	3
72	72	4
67	69	7
52	53	4
84	84	4
78	79	1
62	65	1
6	7	2
77	82	3
67	68	1
106	108	3
121	121	14
21	22	3
111	112	7
98	101	3
124	127	3
39	39	5
56	71	3
75	75	12
2	2	8
33	150	4
14	14	6
28	28	3
97	97	15
139	139	6
73	73	9
33	33	17
11	22	2
85	89	6
150	152	1
67	67	4
138	151	2
5	8	3
28	138	3
27	29	3
135	137	4
1	1	5
47	47	5
4	13	3
116	127	3
122	142	5
85	86	4
29	43	2
24	25	1
137	138	6
0	0	7
114	114	4
48	52	3
10	11	7
157	157	1
139	148	2
7	8	2
67	71	1
4	4	14
129	130	6
93	95	2
73	123	2
119	119	12
69	71	2
42	42	5
45	45	5
25	28	2
147	148	3
120	133	3
129	129	6
44	45	2
8	8	5
156	156	2
90	90	4
87	89	2
137	137	6
147	157	3
22	22	6
131	139	2
62	69	2
110	112	4
90	91	9
30	32	6
117	119	5
149	149	2
86	154	4
36	37	4
131	133	2
134	150	2
133	133	2
134	134	7
145	145	2
141	157	2
3	3	3
85	108	2
17	17	13
20	42	3
146	146	7
128	138	5
13	20	2
32	33	4
64	64	3
134	138	1
40	40	5
51	77	3
144	144	4
22	72	1
5	32	2
142	144	1
103	157	4
2	16	6
92	92	6
70	71	2
119	132	3
95	95	7
23	24	3
112	112	3
21	70	2
135	136	1
45	46	4
55	55	9
26	27	4
35	36	2
68	68	5
35	125	3
116	134	1
152	152	4
85	154	1
46	46	9
135	150	3
93	104	5
124	147	2
56	56	4
24	24	3
139	140	1
20	158	3
81	81	6
28	137	4
9	10	4
37	47	2
145	149	2
103	103	4
155	155	6
105	106	1
53	78	7
12	12	4
73	74	2
103	105	3
149	150	1
52	52	6
84	96	2
82	83	2
98	105	3
30	30	2
21	21	5
17	36	5
151	151	2
12	129	4
138	147	3
7	50	3
82	90	2
81	94	5
38	40	3
10	10	11
89	153	2
25	77	2
18	19	8
69	70	2
126	126	7
42	43	6
94	97	4
56	62	1
112	127	2
49	54	1
87	87	2
20	137	3
99	100	3
92	116	1
88	89	4
120	134	1
9	50	1
30	123	1
31	32	1
123	126	2
50	50	1
0	1	2
56	69	2
121	122	3
91	120	2
2	3	3
53	53	5
154	158	2
123	123	1
35	124	2
88	88	3
29	135	1
17	34	2
6	6	4
29	36	2
7	130	1
8	9	1
127	128	1
18	20	1
123	124	3
9	9	5
95	97	2
91	108	4
125	143	3
145	148	1
19	20	1
20	68	2
84	85	1
89	152	1
85	88	2
80	81	3
116	118	1
16	106	1
20	20	1
48	51	1
56	68	2
119	120	2
11	12	2
78	89	1
122	134	2
134	140	1
137	151	1
48	56	1
89	90	1
146	147	1
120	121	1
105	110	1
27	159	1
52	69	1
19	134	1
27	103	2
42	56	1
82	94	1
