36	36	8
45	45	4
37	37	3
26	30	2
30	34	2
25	28	1
35	36	1
34	34	4
38	39	3
44	44	4
33	34	3
27	27	6
21	21	6
25	25	6
17	18	1
40	40	1
29	30	2
28	30	3
19	20	1
17	17	3
43	43	1
16	19	1
38	38	4
30	30	3
28	29	4
47	48	1
16	16	3
35	35	5
18	19	2
42	42	6
36	37	2
18	23	1
29	29	2
28	28	4
35	37	1
46	46	4
19	23	1
33	33	2
15	15	1
19	19	3
39	40	2
14	31	1
44	45	1
32	33	1
16	31	1
41	41	8
24	25	2
23	26	2
31	33	1
16	35	1
37	39	1
15	18	1
21	22	1
18	20	1
47	47	4
18	18	3
24	24	2
19	21	1
22	22	1
46	47	1
21	24	1
22	23	1
25	26	2
41	42	1
34	45	1
23	23	1
34	37	2
38	42	1
32	32	1
20	21	1
24	26	2
30	31	1
33	48	1
20	20	1
15	16	1
24	29	1
33	42	1
