4	87	2
56	56	3
65	66	1
59	59	2
11	11	6
58	58	4
7	7	2
22	22	3
89	89	3
12	12	3
76	77	2
31	31	4
0	0	3
82	82	5
22	23	1
82	83	4
84	85	1
85	88	1
65	65	3
49	49	10
30	30	2
17	17	2
64	65	4
88	88	6
64	64	2
8	8	1
5	19	1
52	52	2
25	25	3
86	87	1
87	87	6
61	73	1
7	18	1
76	83	1
54	55	1
50	56	1
71	78	2
1	2	2
51	54	1
24	25	3
49	52	2
63	63	2
32	34	1
2	28	1
8	19	2
78	78	4
81	85	1
14	14	2
57	88	2
80	85	3
13	13	2
70	70	3
50	87	1
72	72	1
77	81	1
1	1	2
2	2	3
20	20	4
46	85	1
75	77	1
76	82	1
53	74	1
10	10	4
80	80	2
9	10	1
7	8	1
72	73	1
48	48	4
55	55	2
3	4	2
54	62	1
4	5	1
73	73	1
60	63	1
8	11	1
81	81	3
20	51	1
29	30	1
62	62	2
70	85	1
27	27	2
55	56	1
60	62	1
15	15	1
3	3	3
66	66	1
78	79	5
0	2	2
52	60	1
68	68	4
54	65	1
79	79	1
6	7	2
53	53	1
77	77	2
49	50	2
53	54	1
29	29	1
83	83	1
86	86	1
4	4	3
87	88	1
51	51	1
23	23	3
57	57	2
30	67	1
50	51	2
28	66	2
75	75	3
66	67	2
2	26	1
49	54	1
5	6	1
15	16	1
26	26	2
81	83	1
59	61	1
76	76	1
9	13	3
61	62	1
50	50	2
19	19	1
59	60	1
60	60	1
49	63	1
50	53	1
69	85	1
49	56	1
3	15	1
20	22	1
81	82	1
19	20	1
57	75	1
10	17	1
48	72	1
31	66	1
24	24	1
54	63	1
21	28	1
3	28	1
28	28	1
46	59	1
62	65	1
