33	35	3
6	13	1
25	27	2
6	9	1
32	32	2
96	96	5
8	8	1
79	80	4
113	113	4
102	103	1
116	116	1
76	76	3
24	24	1
21	21	2
15	15	2
17	18	2
3	5	1
111	111	2
6	6	1
114	114	2
92	94	2
97	97	3
22	22	2
19	20	3
140	140	2
116	121	3
134	134	3
120	120	5
68	68	1
84	85	3
14	14	2
98	123	1
82	82	2
77	77	2
110	111	2
128	128	2
102	102	2
93	93	1
91	91	2
11	11	1
10	11	2
91	94	2
102	109	4
90	94	2
23	25	2
17	29	2
127	130	1
6	33	1
78	78	2
2	4	2
23	23	2
3	4	1
19	21	1
125	125	2
86	86	7
112	113	1
80	81	1
103	104	1
18	29	1
122	122	3
121	122	4
107	109	2
98	99	3
100	100	1
9	14	2
123	123	1
0	0	1
1	1	4
22	25	1
72	75	1
109	110	1
11	12	2
27	27	3
2	2	1
82	83	2
7	24	1
3	3	1
130	130	3
106	107	1
15	26	1
106	106	2
26	28	1
32	33	1
26	27	3
135	135	1
20	101	1
95	95	1
124	124	1
17	90	1
88	92	1
20	20	1
12	12	1
81	81	1
4	4	2
76	79	1
80	80	1
7	37	2
98	100	1
114	115	1
113	114	1
88	91	1
131	131	3
12	13	1
77	79	1
82	102	1
36	37	2
116	120	1
33	33	1
90	91	1
74	74	1
85	85	1
110	116	1
72	72	1
83	84	1
0	3	1
119	123	1
26	26	1
104	104	1
77	85	1
27	31	1
73	74	1
9	10	1
30	31	1
35	92	1
80	115	2
28	28	1
76	77	1
82	84	1
101	102	1
2	12	1
22	23	1
115	117	1
7	7	1
34	34	1
28	29	1
115	115	1
