125	127	2
10	20	5
43	44	10
43	43	46
28	28	33
137	140	5
84	86	6
137	138	29
3	3	23
17	17	62
127	128	8
95	95	64
38	39	17
118	118	61
121	121	39
31	31	35
131	131	48
132	132	71
63	63	57
95	97	2
37	37	20
10	10	46
132	135	3
3	4	22
79	79	17
33	33	34
142	151	2
120	120	41
27	27	38
50	53	4
149	150	12
113	113	48
49	49	61
42	51	2
72	72	20
62	62	45
94	94	41
125	132	3
111	111	24
83	83	29
98	99	24
39	154	4
16	16	71
106	106	36
41	41	64
149	153	2
41	42	27
130	140	5
86	103	4
38	38	44
129	129	33
130	139	8
40	40	49
50	138	4
117	117	24
153	153	33
144	145	22
42	42	48
63	120	2
127	131	4
22	25	11
45	46	23
8	11	10
42	43	34
11	11	34
146	148	7
14	21	3
151	151	29
140	140	15
152	152	43
104	106	8
112	112	43
10	11	22
7	72	3
97	98	11
148	148	35
150	151	18
120	121	17
13	13	43
133	136	8
63	65	25
14	15	24
25	25	44
102	102	32
24	25	26
109	109	46
143	143	21
5	5	30
22	23	9
23	23	49
20	24	2
26	27	20
5	35	4
82	82	31
56	56	18
74	74	38
47	47	56
82	83	15
137	137	59
138	138	45
81	87	2
47	48	7
154	154	27
34	34	26
62	84	2
116	116	50
121	122	12
126	126	46
45	47	9
55	55	32
52	52	8
66	99	2
131	135	7
109	110	31
44	45	14
9	9	51
5	6	16
146	146	52
84	84	45
76	83	2
103	104	16
24	24	61
72	73	20
8	8	62
20	39	2
4	11	6
97	99	6
98	98	52
139	142	8
137	142	2
75	76	5
147	148	19
94	95	12
99	99	45
22	22	31
81	82	13
128	129	26
70	70	36
86	86	51
139	144	2
118	119	9
88	90	5
69	71	9
53	53	53
50	50	18
134	134	32
36	36	43
8	9	19
108	109	15
100	100	40
21	22	12
29	29	26
134	135	10
68	68	59
40	41	5
45	45	38
128	128	31
82	84	5
35	35	33
84	85	25
16	17	20
103	103	33
44	46	10
71	71	44
149	149	48
66	67	23
18	136	2
40	42	4
77	77	41
73	73	34
14	14	54
33	36	7
131	132	16
147	147	34
67	68	9
49	68	2
114	117	3
108	108	26
18	18	27
20	21	25
44	103	3
67	67	50
135	135	41
30	30	34
78	80	9
20	33	4
56	63	3
139	139	52
39	106	4
10	27	2
54	57	8
71	129	3
75	80	3
150	150	46
96	96	32
119	122	16
28	35	6
43	54	1
10	17	2
73	114	3
57	57	37
93	93	27
76	78	9
27	31	3
117	118	6
26	26	38
86	87	13
67	94	1
48	48	44
118	122	2
44	44	40
75	75	31
4	8	8
119	119	42
83	84	19
37	40	2
124	125	9
73	74	20
46	49	5
34	35	9
136	136	49
6	9	1
76	76	36
11	53	4
19	32	4
97	97	24
87	87	51
127	127	42
88	93	5
27	28	7
95	127	4
107	107	55
24	26	7
110	110	41
6	6	19
13	14	16
32	34	2
119	154	4
87	88	11
50	51	27
81	81	32
140	144	8
145	145	40
4	7	4
32	43	3
130	130	40
5	27	6
39	39	29
144	144	24
4	33	5
125	125	21
126	143	3
105	105	39
11	16	1
3	9	4
121	123	9
34	102	2
63	64	14
43	45	9
85	85	32
115	116	29
65	66	12
135	136	15
91	96	2
21	128	7
14	26	6
145	146	19
102	116	9
152	153	13
73	75	10
149	154	3
21	21	73
68	69	12
67	75	3
67	100	4
136	137	7
117	138	1
19	28	6
133	133	68
86	89	3
148	149	5
114	114	65
140	142	5
39	52	4
62	82	4
123	123	17
112	118	1
101	108	3
104	105	10
51	52	5
99	100	16
105	106	13
10	53	4
109	133	3
65	65	19
134	136	3
64	65	13
5	33	3
53	55	6
77	78	16
11	55	1
141	141	25
82	121	5
51	58	1
20	20	32
146	150	6
127	130	12
20	22	8
28	53	3
66	66	31
129	140	2
130	131	5
89	89	5
50	57	3
111	112	10
141	146	4
10	26	2
25	28	4
48	49	18
57	127	2
96	97	15
129	134	4
106	107	8
46	46	36
66	147	6
133	152	2
93	94	12
39	40	24
3	57	5
23	26	6
41	43	6
69	77	9
69	69	42
5	32	2
39	41	5
27	32	2
102	125	5
42	66	3
142	142	28
71	102	3
12	12	45
120	123	6
81	83	2
20	23	11
122	126	9
100	107	3
43	50	3
76	80	7
142	147	3
138	140	6
109	114	3
63	87	3
110	154	3
95	96	16
51	51	21
42	44	1
79	103	1
29	30	16
132	133	19
13	21	4
4	4	32
139	140	8
19	40	3
54	54	31
14	76	3
13	15	9
10	85	8
134	153	2
114	131	3
111	152	2
136	148	9
85	86	7
76	77	15
25	30	4
80	81	10
28	30	5
18	19	27
97	104	6
79	114	4
6	97	3
107	132	2
63	66	10
115	117	9
63	101	1
107	108	6
123	125	3
110	112	1
13	20	1
19	20	4
102	117	3
23	24	7
22	26	2
64	64	36
94	126	1
48	107	6
124	124	20
77	79	8
94	96	4
37	150	1
122	123	20
104	115	2
6	32	5
128	130	4
15	16	6
48	50	13
123	131	6
2	3	7
121	125	2
115	115	39
35	36	12
104	110	1
132	139	1
48	97	2
90	97	1
16	22	4
69	106	2
144	146	10
67	86	4
7	7	21
15	15	37
122	122	39
8	14	6
5	9	1
28	31	7
56	58	5
5	34	2
82	122	2
88	100	2
15	19	8
113	114	11
114	116	6
5	12	4
56	57	27
84	134	6
136	149	1
5	8	5
28	29	9
28	33	1
57	130	3
21	25	4
35	38	3
7	26	4
76	81	2
26	29	3
111	117	3
26	33	4
67	74	2
23	153	4
78	79	4
61	62	7
106	118	4
132	138	4
37	38	5
24	136	1
64	68	4
104	104	23
35	39	3
130	132	1
73	76	6
147	154	13
23	27	3
3	6	2
114	130	3
69	83	8
19	19	38
72	87	4
21	23	4
85	95	5
14	17	3
21	35	3
53	54	7
19	29	3
102	126	7
55	56	6
16	18	2
80	80	31
20	26	4
7	10	3
90	90	9
96	102	6
133	134	4
65	147	1
36	37	4
17	18	16
66	69	13
69	109	1
78	78	30
48	106	4
120	154	3
30	51	3
33	34	7
9	11	1
94	97	5
141	142	7
116	117	8
54	64	3
150	154	2
130	133	3
115	122	7
46	47	5
25	26	13
100	101	15
49	50	7
98	103	2
66	74	2
75	78	7
136	138	5
128	138	4
113	151	2
71	134	4
48	53	1
28	39	2
10	12	6
85	123	3
14	28	2
19	21	2
91	92	6
114	152	2
112	113	16
129	130	6
11	22	4
14	19	2
66	75	4
122	124	7
8	18	2
63	78	1
36	41	1
112	132	4
102	113	3
123	132	3
70	108	1
4	5	9
142	143	14
69	70	13
109	153	4
5	7	8
116	124	2
68	70	4
36	106	5
8	10	2
115	120	7
43	51	4
140	146	3
86	93	1
68	81	6
29	137	1
61	63	1
76	79	4
12	14	10
44	50	2
102	112	3
90	128	1
53	68	2
9	87	3
118	123	3
76	92	3
126	128	2
78	83	2
29	40	3
126	127	4
132	149	3
143	144	14
51	53	6
107	123	5
61	75	2
85	91	4
57	129	5
142	144	8
27	29	2
109	147	2
47	111	3
18	42	5
74	75	15
101	101	20
116	119	3
75	104	3
124	126	5
112	116	4
9	147	3
79	83	5
117	122	3
39	43	2
93	126	3
29	38	1
66	108	2
122	149	3
5	36	3
75	77	3
89	90	4
92	108	5
18	64	4
34	36	1
129	132	5
96	123	3
110	130	8
65	150	2
45	95	3
32	32	9
78	104	1
8	144	7
37	53	2
56	61	3
12	74	2
130	137	3
25	31	3
23	25	5
11	153	4
62	63	6
71	94	4
125	126	5
130	134	1
55	57	5
69	87	6
106	110	2
62	143	4
100	105	6
114	122	5
18	44	1
7	8	15
142	145	3
67	96	1
3	8	3
10	30	1
14	16	4
131	136	6
33	35	4
4	63	1
12	15	4
31	33	3
3	63	2
149	151	2
36	54	1
16	19	6
8	12	1
136	140	9
8	30	3
80	102	6
76	107	4
110	147	2
117	132	6
61	61	9
19	57	1
105	141	5
57	102	2
9	15	1
66	68	5
105	142	8
122	128	1
151	154	5
49	51	4
65	67	2
18	23	4
122	125	3
20	25	1
49	69	2
140	141	4
30	31	3
129	138	1
102	103	10
93	95	4
48	110	1
140	147	3
111	122	1
55	103	1
10	13	3
87	92	3
75	79	2
14	25	1
3	85	2
12	26	7
151	152	4
116	133	4
32	33	4
93	102	5
58	58	12
141	144	3
3	146	3
19	24	2
120	122	1
38	68	3
12	13	7
36	40	5
77	129	2
148	150	4
50	56	4
69	78	3
50	58	1
75	103	4
147	149	1
127	137	4
2	57	1
128	132	1
20	38	4
82	89	4
113	122	3
103	115	3
105	123	2
22	144	6
11	13	4
65	83	6
92	92	12
39	51	8
11	14	1
113	118	2
152	154	2
79	80	6
119	143	3
102	106	2
146	151	4
28	38	2
87	91	1
68	149	1
49	71	4
71	73	2
144	151	3
70	73	4
108	113	1
121	126	5
85	93	3
105	107	1
117	130	1
22	32	3
17	29	3
94	99	1
36	53	1
97	100	5
37	41	5
7	96	3
44	49	1
76	99	1
56	76	1
107	109	7
150	152	5
100	109	3
104	151	2
107	111	4
41	46	3
29	39	2
9	106	4
129	152	1
82	85	2
67	70	1
138	139	10
138	141	3
96	111	5
107	137	2
42	46	4
28	104	3
145	148	2
28	42	2
24	46	2
62	65	3
123	124	3
32	39	2
67	102	2
11	29	2
57	128	1
126	138	1
37	104	3
14	22	3
19	66	4
136	145	1
85	87	3
99	123	4
119	147	2
52	55	1
99	105	1
9	139	1
40	130	4
119	121	4
5	11	4
95	99	2
106	114	3
119	120	7
24	49	4
63	88	3
10	28	3
80	83	3
12	27	2
46	54	3
15	27	2
129	133	3
127	129	1
81	121	1
31	57	1
126	146	2
13	29	2
126	141	2
38	41	7
77	82	2
97	111	2
80	90	3
104	150	3
96	98	5
115	121	2
123	148	1
101	102	6
142	146	4
110	113	7
106	134	3
19	38	4
106	137	1
94	98	6
11	12	3
96	125	1
148	151	3
77	80	1
19	26	3
131	137	1
72	75	1
82	87	3
69	76	2
64	77	1
71	76	2
20	37	1
91	91	2
32	36	1
128	133	3
28	106	1
14	30	1
4	12	3
126	129	1
58	76	1
34	47	1
11	75	1
3	16	4
146	147	4
48	54	1
120	128	4
48	68	1
48	124	2
106	109	2
38	40	6
28	37	1
54	56	4
62	136	2
97	124	2
9	88	3
3	154	2
110	123	3
11	20	1
145	154	1
35	47	2
104	108	2
103	112	1
103	146	1
17	19	5
95	98	1
43	52	4
124	129	2
100	108	3
2	36	3
80	82	4
61	105	2
78	103	1
23	32	1
144	154	3
9	29	4
36	39	2
31	40	4
54	55	2
91	98	1
12	16	2
112	114	4
47	50	3
69	138	3
55	104	1
3	104	4
3	107	1
53	71	3
77	124	1
98	100	1
88	88	2
14	20	1
78	137	1
3	27	2
103	105	3
105	127	3
18	28	2
36	50	4
9	10	7
111	127	1
34	56	2
71	72	4
104	128	2
51	54	1
30	32	1
130	136	4
35	52	1
146	149	1
126	137	1
95	102	1
103	133	1
10	72	1
69	79	1
18	25	1
23	41	4
145	151	1
73	104	1
99	101	3
108	118	1
106	115	2
62	77	2
100	106	2
126	140	1
37	151	1
110	111	2
14	56	1
104	109	2
143	148	1
7	135	1
96	127	2
57	142	2
77	103	1
133	145	3
76	128	1
143	151	2
101	103	1
143	150	1
25	27	2
103	121	1
42	57	4
107	153	1
101	114	1
108	148	1
13	99	1
4	56	1
68	74	1
116	129	3
19	98	2
34	55	3
135	150	2
141	143	2
34	37	1
20	28	1
83	86	2
68	83	2
48	85	2
10	107	1
114	115	4
68	147	2
19	129	1
72	127	3
9	17	2
119	132	2
98	102	4
39	42	1
2	2	3
10	79	1
11	143	2
108	110	1
15	50	1
83	87	3
49	53	3
105	110	2
6	89	2
51	132	1
4	51	1
10	16	1
97	101	1
4	13	3
74	77	2
37	42	1
70	71	2
66	103	2
12	77	1
36	62	1
131	134	3
45	52	1
6	7	2
28	63	2
136	147	4
123	126	2
132	134	1
93	96	1
24	29	1
38	66	1
38	47	1
67	76	2
144	147	1
139	148	1
87	89	4
128	131	1
36	104	2
83	97	1
112	122	1
107	117	1
18	57	3
93	100	1
23	149	1
115	137	1
45	56	1
121	150	1
18	26	1
143	145	3
93	115	1
32	42	1
80	84	1
84	87	1
2	10	1
83	134	1
47	110	1
5	104	1
127	136	1
109	111	1
2	4	4
111	154	1
92	110	2
56	66	1
52	58	2
108	131	1
104	133	1
139	151	2
31	32	1
71	128	1
67	72	1
26	34	1
130	135	1
129	131	1
45	48	1
62	78	1
30	136	1
21	24	1
4	106	1
37	64	1
21	27	1
85	88	1
71	85	2
112	115	1
54	77	1
9	67	1
100	130	1
113	129	1
24	139	1
47	56	1
15	22	1
51	64	1
7	99	1
64	84	1
21	26	1
105	116	1
10	141	2
17	23	1
100	103	1
48	61	1
52	53	1
47	113	1
21	39	1
119	131	1
50	70	1
121	145	1
