93	110	2
88	89	4
37	38	1
138	138	7
24	51	5
1	1	13
44	44	6
157	157	6
158	158	5
85	117	2
81	82	3
0	0	10
147	147	5
73	78	6
142	142	9
132	166	5
96	96	4
101	103	4
103	103	9
159	161	2
127	127	3
19	23	4
24	24	11
4	4	9
132	132	10
47	66	4
18	21	3
140	141	3
108	111	3
168	170	3
105	105	9
71	71	11
123	153	1
55	55	4
1	7	3
116	116	6
3	3	13
85	85	2
3	4	3
168	168	4
162	163	5
138	140	2
40	63	4
53	53	15
136	136	13
47	47	11
43	43	5
135	136	4
57	68	2
164	164	10
125	163	4
115	152	4
166	167	3
120	121	3
2	2	5
126	154	5
108	108	4
140	140	2
141	141	14
72	72	4
87	87	9
107	107	8
27	64	2
144	144	4
65	66	3
8	8	8
24	25	3
118	118	3
108	113	1
94	94	11
68	68	7
67	67	8
49	49	3
100	101	10
56	56	4
17	17	4
12	12	8
7	7	2
105	106	4
114	114	2
11	11	5
167	167	2
75	76	1
112	113	2
107	162	6
167	168	5
40	44	3
114	116	3
58	62	3
115	115	2
137	137	10
123	154	1
135	135	2
70	70	3
88	88	10
151	160	2
75	75	6
77	77	3
155	155	3
62	62	2
80	80	8
154	154	5
134	134	8
93	145	2
82	148	2
52	52	4
86	86	1
42	42	7
126	126	5
70	116	5
161	161	4
83	117	3
124	124	2
20	22	4
38	38	6
33	34	4
111	111	11
160	160	5
109	109	2
130	130	3
102	102	9
85	86	3
50	50	4
63	63	1
143	143	2
38	90	1
106	106	3
84	84	2
19	19	5
93	93	2
159	160	2
117	117	4
46	46	5
5	5	8
21	22	4
157	158	7
169	169	5
10	11	2
79	80	5
23	23	4
39	40	2
113	113	2
81	81	7
62	68	5
125	126	4
140	142	5
91	113	2
117	118	3
67	68	3
38	40	3
69	69	2
22	22	1
42	101	2
149	149	7
132	133	2
41	41	3
156	156	1
79	79	2
161	162	1
153	153	6
20	24	3
73	73	3
13	13	1
138	139	3
111	112	6
127	128	3
48	49	5
45	45	7
57	63	2
121	121	1
148	148	5
35	35	7
145	145	4
143	144	4
91	146	4
16	16	5
84	85	6
156	158	2
162	162	5
72	79	1
93	146	1
15	151	1
16	21	2
66	66	2
93	94	3
42	90	1
25	25	4
168	169	2
125	125	5
146	146	4
99	101	3
27	27	2
13	152	1
36	36	4
122	153	1
89	89	4
110	110	3
87	88	1
165	165	2
25	52	3
129	129	1
99	99	2
50	51	1
26	26	1
120	120	4
39	39	1
133	133	1
119	120	2
83	83	3
155	157	1
95	95	3
83	104	1
101	101	2
104	124	2
17	18	2
15	16	2
21	21	1
90	115	2
14	14	1
150	150	2
136	137	1
167	170	1
19	86	2
57	57	1
40	40	2
74	74	1
111	113	1
83	148	2
104	104	1
0	1	1
97	97	1
130	166	2
103	120	1
163	163	1
69	70	1
52	53	1
152	152	1
151	151	1
83	115	1
73	74	1
112	112	1
118	119	1
20	20	1
