158	159	4
75	75	2
150	151	1
137	137	1
49	49	5
40	44	1
167	167	2
112	112	7
4	5	2
42	42	3
59	59	3
46	46	4
24	24	4
118	127	2
33	73	2
164	165	1
30	78	1
110	110	2
180	180	3
59	69	3
39	41	1
149	149	5
16	17	5
135	135	4
68	68	3
75	79	1
72	72	3
3	8	2
8	8	2
76	174	1
110	118	1
11	13	2
144	145	2
196	196	8
31	31	3
186	197	1
123	124	1
25	25	2
172	173	4
14	14	1
84	101	1
102	128	1
169	169	1
79	84	2
176	178	1
154	155	3
125	125	3
162	162	2
53	53	4
12	12	6
45	45	5
23	24	1
6	8	1
12	17	1
30	30	2
163	164	1
133	139	2
81	81	2
5	26	1
32	68	1
52	52	1
115	115	1
0	0	2
183	183	6
153	154	1
51	51	2
54	54	4
156	182	1
47	51	2
13	13	2
11	11	3
186	187	1
87	88	1
97	97	4
64	64	1
70	71	2
151	154	2
57	57	2
61	62	3
27	27	9
11	67	1
132	133	1
175	175	2
54	55	1
146	146	2
77	78	1
190	190	2
154	154	4
127	127	4
127	183	1
47	47	3
58	59	2
83	85	2
117	117	2
17	17	3
170	170	2
30	69	1
146	148	1
1	71	1
76	84	1
140	151	1
116	119	2
76	76	3
114	114	4
86	86	3
100	100	1
64	101	1
50	52	1
113	115	1
106	107	2
129	197	1
62	68	2
137	169	2
3	3	3
122	122	3
15	71	1
122	123	3
126	126	2
87	87	1
9	9	2
88	89	2
146	150	1
96	96	1
125	127	2
23	23	2
150	150	4
56	56	1
172	175	1
93	96	1
116	116	2
107	107	4
178	179	1
140	141	1
133	133	3
195	195	1
3	68	1
102	103	1
163	163	1
7	8	1
156	156	3
180	181	1
99	102	2
141	141	2
9	10	1
30	31	3
8	9	1
5	28	1
0	2	2
147	151	1
6	6	4
45	46	2
39	138	1
104	104	1
153	153	3
135	136	2
136	136	2
69	73	1
84	85	1
158	158	2
95	95	1
131	131	1
138	139	1
20	21	2
173	173	2
178	178	3
155	156	1
177	179	1
37	168	1
10	10	2
192	192	3
29	66	1
177	177	1
172	172	2
33	33	1
36	36	2
33	72	1
144	144	3
39	40	1
96	172	2
38	38	2
132	132	2
184	184	2
19	19	2
148	148	3
133	134	2
37	37	3
46	47	1
32	44	1
140	140	2
113	113	2
63	67	1
194	195	2
13	14	1
108	158	2
12	15	2
130	130	1
126	127	1
66	66	3
120	120	3
109	109	4
70	70	1
60	60	3
150	173	3
22	24	1
83	83	2
49	51	1
60	61	1
122	130	2
20	24	2
129	129	2
50	51	1
58	58	1
94	95	1
185	193	1
35	166	2
163	165	1
104	106	2
39	39	4
71	71	1
43	43	1
73	77	1
84	100	1
142	142	1
73	73	2
25	89	1
143	190	1
144	148	1
47	50	1
149	185	1
103	156	2
0	15	1
73	74	1
161	161	1
88	88	2
41	72	1
44	44	1
193	193	2
43	52	1
101	101	2
118	118	2
157	158	1
171	171	1
15	16	1
182	182	4
168	169	1
186	186	2
77	77	2
72	182	1
123	128	1
157	187	2
155	155	1
69	172	1
157	157	1
4	68	2
98	98	1
151	181	1
84	84	1
158	165	1
103	105	1
72	73	1
85	86	1
48	48	1
55	55	1
63	94	1
128	129	1
2	8	1
43	44	3
105	116	1
69	69	3
169	170	1
151	151	3
16	16	2
123	123	1
34	35	2
62	64	1
176	177	1
32	32	2
65	66	1
124	124	1
181	185	1
2	68	1
11	12	2
111	112	2
15	15	1
4	6	1
130	146	1
69	71	1
141	151	1
151	185	1
12	44	2
164	166	1
43	48	1
56	57	1
152	153	2
6	68	1
111	111	1
108	184	1
188	188	3
78	78	1
10	13	1
9	11	1
97	99	1
153	182	1
76	175	1
44	55	1
21	87	1
119	119	2
139	140	1
167	181	1
50	50	1
28	28	1
153	167	1
173	174	1
2	2	1
160	187	1
60	62	1
76	77	1
80	80	2
148	172	1
161	164	1
26	89	1
37	64	1
140	193	1
149	160	1
29	29	1
125	128	1
62	62	1
22	22	1
186	193	1
124	127	1
30	79	1
4	4	1
110	111	1
128	128	1
26	26	1
34	36	1
69	179	1
166	167	1
184	185	1
94	170	1
190	191	1
189	190	1
29	31	1
78	79	1
79	79	1
142	190	1
181	182	1
108	108	1
154	179	1
82	84	1
176	179	1
30	81	1
80	81	1
9	25	1
63	170	1
197	197	1
193	194	1
24	88	1
94	94	1
152	152	1
108	109	1
181	181	1
106	106	1
89	90	1
