96	96	4
64	64	3
132	132	1
19	94	1
39	39	1
74	74	3
51	55	1
8	9	1
124	124	3
105	105	3
78	78	4
23	25	1
65	65	1
36	37	1
44	44	1
83	85	1
59	119	1
111	111	2
36	45	2
14	20	1
29	29	1
51	89	1
98	102	2
39	44	1
104	105	1
109	109	2
22	22	1
80	80	3
76	78	1
110	110	1
90	92	2
39	42	1
11	11	2
20	20	4
33	33	6
86	105	1
101	108	1
123	123	2
75	76	1
111	112	3
115	129	1
91	98	1
36	40	3
32	32	1
129	130	2
7	22	1
46	46	3
128	128	2
14	14	2
100	127	1
19	120	2
2	2	1
111	113	2
93	93	4
17	102	1
113	115	2
127	127	2
63	119	2
35	40	1
103	105	1
83	83	3
111	127	2
58	84	1
114	130	1
85	85	2
96	127	2
73	74	2
18	18	2
118	119	1
122	122	1
66	75	1
50	110	1
48	48	2
117	117	1
6	6	1
84	85	4
1	2	1
22	25	1
63	63	3
34	61	1
99	99	2
127	128	1
101	126	1
123	127	2
6	39	1
120	120	3
60	64	1
134	134	1
71	72	2
8	11	1
62	62	2
31	31	3
103	106	1
36	109	2
116	116	2
98	98	1
17	40	1
66	66	1
126	126	2
32	40	1
114	114	2
115	124	1
90	93	1
57	57	1
7	21	2
14	30	2
87	87	2
115	115	1
5	41	2
32	34	1
125	125	4
23	23	1
106	108	3
6	47	1
36	42	3
75	75	2
5	7	1
37	38	1
47	98	1
92	92	1
45	45	1
38	38	2
120	121	1
18	26	1
124	125	1
95	134	1
28	36	1
69	70	2
125	131	2
47	47	1
96	117	1
73	73	2
82	82	1
65	66	2
112	114	1
63	73	1
116	117	1
15	15	2
88	125	1
40	40	1
65	111	1
100	101	1
55	55	3
126	128	1
32	35	1
84	84	2
73	78	1
56	99	1
17	17	3
65	76	1
6	7	1
112	112	1
91	93	2
102	102	1
0	0	3
14	15	1
19	19	3
16	17	2
68	68	1
117	123	1
69	69	1
61	62	2
36	46	1
8	12	1
129	133	1
61	61	1
130	130	1
21	22	1
67	67	1
72	72	2
89	89	1
133	133	1
92	93	1
57	58	1
68	69	1
76	76	1
112	127	1
64	73	1
50	50	1
10	10	1
26	35	1
95	96	1
81	84	1
58	119	2
77	77	1
59	102	2
50	51	1
23	24	1
61	68	2
78	79	1
3	47	1
1	1	1
102	106	2
104	104	1
64	82	1
34	34	3
16	16	1
65	67	1
47	48	1
15	40	1
123	126	1
82	83	1
105	106	1
4	5	1
113	113	1
121	126	1
24	25	1
84	119	1
85	117	1
30	30	1
103	103	1
4	47	1
16	113	1
124	133	1
27	27	1
82	86	1
85	86	1
121	130	1
13	13	1
23	27	1
86	86	1
86	104	1
119	119	1
98	122	1
114	134	1
121	123	1
76	77	1
18	122	1
113	121	1
71	71	1
129	129	1
