85	86	2
49	49	3
35	36	2
89	89	8
25	25	3
62	62	1
94	94	1
47	48	1
36	36	4
77	77	6
53	53	6
42	42	8
76	76	6
72	74	1
54	54	6
102	102	2
83	83	1
60	60	2
51	51	4
57	71	1
100	101	1
94	98	1
91	91	5
63	64	5
24	24	2
75	75	4
48	48	5
86	88	1
76	77	3
93	94	1
68	68	1
58	71	4
53	60	1
64	64	2
61	61	5
70	70	5
27	27	2
64	65	3
38	38	2
63	63	7
43	43	1
29	29	1
72	72	3
81	81	2
71	71	5
71	72	5
41	41	4
48	50	2
37	37	5
39	39	2
67	69	1
88	88	3
96	96	6
40	40	2
69	69	3
43	50	1
27	28	2
97	97	1
85	85	1
38	39	3
100	100	3
65	65	4
74	74	1
20	46	1
34	34	3
55	55	2
68	69	2
87	87	4
27	45	1
33	33	2
86	86	3
52	52	4
58	59	1
40	41	4
56	56	3
66	66	2
73	73	2
67	68	1
69	73	1
79	79	2
79	83	1
101	102	1
57	57	5
92	99	1
62	84	1
57	77	1
57	58	4
25	66	1
33	48	3
26	27	1
45	45	3
44	44	2
28	28	1
36	38	1
70	86	1
32	41	1
59	60	1
34	35	1
50	51	1
47	47	2
26	26	1
52	68	1
23	96	1
90	91	1
92	94	2
41	88	1
90	90	2
91	93	1
79	80	1
23	25	1
66	67	2
25	92	2
66	69	2
80	81	1
46	47	1
65	66	1
95	97	1
95	98	1
89	90	1
58	77	1
62	86	1
31	33	1
71	73	1
26	95	1
98	99	2
64	66	1
49	50	1
86	87	1
