3	82	1
39	40	2
64	64	2
3	87	2
65	65	1
121	124	2
29	30	3
135	139	2
139	139	2
142	142	2
71	71	4
130	130	6
82	82	8
119	119	4
114	114	2
126	127	1
79	79	6
56	56	2
55	56	1
96	96	3
94	96	1
40	41	2
97	99	1
28	28	6
141	141	7
113	113	3
16	17	1
34	35	1
108	108	5
3	4	2
47	65	2
91	92	2
23	23	1
32	32	3
66	93	1
93	96	1
122	122	2
105	105	3
38	40	3
67	68	3
68	68	8
54	54	1
62	63	1
38	39	2
63	67	1
109	109	1
70	72	1
11	11	4
113	129	1
26	28	2
2	2	2
18	18	4
101	101	2
8	8	3
6	6	3
116	117	5
35	36	2
85	85	2
126	126	3
115	115	2
136	140	1
18	19	1
28	30	1
91	91	3
110	110	3
23	24	2
138	138	1
15	16	1
15	15	5
90	90	3
16	16	3
12	84	1
42	42	4
133	133	1
1	2	1
97	136	2
61	63	1
27	27	1
2	3	5
129	130	1
118	122	1
3	3	2
104	104	3
24	31	1
36	36	1
118	118	5
105	108	2
26	42	2
17	17	1
37	41	1
80	80	5
73	89	1
115	116	3
99	100	1
136	136	2
84	84	1
140	140	1
26	93	3
140	141	3
55	55	2
97	98	1
25	34	1
63	63	5
61	73	1
102	102	4
22	37	2
70	71	3
128	128	4
83	83	2
26	41	1
30	30	2
123	123	1
107	107	1
1	90	1
118	128	2
104	131	1
73	73	1
145	145	1
54	55	2
55	108	1
60	60	2
66	97	1
61	61	3
72	72	1
80	81	2
27	93	1
144	144	4
134	140	1
37	37	4
115	130	1
31	32	1
62	72	1
112	130	1
50	50	2
34	34	3
121	123	1
22	22	4
129	129	1
106	110	1
92	94	1
67	96	1
127	127	1
48	48	2
51	51	3
118	119	2
131	132	1
12	12	1
20	21	3
101	141	1
82	85	2
52	114	1
14	19	2
66	66	1
23	36	1
55	72	1
65	66	1
117	118	1
19	19	1
39	39	3
88	88	1
84	85	1
6	9	2
125	126	2
146	146	1
6	8	1
49	49	2
67	95	2
69	102	1
47	91	1
113	128	1
116	140	1
37	80	3
35	35	1
53	102	2
94	95	2
49	92	2
70	70	3
120	120	1
98	99	1
29	29	2
86	86	1
62	62	1
20	37	1
41	41	1
9	9	1
52	52	1
123	125	1
81	82	2
69	70	4
99	99	2
133	140	1
76	76	1
112	112	1
50	51	1
59	60	1
87	87	1
103	103	1
116	118	1
132	135	1
131	131	1
62	73	1
10	10	1
79	80	1
10	11	1
9	10	1
39	41	1
27	28	1
53	54	1
52	105	1
28	29	2
133	135	1
52	101	2
5	5	1
12	13	1
99	101	1
20	20	1
27	41	1
58	58	1
124	125	1
119	127	1
95	96	1
135	135	2
0	91	1
116	116	1
77	77	1
12	80	1
47	48	1
30	32	1
62	92	1
49	66	1
26	26	1
17	19	1
104	105	1
69	69	1
119	129	1
66	95	1
37	38	1
13	13	1
122	123	1
88	90	1
