13	13	4
148	159	2
80	81	2
137	138	1
70	74	1
137	137	5
93	95	2
105	110	2
151	151	4
48	49	2
41	53	3
93	97	2
141	143	1
124	126	2
1	46	1
103	113	1
53	53	2
163	164	2
68	68	2
85	86	2
144	144	1
140	140	1
37	39	2
122	127	1
127	144	3
117	117	2
19	19	3
115	116	1
166	166	3
89	89	4
66	98	1
133	133	5
107	107	3
112	170	3
38	39	1
81	82	1
139	141	1
24	134	3
54	54	5
43	56	1
16	16	3
121	121	2
125	125	2
2	3	1
125	131	1
76	99	1
160	160	1
95	95	1
83	83	3
161	161	1
75	139	2
45	66	1
64	64	1
107	112	1
158	158	5
76	97	3
112	113	2
22	22	4
104	111	1
14	88	1
1	1	1
21	22	3
142	149	1
146	147	6
87	92	2
64	66	1
0	0	2
8	10	2
128	130	1
159	159	2
128	128	1
127	127	3
169	169	2
97	97	4
139	139	1
53	55	2
167	167	1
130	146	1
2	74	1
67	70	4
138	139	1
19	48	2
26	26	1
18	18	2
20	20	1
66	67	1
50	50	1
113	113	2
41	45	1
44	44	2
169	170	3
152	167	1
73	76	1
61	62	1
113	159	3
129	129	3
24	24	3
127	170	2
154	154	1
92	92	1
130	130	4
86	86	1
65	66	1
85	85	2
149	161	2
72	90	1
88	88	2
124	141	1
13	14	2
111	114	2
92	97	1
101	146	1
143	143	1
69	70	2
11	52	1
66	122	1
107	132	1
111	111	3
20	56	2
18	19	2
52	52	1
65	67	1
105	107	2
73	82	1
103	106	1
55	55	1
141	155	1
67	67	1
124	125	5
126	131	2
87	88	1
118	119	2
18	25	1
46	46	2
2	47	2
67	79	1
144	148	1
109	121	2
117	119	1
126	126	1
102	121	2
84	84	2
93	93	1
141	141	2
20	23	1
34	149	2
99	143	1
64	110	1
34	50	1
51	78	2
130	131	1
116	117	1
23	24	1
45	45	1
124	124	2
78	79	1
118	120	1
136	151	1
142	142	1
20	27	1
132	132	2
11	53	1
51	51	2
45	47	1
77	77	1
124	127	1
51	55	1
105	114	1
121	170	1
106	106	1
14	14	2
119	127	1
64	67	1
9	12	1
156	165	1
42	42	2
3	4	1
133	135	1
134	134	1
131	132	2
67	127	1
164	164	2
155	155	1
92	94	1
110	110	1
143	151	1
84	101	2
55	115	2
35	49	1
138	140	1
155	156	1
8	55	1
105	105	2
11	19	1
35	45	1
71	71	1
0	2	1
46	50	1
164	165	1
15	16	1
67	69	1
120	126	2
129	130	1
79	110	2
28	28	1
153	153	1
140	141	1
3	53	1
43	43	2
12	14	1
100	101	1
99	99	2
116	116	2
76	77	1
101	101	6
34	41	1
151	152	1
74	107	1
165	165	3
111	115	1
132	135	1
39	89	1
97	99	1
91	93	1
128	140	1
74	74	1
148	149	1
154	155	2
92	96	1
111	128	1
109	109	1
112	112	1
126	139	2
34	34	1
125	154	2
24	38	1
153	156	1
16	39	1
92	93	1
26	52	1
80	80	2
147	149	1
62	75	1
135	139	1
122	123	2
65	72	1
64	77	1
71	72	2
97	131	1
145	145	2
99	100	2
98	99	2
130	132	1
20	34	1
9	9	3
57	62	2
100	100	2
161	167	1
63	73	1
81	154	1
162	167	1
79	82	1
6	7	1
120	120	1
103	121	1
143	144	1
10	25	1
153	166	1
88	89	1
136	136	1
87	98	1
93	94	1
35	36	1
103	103	1
130	144	1
3	5	1
162	163	1
25	25	1
82	82	1
46	53	1
20	24	1
87	87	1
108	108	1
114	159	1
128	152	1
116	139	1
97	130	1
73	73	1
132	142	1
34	45	1
1	2	1
27	39	1
135	135	1
83	84	1
12	12	2
75	75	1
98	98	1
82	97	1
55	114	1
17	25	1
150	150	1
105	106	1
7	7	1
