92	92	2
52	57	1
96	105	1
91	91	1
20	20	2
21	22	3
32	32	3
73	73	2
23	39	1
68	69	2
25	26	2
78	94	1
64	64	1
99	99	1
54	56	1
39	39	3
83	94	2
58	58	3
96	98	3
61	61	2
47	47	3
101	101	4
51	56	1
95	95	1
87	87	3
81	84	1
54	55	2
70	70	5
42	42	1
85	106	1
52	52	1
97	97	1
30	30	5
105	105	3
52	63	1
63	64	1
59	59	2
21	23	1
93	93	3
65	65	6
96	96	2
27	28	2
47	48	1
66	66	1
29	29	1
82	88	1
52	53	1
74	74	3
49	53	1
65	66	2
69	69	1
98	99	2
43	45	1
86	91	1
32	37	1
45	46	1
30	32	1
21	21	2
59	73	2
82	83	1
60	95	1
57	57	1
35	35	5
63	81	1
82	82	3
39	41	1
94	94	1
88	88	2
94	95	1
83	84	2
73	74	1
58	59	1
76	76	4
102	103	1
78	78	1
24	50	1
65	96	4
44	51	2
56	75	1
52	77	1
22	24	1
42	44	2
85	91	1
102	102	2
85	85	2
97	99	1
60	61	1
33	34	1
95	96	4
83	86	1
65	100	1
40	40	1
29	40	1
63	78	1
50	91	1
46	47	2
54	107	1
77	79	1
57	60	1
23	23	1
56	58	1
28	43	1
52	54	1
90	90	1
53	53	2
71	104	1
56	57	1
34	51	2
76	79	1
60	63	2
44	44	1
75	75	1
37	39	1
62	62	3
29	30	1
83	83	4
91	93	2
71	72	2
34	64	1
55	81	1
33	36	1
77	77	1
26	27	2
32	33	1
72	73	1
78	80	1
37	37	1
97	107	2
50	50	2
20	76	1
78	79	2
25	49	1
81	81	1
27	31	2
31	31	1
39	42	1
31	32	1
104	106	1
89	90	1
51	82	1
51	51	2
46	46	1
28	31	1
53	57	1
21	44	1
38	38	1
104	105	1
101	102	2
77	81	1
100	100	1
60	83	1
24	33	2
97	101	1
20	29	1
36	36	1
83	87	1
33	33	1
43	52	1
22	23	1
48	49	1
51	55	1
46	68	1
41	41	1
105	106	1
50	59	1
60	60	1
40	41	1
56	56	1
41	44	1
62	63	1
55	55	1
80	83	1
98	98	1
