12	12	11
6	6	10
31	31	7
18	18	15
49	50	1
8	8	12
42	43	6
6	7	10
58	59	2
1	1	9
9	10	2
3	4	7
17	17	9
56	59	2
44	44	10
48	48	5
19	19	19
30	30	17
40	41	4
2	2	18
0	0	9
9	9	7
21	22	5
35	35	11
33	33	12
51	51	4
36	36	12
58	58	13
16	16	12
45	45	14
13	13	12
38	39	3
52	52	7
55	55	10
38	40	1
34	34	15
47	47	9
14	42	2
5	5	15
56	56	10
21	21	7
37	38	2
10	14	1
49	49	17
14	14	1
57	58	5
42	42	9
19	42	1
3	3	16
39	42	2
11	11	7
50	50	10
30	31	3
55	57	4
56	58	1
4	18	3
46	46	8
28	28	5
54	56	3
48	49	7
37	37	3
44	45	3
1	34	1
4	4	6
14	20	2
1	2	3
5	6	5
53	53	3
31	32	3
41	41	10
40	40	7
52	54	2
39	40	3
15	16	2
7	7	2
22	56	1
53	57	2
57	57	3
8	10	5
38	38	2
39	39	3
31	56	1
33	39	2
43	43	4
32	32	6
2	8	1
51	55	2
10	10	5
10	11	2
24	24	3
22	53	1
23	23	2
45	46	1
9	24	1
20	21	6
18	31	2
1	14	2
54	54	8
34	35	1
42	49	1
35	42	1
6	10	3
27	53	1
15	15	2
19	46	1
32	39	1
8	13	1
40	42	1
44	51	1
8	9	2
20	22	1
14	50	1
4	17	1
28	30	1
17	18	2
23	29	1
