152	153	1
37	37	5
132	132	6
106	167	4
138	139	1
5	53	2
44	44	7
67	68	2
154	155	5
101	102	2
127	129	1
122	122	12
85	85	8
140	140	2
131	131	2
123	124	7
49	49	4
47	48	1
2	3	2
130	131	1
17	17	5
11	11	3
5	106	7
155	156	2
120	121	1
113	113	10
86	103	1
130	147	2
62	63	3
34	34	3
1	79	3
73	81	1
119	129	2
158	158	8
26	28	4
108	108	4
150	150	6
41	41	6
152	155	3
144	145	5
23	23	8
27	27	4
71	72	1
157	157	7
123	149	1
138	138	3
83	132	3
111	111	7
86	86	2
107	107	3
18	22	4
104	106	3
150	157	1
105	105	5
76	76	1
139	140	2
10	10	1
82	82	3
153	154	4
110	110	5
19	25	4
89	89	3
93	93	4
81	96	4
52	52	1
43	43	4
162	162	2
148	148	5
3	6	1
100	124	3
13	24	2
14	129	2
154	154	10
149	157	2
16	16	9
115	115	7
64	64	4
35	35	5
144	144	3
119	120	8
120	124	3
142	142	6
51	51	4
96	96	3
55	55	6
22	22	3
109	155	1
90	90	7
161	161	3
156	156	1
8	8	2
168	168	3
124	124	8
137	138	1
124	127	2
63	63	5
129	141	3
69	69	6
51	63	2
0	19	2
97	97	3
46	46	3
77	78	3
2	2	3
96	97	5
14	16	3
124	125	4
142	146	3
64	66	3
151	151	8
14	14	2
99	101	4
85	88	2
169	170	4
159	160	4
24	24	4
167	167	1
105	106	8
88	89	6
52	53	1
130	153	1
48	51	3
19	23	2
13	17	2
163	163	2
134	135	3
164	164	4
7	7	4
140	141	4
2	42	2
112	112	3
69	71	1
106	106	6
144	150	2
123	128	2
69	103	3
154	156	4
36	36	6
151	164	2
6	45	1
53	54	3
118	121	1
122	141	2
150	151	2
109	109	7
52	56	2
2	34	5
45	45	7
97	117	1
121	121	3
143	143	3
49	53	2
53	88	1
66	67	7
4	4	5
92	92	3
136	136	6
119	119	2
109	110	3
87	87	2
57	57	2
100	126	4
34	75	2
5	5	2
25	25	3
106	107	2
20	26	2
2	38	2
108	120	2
66	66	1
113	150	1
161	162	2
54	54	2
167	170	1
103	104	3
129	129	4
38	38	4
155	158	2
19	19	3
110	111	2
164	165	3
50	50	4
80	80	5
65	65	4
24	25	4
163	165	2
72	72	7
144	151	2
95	96	2
17	18	3
162	163	1
112	114	2
3	3	1
151	153	1
56	56	2
55	56	3
16	56	1
154	160	2
117	117	3
141	141	3
33	33	1
148	153	1
112	113	2
42	42	3
65	86	1
130	130	5
80	81	1
71	109	2
45	55	2
7	128	4
130	140	2
55	71	1
57	62	1
58	98	2
160	160	3
104	104	3
129	131	1
168	170	3
72	76	3
70	71	1
0	1	1
5	50	3
118	160	2
45	50	2
62	89	3
78	78	2
50	55	1
135	136	2
0	160	1
73	75	1
123	126	1
84	84	1
133	134	3
77	109	2
14	64	1
21	22	2
90	135	2
107	108	1
115	116	2
44	57	1
88	88	3
69	96	1
58	166	2
49	55	1
39	40	1
21	56	2
22	23	4
112	122	2
143	163	1
86	119	1
71	71	1
128	128	2
44	47	2
81	82	1
103	105	2
107	131	1
12	12	1
163	164	1
83	83	3
63	104	1
13	56	1
9	9	1
10	11	1
18	18	1
135	147	1
138	140	1
92	98	2
44	45	1
19	56	1
5	9	1
6	6	1
23	26	1
5	27	1
71	79	2
64	164	1
145	147	1
95	95	1
16	69	2
3	4	1
15	36	2
99	99	2
100	101	1
21	110	1
146	146	1
8	49	1
76	77	1
125	125	1
4	5	1
15	15	1
21	23	1
25	26	1
113	114	1
101	101	1
41	47	1
120	120	2
165	165	1
38	124	1
86	87	1
122	123	1
8	125	1
147	148	1
133	133	1
155	155	1
