92	92	5
28	87	1
16	17	2
80	85	1
101	101	7
22	28	1
0	126	2
32	32	5
116	117	4
34	34	2
50	50	2
5	5	4
55	55	3
90	90	7
111	111	9
65	66	1
92	104	1
124	124	5
6	49	2
71	123	2
94	96	1
67	121	1
29	30	2
61	61	5
29	29	8
6	6	8
85	108	1
58	61	1
16	16	1
101	102	2
97	100	1
100	100	5
44	44	3
48	49	1
6	7	2
78	78	1
1	1	3
94	95	2
67	67	3
30	30	2
33	34	2
72	72	4
27	27	5
97	97	4
93	93	4
126	126	2
39	39	3
26	26	2
109	109	6
44	77	1
108	108	5
122	123	1
77	78	4
88	88	3
31	31	3
18	18	6
44	79	1
37	37	5
55	86	1
56	56	4
19	20	3
57	58	2
32	33	2
41	42	4
23	58	1
38	38	3
22	43	1
17	17	4
25	25	4
15	15	5
11	11	1
24	24	5
70	70	3
97	98	3
62	73	1
48	81	1
94	94	1
122	122	3
107	107	3
79	79	5
29	35	1
81	81	7
84	84	2
59	61	2
35	35	7
7	7	2
62	63	2
131	133	1
22	22	2
113	113	3
75	75	3
114	114	3
133	133	4
59	134	2
40	41	3
77	77	4
86	86	4
69	69	2
11	12	1
80	81	3
81	82	1
34	56	1
82	83	1
12	13	8
89	102	1
2	2	1
120	121	2
76	77	4
30	31	2
35	36	2
103	103	3
105	107	1
128	131	1
40	77	2
16	82	1
113	114	3
108	109	4
63	63	2
28	29	1
67	72	1
118	118	5
20	25	1
25	26	2
78	114	3
26	28	1
16	107	2
22	26	4
115	117	2
14	15	2
91	91	3
12	12	2
46	47	1
64	70	2
9	9	4
128	129	5
6	8	2
14	101	1
114	116	1
93	95	1
116	116	4
38	39	1
79	80	1
36	36	6
105	106	2
26	27	2
8	8	6
93	105	1
130	130	5
77	112	1
4	5	2
95	95	3
28	30	1
47	116	1
117	117	1
59	60	1
106	106	5
85	85	4
80	80	1
75	76	1
15	29	1
13	42	1
28	35	1
76	76	4
21	21	5
134	134	2
118	130	2
74	74	2
71	78	1
14	43	3
20	20	3
56	57	2
27	28	2
103	106	1
13	13	2
57	68	3
128	128	2
43	43	3
66	67	3
40	40	3
74	75	1
57	57	4
7	8	3
64	68	1
85	86	1
45	45	1
112	113	1
87	111	1
15	16	2
15	43	1
110	111	2
99	99	3
65	70	1
48	132	1
23	23	2
107	108	1
109	111	1
35	37	1
48	48	5
44	45	5
131	131	4
13	16	1
73	73	1
15	28	1
106	107	1
76	79	1
28	83	1
65	77	1
3	72	1
50	55	1
41	41	2
28	28	2
72	73	1
120	122	1
46	46	3
69	119	1
61	62	1
4	121	2
7	17	1
25	43	2
124	125	1
120	120	5
23	86	1
4	4	5
25	30	1
133	134	2
75	77	1
123	124	1
30	33	1
1	2	2
89	100	1
64	64	1
5	6	2
68	68	3
129	130	3
123	123	2
13	14	1
119	119	1
54	132	1
86	105	1
47	47	3
9	10	1
19	19	3
0	0	1
78	117	1
25	84	1
110	110	2
61	65	4
58	59	1
27	82	1
90	92	2
17	82	1
34	35	2
10	94	1
87	87	4
11	13	1
105	105	1
99	100	1
131	132	1
60	67	1
129	129	2
74	76	1
125	126	3
28	58	1
68	71	1
7	56	1
62	64	1
50	56	1
84	85	3
100	104	1
58	58	4
84	86	1
49	50	1
112	112	2
94	97	1
118	119	1
66	66	1
71	73	1
20	87	1
62	62	1
92	93	2
98	98	2
44	55	1
13	107	1
82	84	1
129	131	1
14	14	2
93	103	3
65	68	1
45	46	1
102	102	2
36	39	1
117	118	1
28	55	1
121	121	2
96	96	2
90	100	1
8	9	1
127	127	2
5	28	2
10	10	1
27	33	1
90	101	1
70	71	1
115	115	1
83	87	1
78	79	1
33	33	1
60	62	1
71	71	4
79	112	1
8	117	1
12	15	1
17	28	1
14	34	1
25	60	1
16	37	1
77	123	1
43	85	1
81	124	1
111	112	1
65	65	1
40	42	1
49	49	1
81	121	1
125	128	1
11	14	1
24	25	1
13	15	1
31	32	1
128	133	1
