169	170	4
121	121	13
108	108	11
129	131	6
96	96	6
45	46	9
149	151	3
11	11	24
103	103	16
90	91	17
85	162	5
11	28	3
102	103	6
138	138	26
53	53	24
87	160	1
152	166	3
129	129	18
151	152	6
44	44	11
108	109	8
140	140	11
160	161	9
65	65	6
122	122	8
163	163	5
96	144	2
82	82	15
164	164	27
165	165	17
97	97	24
166	166	17
109	117	1
46	46	25
123	123	24
69	69	16
124	124	19
24	131	2
107	107	21
5	6	2
81	81	17
85	85	18
5	8	11
65	92	2
136	136	14
140	141	14
154	155	6
77	125	1
168	168	12
38	38	17
14	17	3
112	113	11
87	87	20
150	151	9
10	10	13
153	153	18
42	42	18
139	139	19
130	130	22
7	19	3
55	55	17
54	55	5
1	1	14
3	4	5
69	70	20
170	170	9
2	17	5
4	4	12
79	159	1
162	162	15
169	169	29
41	56	4
67	68	5
162	163	3
116	116	8
74	74	11
132	133	4
109	109	22
113	113	13
98	99	9
134	134	19
41	41	12
14	14	17
124	147	5
87	159	4
66	67	11
80	133	2
57	72	3
128	128	35
1	13	5
119	122	1
23	23	21
152	152	21
6	6	16
152	164	1
133	133	27
147	147	14
135	135	18
46	47	5
0	16	5
160	160	22
137	137	23
105	106	4
162	164	8
102	102	8
135	137	3
151	151	18
9	10	15
111	112	8
6	7	10
101	101	21
44	54	2
39	39	15
12	12	14
119	119	22
13	13	17
131	131	9
142	143	4
137	138	11
154	164	2
106	106	21
17	17	12
89	89	16
54	54	22
125	126	14
153	154	13
155	159	4
70	71	11
88	89	16
93	93	16
76	76	11
2	2	17
34	97	3
129	130	4
116	117	4
95	143	3
67	67	11
165	170	4
35	37	7
66	100	2
88	88	13
73	74	1
97	99	12
73	152	3
21	21	21
95	96	6
40	40	21
112	112	15
79	105	1
74	83	3
144	148	8
43	43	13
104	104	9
141	142	9
78	79	17
118	118	14
86	86	9
168	169	1
66	99	1
9	74	2
161	165	4
0	0	21
100	142	2
110	110	22
71	76	1
91	93	4
145	145	10
79	79	8
117	117	21
150	150	14
25	25	20
16	16	17
125	125	30
49	49	14
157	158	5
99	99	17
10	17	5
132	132	10
9	9	8
126	126	6
120	120	7
158	159	12
11	12	11
43	44	11
41	42	7
40	161	4
144	144	30
22	23	3
24	24	12
65	67	2
111	111	12
89	90	7
127	162	5
33	36	4
77	78	14
10	27	1
148	148	15
56	56	8
92	117	2
127	132	3
95	144	6
76	138	2
136	160	3
86	144	9
63	63	24
119	121	1
35	35	14
37	108	4
20	81	1
40	55	1
77	77	11
64	64	18
73	76	4
47	47	14
161	162	4
15	16	7
115	115	13
98	98	17
67	99	2
72	72	12
63	64	6
66	146	2
75	75	11
49	71	3
163	164	6
14	15	6
143	143	10
134	135	8
156	157	1
167	168	12
4	55	9
65	98	2
47	49	3
79	131	1
164	165	8
73	75	2
18	56	5
22	22	24
167	167	13
125	131	5
153	155	2
4	7	3
114	114	3
154	154	14
94	141	3
129	140	2
87	89	3
37	37	18
5	5	18
108	116	4
141	143	4
58	58	1
92	92	4
71	71	9
117	118	3
87	88	5
84	86	3
35	36	11
27	27	27
45	45	15
128	150	4
125	137	2
33	33	9
96	133	1
128	145	2
51	77	5
108	142	4
136	137	14
2	3	5
50	50	14
117	124	2
152	153	3
81	82	7
76	129	4
20	20	11
76	136	4
18	18	18
48	48	20
156	156	15
150	152	2
46	50	8
110	111	5
68	68	7
96	113	3
84	84	11
94	108	3
39	162	3
130	131	2
27	28	4
23	41	6
142	142	17
159	159	4
14	57	3
83	83	22
73	102	2
112	114	4
76	140	2
52	56	1
124	125	5
133	137	12
16	41	4
34	104	1
27	64	1
39	53	3
75	153	1
34	34	11
8	8	11
118	119	5
28	164	1
56	57	5
96	142	3
57	132	2
113	115	3
69	71	3
162	168	3
39	55	6
52	52	16
91	91	14
21	66	1
101	143	3
102	104	8
132	141	2
82	83	2
57	57	6
3	3	3
159	160	1
106	119	2
155	155	21
110	118	1
24	151	4
70	81	3
76	125	1
66	69	4
26	26	16
113	114	8
139	140	6
84	91	4
67	73	4
14	16	5
130	143	1
86	165	3
156	163	1
149	149	13
145	146	2
24	25	2
63	79	3
13	16	4
15	15	2
144	145	3
36	43	1
106	157	1
113	123	3
134	136	6
20	140	1
70	102	4
74	82	2
44	45	6
117	142	1
99	100	4
83	84	5
127	127	8
158	158	5
19	48	5
34	35	3
36	39	3
89	91	6
71	75	4
92	93	1
83	85	1
64	146	5
43	52	3
157	157	7
96	141	2
7	7	3
26	34	2
82	152	1
133	140	1
103	104	2
11	13	1
104	105	8
93	119	5
12	13	5
49	51	4
72	102	1
70	70	6
28	50	1
18	47	4
100	102	3
22	39	5
90	90	10
126	146	5
119	149	2
75	130	5
64	65	6
100	103	1
62	62	14
101	102	2
103	144	4
82	165	2
94	94	15
86	89	1
47	48	1
1	170	3
86	143	2
107	139	1
165	169	2
46	65	4
62	63	8
80	103	3
21	24	5
44	51	3
100	100	9
16	84	3
68	80	3
20	65	2
1	2	1
74	75	2
57	62	4
79	106	1
121	122	2
20	21	9
134	144	3
110	117	6
3	5	1
10	18	3
120	123	1
115	127	1
19	19	9
161	161	10
13	49	2
102	150	2
107	108	2
22	24	1
55	56	3
135	136	4
36	76	2
39	41	2
88	164	2
63	80	1
105	105	15
80	138	2
81	129	3
66	98	3
161	164	4
33	35	3
19	23	2
156	158	1
91	92	2
37	155	2
160	163	2
99	139	1
10	64	1
72	77	2
135	159	1
149	150	6
74	144	4
94	143	2
109	110	3
144	146	4
148	151	1
144	155	1
55	58	2
66	66	6
97	98	5
53	55	1
16	83	2
73	83	2
74	153	1
51	51	6
117	123	2
39	54	3
34	108	1
33	34	2
71	72	3
106	143	1
62	87	2
76	80	3
133	134	6
42	82	5
84	109	2
89	160	3
36	36	12
24	127	5
155	156	3
143	145	5
100	140	1
117	119	4
67	150	2
17	18	6
10	47	1
69	102	4
115	116	4
96	97	6
1	10	3
108	110	3
110	137	1
132	161	1
84	115	1
80	80	9
51	52	4
79	80	4
124	136	1
136	144	1
19	21	2
70	73	3
76	139	4
21	22	5
78	78	8
120	164	1
134	145	3
114	115	1
89	99	2
123	124	3
88	99	3
138	140	5
39	40	5
117	120	5
114	117	1
73	73	8
88	157	1
168	170	5
24	126	3
10	25	4
11	52	2
99	141	2
146	146	7
56	58	5
83	102	3
105	107	3
44	52	2
17	83	2
63	146	2
155	158	1
57	100	1
45	49	2
49	99	2
25	49	1
128	129	2
86	87	4
166	168	3
42	43	1
144	156	5
41	55	2
84	85	3
13	14	2
8	9	2
121	123	1
96	132	4
84	90	2
27	33	7
23	39	2
70	103	5
64	67	1
11	51	5
18	20	3
48	49	3
37	38	2
11	21	2
48	77	2
47	50	2
118	120	1
4	5	4
36	108	2
57	58	2
165	166	2
120	124	1
102	140	2
119	120	11
1	3	1
2	170	1
86	155	4
20	36	1
111	140	3
77	106	1
110	143	4
9	18	4
117	161	3
13	45	2
62	84	5
133	135	1
75	127	1
38	165	4
24	152	8
53	54	3
122	123	2
95	95	3
125	136	2
71	74	4
92	106	1
81	113	4
141	141	5
64	162	2
128	141	1
4	53	1
94	95	2
21	69	2
2	4	2
2	16	1
106	109	1
52	53	1
46	73	3
76	130	1
20	38	4
75	76	2
97	141	1
148	166	2
12	24	1
88	160	1
26	41	2
116	140	3
144	149	2
154	163	3
140	153	2
0	12	3
97	101	1
26	45	2
116	119	1
131	132	2
76	141	1
75	77	1
145	147	1
43	51	3
143	144	8
160	162	2
76	77	1
109	111	1
20	82	1
162	166	1
83	114	1
38	64	1
81	165	3
138	139	3
94	122	1
91	106	3
137	141	2
71	102	3
66	68	2
97	135	1
71	79	3
89	96	1
74	108	1
130	132	2
103	150	1
150	153	3
126	127	3
151	153	2
109	148	2
92	118	2
147	148	4
113	142	1
143	148	2
139	141	1
61	79	2
153	165	1
79	125	1
89	108	2
35	88	1
107	109	1
110	129	2
39	164	3
125	144	1
16	55	1
13	40	1
28	52	3
58	142	1
22	35	1
105	110	1
0	1	1
146	147	1
161	163	2
72	73	2
41	44	1
74	145	2
125	143	1
112	135	1
145	148	2
69	78	1
7	24	1
38	39	1
116	152	1
110	116	2
39	161	1
116	141	2
90	159	1
2	7	1
82	113	1
156	165	1
137	139	2
108	138	1
15	18	3
15	22	1
112	120	1
23	152	1
26	27	2
14	152	2
74	150	3
89	144	1
148	149	1
68	146	1
67	148	1
68	102	3
0	2	1
116	135	1
101	155	1
111	116	2
36	78	1
1	15	3
24	80	2
70	79	1
101	114	1
28	48	1
63	104	1
105	116	1
76	82	1
62	86	1
15	84	1
4	6	1
130	157	1
93	94	2
36	37	1
114	135	1
72	103	1
136	141	1
80	101	1
102	155	1
23	24	1
35	41	1
45	51	1
27	50	1
70	99	1
69	104	1
79	107	1
37	41	1
41	43	1
163	166	2
22	81	2
110	141	1
102	149	1
76	126	2
72	75	1
130	161	1
56	71	1
127	128	1
167	169	1
80	130	1
106	108	1
135	156	1
13	57	1
112	139	1
37	158	1
25	83	1
89	156	1
24	76	1
120	122	1
