19	19	8
53	59	1
6	6	3
56	58	2
131	132	2
60	60	3
17	17	3
128	130	2
2	36	2
89	90	5
113	115	2
90	90	6
29	29	3
82	82	1
18	19	3
14	16	1
128	128	2
23	27	1
124	124	5
28	28	3
48	116	1
18	28	1
55	55	4
39	39	4
87	88	2
121	126	1
83	99	2
24	31	1
48	112	2
40	117	1
21	21	3
23	29	2
68	70	3
98	98	6
92	117	1
22	33	1
77	77	2
118	119	1
67	67	1
80	83	2
62	65	1
122	123	2
114	121	1
114	114	1
98	99	2
90	115	1
141	141	3
51	51	5
117	120	1
63	63	3
29	32	1
22	26	1
52	126	1
46	47	1
18	33	2
90	100	1
23	48	1
2	16	2
1	3	1
25	33	1
20	20	3
115	116	2
123	124	1
145	145	2
3	37	1
87	87	1
25	25	2
13	118	1
38	38	6
139	139	3
60	61	2
49	50	4
69	69	2
17	30	2
20	36	1
135	139	1
36	57	2
26	27	3
140	141	4
109	109	1
43	43	2
10	10	3
87	118	3
52	106	1
6	38	2
23	25	1
133	133	3
0	14	1
120	130	1
66	123	2
76	78	2
70	70	2
64	68	1
102	105	1
108	108	1
4	6	2
2	2	3
80	81	2
116	117	5
35	36	1
20	21	3
119	119	1
126	126	2
30	30	1
43	129	1
79	79	1
13	13	1
115	115	2
15	15	1
82	105	1
58	59	1
131	134	1
77	78	2
91	91	1
17	37	1
57	58	2
40	40	2
51	106	2
76	77	1
95	95	2
81	129	1
142	142	4
30	38	1
8	8	3
38	41	1
135	135	3
99	110	1
89	89	1
127	127	2
135	136	3
76	76	1
71	71	4
18	32	1
22	23	1
74	74	2
112	112	1
144	145	1
131	131	4
122	122	2
128	135	1
108	134	1
65	65	2
38	117	2
54	57	1
79	80	1
132	132	2
2	4	1
80	80	2
21	100	1
58	60	1
16	16	1
125	126	2
3	3	1
18	18	3
55	58	1
72	74	1
84	97	1
113	113	2
113	118	1
92	92	1
48	48	1
103	103	1
24	24	2
32	33	1
113	117	2
88	89	1
49	52	1
31	31	1
105	105	1
88	137	1
14	14	1
59	59	1
75	95	1
3	26	2
66	125	1
69	70	2
96	111	1
124	142	1
2	37	1
51	100	1
8	10	2
94	97	1
114	115	1
15	16	2
55	130	1
135	138	1
99	99	2
54	54	1
25	32	1
117	118	1
40	132	1
62	63	1
93	123	2
41	42	1
3	17	1
140	140	5
124	125	1
67	125	1
137	137	2
4	5	1
36	36	2
99	101	1
71	73	1
92	94	1
101	102	1
22	22	2
81	81	2
102	102	1
49	100	1
85	95	2
98	100	2
79	85	1
23	31	1
64	65	1
78	79	2
31	33	1
120	120	1
78	80	1
93	93	1
15	39	1
141	142	1
106	121	1
0	1	1
52	53	1
49	49	1
41	41	2
71	121	1
42	42	1
13	14	1
53	106	1
111	135	1
112	114	1
80	127	1
52	105	1
88	88	1
76	85	1
85	98	1
70	71	1
134	134	2
23	23	1
66	67	2
69	73	1
36	54	1
136	137	1
27	28	1
91	130	1
56	93	1
67	118	2
85	85	1
82	83	1
68	68	1
59	62	2
87	94	1
62	62	1
117	117	1
14	135	1
99	100	1
59	123	1
108	119	1
143	144	1
