95	95	1
128	128	1
97	159	3
127	127	4
34	34	2
151	152	1
84	161	1
17	17	2
85	85	2
104	104	4
109	109	1
108	109	1
102	102	1
51	55	1
124	125	2
168	168	2
144	149	1
91	101	1
66	96	1
148	149	1
114	118	2
159	159	1
30	31	1
100	105	1
68	78	1
125	125	2
23	24	2
83	130	2
26	27	3
152	154	1
100	100	2
60	60	1
137	161	1
71	72	1
76	76	2
28	29	2
9	9	2
35	39	1
80	81	3
90	134	4
101	101	3
140	140	2
10	10	1
88	89	1
174	174	1
68	68	2
8	21	1
3	5	2
4	5	3
144	147	1
29	50	1
63	64	3
2	3	2
111	111	1
109	127	1
89	159	2
103	104	3
104	112	2
60	61	2
143	143	1
163	163	2
11	20	1
134	134	1
41	41	2
133	135	3
128	164	1
163	165	3
74	124	2
56	56	1
13	24	1
14	14	4
27	58	2
129	131	2
109	118	1
177	178	1
107	108	1
131	135	1
115	115	1
107	107	3
114	121	5
112	112	6
96	98	2
65	66	1
28	28	3
8	8	2
114	114	1
167	168	1
141	153	1
119	121	1
5	6	2
96	97	3
78	110	1
62	63	2
139	140	1
121	121	2
13	13	2
19	20	3
6	7	1
105	105	1
82	82	2
118	119	3
121	122	1
88	155	2
30	30	1
36	39	2
106	124	1
27	62	1
58	58	2
137	137	3
35	36	4
126	126	1
113	120	2
173	175	1
82	129	1
149	149	1
10	17	1
162	162	2
49	49	1
93	93	1
90	91	1
54	54	2
37	38	2
10	11	1
31	31	1
85	113	2
32	33	1
127	128	1
12	12	2
164	166	1
164	165	1
101	147	1
82	85	1
54	55	1
77	174	1
97	97	1
28	30	1
61	61	1
112	125	1
71	71	1
103	105	1
148	148	2
32	32	1
101	102	3
176	176	2
49	50	1
79	79	2
116	116	1
145	145	2
10	16	1
161	164	1
84	160	1
98	98	3
84	84	1
18	18	3
45	115	1
166	166	1
81	108	1
50	50	1
77	172	1
123	124	1
103	103	2
130	130	1
112	123	1
118	118	2
38	38	1
103	113	2
40	40	1
93	99	1
24	26	1
123	123	1
37	37	3
106	106	3
110	111	2
14	15	2
89	89	1
145	165	2
135	135	4
153	158	1
78	79	1
3	3	2
104	111	1
140	176	1
142	153	1
41	42	1
8	20	1
142	142	2
16	17	2
18	19	1
27	28	1
39	40	2
74	74	1
26	28	1
165	166	1
167	167	1
154	162	2
29	59	1
109	110	2
120	120	1
22	22	1
111	112	1
143	144	4
115	117	1
29	31	1
151	151	1
164	168	1
63	63	1
134	135	1
178	178	1
8	17	1
131	131	1
104	108	1
105	106	2
11	11	1
11	16	2
17	19	1
131	159	1
123	125	1
104	105	1
55	56	1
62	62	2
19	19	1
66	67	1
122	170	2
98	99	1
57	57	1
91	91	1
15	15	1
8	25	1
126	127	1
22	23	1
109	112	1
157	158	1
11	12	1
160	160	1
12	13	1
66	83	1
40	41	1
152	152	1
84	159	1
61	72	1
170	170	1
15	119	1
11	25	1
103	112	1
91	93	1
53	53	1
91	94	1
38	41	1
161	162	1
99	129	1
43	118	1
142	143	1
10	45	1
143	147	1
64	64	1
105	127	1
13	14	1
161	161	1
145	146	1
