45	46	1
38	38	4
4	6	2
38	59	1
44	44	1
9	9	2
32	33	3
6	6	5
32	34	3
38	56	2
0	16	1
3	3	1
42	42	5
19	19	3
11	25	2
51	53	1
33	34	2
46	46	1
16	17	3
40	40	1
25	42	1
43	43	3
23	39	1
48	50	1
44	55	1
17	18	1
45	45	3
5	12	2
1	12	3
12	23	1
11	12	2
35	36	1
53	58	2
39	54	2
18	18	3
14	16	1
48	48	2
49	51	1
40	45	1
10	10	3
3	34	2
37	37	3
8	8	4
55	55	2
10	23	3
35	35	1
49	52	3
12	47	1
39	62	1
23	25	1
55	60	2
36	52	1
53	53	2
11	11	2
52	52	2
7	11	1
47	47	2
12	16	1
3	5	1
25	25	3
43	49	2
38	54	1
59	59	1
56	56	3
43	44	1
4	20	1
5	5	2
2	2	1
17	40	2
21	21	1
3	47	1
13	14	1
31	31	1
7	13	1
34	34	1
29	50	1
1	6	1
59	60	1
10	33	2
55	56	1
61	62	1
0	5	1
43	46	1
3	13	1
2	46	1
51	52	1
6	7	2
39	40	2
49	49	1
18	25	1
1	1	1
42	43	1
22	22	1
41	41	1
57	60	1
15	15	1
8	41	1
29	29	1
36	36	1
44	47	1
38	40	1
5	21	1
32	45	1
34	57	1
24	24	1
6	11	1
17	17	1
17	21	1
