46	46	13
40	42	8
17	17	7
3	6	5
1	2	2
47	47	11
34	34	4
1	17	3
52	52	9
42	42	2
31	31	4
19	19	9
14	14	6
12	12	5
23	24	3
40	40	7
50	50	5
39	39	7
44	44	4
21	21	2
1	1	2
34	36	1
20	20	4
30	31	3
22	22	2
36	36	8
10	10	9
17	18	1
2	2	3
11	11	2
30	30	2
45	45	6
51	51	3
35	38	2
35	36	1
58	58	2
18	18	5
52	54	12
49	49	4
13	13	3
48	48	5
54	54	3
50	56	5
10	12	1
6	7	1
9	9	5
16	16	5
18	19	1
8	8	3
38	40	2
54	55	1
40	41	5
38	38	2
0	0	1
5	5	2
53	54	1
32	32	2
37	38	1
56	56	4
55	55	2
43	43	5
35	35	1
4	4	1
7	7	1
16	18	1
3	3	4
50	52	2
41	41	4
7	8	1
51	52	1
28	29	1
11	12	1
57	57	1
33	33	1
33	34	1
