152	211	5
195	198	2
75	75	2
203	203	8
223	224	2
80	80	1
93	93	9
31	32	4
113	113	6
21	21	9
242	242	5
109	109	7
160	161	1
79	81	2
71	91	4
165	166	4
64	65	11
242	243	1
2	2	3
39	39	11
152	208	3
160	160	5
217	217	2
42	42	3
120	120	6
48	248	6
59	59	5
116	116	11
36	36	13
169	169	7
63	63	3
156	156	8
87	87	9
168	169	3
179	179	2
25	25	6
38	38	14
184	184	5
110	110	3
16	16	3
178	178	7
90	90	9
233	233	3
43	110	3
225	225	3
185	236	2
165	165	9
60	60	3
99	99	5
62	62	2
215	225	4
214	214	6
73	73	2
54	88	3
173	242	3
56	61	1
51	51	8
66	166	4
18	19	5
50	50	2
33	33	12
114	114	16
244	244	3
184	236	4
6	6	4
173	173	2
5	5	10
235	235	19
67	68	4
65	65	5
115	115	2
69	69	10
78	79	1
207	207	1
225	226	7
85	89	2
39	40	3
222	223	2
239	240	6
219	219	1
162	175	4
157	157	9
181	181	6
45	45	7
29	33	2
202	202	6
106	106	3
80	81	3
167	213	2
118	118	3
51	52	5
14	14	1
151	151	14
28	28	5
7	7	5
105	105	2
88	105	3
41	41	6
8	8	2
206	206	4
204	204	14
87	99	6
52	110	2
24	25	8
199	199	3
46	46	5
195	195	5
85	85	7
117	117	10
30	31	4
30	119	5
35	35	4
181	227	2
224	224	2
196	196	6
161	178	3
201	202	1
214	215	9
197	197	7
52	53	4
20	202	1
244	245	3
113	114	7
43	62	3
9	9	4
21	22	3
232	233	3
43	45	4
88	101	2
27	27	7
95	95	4
91	91	1
43	44	3
119	119	4
113	118	2
174	174	4
24	24	5
175	175	2
185	186	3
167	168	1
213	223	1
162	178	4
110	204	4
12	12	2
65	66	3
205	205	7
234	234	4
180	180	6
175	176	7
157	180	5
17	17	4
44	44	7
94	95	1
220	220	8
218	218	4
157	159	1
92	92	3
34	34	4
15	16	4
200	201	2
229	229	4
93	114	1
55	55	2
202	203	5
37	37	3
207	235	4
177	178	3
237	239	5
76	77	4
178	179	3
64	74	2
8	9	2
45	46	3
170	172	3
121	121	2
190	190	3
187	191	3
19	19	15
41	115	2
22	22	4
46	110	3
168	168	4
20	20	9
172	172	6
245	247	4
204	205	1
18	18	2
11	11	4
53	53	3
0	0	4
195	196	1
44	45	3
76	76	6
1	1	3
156	160	1
46	71	3
226	226	6
227	229	2
159	236	3
94	94	4
237	237	2
51	114	1
5	65	3
188	192	1
61	62	6
98	98	5
57	62	2
94	114	2
167	234	2
68	68	5
221	223	4
70	70	1
188	189	1
72	105	2
8	16	5
77	78	1
209	209	1
86	95	2
93	95	2
22	161	1
106	107	1
208	208	2
243	244	3
183	200	2
23	23	3
245	245	1
177	197	2
78	78	2
198	199	4
56	56	1
219	224	1
162	162	3
40	92	1
198	198	5
239	239	2
67	67	1
154	154	4
176	177	1
171	171	1
200	200	2
31	31	4
25	29	1
74	74	4
9	92	1
153	153	6
207	226	4
176	179	1
158	158	6
155	156	1
192	192	1
68	69	2
152	152	3
104	104	1
164	164	2
96	96	2
37	108	1
154	155	1
201	201	2
112	112	3
207	231	2
232	232	3
29	30	1
236	236	1
162	165	2
240	240	5
221	221	6
58	58	1
187	187	2
231	231	1
205	206	2
232	234	4
227	227	3
49	49	1
212	212	2
8	39	1
43	43	1
95	96	1
61	61	1
45	62	1
30	34	3
230	230	3
40	40	4
27	28	1
26	31	1
47	75	1
30	30	1
163	164	1
2	3	1
234	235	1
81	81	1
63	65	1
238	238	2
89	89	1
28	31	1
47	248	1
15	15	1
55	109	2
8	87	1
192	212	1
169	170	1
152	153	1
150	150	1
44	111	1
85	86	1
4	4	1
176	176	1
158	190	1
