77	77	2
5	5	4
29	29	3
21	21	3
39	39	3
57	57	5
32	32	1
48	48	4
13	13	2
56	56	4
9	10	1
8	77	1
35	37	1
5	8	1
38	79	1
55	67	1
65	65	1
19	19	1
0	0	2
27	28	1
7	7	5
48	65	3
38	38	1
66	66	4
18	18	2
79	79	1
62	65	1
50	51	2
16	16	1
27	27	7
39	63	1
69	69	4
71	71	1
62	62	3
14	14	3
1	3	1
10	12	1
79	80	1
17	30	1
78	78	3
17	17	2
6	25	1
76	76	2
61	61	7
41	42	2
63	63	1
14	21	2
55	55	2
65	74	1
62	72	1
40	40	4
40	56	1
28	56	1
40	58	1
13	70	2
25	26	1
26	26	2
56	66	1
39	40	1
47	47	2
4	4	3
33	36	1
57	58	1
31	31	2
44	44	1
33	33	3
9	9	2
20	20	1
35	51	1
40	79	1
58	58	1
11	11	1
53	54	1
37	37	1
36	37	2
25	25	2
42	42	4
35	35	4
73	74	1
74	74	2
6	6	3
30	30	2
10	13	1
30	71	1
58	63	1
6	10	1
76	78	1
52	54	1
51	51	1
51	53	1
13	69	2
32	51	2
62	63	1
51	65	1
53	53	1
59	60	2
58	59	1
29	30	1
71	72	1
49	49	1
41	41	2
43	58	1
72	73	1
66	67	1
50	50	2
49	54	1
51	52	2
50	52	1
62	66	1
46	49	1
8	8	1
3	11	1
16	77	1
13	14	1
14	15	1
17	18	1
27	52	1
31	32	1
13	67	1
