112	138	1
134	135	2
141	141	3
124	125	3
97	118	1
49	50	4
105	108	1
23	23	4
21	110	1
122	122	10
39	39	1
66	67	2
11	12	3
85	88	1
44	44	3
103	104	2
64	65	1
18	39	1
127	127	2
106	107	1
20	23	2
102	102	1
63	64	3
151	151	3
116	130	1
9	10	1
86	87	1
4	4	1
91	97	1
68	68	4
26	26	3
123	123	3
45	54	1
145	146	1
92	93	1
78	78	2
24	24	5
144	146	1
53	134	1
5	33	2
42	54	2
115	115	5
113	113	5
12	12	3
74	75	1
73	74	4
14	14	3
14	28	2
142	145	1
112	113	2
119	119	3
121	126	1
110	111	3
109	109	4
43	43	3
80	85	1
18	53	1
38	40	1
16	19	3
143	143	5
42	42	2
21	21	3
38	43	4
100	100	5
82	83	1
53	54	1
118	118	2
20	20	2
136	136	3
66	66	1
32	43	2
135	135	1
128	140	1
5	31	1
131	132	1
145	145	4
141	145	3
42	51	1
24	42	1
9	9	1
131	134	1
37	37	1
4	5	1
4	32	1
77	78	2
11	11	3
54	55	1
45	45	2
115	116	4
149	149	1
40	42	2
76	110	1
93	94	2
107	108	1
74	78	1
49	49	1
145	147	2
100	149	1
68	72	1
41	154	1
106	109	1
113	114	3
117	118	1
107	151	1
84	84	1
86	110	1
41	41	1
136	139	1
21	22	2
2	36	1
97	98	2
125	126	1
27	42	1
38	113	1
105	105	1
56	141	1
14	86	2
2	2	1
144	145	3
63	63	2
22	23	1
109	110	1
79	79	5
8	8	2
18	19	3
99	100	1
27	27	1
98	98	2
30	32	2
42	43	1
40	40	1
108	108	2
78	83	1
57	57	1
100	107	1
64	64	3
24	29	1
133	135	1
129	130	2
96	128	1
31	46	1
121	121	1
17	27	2
147	147	1
96	151	1
7	15	2
36	104	1
99	99	2
137	143	1
10	10	3
46	46	2
106	110	1
114	123	1
95	96	3
58	116	1
24	28	1
33	35	1
137	138	1
69	80	2
76	76	1
150	150	2
67	68	2
96	96	1
83	86	1
120	120	1
54	66	1
70	70	2
38	38	2
17	18	1
32	113	2
154	154	1
32	94	1
28	28	1
28	29	4
9	117	1
112	115	1
46	118	1
143	144	1
132	132	1
40	43	1
130	130	2
78	79	1
87	87	2
132	133	1
22	33	2
90	93	1
12	15	1
132	153	1
35	38	1
69	69	1
95	95	1
25	26	1
15	99	2
124	128	1
104	104	1
97	111	1
81	81	2
19	19	1
133	134	1
130	136	1
29	30	1
57	142	1
76	127	1
114	114	1
11	69	1
65	65	1
24	25	1
68	69	2
21	23	1
22	22	1
138	138	2
122	123	1
64	146	1
150	151	1
137	137	1
24	31	2
109	113	1
125	127	1
118	119	1
15	15	1
118	122	1
100	101	1
74	84	1
109	114	1
141	142	1
49	53	1
74	74	1
126	126	1
46	49	1
12	13	1
148	148	1
67	67	1
144	151	1
32	33	1
128	128	1
139	139	1
85	85	1
146	146	1
149	151	1
31	32	1
55	56	1
136	137	1
32	95	1
85	86	1
116	116	1
6	6	1
13	14	1
84	85	1
14	115	1
