14	14	1
139	139	6
85	129	1
146	147	1
149	151	1
70	71	1
37	38	2
43	45	4
73	73	3
122	122	2
10	10	2
37	37	2
110	112	1
35	35	3
143	144	1
87	88	1
94	94	5
132	132	2
43	43	1
17	17	8
106	106	3
29	30	2
54	54	5
35	149	2
23	23	3
147	154	1
46	54	2
140	140	1
152	152	2
22	23	3
24	24	2
83	105	3
94	100	1
9	10	1
36	36	1
123	139	1
55	56	1
72	72	5
77	77	1
150	150	2
83	83	1
79	80	3
122	123	1
26	26	1
53	53	5
123	123	1
114	115	1
18	18	2
84	84	3
25	25	2
44	44	2
41	41	3
18	19	3
148	148	1
45	45	4
131	131	2
110	110	7
108	109	2
151	152	1
14	25	1
69	104	1
55	58	2
147	147	4
93	93	2
69	90	2
4	5	2
119	120	2
143	143	2
111	111	3
117	118	1
68	92	1
16	17	1
92	92	1
62	62	3
57	57	2
45	46	2
99	99	3
112	113	2
123	140	4
98	99	1
134	141	1
7	9	3
131	133	1
130	131	1
149	149	3
109	109	2
94	97	1
126	126	1
133	147	2
76	78	3
94	95	3
114	151	1
119	129	1
85	130	1
64	65	2
141	141	1
104	105	1
6	15	1
140	143	2
107	108	2
71	72	2
51	51	1
130	130	3
144	144	1
124	124	4
100	100	2
46	46	1
125	127	2
114	114	1
32	37	2
109	112	1
127	127	1
134	134	1
12	13	1
19	19	1
133	148	1
151	151	2
15	15	1
4	4	1
132	133	2
22	22	1
90	90	1
65	65	1
63	63	1
96	96	3
101	101	4
69	105	1
146	146	1
119	119	4
50	52	3
69	69	1
20	25	4
98	98	2
33	151	2
115	115	1
33	149	1
21	21	1
112	112	1
79	79	3
5	6	1
16	16	3
20	23	3
39	39	1
133	133	1
150	152	1
102	102	2
78	78	2
9	9	1
113	113	1
10	11	2
39	40	1
20	20	3
91	104	1
19	23	1
94	96	1
39	48	1
71	71	1
87	87	1
103	103	3
114	117	1
11	11	1
123	124	2
27	28	2
119	122	1
56	154	1
86	103	2
129	131	1
87	93	2
78	80	1
48	48	2
64	64	3
124	128	1
67	67	1
133	134	1
66	67	2
28	30	1
149	150	1
9	13	1
55	138	1
108	108	1
129	130	3
113	114	1
13	14	1
15	19	1
131	134	1
38	38	3
132	147	1
87	102	1
96	97	1
134	135	1
5	7	1
138	138	2
76	77	1
28	28	1
6	6	2
109	110	1
153	154	1
108	111	1
141	142	2
13	13	1
47	47	1
12	12	2
69	102	1
97	100	1
102	128	1
27	30	1
70	86	1
68	68	1
135	135	1
34	34	1
84	106	1
75	75	1
56	57	1
118	128	1
52	54	1
121	121	1
56	56	1
52	52	1
118	118	1
99	100	1
78	106	1
110	115	1
107	107	1
116	150	1
38	150	1
85	85	1
62	81	1
3	3	1
