47	47	17
18	19	3
44	46	8
31	31	4
45	45	8
19	20	3
30	30	9
18	18	9
36	36	11
42	42	5
19	19	9
23	23	4
44	44	10
24	24	7
31	32	3
27	37	1
37	42	3
46	46	6
29	29	11
41	41	11
37	39	3
21	21	4
39	39	8
47	49	3
40	45	2
43	43	11
24	31	1
39	42	2
35	35	6
32	32	14
40	41	4
33	34	5
35	37	4
38	39	3
45	47	2
38	38	6
34	35	3
21	22	3
25	25	8
28	33	2
26	29	1
48	49	2
34	34	7
26	26	4
20	20	2
38	46	5
37	43	4
39	41	3
37	37	16
32	50	3
43	44	6
29	30	2
38	43	5
24	42	4
23	24	6
17	17	8
43	45	4
27	35	4
26	51	1
50	50	7
48	48	4
49	49	2
34	45	3
28	29	1
40	40	2
22	22	4
28	50	3
30	31	3
20	21	2
34	44	1
44	45	2
39	40	3
45	48	2
27	32	1
27	28	3
37	44	1
26	33	1
24	26	2
