66	66	1
53	96	2
22	22	4
42	42	1
81	82	1
16	17	2
56	77	1
158	164	1
9	39	2
60	60	4
58	58	2
99	99	2
93	101	1
18	19	1
6	6	2
44	111	1
87	89	2
102	181	1
80	80	4
143	183	1
185	185	1
11	16	2
182	182	4
38	76	1
78	78	3
169	184	1
73	73	3
124	124	8
153	157	1
24	24	4
70	71	2
60	61	3
67	67	5
150	151	4
167	193	1
37	37	4
100	115	1
34	37	1
97	130	2
73	74	1
114	122	1
0	0	4
52	52	3
167	189	1
157	161	1
94	98	2
84	85	3
18	18	1
93	93	2
125	125	2
19	19	2
132	133	2
186	186	5
137	138	1
149	149	3
17	17	3
182	188	1
141	141	3
138	196	1
10	13	1
116	140	4
105	106	5
12	12	4
143	175	1
99	100	2
77	79	1
139	140	4
135	148	1
23	23	5
93	95	1
161	163	2
51	51	5
2	31	1
156	156	3
89	90	1
21	21	2
109	109	3
71	90	1
133	150	1
155	185	1
116	116	3
27	27	3
47	184	1
147	147	1
174	175	2
7	7	5
113	148	2
8	25	1
4	8	2
122	122	1
177	182	3
176	178	1
127	127	2
142	142	6
154	156	1
1	1	3
156	158	1
162	165	4
55	55	4
180	180	2
183	184	1
113	113	3
68	68	4
96	98	1
152	152	1
46	46	4
138	138	2
152	153	1
190	191	1
172	172	3
164	165	1
85	85	4
128	128	5
197	197	1
194	194	3
3	3	1
161	161	5
154	154	1
2	2	2
151	167	2
13	13	5
165	165	2
126	126	3
16	38	1
105	105	3
15	15	1
155	159	2
155	155	1
94	102	1
53	53	3
103	181	2
35	35	3
76	76	2
195	195	1
139	139	1
8	67	1
117	125	1
79	79	2
95	97	1
144	144	2
123	123	2
88	89	2
163	171	2
51	52	1
94	188	1
162	167	2
147	188	2
39	60	1
30	30	4
44	50	1
87	87	1
63	64	1
93	104	1
75	75	2
26	26	1
83	83	2
34	35	1
71	72	1
107	108	4
65	65	2
97	97	3
169	170	1
54	54	2
38	66	2
94	95	1
72	73	1
82	82	2
4	4	2
24	45	1
88	88	1
134	135	2
83	87	1
14	14	1
29	29	2
155	191	1
3	35	1
21	24	1
131	131	2
160	160	3
145	148	1
101	101	2
119	138	1
46	130	1
65	66	1
159	159	1
101	103	1
45	45	4
61	61	3
60	186	1
170	186	1
55	73	1
11	11	4
133	133	1
25	87	1
173	173	2
47	47	3
12	30	2
69	69	4
20	20	2
110	110	4
170	170	1
99	141	1
186	187	2
146	146	1
110	112	2
176	177	1
109	165	1
39	39	2
175	175	2
23	24	2
99	101	2
100	100	2
182	187	1
115	116	1
108	109	1
40	40	1
28	28	2
132	154	1
150	150	5
102	102	1
97	114	1
135	136	1
71	71	2
0	2	3
1	2	1
104	105	1
44	122	1
25	26	1
169	169	5
38	38	2
174	174	1
149	194	1
178	191	2
30	31	2
62	108	1
193	193	2
102	103	1
159	166	1
49	139	1
153	162	1
184	185	1
42	100	1
136	148	1
34	42	1
59	68	1
188	188	1
130	135	1
183	183	1
185	188	2
130	130	1
48	48	3
32	32	3
5	7	1
14	33	1
8	8	2
131	148	1
33	69	1
111	112	2
176	190	1
60	62	1
145	145	2
157	158	1
137	147	1
161	171	1
159	190	1
78	88	2
166	167	1
159	160	1
81	83	1
164	167	1
162	163	1
114	114	1
56	60	1
36	64	1
112	113	1
29	164	1
57	59	1
80	88	1
161	162	1
19	20	1
49	49	2
17	18	1
16	69	1
56	56	2
75	79	2
36	41	1
178	194	1
88	123	1
115	132	1
96	97	1
108	108	3
172	187	2
136	140	1
177	177	2
155	186	1
35	64	1
3	44	1
52	53	1
120	125	1
187	187	1
53	62	1
136	152	1
95	95	1
181	181	1
191	192	1
48	49	3
50	50	1
113	149	1
158	158	1
117	117	1
160	165	1
157	157	1
45	65	1
134	134	3
25	25	1
132	169	1
130	134	1
83	84	1
142	143	1
147	163	1
38	107	1
26	79	2
194	195	2
140	140	1
135	135	2
181	182	1
179	179	1
20	22	1
31	31	1
44	74	1
42	43	1
56	57	1
153	153	1
58	62	1
94	124	1
33	79	1
174	176	1
144	145	1
151	151	1
31	72	1
168	168	1
32	181	1
72	72	1
20	21	1
99	119	1
98	172	1
193	194	1
77	77	2
173	175	2
160	177	1
104	104	2
67	69	1
46	133	1
120	120	1
177	179	1
57	57	1
81	85	1
67	68	2
18	20	1
10	44	1
60	142	1
32	33	1
76	79	1
43	43	1
155	189	1
84	86	1
3	4	1
8	37	1
154	155	1
96	100	1
115	160	1
190	190	1
93	120	1
33	35	1
132	132	1
