65	65	2
72	73	3
46	47	3
77	77	2
90	90	4
19	19	4
35	36	1
82	104	1
15	15	1
107	107	2
12	21	2
74	74	7
85	85	5
95	95	1
21	22	2
118	119	4
30	30	7
76	76	4
79	80	1
78	108	1
94	94	2
33	33	4
103	103	2
25	25	4
91	92	2
85	89	1
134	134	2
87	87	2
26	27	2
98	101	1
111	111	2
125	126	1
93	114	1
25	26	3
95	96	5
78	78	6
82	82	4
113	113	2
94	116	1
29	32	1
83	101	1
8	8	3
119	119	1
32	33	4
57	57	2
104	104	3
59	61	1
77	78	2
5	5	2
35	35	4
38	72	1
40	42	1
113	115	1
131	131	2
43	43	1
18	18	2
40	41	5
71	71	3
91	91	2
84	84	5
4	5	1
83	132	2
13	14	2
58	59	1
91	105	1
83	84	1
41	42	1
118	118	3
109	110	2
93	108	1
40	48	1
14	15	4
11	11	2
100	101	1
60	60	1
45	45	7
58	58	1
115	132	1
10	10	2
102	102	8
100	131	1
84	85	3
86	128	2
72	72	3
6	8	2
11	13	2
85	131	2
99	130	1
120	120	6
81	81	1
89	102	1
64	65	3
36	59	1
87	102	3
9	9	3
128	128	2
43	55	1
29	31	2
48	48	1
133	133	1
76	77	1
59	59	1
81	108	1
63	64	3
61	62	2
38	39	1
120	121	1
37	37	1
105	110	1
34	35	1
104	111	1
43	57	1
8	23	2
14	84	2
17	17	2
38	75	1
96	96	4
56	58	1
20	21	1
93	93	2
109	109	2
69	69	1
80	80	2
96	114	1
35	76	1
85	101	1
3	4	1
86	86	1
17	19	2
22	24	1
33	34	3
92	92	3
68	68	3
101	102	1
105	106	2
24	25	2
7	24	1
123	123	2
92	109	2
45	46	2
85	119	1
12	18	1
17	18	2
44	44	2
42	42	1
36	45	1
106	107	2
111	112	1
26	26	2
89	89	2
84	86	2
113	114	1
0	0	1
39	40	3
29	30	1
28	28	3
88	88	2
4	4	1
16	16	3
114	115	2
114	132	1
21	21	1
101	101	2
73	74	1
37	58	1
42	57	2
39	47	1
75	75	3
13	15	1
97	97	1
68	69	1
73	73	1
106	110	1
106	106	1
87	101	1
66	66	1
71	74	1
55	56	1
83	92	1
90	103	2
97	99	1
43	45	1
34	34	1
108	108	1
12	16	1
61	61	1
13	13	1
23	23	1
88	102	1
40	49	1
109	133	1
64	64	1
84	92	1
129	129	1
78	105	1
112	115	1
