11	11	3
21	22	1
45	45	3
29	29	3
41	41	6
54	54	5
32	32	3
45	48	1
17	17	4
47	47	3
56	56	2
41	45	1
19	19	5
16	16	1
58	58	3
44	45	4
4	4	1
8	8	3
8	45	1
37	38	1
39	39	2
14	14	1
27	28	1
36	57	1
30	30	1
10	11	1
13	13	2
28	28	1
18	18	2
34	39	2
42	42	6
18	19	2
4	7	1
47	48	1
2	14	1
12	12	3
19	42	1
31	32	2
36	38	1
48	49	1
15	15	3
5	6	1
55	55	4
44	44	3
7	7	1
3	3	1
14	15	2
28	29	1
28	37	1
6	6	1
1	17	1
5	5	1
43	44	1
36	36	1
46	46	2
0	0	1
22	22	1
52	52	1
15	16	1
13	14	1
1	13	1
50	50	1
48	48	1
57	57	1
40	40	1
35	35	1
49	49	1
6	14	1
19	20	1
