83	83	5
137	138	1
5	7	2
26	26	4
11	33	2
66	109	1
81	81	4
40	41	2
112	112	3
159	159	5
92	142	1
14	15	2
168	168	3
129	161	1
171	172	3
114	114	4
16	17	2
103	166	1
10	12	1
56	56	2
160	161	4
50	51	4
85	85	5
108	109	3
24	24	5
29	29	3
129	157	1
155	178	1
57	64	1
71	71	6
36	37	1
153	174	2
106	106	5
72	73	2
51	53	1
77	78	3
29	44	2
73	73	6
106	109	1
111	111	5
90	91	1
25	25	1
121	164	1
117	117	5
100	107	1
116	120	1
78	78	3
145	145	1
87	87	3
61	134	1
176	176	3
37	37	4
111	161	1
147	148	2
31	31	4
30	172	1
12	12	3
34	35	6
147	147	3
170	170	4
62	62	5
77	77	3
136	136	5
128	128	2
103	103	1
36	36	4
155	156	6
5	45	1
30	30	2
123	123	2
5	53	1
173	173	2
4	76	1
127	127	5
109	119	1
113	164	1
141	141	5
64	64	7
57	57	6
56	80	3
81	86	4
102	102	4
21	23	1
35	40	1
132	132	2
55	55	3
140	140	3
3	14	1
96	97	2
60	60	5
81	135	2
40	40	3
2	61	2
8	11	2
62	127	2
161	161	4
143	143	4
52	52	5
96	96	8
123	124	7
27	27	3
121	123	1
62	65	2
118	129	2
15	21	1
152	152	7
16	16	7
93	93	3
167	167	1
133	133	6
28	28	1
80	128	2
142	142	5
31	172	1
129	129	5
68	68	3
71	173	1
32	34	1
128	131	1
146	160	1
137	137	6
55	61	1
96	118	1
120	120	4
177	178	3
72	72	3
23	23	7
5	59	1
130	130	4
59	59	6
148	169	3
111	157	1
62	131	1
35	35	4
73	89	2
92	92	2
163	163	3
14	17	3
101	109	3
40	50	2
171	171	4
71	72	2
24	25	4
88	88	4
138	138	6
98	98	6
125	126	2
36	41	1
115	117	2
79	79	2
147	153	1
0	1	1
59	60	2
45	62	1
80	80	4
156	158	1
67	128	1
156	156	2
8	12	1
112	155	2
157	157	5
3	3	2
83	84	4
21	21	3
74	96	1
39	40	2
112	130	2
106	110	2
85	90	2
178	180	1
101	101	3
17	35	1
99	161	1
115	118	1
92	101	1
90	128	2
78	162	1
164	166	1
157	160	1
32	33	1
52	57	2
97	97	4
86	86	1
16	26	1
116	116	8
32	32	1
54	54	7
17	17	2
2	3	2
129	130	2
134	135	1
104	104	3
164	164	4
140	141	2
28	63	1
22	23	3
157	175	2
168	180	1
22	25	1
58	64	1
112	124	1
151	151	2
142	143	2
127	128	1
110	110	4
65	65	1
107	107	2
101	154	1
51	51	2
4	4	3
16	85	2
124	124	5
42	42	2
151	154	2
118	118	5
66	67	2
135	135	4
149	150	1
45	49	2
86	146	2
82	82	1
85	86	2
103	104	1
100	101	1
6	6	1
171	176	1
70	71	4
131	131	3
8	8	3
172	172	7
24	26	1
80	137	2
22	22	4
74	74	2
101	158	1
26	27	1
77	138	1
55	56	3
2	14	1
91	156	1
62	101	1
50	50	4
121	121	4
86	89	3
119	120	3
18	18	2
95	95	1
130	152	1
99	100	2
64	88	1
99	99	1
40	57	4
148	148	2
53	56	1
63	63	2
65	103	2
33	33	5
6	19	2
150	150	2
10	10	4
80	81	3
127	170	2
73	74	2
14	14	2
125	125	1
113	114	2
154	156	1
30	179	1
127	179	1
136	138	2
105	106	2
107	112	1
174	174	4
122	125	1
39	39	5
139	141	1
75	141	1
89	149	2
122	122	3
118	168	2
94	94	1
12	13	1
2	2	3
172	174	1
154	154	2
132	166	1
83	151	1
86	87	1
151	152	1
28	45	1
1	1	2
9	173	2
0	0	2
135	158	1
153	153	4
111	146	1
142	144	1
7	9	2
77	122	1
75	75	2
60	61	3
178	178	2
66	66	3
143	147	1
8	9	2
41	41	1
133	153	2
63	95	1
1	6	1
102	130	2
3	52	1
67	108	2
93	94	2
157	158	3
120	123	2
71	74	2
9	9	4
169	173	2
68	109	1
109	109	2
142	145	1
180	180	1
150	151	1
83	148	1
95	152	1
97	129	4
99	148	1
19	19	3
60	62	1
165	166	1
135	136	2
63	135	1
149	158	1
61	72	1
19	22	3
67	132	4
109	148	1
18	23	1
9	44	2
139	175	2
140	150	1
37	38	4
84	84	2
10	36	1
107	157	1
92	94	1
135	140	1
43	54	1
87	88	1
59	61	1
43	43	3
162	169	2
158	159	2
4	11	2
176	177	1
125	157	1
91	91	4
128	129	2
41	43	1
139	139	2
49	49	1
107	109	1
88	89	1
103	146	1
76	76	1
59	83	2
108	108	3
14	92	2
52	74	1
154	157	1
79	83	1
52	53	2
61	136	1
178	179	3
58	62	1
4	8	1
175	175	5
159	175	1
85	129	1
20	21	1
74	75	1
166	166	1
80	91	1
126	127	1
77	132	1
78	79	1
159	165	1
162	165	2
72	74	1
11	11	3
38	40	1
20	20	1
94	153	2
179	180	1
73	76	1
136	137	1
171	173	2
7	11	3
82	97	2
77	119	1
115	157	1
162	162	1
155	155	1
94	109	1
126	126	1
12	17	1
177	180	2
119	119	2
127	131	1
95	97	1
174	179	1
15	15	1
144	145	1
107	153	1
94	97	2
113	113	1
76	77	1
1	7	2
71	127	1
137	139	1
45	85	1
44	87	1
159	160	4
121	148	1
134	134	1
27	28	1
63	137	1
29	36	1
79	137	1
169	169	1
79	139	2
89	90	1
94	98	1
144	144	1
79	81	1
10	11	1
111	115	2
141	149	2
90	90	3
59	64	1
141	145	1
136	174	1
43	86	1
53	53	3
72	101	1
117	118	1
1	2	1
6	7	2
22	28	1
127	169	1
18	19	1
128	169	1
74	114	1
125	164	1
118	169	2
73	84	1
154	155	1
112	114	1
100	164	1
97	100	1
34	34	1
7	8	1
154	160	1
93	126	1
64	72	1
103	110	1
3	10	1
61	130	1
97	114	1
98	143	1
58	151	2
146	147	1
10	173	1
64	126	1
162	170	1
1	3	1
15	34	1
96	101	1
38	43	1
50	52	1
112	157	1
165	165	2
177	177	1
95	112	1
111	158	1
66	127	1
106	107	1
170	176	1
89	89	1
119	129	1
87	103	1
153	180	1
107	108	1
81	82	3
101	157	1
5	5	3
5	65	1
67	158	1
5	6	1
164	165	1
159	164	1
53	55	1
127	171	1
66	76	1
65	66	1
11	12	1
24	29	1
107	117	1
131	132	1
149	149	3
50	58	1
9	10	1
11	13	1
135	169	2
5	23	1
114	117	1
90	92	1
86	90	1
100	116	1
146	146	1
132	179	1
139	165	1
151	153	1
147	175	1
65	157	1
53	58	1
30	31	1
103	116	1
179	179	2
98	100	1
2	76	1
153	154	1
58	152	1
121	166	1
61	61	1
2	49	1
13	15	1
113	143	1
26	42	1
83	86	1
80	92	1
146	151	1
158	161	1
88	130	1
