23	23	3
73	73	1
43	43	5
42	62	1
28	28	1
77	80	1
41	48	1
28	30	1
103	103	2
75	75	3
110	110	5
49	49	4
29	29	4
94	94	3
54	72	1
40	41	2
92	92	3
48	108	2
70	71	5
48	48	5
41	42	2
67	67	4
29	36	1
71	72	6
91	95	1
83	83	2
79	84	1
94	95	2
68	70	1
61	65	2
32	97	1
23	24	2
87	90	1
49	51	1
96	97	3
54	57	2
34	35	2
66	67	1
33	37	2
46	46	6
113	113	1
43	44	1
26	26	1
45	46	1
41	83	2
32	32	3
48	52	3
97	97	5
45	45	6
19	19	2
31	31	2
20	20	1
22	39	3
69	70	2
79	79	1
25	25	1
82	82	3
63	63	3
22	23	1
78	102	2
109	109	2
78	78	8
44	44	1
87	88	1
52	53	2
82	83	1
21	31	1
72	72	2
65	66	1
28	62	2
80	81	4
53	86	2
47	58	1
63	64	2
34	34	4
89	89	2
105	110	1
25	39	1
87	87	3
77	78	1
86	86	2
35	79	2
24	27	2
26	95	4
88	88	2
33	33	4
96	96	2
56	56	3
41	41	3
44	45	1
81	85	1
100	100	1
105	105	4
113	114	3
58	59	1
84	84	2
102	102	3
49	50	1
35	61	3
32	33	1
104	105	3
57	57	3
27	94	2
36	36	2
69	69	2
95	95	3
21	21	4
37	37	5
75	79	1
54	54	3
38	39	3
66	69	2
93	93	5
76	76	8
101	101	2
24	80	1
22	22	2
99	99	1
52	56	1
30	45	1
65	65	1
40	40	1
85	86	1
80	80	1
78	80	1
94	99	1
85	85	1
86	87	2
88	89	1
108	109	1
64	67	1
78	79	2
71	71	1
40	66	1
55	80	1
50	50	2
59	60	1
70	70	2
114	114	1
48	49	1
55	55	1
108	108	1
103	107	2
93	111	1
74	74	3
29	39	1
52	52	1
99	100	3
74	75	2
103	106	1
30	32	1
32	59	2
60	61	1
38	91	2
61	62	1
84	85	2
93	95	1
95	96	3
112	112	1
50	114	1
64	64	1
53	54	1
34	36	1
50	51	1
38	38	1
33	84	1
50	53	1
68	77	3
81	82	1
50	95	2
40	44	2
21	36	1
74	76	1
36	37	2
107	107	1
42	42	1
60	60	2
72	101	1
19	20	1
111	111	2
101	102	1
77	77	1
51	51	1
91	91	1
27	34	1
83	84	1
27	29	1
73	97	1
35	35	1
62	65	1
29	37	1
62	62	1
44	46	1
39	39	1
27	28	1
71	94	1
95	98	1
47	47	1
76	77	1
30	30	1
58	60	1
35	36	1
39	40	1
72	73	1
