54	54	2
46	47	2
35	49	1
58	58	5
38	79	1
38	38	1
65	85	1
62	62	3
99	99	3
36	56	1
65	65	2
91	91	4
47	47	1
74	74	4
46	84	1
43	78	2
84	84	2
91	95	1
61	61	4
79	79	6
96	99	3
37	95	1
57	57	3
46	46	1
77	77	6
65	68	3
24	26	1
75	75	6
72	73	2
65	66	1
28	28	3
89	89	4
83	84	1
91	93	1
92	92	1
49	54	1
37	59	1
45	45	2
44	44	1
66	66	3
73	73	3
80	81	4
102	102	1
25	34	1
59	59	1
39	39	2
76	76	2
76	77	2
68	68	6
86	87	2
88	88	1
42	42	3
64	64	4
97	97	1
70	70	1
75	76	2
33	48	1
96	96	3
94	94	1
92	93	1
72	80	1
62	80	2
69	69	3
58	59	1
81	82	3
72	72	3
35	35	1
55	55	2
67	72	1
39	83	1
69	74	1
78	81	2
25	55	1
57	101	1
63	71	1
63	63	2
70	101	1
81	81	2
50	83	2
78	78	2
95	97	1
87	94	1
52	53	1
29	32	1
89	93	1
82	84	1
74	75	1
87	87	2
98	99	1
33	35	1
49	52	1
101	101	1
48	48	1
60	61	1
39	47	1
68	70	1
40	40	1
33	33	3
25	26	1
93	93	2
50	51	1
34	34	1
26	26	1
56	56	1
79	90	1
63	73	1
26	27	1
84	87	1
53	53	1
72	79	1
62	63	1
63	69	1
67	78	1
52	56	1
27	27	1
71	79	1
50	50	1
67	67	2
28	30	1
86	86	1
96	97	1
37	81	1
95	95	1
41	42	1
67	68	1
44	48	1
90	90	1
72	101	1
43	89	1
79	80	1
32	32	1
