19	27	1
68	69	4
57	57	3
55	55	4
79	79	4
81	81	6
14	30	2
6	9	1
24	24	4
19	19	3
52	53	1
62	63	5
23	23	4
4	4	4
67	67	1
77	80	3
64	76	4
87	87	2
19	21	2
83	83	3
82	82	2
71	72	3
23	25	3
20	21	1
25	25	4
65	65	3
8	10	2
75	76	2
17	17	4
6	26	2
59	59	4
79	82	2
88	89	3
60	61	4
18	83	1
51	51	5
4	90	2
50	66	1
80	80	1
59	62	1
47	49	2
3	3	2
1	2	1
68	68	4
16	19	1
47	77	1
2	2	3
75	81	1
19	79	1
20	51	1
56	56	1
14	14	3
58	58	2
9	10	1
0	3	1
5	6	3
0	0	2
46	46	1
48	78	1
1	1	3
15	16	3
52	52	1
16	16	1
26	26	1
52	66	1
10	16	1
61	61	4
29	29	2
51	65	1
5	5	1
54	58	1
72	73	2
19	58	2
48	48	3
71	71	1
84	85	1
27	80	1
75	75	2
54	55	1
11	11	3
60	60	1
20	20	1
46	50	1
9	9	3
25	53	1
19	81	1
12	13	1
49	50	1
14	63	2
48	76	1
69	69	4
50	50	1
74	74	2
19	66	1
47	47	2
15	15	2
57	58	1
86	87	1
14	75	1
73	73	1
50	51	1
60	76	2
69	71	1
23	24	1
70	70	1
77	77	1
60	66	2
66	66	1
48	75	1
10	10	3
53	53	1
55	66	1
58	62	1
69	70	1
48	50	1
63	64	1
72	72	1
30	30	1
7	10	1
21	21	1
49	49	1
11	74	1
28	28	1
