24	24	2
39	39	1
12	12	4
28	30	1
36	36	3
51	51	2
29	29	6
11	12	2
7	36	1
11	44	1
0	0	1
24	27	1
42	42	2
4	4	2
40	41	1
11	13	1
20	22	1
36	55	2
39	49	1
18	21	1
9	9	1
37	39	1
22	22	1
43	47	1
50	50	3
18	18	1
56	56	2
32	32	2
34	34	3
45	45	5
14	14	3
57	58	4
12	38	3
5	5	2
2	2	2
8	9	1
9	20	1
11	36	1
47	47	4
31	43	1
6	6	3
9	38	1
12	55	1
41	44	1
11	11	4
57	57	2
58	59	1
28	32	1
17	17	1
5	6	1
18	19	2
28	29	1
10	11	2
27	27	1
39	40	1
50	51	1
40	40	1
39	54	1
23	24	2
51	52	2
33	35	1
49	49	1
18	22	1
5	46	1
0	1	1
0	59	1
49	50	1
2	5	1
8	12	1
11	21	1
46	46	1
36	39	1
55	55	2
13	13	1
31	32	1
58	58	1
15	16	1
45	58	1
29	30	1
4	5	1
35	36	1
3	3	1
