86	86	2
19	23	1
18	42	2
3	55	1
83	84	1
35	39	1
87	90	1
39	39	3
62	62	3
112	112	7
127	127	3
155	155	3
56	65	1
16	16	2
118	118	3
44	56	2
10	11	2
36	45	3
102	102	1
134	135	3
71	71	2
37	63	1
43	43	6
33	35	2
125	126	1
120	141	1
80	87	1
2	2	2
100	100	3
106	107	1
135	135	2
4	7	1
128	149	1
54	54	1
26	26	3
35	52	4
32	43	2
78	82	1
83	83	3
85	96	3
19	46	1
49	49	1
3	3	2
96	96	8
64	64	2
107	107	1
131	132	1
116	135	1
150	150	5
65	66	1
137	137	3
33	33	2
138	151	2
90	91	4
78	79	1
69	69	1
125	125	3
35	45	2
1	1	1
11	11	3
145	158	2
82	82	3
48	48	5
33	46	2
97	120	1
137	143	1
63	63	3
130	131	2
11	20	1
122	122	3
66	72	2
110	113	1
17	17	3
53	54	3
121	122	2
30	33	1
55	64	2
87	98	1
94	94	3
37	43	1
8	39	2
137	150	1
138	138	3
81	81	2
88	88	1
123	123	1
15	15	1
47	114	1
18	151	2
147	148	2
62	83	1
26	46	1
38	39	2
97	117	1
29	30	1
151	151	2
47	47	1
53	57	1
13	13	3
77	77	2
13	138	1
32	32	1
101	101	4
132	132	1
7	7	2
102	114	2
117	117	2
88	91	1
140	141	2
65	72	2
148	148	2
6	25	3
15	17	1
134	134	4
102	103	1
9	9	2
85	87	1
131	131	2
16	45	1
128	144	1
31	32	2
95	95	2
52	52	1
85	91	1
52	54	1
51	52	3
120	120	2
22	22	6
4	5	1
97	116	1
30	30	1
24	25	3
10	14	2
35	36	1
77	83	1
37	38	1
18	28	1
118	119	1
106	109	2
28	29	3
92	92	3
51	51	1
114	116	1
92	99	1
106	106	4
73	73	1
27	27	2
128	128	1
134	142	1
105	105	1
68	69	1
137	138	2
41	42	1
68	78	1
156	156	2
50	50	1
69	83	1
70	71	1
8	42	1
98	98	3
46	46	2
0	0	2
44	44	2
95	96	1
32	70	1
103	103	3
110	110	2
126	128	1
20	150	1
22	23	2
16	30	1
144	145	2
104	106	1
20	21	1
129	129	1
29	34	2
8	16	1
0	150	1
142	154	1
107	111	1
114	114	2
23	23	3
26	27	1
109	109	1
116	116	1
130	130	1
11	125	1
96	122	1
19	20	1
34	36	1
55	77	1
140	140	2
121	133	1
36	37	1
1	16	1
141	141	1
117	118	1
105	106	1
36	38	1
128	129	1
99	99	2
3	56	1
87	93	2
122	136	1
146	147	1
126	126	2
68	68	2
157	158	1
4	68	1
24	40	1
27	28	2
124	126	1
54	84	1
42	42	1
127	128	1
132	137	1
141	152	1
142	145	1
10	10	1
123	126	1
87	94	1
30	44	1
53	53	1
116	138	1
10	43	1
149	149	2
122	133	1
133	133	1
35	35	1
55	66	2
18	18	1
66	66	1
125	131	1
122	149	1
4	51	1
69	70	1
27	46	1
91	91	1
8	89	1
75	76	1
