93	94	3
107	107	7
90	90	6
155	155	6
16	16	3
66	73	2
142	142	6
176	176	4
76	76	10
3	13	4
83	170	3
84	84	17
126	126	5
30	30	3
62	113	1
139	139	6
160	160	3
61	84	3
167	168	8
71	71	1
141	141	1
45	45	2
169	169	1
97	97	5
166	166	7
70	71	3
12	13	2
28	28	1
34	114	2
58	58	4
33	33	1
18	18	3
88	89	4
5	5	2
170	170	11
36	36	5
167	167	8
149	149	6
13	13	6
140	140	4
37	117	8
91	108	5
163	163	5
27	27	3
35	35	5
154	179	3
81	81	3
89	89	9
168	168	5
78	78	3
79	80	5
33	109	4
161	163	3
29	29	5
26	37	4
122	122	6
10	10	8
0	0	2
43	43	8
108	114	3
125	125	4
25	52	3
52	52	4
82	82	3
38	38	6
148	150	1
27	28	6
98	100	3
127	128	2
57	57	6
25	26	3
42	42	10
161	162	3
87	87	8
85	85	3
34	37	1
178	178	3
76	93	6
66	74	5
123	124	4
37	37	5
162	162	12
81	82	4
6	6	1
18	45	2
132	132	3
115	115	3
160	161	7
135	135	2
146	147	1
150	162	4
67	67	5
41	41	3
171	171	1
144	144	4
72	72	2
64	64	4
90	92	6
151	151	2
0	4	2
115	122	1
102	102	5
55	55	5
86	86	1
117	117	8
50	50	5
30	33	3
4	5	2
121	121	2
0	14	1
114	130	3
60	60	7
21	22	7
107	117	1
116	124	1
179	179	9
2	2	4
157	157	4
62	62	3
138	138	10
169	170	1
50	53	3
22	22	4
42	44	1
80	80	2
133	133	5
58	60	2
80	81	2
118	118	3
83	83	2
15	15	3
161	161	4
159	162	3
162	166	1
75	75	8
5	13	8
146	148	3
31	31	3
54	54	2
114	115	2
62	63	3
2	12	6
86	171	5
133	134	1
19	19	1
116	118	1
143	154	2
72	73	2
149	150	7
128	129	1
10	14	3
10	81	2
16	17	1
156	157	1
74	74	1
104	107	2
137	137	3
15	26	3
100	100	3
79	79	4
16	19	1
150	150	5
101	101	1
154	154	3
106	106	1
53	72	2
38	42	4
77	77	2
65	73	1
2	128	1
4	4	1
14	14	1
18	126	2
123	123	5
159	160	3
102	106	2
9	9	1
147	148	1
40	40	1
0	133	1
37	67	2
51	51	3
61	62	3
24	24	2
143	150	1
158	175	1
20	20	2
1	1	1
32	32	4
17	24	2
85	86	3
172	172	1
114	116	2
128	128	3
94	94	3
165	165	5
3	4	1
173	173	2
2	5	2
173	174	2
23	23	2
85	171	1
137	138	1
124	124	2
163	164	1
35	36	1
3	128	1
16	43	1
83	84	1
34	35	1
70	70	1
121	122	2
35	62	1
59	59	1
39	72	1
6	7	1
176	177	2
66	66	1
110	110	1
120	120	1
68	68	1
