62	62	1
145	145	1
9	9	1
96	97	4
11	12	2
84	85	2
22	27	1
26	26	2
137	146	1
115	115	1
105	136	1
54	56	2
144	144	2
37	45	1
122	122	2
76	76	4
19	23	1
82	82	3
53	55	1
77	102	2
28	29	1
21	51	2
55	55	3
107	107	1
66	75	1
114	114	3
113	113	1
107	128	1
127	127	4
20	20	1
108	108	2
102	102	2
39	39	1
12	12	2
149	151	1
21	26	1
34	37	2
80	83	1
128	132	3
4	7	3
130	130	2
23	23	3
148	148	1
28	28	1
47	47	4
31	32	1
41	43	1
90	90	1
119	119	2
94	95	2
110	111	1
66	66	3
54	83	1
90	144	1
40	40	5
36	36	2
21	21	3
109	152	1
19	24	1
64	126	1
83	84	1
48	48	3
64	65	1
69	70	2
130	139	2
21	56	1
33	33	2
45	45	2
75	77	1
81	102	2
31	31	2
116	116	1
133	134	1
7	8	2
118	118	1
19	20	3
128	128	1
37	37	1
32	32	1
27	27	2
50	57	1
67	96	1
78	78	1
85	86	1
139	139	2
13	14	2
87	87	1
113	119	1
75	76	1
99	114	1
42	54	1
5	91	1
66	67	1
114	129	1
79	79	1
75	75	2
149	149	3
109	109	1
29	29	3
119	120	2
35	35	4
25	97	2
38	84	2
64	64	3
105	127	2
108	116	3
62	64	1
40	47	1
8	8	1
112	112	2
14	14	2
136	136	3
50	50	1
106	106	1
50	51	2
53	85	1
66	96	1
16	17	1
100	117	1
76	81	3
104	110	1
42	42	1
78	79	1
128	137	1
114	128	3
141	144	1
62	126	1
11	11	1
33	36	3
29	30	1
130	137	1
18	19	1
17	17	1
21	22	1
107	108	3
50	53	3
72	72	1
63	63	2
133	133	2
40	48	2
41	41	1
140	140	1
19	19	1
22	23	2
114	116	1
74	74	1
117	117	1
131	131	1
38	56	1
141	141	1
85	85	2
105	105	2
53	53	1
142	144	1
33	148	1
149	150	1
41	152	2
51	82	1
111	113	1
124	125	1
77	77	3
67	71	1
18	18	2
69	69	2
73	73	1
23	25	2
95	96	1
83	85	1
42	55	2
150	150	2
38	42	1
46	46	1
142	143	1
141	142	1
17	20	3
9	21	1
138	138	3
38	38	1
148	150	1
36	38	1
134	137	1
22	29	1
65	73	1
20	21	1
49	49	1
70	70	2
124	124	1
14	21	1
72	85	1
81	81	1
115	116	1
108	111	1
34	43	2
100	146	1
115	121	1
134	134	1
113	114	1
41	42	1
4	5	1
132	135	1
137	145	1
142	142	2
135	135	1
100	107	1
24	48	1
81	82	1
49	51	1
55	84	1
16	16	1
43	43	1
120	120	1
67	67	1
84	84	1
