36	36	2
4	4	8
3	3	10
47	48	5
74	75	5
58	58	2
53	54	3
5	6	10
17	19	1
60	60	4
54	69	10
47	60	4
7	7	14
10	10	4
79	79	9
64	65	4
47	47	8
18	18	5
42	42	16
17	17	5
12	12	3
62	62	6
72	72	9
8	8	11
35	73	1
25	54	2
19	66	3
27	27	5
50	50	9
34	34	7
46	46	5
11	11	4
11	13	3
36	63	2
16	16	6
7	8	5
68	68	6
73	73	2
63	63	3
9	9	4
15	52	5
35	35	14
20	21	7
3	4	2
54	54	13
80	80	4
14	17	2
40	40	7
55	56	4
17	73	4
57	57	4
32	32	6
21	70	4
3	13	3
63	64	3
9	10	4
55	55	6
70	71	5
77	78	5
37	39	3
69	70	8
17	22	2
10	11	2
19	19	9
59	59	5
78	78	6
66	66	6
20	20	5
31	31	3
48	48	3
10	70	2
40	41	4
38	38	1
59	60	3
67	67	2
6	7	2
61	61	5
15	26	4
11	12	2
29	29	6
49	49	1
74	74	3
46	55	5
49	50	3
28	28	3
3	44	3
1	3	2
7	73	1
51	51	1
45	45	2
16	25	3
39	39	4
6	6	4
45	55	1
41	41	2
27	28	2
40	42	1
13	21	3
56	56	1
53	53	2
62	73	5
75	75	2
1	1	2
66	67	4
14	15	4
76	76	1
60	61	1
11	71	3
43	43	4
10	13	3
52	52	1
37	37	3
34	68	1
50	51	2
30	30	1
32	33	2
3	11	2
54	70	2
62	65	4
65	66	2
51	53	1
17	25	1
28	29	1
35	64	1
0	0	1
