76	91	2
145	145	4
98	124	1
25	25	6
14	33	1
144	147	1
167	168	1
159	165	1
26	35	2
142	147	1
39	39	2
102	102	2
31	31	6
139	140	2
112	113	2
5	6	2
67	68	1
106	107	1
12	13	3
120	120	2
119	119	3
115	115	2
146	146	1
117	125	3
155	156	1
154	172	2
63	67	1
122	128	1
57	57	2
1	64	3
71	72	2
123	128	1
150	154	1
16	16	2
157	166	2
41	50	1
13	14	1
76	77	1
53	54	2
157	157	1
15	19	1
24	44	1
62	86	1
45	82	1
149	149	1
134	137	2
149	157	1
137	178	2
156	156	1
168	169	3
128	153	1
123	123	2
28	28	3
64	64	1
58	82	1
122	122	6
131	131	4
111	111	2
41	63	2
116	125	1
96	98	1
28	29	2
171	171	1
68	68	3
95	142	1
1	39	1
168	168	3
174	175	1
22	41	1
138	138	4
113	113	2
98	135	1
41	42	1
15	16	2
141	141	2
141	142	2
152	154	1
68	124	1
23	31	1
161	161	3
109	110	1
45	45	2
148	176	1
144	144	4
77	78	2
127	127	6
32	115	1
87	89	2
124	125	3
117	121	1
152	157	1
94	95	1
64	71	1
107	141	1
135	135	3
75	75	6
85	109	1
5	11	1
123	125	2
144	174	1
0	0	4
169	174	2
5	5	2
160	162	1
100	100	2
36	36	3
76	76	1
126	134	1
56	56	2
97	165	2
105	106	3
152	177	1
180	180	3
91	91	2
79	88	2
159	159	4
152	152	1
137	138	1
10	24	1
43	45	1
15	15	4
157	178	1
57	74	1
45	79	1
61	61	2
78	79	1
19	19	1
18	38	1
20	20	1
21	90	1
6	9	1
39	40	1
2	9	1
62	84	2
25	34	1
99	99	2
0	27	1
131	153	1
37	38	1
6	22	1
96	96	2
95	101	1
56	58	1
103	135	1
132	132	3
24	33	1
139	139	1
166	166	3
137	144	1
158	159	1
8	12	2
22	24	1
56	64	1
9	9	1
50	51	1
22	22	1
134	143	1
77	89	1
49	55	1
6	42	1
53	53	2
148	152	1
66	66	2
14	14	2
53	67	4
100	109	1
153	153	1
26	27	2
81	117	2
172	174	1
88	88	2
170	170	2
71	75	2
103	106	1
134	168	1
106	106	3
20	25	1
75	102	1
158	158	1
129	129	2
83	110	1
6	6	2
94	94	2
92	93	1
158	167	1
62	63	1
27	27	2
120	151	2
103	104	1
8	23	1
76	78	1
6	57	1
164	169	1
3	3	2
16	52	1
160	167	1
97	97	1
59	74	1
40	45	1
171	180	1
167	169	2
97	99	1
56	62	1
117	117	2
177	179	1
65	65	3
21	58	1
121	151	1
140	140	2
4	5	1
84	84	1
90	111	1
154	156	2
169	170	1
116	117	1
13	15	1
147	180	1
59	60	1
119	121	1
82	82	2
85	85	1
134	142	1
67	67	1
137	137	2
26	34	1
125	138	1
80	81	1
73	73	4
95	147	1
84	85	1
42	44	1
51	52	1
31	32	1
32	81	1
81	86	1
78	78	1
147	164	1
40	40	1
114	115	1
7	17	1
18	37	1
7	13	2
54	54	1
34	35	1
148	149	2
128	129	1
111	113	1
95	121	1
165	165	1
167	167	2
124	124	1
50	53	1
59	62	1
33	49	1
101	107	1
146	150	1
164	165	1
131	172	1
55	55	2
60	60	1
114	114	1
36	55	1
13	23	1
51	59	1
30	31	1
154	154	1
36	38	1
49	51	1
60	82	1
62	83	1
59	59	1
71	71	1
150	164	1
39	66	1
52	59	1
16	28	1
102	115	1
83	83	1
16	18	1
77	77	1
53	58	1
135	136	2
110	139	1
62	62	1
87	94	1
132	154	1
24	25	1
26	29	1
92	92	1
24	34	1
7	9	1
128	128	1
124	149	1
103	146	1
93	93	1
10	10	1
96	97	1
115	117	1
50	50	1
162	166	1
103	103	1
109	109	1
95	95	1
43	44	1
42	43	1
80	80	1
118	118	1
56	57	1
19	58	1
123	124	1
66	72	1
161	170	1
7	8	1
59	92	1
87	87	1
111	115	1
150	155	1
4	11	1
29	85	1
143	145	1
143	147	1
11	38	1
145	146	1
150	150	1
29	54	1
41	71	1
153	172	1
