42	42	2
57	70	3
145	146	3
134	135	6
13	13	2
16	17	1
137	137	3
152	172	4
189	190	3
37	37	3
51	51	5
135	138	1
20	21	2
181	185	4
83	83	4
4	11	1
99	99	4
47	47	15
197	197	1
15	16	8
73	82	1
23	23	6
116	116	9
149	149	4
35	35	7
185	186	8
15	15	9
138	138	13
94	94	10
38	68	2
22	42	7
174	175	3
84	84	5
114	134	4
188	190	3
2	14	2
76	79	5
80	88	4
24	55	6
134	136	3
123	123	2
46	46	9
40	41	7
191	191	6
74	74	9
58	81	3
183	183	7
161	161	1
21	21	8
89	89	6
51	60	4
44	44	4
188	188	5
3	22	2
132	143	4
16	16	3
22	39	1
62	63	1
130	133	1
128	128	1
49	49	4
55	55	3
69	69	8
189	189	1
187	188	8
14	14	8
60	66	6
110	110	3
46	59	1
166	191	5
118	118	5
34	34	1
30	31	6
39	41	6
28	36	2
144	145	4
172	172	5
84	88	3
127	127	2
57	57	4
1	12	5
182	183	1
82	82	6
129	129	3
70	75	3
196	196	10
1	1	10
0	7	3
126	126	8
56	60	2
13	14	5
0	0	6
58	59	2
41	41	4
102	102	6
108	109	1
49	52	1
58	63	2
3	28	3
181	181	6
165	167	4
46	47	7
130	130	4
17	18	3
6	6	3
71	71	5
184	184	6
174	194	1
133	133	3
81	82	1
31	49	1
24	49	1
36	36	16
88	88	2
164	164	3
167	172	3
5	11	1
178	179	2
194	194	5
47	79	1
80	81	6
28	35	2
23	39	2
43	44	3
16	18	2
145	145	3
135	156	6
65	65	9
19	21	3
48	48	10
170	170	5
58	58	6
145	147	3
112	126	4
94	96	4
59	59	11
57	64	3
3	3	7
139	139	1
145	149	3
190	190	4
154	155	2
157	161	3
28	30	6
68	87	1
158	159	3
12	45	2
144	162	3
72	72	3
63	63	4
175	194	2
26	27	1
19	45	2
70	70	2
60	60	5
161	190	2
22	22	3
7	7	4
47	76	3
56	56	8
19	19	1
63	64	2
120	127	1
158	158	4
8	8	5
108	108	6
59	61	2
73	84	4
134	139	4
41	57	3
68	88	5
20	20	4
23	26	2
1	5	2
1	9	2
123	153	2
12	12	5
4	6	4
53	53	3
5	15	1
50	142	3
3	23	2
69	76	1
86	87	5
22	24	2
148	148	4
10	11	7
52	81	3
52	52	3
15	20	1
62	62	4
102	118	3
48	134	3
80	80	4
195	196	2
161	167	7
169	186	2
39	39	3
2	2	5
123	147	3
113	139	1
54	54	5
123	149	1
182	182	2
0	4	1
145	153	3
163	163	5
113	113	4
101	116	2
4	4	1
67	86	3
112	115	2
85	85	6
47	68	3
113	138	1
84	85	3
21	167	4
69	70	3
135	135	2
189	197	4
34	36	2
77	77	2
77	87	2
67	115	3
147	149	3
40	40	2
21	22	2
86	86	2
0	5	1
4	5	5
9	9	2
60	61	2
20	23	1
53	71	3
21	66	2
93	94	1
59	63	1
186	191	2
95	95	2
137	138	3
79	79	1
0	1	2
8	12	2
177	177	3
169	169	2
74	88	1
88	89	1
7	10	2
33	33	4
28	31	2
61	61	2
143	169	2
105	105	2
165	165	4
186	186	1
150	150	1
100	116	1
25	55	1
74	83	4
137	157	1
5	5	3
142	153	1
55	74	1
119	120	7
155	155	2
116	117	1
53	75	2
67	67	1
58	65	2
76	76	1
113	114	1
110	142	2
154	154	1
128	152	1
147	148	2
160	161	3
125	127	1
55	80	1
43	45	2
70	100	2
31	31	2
135	149	1
100	100	1
16	34	2
57	59	1
167	169	1
72	79	1
96	103	1
187	187	1
114	114	2
146	147	1
10	10	1
21	57	1
15	27	1
122	144	1
109	134	2
138	154	2
13	27	1
41	44	1
36	64	1
17	49	1
8	9	1
177	179	1
40	47	1
