18	18	7
164	164	4
155	155	1
44	44	7
30	32	4
27	27	3
148	151	1
20	21	3
32	60	1
4	5	4
105	105	4
169	218	1
18	61	1
230	231	4
17	17	9
199	199	6
119	130	1
45	86	1
137	172	1
101	208	2
84	84	3
58	58	8
161	189	2
138	138	9
0	56	1
0	26	1
50	51	3
82	82	5
121	121	3
49	105	1
119	125	1
156	156	2
57	58	3
209	224	1
173	174	4
223	223	7
50	50	4
40	40	7
175	175	8
104	104	4
81	84	1
106	122	1
72	72	3
161	214	2
65	65	4
122	122	2
186	186	5
29	29	6
119	119	3
43	43	9
45	45	7
18	23	1
232	232	11
26	26	11
74	181	1
194	194	8
3	10	2
159	194	2
36	36	11
63	63	4
101	190	1
70	70	6
8	104	2
238	238	4
169	223	1
235	235	6
9	19	4
194	195	3
28	28	8
231	231	2
220	220	3
151	152	1
188	188	9
47	47	2
180	180	6
6	6	7
37	61	2
126	126	3
157	157	12
203	203	9
123	125	3
48	48	8
242	242	10
80	84	2
101	101	4
24	47	1
139	162	1
9	9	8
219	219	6
7	7	10
113	135	1
19	19	5
165	165	8
222	222	5
115	175	1
59	79	1
39	39	20
217	231	2
79	79	4
197	197	2
173	173	8
136	197	3
227	227	6
214	218	1
153	154	3
48	62	2
43	85	1
122	123	1
192	192	8
186	187	2
47	171	3
229	230	7
212	212	9
8	20	1
107	133	1
97	97	4
99	100	2
218	218	3
61	61	7
231	233	2
210	210	6
228	228	6
109	109	6
225	225	6
6	130	4
86	135	1
24	24	7
51	138	1
190	190	6
5	6	3
9	10	1
140	140	7
62	176	3
30	61	2
126	127	4
202	202	5
147	150	3
218	238	2
166	204	2
13	13	5
77	79	4
138	139	9
98	98	3
133	161	2
32	32	11
228	232	7
25	26	2
46	217	2
35	35	4
176	241	1
215	216	2
124	125	7
217	218	6
212	228	1
135	174	1
180	182	3
5	5	7
185	185	4
38	76	2
88	88	3
9	47	1
197	198	3
107	114	1
148	213	2
74	74	5
170	214	1
79	80	2
20	23	1
154	155	1
207	207	6
129	130	3
138	165	2
236	236	2
181	181	7
10	11	2
76	76	8
75	75	4
178	180	2
104	133	2
128	128	3
170	170	11
195	195	3
29	230	1
191	191	4
68	212	1
38	38	5
52	105	2
234	234	9
55	61	1
171	171	6
110	116	1
225	226	4
59	86	4
148	148	7
169	170	1
33	33	7
165	168	1
195	196	9
151	159	3
155	189	1
23	23	1
134	134	3
75	76	3
9	46	1
0	18	1
136	141	2
158	158	8
192	195	1
101	102	4
149	150	3
203	204	10
17	20	2
14	14	6
47	48	1
82	83	5
25	25	6
112	113	2
46	85	2
72	73	2
131	178	2
149	149	3
231	232	1
169	169	11
168	168	6
41	168	3
168	198	2
60	60	2
220	231	2
135	173	2
227	230	1
165	166	3
47	61	1
123	124	1
9	11	1
73	73	4
66	83	1
85	88	1
15	61	1
210	213	1
16	20	1
109	111	1
110	110	1
185	187	5
196	196	2
166	166	11
3	3	2
208	222	2
174	175	4
144	172	3
239	239	9
30	30	3
104	106	2
52	52	2
7	21	2
223	229	1
144	158	1
33	148	2
213	213	2
81	81	5
136	136	3
18	19	2
43	69	2
43	46	3
174	174	7
204	204	7
116	116	1
65	216	1
191	219	1
69	146	2
211	211	4
71	72	2
10	21	2
117	117	5
104	207	4
118	119	1
62	62	7
41	41	5
165	169	2
97	98	2
75	86	2
6	17	1
199	201	1
150	150	9
148	149	5
226	227	7
106	119	2
149	216	2
63	80	2
189	190	1
109	124	1
64	64	8
99	99	3
116	129	2
146	147	3
202	206	2
217	217	6
58	59	7
56	56	4
128	136	1
189	199	1
39	60	2
4	67	1
228	230	1
0	5	1
149	192	1
190	191	2
83	84	2
8	12	1
146	146	4
52	53	6
152	153	1
100	103	5
23	35	1
66	66	2
180	181	5
205	205	6
109	131	1
2	21	1
151	151	6
106	106	4
115	116	4
109	145	2
216	216	5
46	46	2
159	159	4
179	180	2
85	85	4
173	177	1
185	186	2
157	162	2
100	100	7
187	187	4
107	107	4
142	144	2
208	208	4
102	188	3
139	212	1
15	160	1
169	203	1
152	152	1
163	198	2
129	129	2
69	157	1
175	177	3
66	67	5
32	33	3
178	178	3
215	215	4
166	195	1
41	57	1
140	141	5
50	53	3
61	116	1
37	37	7
24	197	2
118	190	3
239	241	1
138	144	1
162	162	5
233	233	5
108	137	1
213	216	2
100	147	2
48	50	1
216	217	1
209	210	3
46	48	1
216	218	4
143	170	1
193	196	1
10	10	4
43	44	2
7	16	1
169	172	1
193	194	1
205	207	3
160	160	6
102	114	3
161	161	6
178	179	3
18	22	2
30	31	2
59	71	1
133	134	3
41	42	1
73	74	2
172	172	8
64	74	1
88	133	1
235	237	2
136	198	2
136	201	1
144	183	3
201	201	5
157	211	2
115	119	2
185	192	3
176	177	2
141	141	2
34	34	2
59	114	1
165	195	1
65	131	1
102	128	2
22	23	3
167	168	6
190	201	1
7	56	2
149	205	3
29	31	2
117	123	1
51	205	3
55	60	1
181	191	1
96	128	1
89	89	2
33	36	1
171	179	2
156	157	3
173	238	2
67	67	7
19	32	1
51	146	1
96	191	1
213	214	2
166	225	1
221	221	1
168	169	2
30	34	1
38	41	2
99	208	3
44	45	2
60	73	1
203	208	1
141	142	3
124	126	1
214	214	2
224	224	6
189	189	12
227	229	2
45	47	1
214	216	1
101	105	1
59	59	3
113	113	3
183	183	5
184	184	7
47	49	1
193	193	5
240	240	1
126	170	2
186	188	1
57	57	4
86	86	6
214	215	3
143	143	5
212	214	1
24	28	1
37	38	4
100	101	3
162	189	1
47	128	1
3	30	1
65	69	1
20	32	1
184	187	1
51	51	2
14	59	2
64	69	1
20	20	2
182	182	2
64	65	5
69	70	1
39	43	2
54	55	2
225	227	4
3	26	3
187	191	1
148	196	2
77	78	3
147	147	5
118	118	1
201	206	2
160	163	2
207	208	6
212	230	1
83	83	1
104	117	1
237	237	3
150	151	1
122	138	1
219	220	3
49	49	5
147	148	2
219	224	1
42	42	3
115	115	6
130	130	1
8	8	4
138	141	1
137	137	2
39	77	2
216	228	1
14	17	1
167	167	3
0	34	1
39	42	2
105	199	3
177	178	1
150	239	1
62	65	1
124	124	4
39	157	1
13	15	2
160	208	1
124	134	1
148	174	1
149	152	1
98	100	1
15	19	2
120	159	1
4	129	1
3	5	2
61	63	5
119	120	1
195	205	1
99	104	1
71	71	3
18	31	1
120	121	2
221	222	2
49	51	2
148	191	1
35	36	1
174	178	1
35	61	1
68	145	2
96	106	1
169	171	1
97	113	1
175	176	2
4	4	1
42	156	1
75	79	3
73	113	1
120	122	1
6	31	1
228	229	1
0	0	3
111	111	3
125	170	1
109	125	1
124	158	4
147	161	1
180	183	2
233	234	1
30	60	1
125	163	1
211	221	1
198	198	6
1	6	1
175	236	1
34	36	1
107	199	2
237	238	2
147	174	2
205	236	2
83	118	1
108	108	5
206	208	3
136	157	1
37	95	2
122	167	1
158	213	1
40	57	1
11	11	2
76	77	4
209	214	2
121	184	2
185	195	1
125	125	2
8	21	1
177	177	3
161	164	1
186	191	1
119	134	1
33	231	2
16	16	2
60	61	2
141	164	2
185	189	2
187	189	2
135	136	7
144	144	3
183	185	1
235	236	1
123	123	3
161	169	1
55	55	4
144	145	2
68	77	2
40	83	1
54	54	11
101	127	1
39	44	1
121	174	3
155	156	1
189	198	1
165	197	1
192	193	2
223	231	1
47	106	1
137	139	1
49	172	1
165	230	1
62	208	1
53	53	1
222	223	1
49	50	3
136	137	1
11	12	1
142	143	1
49	52	2
169	237	1
28	239	1
64	70	1
201	207	1
123	189	1
220	222	4
99	110	1
178	234	1
230	230	1
206	206	1
189	191	2
108	109	1
127	127	2
217	233	2
105	111	3
40	44	2
112	112	1
67	76	1
212	227	1
191	192	2
46	55	1
48	98	2
11	44	1
21	84	1
227	235	1
211	213	3
154	156	4
56	210	2
15	15	1
96	97	1
47	120	1
59	72	1
159	241	1
107	108	3
20	22	1
206	210	1
68	68	3
141	153	1
194	205	1
39	41	2
166	168	1
154	154	4
186	189	1
31	31	5
226	226	2
54	135	1
200	200	2
168	170	1
132	134	2
209	209	7
164	184	1
149	235	2
130	133	1
113	206	1
90	107	1
223	224	1
59	60	1
37	64	2
2	7	1
132	210	1
34	90	1
2	14	1
12	12	1
200	201	1
172	220	1
234	235	2
139	172	3
65	197	1
9	14	2
33	58	1
128	174	1
211	212	1
141	162	1
3	22	1
116	171	1
192	194	1
215	220	2
120	120	1
132	222	1
56	82	1
149	151	1
204	206	1
66	68	1
7	219	1
22	22	2
18	209	1
148	212	1
124	153	1
172	178	2
128	179	1
6	29	1
138	208	1
131	172	1
5	15	1
9	17	1
103	103	1
137	138	2
68	69	1
196	213	2
29	48	1
122	127	1
21	21	1
99	171	1
116	170	2
135	236	1
121	233	1
61	68	2
145	145	2
112	119	1
241	242	3
113	115	1
13	14	1
122	219	2
220	224	2
102	102	2
63	64	1
0	7	1
39	72	2
176	176	2
171	213	1
55	57	1
8	17	1
233	236	1
36	68	1
0	1	1
210	223	2
84	103	1
151	199	1
164	168	1
229	229	3
70	73	1
6	8	1
116	121	2
63	67	1
155	183	1
190	194	2
139	140	3
14	60	1
205	206	1
1	52	1
15	60	1
8	19	2
165	202	1
1	1	2
215	217	1
231	234	1
91	104	2
21	61	1
114	114	1
80	80	4
128	171	1
13	16	1
98	172	1
87	133	1
28	29	1
25	27	1
195	197	1
164	165	2
230	234	1
104	198	1
31	36	2
113	114	2
124	150	1
114	122	1
74	112	1
30	37	1
162	163	1
229	235	1
133	154	2
234	236	3
162	180	2
95	103	2
178	183	1
9	61	2
29	32	1
15	18	3
157	158	1
160	162	1
31	33	1
184	188	2
21	22	1
68	146	1
153	153	5
39	40	1
164	190	1
225	229	1
2	4	1
15	16	1
220	223	1
10	178	1
136	169	1
33	40	2
187	221	1
12	13	2
227	237	1
182	183	1
98	105	1
152	157	2
80	85	1
9	29	1
198	206	1
183	190	1
1	16	1
44	62	1
65	84	1
72	79	1
49	104	1
137	141	1
145	160	1
72	133	1
49	144	1
156	158	1
48	53	1
39	70	1
133	133	3
69	144	1
7	8	1
191	202	1
149	211	1
152	199	2
162	165	2
199	200	1
24	45	1
122	124	2
179	179	1
40	76	1
50	52	2
172	179	1
105	137	1
178	202	1
4	36	1
139	144	1
51	60	1
135	135	1
78	167	1
62	153	2
150	152	1
163	164	1
54	62	1
14	15	1
16	22	1
121	122	1
144	181	1
36	116	1
36	62	1
116	193	1
81	83	1
114	115	1
46	115	1
141	144	1
8	9	2
174	177	1
166	224	1
44	46	1
228	231	1
46	47	1
39	75	1
85	91	1
7	208	1
115	171	1
241	241	1
156	165	1
164	211	1
183	202	1
127	180	1
130	177	1
3	9	1
99	190	1
161	212	1
175	206	1
78	78	1
184	196	1
67	199	1
42	43	1
72	100	1
64	105	1
25	48	1
22	35	1
139	142	1
164	205	1
174	239	1
187	196	1
226	229	1
170	200	1
68	74	1
77	77	1
149	153	1
60	71	1
51	58	1
95	95	1
65	80	1
40	75	1
134	161	1
116	119	1
125	127	1
111	125	1
168	227	1
206	207	1
6	129	1
158	195	1
102	189	1
