71	98	1
48	120	1
38	38	1
81	81	1
24	24	8
120	123	1
23	23	5
78	78	3
21	21	1
109	109	2
9	50	1
112	112	4
70	71	1
14	16	3
77	78	1
83	83	2
74	74	4
107	107	7
124	124	2
61	61	4
26	26	5
122	122	2
2	2	3
40	40	2
46	46	5
31	31	2
133	133	4
114	114	10
28	28	5
65	81	1
44	46	1
123	125	3
54	54	3
12	13	1
19	28	1
71	72	4
42	45	1
47	47	5
55	55	3
64	74	2
8	8	2
84	85	1
64	64	1
68	71	3
111	111	3
75	75	4
119	130	1
10	10	5
94	106	3
29	29	2
18	18	1
1	1	6
129	129	4
0	1	1
58	58	5
11	11	3
89	89	3
53	54	2
101	102	2
7	7	2
57	96	1
98	98	1
33	33	2
56	56	2
32	32	5
86	87	2
84	84	3
56	57	1
53	53	1
57	57	4
52	64	1
24	80	2
9	9	4
65	65	3
27	51	3
13	14	2
19	19	2
75	77	3
60	97	1
79	81	2
131	131	4
87	87	1
117	126	2
99	99	5
112	113	3
121	122	1
16	16	2
127	130	2
74	75	4
20	65	1
41	119	1
39	82	1
93	93	3
43	43	3
9	25	1
110	110	2
6	6	2
76	82	1
132	132	2
119	126	1
84	90	1
85	85	2
79	79	2
77	77	1
77	83	1
103	103	2
51	51	3
34	34	1
44	44	4
89	90	1
13	13	3
77	82	1
70	70	1
60	60	5
81	82	1
125	125	3
63	69	1
49	49	4
55	72	1
98	99	1
123	123	1
108	109	2
105	117	2
8	32	2
25	26	3
57	70	1
126	126	1
105	106	1
10	25	1
79	106	1
89	92	1
40	117	1
48	82	1
66	75	1
65	76	2
92	93	1
4	4	1
71	71	2
15	15	1
44	45	2
96	99	1
118	118	2
17	18	1
64	95	1
131	132	2
94	95	1
82	94	1
3	3	1
26	50	1
108	108	1
52	52	2
11	12	2
120	120	4
111	112	1
76	89	1
89	91	2
130	130	1
27	81	1
76	76	1
100	100	1
66	66	1
77	91	1
27	27	2
88	93	2
23	30	1
51	52	1
61	62	2
94	105	1
12	12	1
117	117	2
80	81	1
101	101	1
127	127	1
88	89	1
120	125	1
55	62	3
128	128	1
92	92	1
95	104	1
48	79	1
42	118	1
96	96	1
93	96	1
25	64	1
116	116	1
127	128	1
50	53	1
19	27	1
68	68	1
68	92	1
117	118	1
8	33	1
80	80	2
122	123	3
41	42	1
72	73	1
10	11	1
67	67	1
126	129	1
21	22	1
29	30	1
43	44	1
99	100	1
16	19	1
18	22	1
95	95	1
48	117	1
57	107	1
69	72	1
76	92	1
83	88	1
32	51	1
63	74	1
8	80	1
94	94	1
72	72	1
111	113	1
107	114	1
118	124	1
16	28	1
63	64	1
87	89	1
110	111	1
