57	57	3
56	76	2
21	44	2
44	44	7
76	76	3
64	65	2
47	47	4
8	8	6
75	75	3
38	38	9
8	9	3
60	60	9
48	48	5
45	45	6
43	43	1
29	31	2
5	5	7
1	1	7
20	20	6
50	50	5
33	34	6
26	27	8
10	10	6
23	23	3
24	24	5
9	9	5
35	38	1
39	41	3
49	49	4
51	56	1
24	25	2
63	63	2
2	3	2
29	29	2
72	72	5
0	11	2
32	37	1
25	25	1
77	77	4
3	3	2
55	55	6
12	12	3
7	7	9
21	21	2
2	2	1
55	56	2
39	40	1
41	42	1
26	26	2
66	66	6
32	32	3
37	37	3
59	61	2
45	74	1
56	56	4
43	50	1
29	30	4
40	72	2
67	70	3
1	2	2
53	53	4
6	72	2
75	76	4
35	35	1
61	61	1
74	74	3
57	59	5
44	47	3
21	37	1
43	55	2
19	46	1
18	18	1
23	44	3
34	61	3
30	42	1
33	33	1
30	30	1
13	13	2
41	41	1
52	52	1
14	23	1
43	48	2
28	37	2
32	39	2
28	29	1
5	7	1
66	69	1
21	33	1
40	40	1
69	69	1
