76	76	2
84	84	2
120	121	2
116	116	4
111	111	1
113	115	1
101	101	2
62	62	1
57	57	2
9	9	1
91	92	3
64	65	2
22	22	1
85	85	4
98	98	2
76	128	1
21	21	3
49	51	2
55	56	2
86	87	2
38	38	2
122	123	1
129	129	3
106	107	3
13	13	5
143	143	2
64	81	1
26	56	1
24	24	2
86	86	3
19	62	2
119	119	1
80	110	1
73	73	1
142	144	2
132	133	1
47	103	1
124	126	2
15	15	1
6	14	1
73	74	3
43	43	1
98	99	1
61	100	1
140	141	2
83	91	1
30	30	2
16	16	1
140	142	1
103	103	1
87	87	1
97	98	1
72	72	3
38	88	2
60	60	1
52	52	4
89	89	2
10	13	1
3	4	2
24	106	2
77	79	2
123	146	1
37	37	2
68	75	1
57	58	3
71	71	2
97	103	1
66	75	2
95	97	2
42	52	1
97	121	1
67	82	2
119	120	1
124	135	1
78	79	2
14	118	1
54	129	1
24	25	4
31	34	1
126	126	1
75	76	1
2	13	1
24	35	1
125	126	1
4	4	2
82	83	1
27	27	3
16	17	1
88	88	2
40	41	1
105	105	1
121	121	2
122	122	2
91	91	1
93	93	2
53	53	3
119	138	1
132	137	2
57	95	1
9	123	1
30	55	1
2	2	1
116	117	2
11	12	1
42	63	1
70	70	2
59	117	1
58	58	2
94	94	3
73	85	1
25	26	1
22	29	1
61	61	1
81	126	1
101	103	1
28	30	1
67	76	1
102	102	1
8	8	1
96	124	1
34	130	2
25	34	1
79	79	1
89	91	2
79	82	1
68	142	1
61	108	1
97	101	2
26	26	1
99	100	1
4	36	1
88	100	2
6	120	1
61	107	1
77	78	1
68	69	1
39	39	1
88	89	2
77	96	1
80	80	1
28	28	1
136	139	1
19	27	1
5	12	2
121	122	1
112	112	1
53	55	1
6	6	1
30	32	1
67	67	1
31	33	1
13	14	1
123	129	1
22	23	1
18	121	1
108	109	1
138	138	1
65	65	1
77	77	1
59	104	1
96	96	3
130	133	2
36	36	1
81	81	2
0	0	1
81	122	1
50	52	1
49	114	1
40	108	1
104	124	1
50	79	1
78	78	2
114	118	1
128	128	1
110	121	2
25	35	1
134	135	1
75	80	2
43	52	1
3	3	2
118	134	1
109	143	1
68	68	1
95	95	1
39	40	2
32	37	1
28	29	1
34	34	1
82	85	2
139	139	1
48	67	1
64	106	1
51	51	1
17	17	1
110	111	1
11	11	1
31	31	1
25	104	1
66	102	1
59	60	1
137	138	1
92	102	1
0	36	1
108	108	1
128	140	1
85	103	1
27	32	1
71	118	1
83	83	1
103	114	1
90	90	1
117	117	1
6	32	1
145	146	1
135	135	1
107	107	1
127	137	1
71	115	1
15	35	1
111	119	1
22	34	1
