107	107	3
121	122	4
134	134	2
9	9	5
107	108	1
101	101	2
98	99	1
91	92	1
86	86	2
62	71	1
6	6	2
55	56	2
99	102	1
34	34	2
30	30	2
118	119	1
30	31	2
38	59	1
16	16	3
19	19	2
98	98	2
42	115	1
129	129	2
33	33	5
75	76	2
31	89	2
45	118	4
119	119	2
114	117	1
86	88	1
94	94	3
100	110	1
44	44	1
4	4	1
10	11	2
35	35	4
73	73	1
23	26	1
43	43	2
117	117	1
20	21	2
56	90	1
62	62	2
106	108	1
100	100	2
34	60	1
83	89	1
17	19	1
19	34	1
40	42	1
119	120	1
80	110	1
111	112	3
132	132	1
45	45	1
133	134	1
84	85	2
31	31	1
38	38	2
28	81	1
81	82	1
80	80	1
79	80	2
80	87	1
31	32	2
85	85	1
47	47	4
82	93	2
80	81	1
33	118	1
66	66	1
72	72	2
111	111	1
81	81	4
131	132	2
77	77	1
4	5	1
14	14	1
118	118	1
110	110	1
107	123	1
127	127	2
116	116	1
9	17	1
16	17	1
115	115	1
23	24	1
81	127	1
9	66	2
111	113	1
31	90	1
95	96	2
96	96	1
130	130	2
93	105	2
124	124	1
65	66	1
15	89	1
57	57	3
13	13	1
23	23	1
126	126	2
27	27	1
103	115	2
89	89	2
114	114	2
10	10	2
127	128	1
82	86	1
63	63	2
90	90	1
90	93	1
107	119	1
113	123	1
105	106	1
108	110	1
48	48	1
56	94	2
12	12	1
15	22	2
73	78	2
32	32	2
103	104	2
17	18	1
46	46	1
42	42	1
60	61	1
69	69	1
90	91	1
101	102	2
57	63	1
106	106	2
78	78	1
128	128	2
11	11	1
58	117	1
49	50	1
98	101	1
123	123	2
33	117	1
89	90	1
57	93	1
113	113	1
36	36	1
114	125	1
43	45	1
57	58	1
14	15	2
102	110	1
97	97	1
28	28	1
95	123	1
17	20	1
43	57	1
87	121	1
100	101	1
26	27	1
132	133	1
40	104	1
94	111	1
70	70	1
79	79	1
91	104	1
27	28	1
87	88	1
87	87	1
20	31	1
50	50	1
82	82	1
35	36	1
102	103	1
101	124	1
104	104	1
