10	11	2
41	41	5
36	55	2
71	75	2
63	64	2
1	1	3
44	47	2
68	69	1
30	61	1
36	49	1
64	64	2
28	39	1
60	60	2
58	58	2
51	51	2
59	60	4
45	45	2
28	28	4
20	20	1
72	75	2
51	52	1
22	22	2
57	57	3
28	60	1
51	54	1
6	6	2
49	50	2
38	39	1
28	29	1
4	19	1
48	48	1
26	27	3
55	56	1
11	21	2
28	55	1
30	60	1
10	12	2
29	29	3
20	25	1
54	54	2
25	53	1
43	44	1
5	5	2
24	27	1
77	78	1
35	35	3
61	61	1
25	65	1
34	37	1
14	51	2
36	36	3
20	53	1
33	33	2
72	74	3
48	68	2
42	43	1
19	60	1
34	34	3
75	76	2
11	11	3
54	55	1
40	43	1
2	3	1
51	73	1
59	76	1
10	39	2
63	66	1
34	35	1
38	38	2
46	48	1
42	42	1
67	67	2
3	3	1
70	70	1
21	21	1
8	8	1
4	5	1
9	9	2
31	33	1
68	71	1
4	4	2
21	22	1
12	27	1
74	77	1
66	66	2
44	45	1
27	35	1
62	62	1
33	34	2
1	2	1
46	46	2
41	42	1
57	58	1
31	31	1
6	13	1
5	18	1
73	73	1
64	65	1
65	66	1
24	58	1
29	54	1
35	44	1
44	44	1
56	60	1
50	75	1
74	74	2
50	50	1
40	40	1
75	77	1
77	77	2
67	69	1
71	71	1
36	40	1
35	39	1
65	65	2
32	33	1
0	4	1
26	63	1
50	51	1
25	26	1
40	48	1
7	7	1
39	41	1
26	26	1
47	74	1
55	55	1
