108	108	4
131	131	2
31	31	3
13	13	1
157	158	1
51	52	1
66	66	2
139	139	1
171	171	6
164	164	2
10	10	2
32	44	1
138	138	2
80	88	1
31	32	1
15	15	2
140	171	1
1	5	1
112	122	1
90	94	1
153	153	4
142	143	2
114	114	1
7	7	1
171	172	2
156	160	1
56	56	2
77	79	1
90	93	1
57	57	2
42	42	2
132	132	1
96	96	1
19	19	1
112	113	1
16	16	2
14	14	2
43	43	2
122	122	4
55	55	2
163	174	4
65	65	4
161	161	2
161	162	4
174	174	1
62	64	1
129	129	3
14	16	1
120	120	4
124	126	1
25	26	1
84	85	1
74	74	2
169	169	3
137	137	2
97	97	1
60	60	1
80	80	2
19	35	1
180	180	4
123	125	1
139	140	2
126	126	3
150	151	1
72	72	1
40	53	1
75	75	1
82	86	1
133	133	4
30	30	1
105	107	3
145	145	1
134	134	2
170	173	1
20	20	1
121	121	1
81	106	1
91	93	4
87	87	3
88	89	1
123	123	1
82	123	1
145	146	2
22	49	2
36	36	1
127	127	3
154	154	3
106	107	1
148	150	2
11	33	1
148	151	1
37	64	1
27	27	1
2	62	2
59	154	1
55	102	1
8	8	3
159	159	2
38	39	1
71	71	2
53	54	1
27	28	2
96	97	1
55	56	1
2	4	1
85	85	3
35	35	2
92	96	3
172	172	4
66	78	1
157	157	1
77	111	1
106	106	2
83	83	1
81	81	3
57	161	1
89	89	2
39	40	2
129	130	1
107	107	1
60	61	2
118	123	1
146	146	1
147	152	2
23	94	1
29	29	4
166	166	1
90	90	1
119	136	1
16	17	1
20	21	2
22	54	1
5	127	1
112	112	4
22	25	1
162	171	1
92	93	1
129	143	1
40	40	1
150	150	1
67	139	1
62	66	1
178	178	1
173	173	1
50	67	1
156	169	1
40	57	1
13	51	1
75	156	1
100	100	1
118	118	1
44	44	2
143	163	1
125	125	2
156	156	1
122	123	1
26	28	1
169	170	1
5	16	2
9	13	1
18	63	2
2	5	2
57	83	1
54	54	1
76	76	2
9	9	1
61	63	1
6	6	1
132	149	1
168	168	1
132	133	1
86	86	1
124	124	2
108	109	3
8	13	1
114	120	1
168	179	1
85	90	1
148	148	2
91	92	1
151	156	1
43	63	1
115	146	1
33	35	1
150	169	2
17	17	1
57	140	1
132	145	1
57	64	1
13	43	1
6	14	1
16	18	2
75	76	1
45	45	1
119	119	1
165	166	1
7	52	1
142	142	1
149	150	1
32	75	1
139	176	1
12	17	1
23	25	1
89	90	1
131	132	1
21	43	1
167	168	1
165	165	1
91	91	1
103	103	1
159	165	1
145	147	1
66	79	1
102	103	1
168	169	1
