23	66	2
137	137	7
16	16	6
151	153	2
84	84	3
141	141	3
116	118	5
165	166	5
6	21	2
176	176	14
28	31	4
124	124	5
171	171	14
62	63	6
173	173	7
81	81	5
152	152	7
148	153	6
121	121	7
9	9	8
37	38	3
2	3	1
106	106	4
105	105	2
150	150	10
94	94	11
145	145	12
115	115	13
2	24	4
113	113	3
24	67	2
32	32	2
42	42	5
140	140	10
132	149	1
56	56	2
118	118	4
114	114	5
49	52	6
43	43	3
22	22	5
140	173	4
21	21	8
123	123	11
131	132	1
82	84	5
95	95	12
76	76	8
72	75	2
68	68	9
23	23	9
2	33	2
133	139	2
67	68	8
174	175	2
92	93	3
31	31	2
167	168	3
129	146	2
127	128	2
97	98	5
81	82	3
131	131	3
17	17	5
1	1	4
92	92	3
109	109	4
158	158	10
134	157	1
130	130	4
141	142	8
119	119	2
94	95	2
110	111	8
78	78	4
96	96	19
144	145	1
147	147	3
165	165	6
51	51	1
87	87	11
151	151	5
180	180	9
129	129	6
153	154	1
75	75	2
135	136	5
152	154	1
135	148	2
28	29	3
163	163	1
6	10	6
60	60	7
142	143	4
126	126	2
53	53	1
25	26	4
142	142	5
156	156	2
179	179	3
19	19	4
170	170	6
27	27	6
159	159	5
15	15	7
118	119	1
89	89	3
38	38	2
60	61	2
36	36	2
65	65	4
97	97	1
52	52	6
93	93	2
162	162	5
73	73	12
44	44	3
125	125	5
153	153	7
33	36	5
0	0	1
104	105	2
87	88	1
160	161	3
172	172	2
103	103	7
5	5	2
91	95	4
11	20	2
30	30	2
58	58	3
39	39	4
123	124	2
174	174	4
148	151	3
84	86	1
178	178	4
149	149	3
177	177	1
85	85	1
24	24	1
77	77	3
113	114	3
145	147	1
139	139	5
24	25	2
71	71	1
160	160	3
26	26	7
130	145	4
164	164	5
148	148	3
104	104	1
1	32	3
66	67	2
87	89	2
119	120	1
45	45	3
63	63	2
145	146	2
107	107	1
79	79	9
110	110	4
157	157	2
49	54	2
122	122	1
29	29	2
135	173	3
127	127	6
137	138	2
133	134	2
88	88	3
30	31	3
167	167	3
178	179	1
117	129	2
27	53	1
102	103	1
6	6	2
8	8	1
72	74	2
80	81	1
14	39	7
91	100	2
74	74	3
133	133	1
72	72	4
10	10	3
86	86	2
51	55	1
54	102	2
93	94	1
128	146	1
4	5	2
0	76	2
55	55	1
116	117	1
3	66	2
156	173	2
5	32	2
98	98	1
55	86	4
64	64	1
22	23	2
159	167	1
83	84	2
5	6	2
168	168	3
13	13	1
170	172	1
49	56	2
100	100	1
120	120	2
51	162	1
112	112	1
50	51	1
1	4	1
108	109	1
53	54	1
143	143	1
59	59	1
158	159	1
