130	130	2
18	89	1
63	77	1
156	156	1
20	43	2
63	63	2
114	114	6
0	18	1
128	129	2
87	103	1
4	24	2
139	140	3
153	156	2
66	73	2
148	155	1
12	17	1
130	131	1
123	141	1
22	98	2
13	13	4
145	150	2
62	65	1
110	111	3
2	2	4
140	140	1
70	83	1
45	46	1
9	18	1
17	90	1
92	96	1
118	132	1
10	10	2
8	8	1
76	102	1
30	92	1
48	55	1
148	154	2
80	122	1
21	28	1
115	117	3
45	52	1
130	136	1
81	101	1
134	145	1
114	128	2
65	96	1
30	42	2
66	151	1
103	103	2
28	30	3
3	4	2
64	70	2
112	112	1
113	114	1
85	88	1
129	131	2
102	105	1
22	90	1
28	70	1
42	42	1
6	16	1
16	16	3
47	48	1
67	70	2
82	84	1
50	55	2
122	124	1
79	86	1
119	120	1
115	135	2
44	44	2
136	136	3
65	66	1
47	50	4
93	93	3
141	153	1
40	43	2
97	97	3
39	39	2
107	107	2
48	75	1
119	122	1
14	14	2
91	103	1
72	81	1
19	19	3
150	150	2
41	41	1
10	17	1
95	97	1
97	157	1
36	36	1
125	135	1
104	122	1
127	137	1
99	135	1
53	54	1
9	10	2
39	44	1
15	39	1
43	43	3
97	114	1
79	92	1
22	22	2
6	47	1
30	47	1
100	112	2
8	14	4
107	109	1
103	152	1
25	28	1
52	56	1
146	155	2
2	142	1
90	93	1
115	115	2
147	149	1
31	45	1
15	16	1
14	21	4
78	80	1
109	111	1
75	78	2
37	38	1
22	26	1
96	96	1
110	110	1
119	119	2
144	156	1
26	31	1
1	1	1
146	147	7
64	66	1
62	158	1
124	125	3
47	47	3
133	152	1
117	122	1
131	140	4
105	116	2
105	105	1
135	153	1
123	123	2
102	102	2
85	85	2
80	84	2
8	21	1
149	158	1
132	135	1
79	79	2
158	158	1
124	126	2
38	39	2
39	43	2
71	72	1
146	153	1
83	99	2
19	22	2
78	109	1
68	82	1
139	142	2
141	144	2
118	122	1
9	9	2
64	64	2
18	42	2
91	95	2
132	141	1
126	126	1
125	126	4
16	17	1
86	90	1
90	97	1
78	114	1
115	116	2
95	95	2
18	21	2
134	134	1
43	48	2
78	79	1
135	135	2
105	155	1
108	155	1
103	107	1
1	25	1
93	106	1
149	149	1
36	48	1
146	146	1
117	117	1
65	91	2
89	91	1
19	27	1
86	87	1
101	101	2
112	123	1
31	33	2
108	108	1
25	67	2
11	11	2
129	135	2
14	23	1
120	120	1
93	100	1
67	68	1
132	154	1
99	110	1
131	131	1
140	145	1
122	122	1
116	116	3
38	43	1
25	29	2
31	54	1
18	18	2
132	153	1
95	96	3
142	145	2
27	29	1
50	52	2
146	151	2
124	131	2
154	156	1
142	142	1
36	38	1
46	46	5
12	13	3
141	142	1
103	114	1
18	19	1
87	89	2
89	105	2
68	70	2
127	127	1
127	135	1
71	71	2
2	66	1
41	46	2
90	103	2
148	148	1
53	150	1
103	106	1
28	32	1
78	91	1
22	28	1
9	20	1
6	7	2
98	116	1
92	92	1
69	70	1
28	45	1
51	51	1
151	151	1
70	86	1
80	96	1
62	68	1
40	40	1
99	100	1
119	123	1
29	39	1
144	147	2
8	10	1
7	9	1
64	65	1
20	26	1
49	49	1
134	137	2
23	23	1
45	50	1
70	92	1
148	149	1
84	84	1
18	20	1
109	110	1
77	139	1
67	67	2
121	121	2
147	147	1
13	14	2
12	12	1
134	141	1
81	81	1
131	133	1
132	137	1
93	98	1
22	42	1
72	76	1
125	140	1
46	92	2
99	99	1
133	135	1
117	118	1
102	108	1
77	78	1
135	155	1
0	3	1
25	25	3
112	136	1
104	112	1
68	93	1
89	117	1
137	142	1
124	141	1
111	111	1
15	15	1
152	154	1
0	0	1
6	35	1
87	90	1
1	7	1
82	95	2
10	12	1
107	108	2
74	74	1
9	43	1
37	42	1
10	18	1
31	34	1
155	155	1
26	26	1
88	99	1
17	91	1
13	15	1
158	159	1
157	157	1
21	22	1
17	24	1
144	146	1
127	130	1
147	156	1
62	159	1
152	155	1
31	40	1
5	5	1
104	104	1
7	24	1
105	156	2
16	86	1
34	36	1
36	39	1
113	113	1
24	24	1
154	155	1
44	45	1
53	55	1
85	93	1
115	129	1
84	92	1
108	122	1
108	112	1
26	43	1
91	93	1
129	129	1
132	150	1
140	156	1
132	133	1
138	143	1
3	11	1
25	86	1
134	140	1
120	121	2
136	156	1
116	131	1
139	156	1
65	65	1
118	135	1
56	57	1
75	144	1
4	4	2
41	43	1
16	19	1
140	143	1
2	5	1
20	20	1
121	140	1
11	12	1
39	46	1
31	31	1
125	125	1
88	89	1
137	138	1
30	85	1
92	95	1
56	70	1
29	83	1
103	104	1
3	5	1
142	155	1
70	70	1
28	39	1
