9	9	2
36	40	1
25	26	2
19	60	1
37	53	3
20	21	1
44	44	4
41	41	3
56	60	1
46	46	2
44	46	2
12	12	3
0	0	5
51	51	3
19	22	3
37	39	2
11	17	1
52	53	4
43	47	1
44	45	3
8	9	2
42	42	2
23	54	1
39	42	1
13	16	1
39	40	3
48	48	2
56	57	1
25	25	1
58	58	1
4	4	2
31	31	2
61	61	1
52	55	1
34	45	1
1	15	2
53	53	2
33	33	3
40	40	1
1	1	2
17	17	2
22	23	2
20	23	1
43	45	2
11	11	5
13	13	3
56	58	2
18	21	1
40	41	1
7	14	3
54	54	1
39	43	1
21	21	4
14	14	2
43	43	1
9	12	1
3	4	1
49	60	1
31	32	2
9	10	1
17	23	1
40	42	1
50	53	1
45	45	1
4	5	3
37	37	1
2	2	1
55	55	1
6	9	1
43	44	1
14	41	1
8	8	1
23	25	1
12	13	1
18	39	1
51	53	1
13	15	1
24	24	1
1	2	1
31	35	1
38	54	1
