169	169	2
59	192	2
74	74	5
160	172	3
210	211	2
169	171	2
27	27	2
187	187	10
6	6	1
42	42	4
87	88	2
186	186	4
116	116	1
184	184	4
229	229	4
220	221	2
104	104	1
106	108	2
20	21	2
213	214	3
42	43	3
221	221	5
183	183	10
86	186	3
87	89	1
178	178	4
29	29	1
192	194	1
95	96	3
187	190	2
30	30	3
54	161	2
245	246	1
117	117	4
10	229	1
172	174	1
73	73	3
33	33	4
190	190	1
90	90	7
95	95	5
169	175	1
203	203	4
21	26	2
202	212	1
187	194	3
232	232	5
58	59	1
174	176	1
10	10	3
241	242	2
63	63	4
57	65	3
88	223	2
49	49	2
53	54	2
26	26	3
164	164	3
56	61	1
209	209	4
170	170	4
61	107	1
230	231	2
43	43	1
191	191	8
245	247	1
56	58	1
14	15	1
181	181	2
204	204	2
90	91	2
93	94	4
37	37	1
201	201	3
31	35	1
64	64	5
71	72	2
245	245	2
116	167	3
21	21	7
12	207	2
69	175	2
194	194	2
11	11	2
8	8	4
223	223	5
215	218	1
108	108	2
119	210	1
104	105	4
168	218	3
67	67	6
171	171	1
211	211	4
197	197	1
162	162	4
104	110	2
93	109	1
107	107	3
246	247	2
158	222	2
177	178	1
68	68	4
232	233	4
113	113	2
69	173	1
112	114	2
35	36	1
72	73	4
40	40	2
212	213	1
237	238	1
153	153	1
236	236	2
52	52	2
166	166	2
62	166	1
238	238	1
118	210	1
34	36	1
199	199	5
185	186	1
79	82	1
45	45	2
206	206	3
192	193	1
235	235	2
71	74	2
95	109	1
178	190	1
212	220	1
44	44	1
244	246	1
181	182	4
115	115	3
217	217	2
226	226	1
146	150	1
174	195	1
87	87	2
37	38	1
56	57	1
197	199	1
173	184	1
14	14	3
54	55	1
64	65	2
223	224	1
66	92	1
222	224	1
25	25	1
41	41	2
157	165	1
72	72	1
218	218	2
234	235	2
193	194	1
9	10	1
10	11	1
78	83	1
110	146	1
101	102	5
62	62	2
194	195	2
50	50	2
72	74	1
195	195	1
57	57	1
175	176	1
189	189	1
210	242	1
212	224	1
99	100	1
159	160	1
46	210	1
83	84	3
146	146	1
73	74	2
240	240	4
190	191	2
229	230	5
179	179	1
19	19	2
77	77	5
111	111	1
192	192	3
176	178	1
227	227	1
34	34	5
247	249	1
182	204	1
231	231	1
40	110	1
35	35	4
100	100	3
174	174	2
158	158	1
55	55	2
211	232	2
75	76	2
55	59	2
187	189	1
173	174	2
66	66	3
116	117	1
55	57	1
231	234	1
61	61	2
225	225	2
103	103	1
60	61	1
163	164	2
19	56	1
104	106	1
200	200	1
169	219	1
92	92	2
214	214	2
18	19	1
118	118	1
212	212	1
246	246	1
220	220	1
219	219	1
118	119	3
168	168	1
161	161	1
157	157	1
243	244	1
176	209	1
177	192	2
57	166	1
187	188	2
177	193	1
192	233	1
58	58	3
177	177	2
224	245	3
171	175	1
195	196	4
180	190	1
210	210	3
178	179	1
76	76	1
187	191	1
59	60	1
171	173	1
216	216	3
154	154	1
77	81	1
85	88	1
184	186	1
113	115	1
28	28	2
193	245	1
199	217	1
183	215	2
171	174	1
49	51	2
244	245	1
99	108	1
150	150	1
53	55	1
112	112	2
181	206	2
233	233	1
152	153	1
198	198	1
235	236	1
70	71	2
78	100	1
88	88	2
91	92	2
151	209	1
53	53	1
213	218	1
102	103	2
217	218	1
56	163	1
88	90	1
113	114	1
6	7	1
233	234	1
55	56	1
81	81	3
216	222	1
48	62	1
111	118	1
168	171	1
86	86	2
84	84	1
213	213	1
234	234	1
184	196	1
60	60	1
162	199	1
66	67	1
5	102	1
217	219	1
215	215	1
211	236	1
112	120	1
32	33	1
159	163	1
106	107	1
62	63	1
190	193	1
165	165	1
179	219	1
221	222	1
182	182	2
215	241	1
82	175	1
173	173	1
95	97	1
108	109	1
89	89	2
188	188	1
78	94	1
83	83	1
112	119	1
91	91	2
180	180	1
151	151	1
193	193	1
214	246	1
85	85	1
159	159	2
212	243	1
17	17	1
98	102	1
195	200	1
189	192	1
93	93	1
41	110	1
84	114	1
101	108	1
3	237	1
163	163	2
46	63	1
88	89	1
120	145	1
119	120	1
205	206	1
242	243	1
