75	75	16
39	39	15
57	64	3
84	85	9
110	111	5
46	111	1
71	71	6
109	110	1
63	63	2
19	91	3
54	61	4
30	30	10
45	45	15
24	24	5
22	22	7
42	54	1
57	60	3
65	65	3
108	108	5
43	43	11
70	70	6
49	72	2
47	47	4
62	62	5
102	102	7
21	21	4
95	98	6
42	42	2
100	100	3
47	107	5
69	70	2
85	86	1
29	29	14
105	109	6
77	78	1
38	38	4
42	89	4
86	87	5
85	85	1
104	109	2
22	105	1
59	59	5
41	41	3
58	58	3
40	61	2
50	50	11
113	113	7
43	46	4
37	38	2
56	87	2
19	19	2
80	80	4
36	36	3
111	111	5
57	57	2
42	44	2
82	83	1
61	72	2
100	101	1
93	93	8
104	112	3
32	32	13
85	94	1
28	28	3
53	60	3
69	69	4
74	76	1
35	35	3
91	94	2
41	55	4
73	76	1
79	82	1
71	73	2
56	60	2
34	40	1
36	79	1
26	26	4
61	61	1
67	67	12
47	48	3
44	44	4
37	83	1
46	46	2
111	112	5
53	53	1
33	33	4
51	51	2
78	78	6
49	49	4
53	54	2
104	104	1
25	76	1
66	69	3
51	81	4
25	25	1
54	96	1
88	88	6
35	54	2
70	71	3
87	91	1
45	50	2
40	67	2
50	111	1
20	20	4
54	56	2
95	95	3
87	87	1
96	96	2
31	31	3
49	51	1
80	86	2
105	105	5
26	27	1
88	91	1
60	62	2
39	65	2
68	68	2
60	61	1
67	69	1
95	96	2
36	111	2
20	21	1
34	35	2
22	23	2
89	108	1
34	36	2
63	66	1
74	74	4
72	103	2
92	92	1
98	98	1
36	96	2
61	62	1
55	55	1
73	73	1
49	54	2
110	110	1
75	78	1
39	45	2
53	90	2
99	99	1
72	72	1
54	54	1
41	42	1
56	91	1
74	75	1
83	85	1
71	72	1
