179	183	1
4	5	5
140	140	3
50	51	2
103	103	3
21	22	3
34	34	3
192	227	2
111	135	1
190	191	3
230	230	1
238	238	1
47	48	1
153	153	3
143	143	2
40	203	1
14	15	1
185	238	3
180	180	4
71	72	2
100	100	1
127	127	1
206	206	3
28	29	2
193	193	5
233	233	4
37	49	1
83	83	2
162	162	5
105	105	5
17	18	1
168	171	2
78	78	3
16	16	4
22	22	3
150	151	2
219	222	1
152	153	1
77	78	2
58	225	1
170	175	1
138	138	1
29	29	3
236	242	2
55	56	4
66	66	2
55	65	3
53	53	5
149	150	2
165	165	3
147	148	2
15	99	2
201	201	1
22	23	1
192	193	2
14	14	3
209	212	1
222	223	2
222	222	3
28	28	2
0	0	1
235	237	2
138	139	3
17	17	4
192	196	1
5	7	1
48	48	1
210	210	2
176	176	2
115	115	2
125	125	1
213	213	2
142	142	3
169	169	3
201	202	3
108	159	2
182	182	2
124	126	2
55	55	2
84	85	1
191	191	7
26	175	2
31	33	2
160	160	4
209	238	4
33	33	3
143	145	1
184	184	1
67	67	2
128	181	2
68	68	3
189	189	2
29	47	1
116	116	1
187	188	1
66	67	3
226	226	1
148	149	1
216	217	1
234	234	2
70	70	4
42	203	1
69	169	2
217	217	2
173	173	2
42	42	1
166	166	6
75	75	3
189	194	3
177	177	1
61	61	8
12	39	1
56	57	1
226	227	3
49	49	1
78	79	2
46	224	1
47	224	1
147	147	1
44	44	4
66	190	1
43	43	1
204	205	1
232	232	1
190	190	1
140	141	1
145	146	4
185	186	3
237	237	2
8	9	1
30	31	1
132	200	1
54	55	2
35	158	2
168	168	3
212	212	2
216	216	1
103	104	2
5	6	2
108	108	1
37	167	1
44	172	1
45	45	2
193	203	1
111	111	1
12	12	1
197	197	1
164	164	2
203	203	1
0	95	1
20	23	2
49	50	2
34	35	4
50	154	1
30	30	2
173	174	2
44	45	1
28	31	1
52	52	2
135	149	2
12	13	2
198	198	2
73	75	1
185	185	2
158	161	1
122	122	1
123	123	1
235	236	1
9	9	3
101	109	1
99	99	3
215	215	1
145	148	3
159	160	1
38	39	1
24	85	1
14	79	1
21	21	3
115	116	1
208	208	2
218	218	1
52	55	1
48	51	1
179	179	4
142	143	2
20	26	1
32	32	3
15	16	1
191	198	1
83	84	2
226	229	2
40	40	2
26	130	3
130	130	2
177	178	2
172	173	1
59	59	3
125	127	3
99	101	1
19	21	1
7	8	2
144	200	1
151	151	2
85	85	2
11	62	1
209	209	1
86	86	2
154	154	2
58	161	1
28	216	2
192	194	2
188	195	1
205	206	3
189	216	1
227	228	1
21	23	1
170	170	1
172	172	1
140	142	1
19	19	2
205	205	1
41	162	1
76	76	2
119	119	4
150	150	2
10	11	1
159	159	1
118	119	1
62	151	1
153	154	1
60	60	1
65	69	1
173	182	1
80	80	2
210	211	1
103	133	1
16	17	1
224	224	2
209	224	1
106	108	1
199	201	1
78	115	1
98	98	1
36	36	1
3	76	2
107	107	1
45	46	1
13	13	1
38	38	2
82	82	2
66	68	1
19	22	2
219	219	1
115	118	1
32	150	1
173	238	2
145	145	2
149	149	1
61	62	1
26	133	1
157	157	1
99	172	1
10	12	1
136	136	1
180	184	2
147	149	1
154	155	1
124	124	1
10	10	1
135	135	1
109	109	1
102	102	1
177	182	1
232	234	1
148	148	1
195	195	1
103	107	1
13	16	1
106	106	1
122	123	1
101	103	1
58	62	1
204	204	1
183	184	1
71	71	1
42	160	1
46	51	1
158	159	1
114	117	1
129	133	1
8	8	1
146	146	2
18	19	1
240	240	1
132	135	1
149	159	1
124	125	1
220	220	1
181	183	1
187	236	1
73	73	1
158	160	1
125	128	1
