12	12	1
190	190	1
156	156	5
164	164	5
98	99	1
73	73	4
166	176	1
180	189	2
97	100	1
163	169	2
92	92	2
38	100	2
126	150	3
127	127	1
7	61	2
5	98	1
152	153	2
38	38	5
120	150	2
130	130	2
183	183	5
81	81	2
188	189	3
36	37	2
83	83	3
24	25	5
73	79	1
164	176	2
88	88	2
2	61	1
97	97	2
59	73	1
158	158	5
84	84	2
62	128	1
118	118	6
145	145	1
22	34	2
4	47	2
42	42	2
63	68	1
185	185	2
157	157	2
42	58	1
70	70	3
106	106	2
29	30	3
112	113	2
163	179	1
62	71	2
84	102	3
30	31	1
45	46	1
84	95	1
83	99	2
46	84	1
53	63	1
85	85	2
76	78	2
135	136	3
44	44	2
169	170	1
112	112	2
107	108	1
54	80	2
33	45	1
159	159	1
57	57	2
76	92	1
20	24	1
130	164	1
101	102	5
179	189	1
75	92	1
171	177	1
146	153	3
113	114	1
116	116	1
134	134	1
91	127	1
146	146	1
117	160	2
39	39	1
83	87	1
38	44	2
173	173	2
151	152	2
84	85	1
4	4	3
13	15	1
124	124	2
38	40	1
140	141	2
25	25	1
142	142	1
96	97	2
162	162	1
148	149	3
79	79	2
34	35	2
27	28	1
117	118	1
31	31	4
137	137	2
14	14	6
145	166	1
20	30	2
113	146	2
124	127	1
113	113	1
20	20	1
116	117	2
126	126	3
110	152	1
43	44	3
65	127	1
56	72	1
74	74	3
172	188	2
15	52	1
147	163	1
153	154	1
155	169	1
132	133	2
121	122	2
62	62	4
76	100	1
69	71	1
105	105	1
91	104	1
144	153	1
13	13	6
11	12	2
101	101	2
11	11	1
156	157	2
95	95	3
153	158	1
5	6	2
163	168	1
172	172	1
120	159	2
89	108	1
93	93	1
143	177	1
66	68	1
16	16	2
98	111	1
105	168	1
167	167	1
23	23	2
112	135	2
149	149	1
116	148	1
70	104	1
128	184	1
161	161	1
166	166	4
122	122	2
26	26	2
59	59	3
155	155	1
53	55	1
106	108	1
45	45	2
1	1	1
86	162	1
29	31	1
76	77	1
39	128	1
72	73	3
170	170	1
74	93	1
91	91	4
76	76	1
90	91	2
111	111	1
114	138	1
55	88	1
110	111	1
19	19	3
111	112	1
168	175	1
103	114	1
143	149	2
79	117	1
158	183	1
70	112	1
157	158	1
32	33	2
168	168	1
38	74	1
156	168	2
100	102	1
141	154	1
136	136	2
25	27	1
55	55	1
0	7	1
56	57	3
133	133	1
3	3	1
175	175	1
136	138	2
156	160	1
131	131	1
0	26	1
33	34	3
124	149	3
34	34	1
8	60	1
139	139	2
66	66	2
2	48	1
4	5	2
156	170	1
186	186	1
171	175	1
182	186	1
109	130	1
67	126	1
156	181	1
129	165	1
104	104	1
99	99	2
0	1	1
151	151	2
135	135	2
64	64	1
0	0	1
57	100	1
22	27	1
29	120	2
1	19	3
121	121	1
172	173	1
141	152	1
171	171	1
166	170	1
68	68	1
73	82	1
40	41	1
140	140	2
13	35	1
113	127	1
181	187	1
145	156	1
78	78	1
1	5	1
149	161	1
82	82	2
119	119	1
24	24	1
160	160	1
126	128	3
150	167	2
126	127	1
15	59	1
32	32	1
151	158	1
38	62	1
96	98	1
125	131	1
112	116	1
126	134	1
180	180	1
89	133	1
96	96	1
17	17	1
62	63	1
19	20	2
171	172	1
98	100	1
153	153	1
31	33	1
35	35	1
109	113	1
144	144	1
29	33	1
134	138	1
95	180	1
109	109	1
172	186	1
46	47	1
114	119	1
189	189	1
117	135	1
21	24	1
159	160	1
15	15	1
97	113	1
181	182	1
70	71	1
122	137	1
117	161	1
103	130	1
37	37	1
150	150	1
