34	34	6
121	122	5
144	145	9
107	108	4
111	122	2
95	95	13
54	54	13
154	156	3
103	133	1
93	130	1
78	79	4
48	52	1
135	135	7
11	11	7
17	17	9
125	126	4
55	73	1
132	139	2
15	16	5
49	49	8
86	87	2
88	110	2
9	9	8
142	147	3
47	47	12
30	36	1
126	126	7
100	155	1
30	32	3
87	89	3
6	7	2
10	10	7
116	136	2
89	90	2
132	145	3
145	153	1
33	33	9
80	81	6
84	84	9
116	116	6
18	53	2
149	150	7
96	96	8
8	8	12
35	35	5
13	122	2
132	133	2
106	106	11
77	95	1
150	150	9
105	150	1
99	100	1
91	93	2
71	71	4
18	18	8
151	153	3
65	65	3
91	91	6
101	101	9
27	38	1
141	141	5
89	89	13
105	155	2
79	79	7
109	109	12
80	80	5
40	40	8
123	123	12
130	130	1
120	122	4
24	24	8
117	117	8
66	66	10
54	63	1
7	18	1
28	116	1
104	104	5
102	105	1
128	128	6
145	147	1
57	57	3
48	48	9
146	147	2
62	62	1
142	142	7
20	28	2
69	69	7
83	84	4
144	144	16
92	92	9
148	148	9
1	2	3
140	140	13
19	50	1
151	152	4
145	145	8
73	73	8
102	102	1
0	0	2
138	138	14
132	156	2
10	11	6
104	144	1
2	3	1
56	71	2
45	45	7
36	100	1
44	44	13
50	50	11
149	149	5
110	110	13
100	100	9
108	109	7
48	49	3
53	53	13
108	108	7
20	30	1
93	93	7
25	25	11
49	92	2
125	125	7
12	16	1
5	12	1
157	157	10
38	39	7
109	111	4
40	45	1
81	116	1
54	55	7
93	94	2
99	99	9
7	7	13
30	30	7
5	5	8
154	155	3
139	140	8
70	119	1
103	131	1
56	67	1
127	127	12
131	131	6
67	71	3
11	48	1
81	81	9
36	37	7
25	28	3
122	122	8
86	155	1
129	129	8
87	87	9
134	134	7
147	147	6
38	38	6
107	147	1
78	78	13
3	4	4
75	75	10
132	132	9
109	110	4
153	154	2
43	43	4
89	147	2
119	120	7
152	155	1
20	21	3
12	13	4
32	45	2
64	69	1
154	154	3
26	26	7
19	49	1
53	54	8
18	19	4
114	114	11
153	155	3
56	57	4
97	97	6
67	67	4
38	40	3
90	90	8
157	159	1
88	88	7
94	94	10
21	21	3
37	52	1
100	101	5
152	153	2
124	124	4
7	10	1
18	54	3
34	36	2
128	130	1
71	104	1
118	118	5
41	41	10
18	56	1
136	138	2
82	83	6
68	116	1
133	135	1
131	133	2
79	80	1
137	138	4
8	9	2
68	69	2
49	114	1
104	105	2
89	129	1
121	142	1
138	139	3
97	98	5
121	121	11
29	29	4
143	143	3
20	23	1
123	126	3
105	105	5
49	50	3
36	84	1
24	70	2
117	140	1
89	135	1
118	121	2
76	79	1
98	98	8
103	103	7
28	28	6
40	48	1
112	112	7
113	119	1
28	29	5
155	155	8
144	146	2
12	15	2
126	131	1
64	64	6
11	31	2
142	144	2
92	93	4
8	11	3
28	38	1
39	39	7
113	115	4
31	82	1
123	133	1
119	119	3
133	134	3
72	72	1
118	127	1
18	52	1
13	14	7
158	158	6
79	94	2
86	96	1
85	85	6
87	106	1
22	38	1
47	48	2
14	15	1
90	96	2
46	46	6
53	116	1
6	6	4
93	101	1
37	37	2
6	16	2
9	42	1
97	145	1
139	141	2
151	151	5
49	54	1
90	91	4
54	56	1
51	52	9
13	13	4
16	24	1
131	151	1
136	136	5
67	68	5
9	10	4
18	20	1
42	43	2
31	31	7
35	36	5
94	131	2
35	39	1
51	51	10
77	84	1
4	29	2
20	36	1
24	30	2
70	70	10
103	104	3
121	141	4
51	117	2
75	76	1
15	15	5
135	137	1
36	36	6
109	113	3
121	134	2
62	63	1
124	126	2
100	102	1
104	154	2
118	120	1
25	35	3
79	145	1
91	92	7
152	152	3
20	22	1
6	40	1
23	23	6
17	84	2
2	5	3
129	130	7
1	93	2
151	156	2
95	96	1
156	156	11
75	101	2
44	45	2
38	41	1
55	55	12
3	3	7
123	124	4
82	82	5
78	129	1
69	106	1
91	134	3
137	137	6
42	42	6
24	25	2
0	32	1
111	112	3
39	113	1
133	133	7
80	90	1
143	147	2
117	119	3
110	111	6
2	2	8
113	114	1
21	22	4
50	113	1
30	35	1
30	45	2
32	69	2
93	125	1
88	134	2
14	95	2
33	34	6
26	27	3
1	1	8
73	74	1
105	148	2
111	111	4
108	115	1
87	110	2
23	24	3
79	81	1
4	56	1
62	71	1
4	5	2
124	125	4
140	141	2
24	68	2
133	146	1
63	90	1
14	14	5
43	148	1
19	20	3
77	78	3
24	32	1
78	127	1
120	120	7
119	135	1
18	73	1
137	151	1
87	96	1
23	30	1
86	89	1
117	118	3
11	35	1
20	20	2
126	127	4
63	66	1
32	32	6
0	1	1
103	106	1
86	86	7
125	127	2
84	85	6
16	85	1
134	138	3
86	140	1
3	98	1
116	135	2
63	71	1
47	51	1
139	139	4
64	72	1
107	152	1
7	103	1
42	127	1
66	129	2
77	77	6
19	19	6
32	35	1
120	124	2
16	30	1
46	49	1
113	121	1
117	121	2
7	9	2
125	143	1
52	53	2
3	15	2
155	158	2
107	112	1
49	56	1
120	121	3
18	114	1
130	138	1
17	106	1
33	51	1
38	92	1
81	94	2
27	29	1
28	115	1
8	10	3
16	17	2
120	141	1
56	56	4
105	107	2
67	87	1
69	89	1
104	106	3
88	89	1
142	149	1
5	97	1
124	127	1
48	87	1
37	41	2
88	90	1
94	95	1
55	56	1
103	138	1
136	156	1
122	135	1
12	12	6
32	89	2
108	113	1
13	42	1
122	123	2
73	100	1
68	115	1
1	33	1
22	22	3
42	84	1
45	64	1
95	98	3
2	26	1
128	150	2
29	33	1
146	146	3
13	52	1
88	101	1
25	33	1
115	115	5
117	126	1
92	96	1
89	98	2
69	70	3
65	66	4
134	135	6
81	85	1
115	116	2
56	83	1
44	85	1
121	124	1
107	107	8
41	42	1
35	43	1
128	139	1
95	137	2
93	95	1
105	106	1
13	82	2
32	33	5
106	107	3
44	77	1
30	31	1
110	120	1
23	37	2
50	51	4
148	149	1
85	86	4
119	131	1
4	4	4
135	136	1
128	129	3
95	134	1
134	142	2
11	12	2
31	32	1
91	132	1
68	68	4
23	28	1
87	93	1
98	99	1
131	134	1
51	53	2
50	53	2
16	16	6
92	123	2
7	95	1
91	158	1
18	47	1
67	98	3
34	35	4
27	28	2
83	83	2
13	96	2
116	117	1
52	52	4
3	70	1
105	113	1
96	97	2
48	56	1
21	28	1
136	159	2
64	93	2
27	27	1
120	143	1
115	123	1
79	82	2
10	14	2
69	71	1
40	62	1
36	78	1
90	109	1
50	85	1
97	154	1
108	110	1
113	113	3
150	151	1
127	128	2
72	106	1
50	116	1
98	107	2
131	132	3
68	99	2
7	31	1
26	29	1
35	38	1
16	19	1
15	81	1
105	149	1
35	89	1
127	146	1
108	111	2
17	18	2
25	92	1
138	140	2
44	78	1
12	14	3
120	132	1
40	41	3
158	159	1
74	74	1
73	102	1
84	143	1
41	54	1
77	130	2
26	28	2
124	143	1
6	22	2
87	153	1
13	18	1
149	153	1
118	119	1
87	90	3
47	111	1
119	130	1
143	144	1
145	146	1
31	37	1
141	145	1
92	95	3
69	113	1
44	115	1
89	144	2
39	48	1
48	85	1
100	111	1
30	33	1
25	31	1
114	141	1
8	21	1
11	25	1
71	138	1
124	144	1
6	9	2
63	63	1
91	96	1
56	73	1
106	133	1
98	140	1
70	73	1
141	144	1
29	30	2
156	157	1
48	54	2
92	104	1
8	65	1
17	49	1
38	110	1
25	26	2
71	152	1
87	147	1
44	47	1
88	126	1
92	142	1
55	126	2
28	46	2
17	32	1
65	120	1
43	46	1
26	94	1
84	87	1
35	41	1
102	114	1
50	52	1
0	31	1
2	42	1
38	42	1
67	137	1
19	52	1
101	156	1
87	105	1
2	20	1
36	40	2
5	29	1
63	157	1
68	129	1
114	157	1
10	18	1
104	150	1
39	72	1
43	56	1
72	73	2
25	30	2
25	57	1
85	91	1
125	136	1
107	111	2
53	117	1
142	143	2
138	154	1
65	99	1
78	81	1
71	98	1
122	131	2
84	157	1
147	151	1
147	148	1
96	133	1
144	147	1
2	30	1
18	22	1
82	120	1
95	97	1
11	13	2
27	94	1
19	22	1
19	79	1
54	57	1
4	84	1
23	25	1
136	137	1
92	154	1
110	136	1
113	130	1
82	116	1
33	157	1
7	40	1
65	89	2
68	70	1
78	88	1
48	53	1
10	13	1
57	62	1
28	30	1
153	153	1
35	44	1
67	69	1
16	18	1
108	116	1
45	46	1
101	155	1
7	8	1
14	94	1
42	125	1
126	148	1
83	104	1
4	20	1
17	34	1
47	49	1
151	154	1
102	103	1
47	50	1
111	114	1
88	93	1
77	156	1
18	48	1
18	113	1
114	117	1
49	52	1
87	99	1
43	44	1
106	111	1
52	75	1
41	43	1
8	64	1
135	142	1
