14	14	1
73	74	3
40	42	1
80	80	2
74	74	1
66	70	2
77	77	2
55	55	4
49	49	3
57	57	5
76	76	2
38	39	3
70	70	2
56	57	3
13	14	2
59	59	1
50	50	3
4	21	1
6	6	3
30	30	2
7	7	3
78	78	3
48	48	3
5	5	2
65	65	6
0	4	2
36	36	2
75	76	1
67	67	4
56	56	1
33	33	4
28	28	4
63	63	3
8	10	3
67	69	1
41	41	2
3	3	1
33	41	1
9	9	2
27	27	3
54	55	2
60	60	3
68	70	1
31	32	2
58	59	1
41	73	2
64	65	3
40	40	4
11	26	1
34	34	4
4	4	2
14	15	1
8	49	1
54	54	3
32	32	1
38	40	1
29	29	2
11	21	1
4	5	1
36	38	1
71	71	2
63	64	1
56	73	1
57	66	1
49	73	2
40	77	2
42	43	1
11	12	1
13	69	1
27	30	1
62	62	1
53	53	2
45	45	2
53	54	1
19	19	2
66	66	2
60	61	2
30	41	1
58	58	1
21	21	2
52	52	1
33	60	1
12	15	1
48	56	1
21	69	1
64	64	1
59	60	1
79	79	1
49	57	1
35	35	1
20	21	1
47	48	1
33	71	1
30	34	1
9	10	1
