30	30	10
149	150	3
23	24	4
55	55	6
38	39	4
130	130	3
75	75	10
35	43	4
152	153	4
15	15	14
127	127	15
7	7	7
31	31	11
121	122	7
90	90	2
27	28	7
141	141	17
18	38	6
140	140	8
52	52	7
17	17	8
73	73	9
40	40	5
122	122	5
64	64	2
88	89	2
53	57	2
10	10	5
66	66	11
144	144	5
24	30	5
41	41	1
6	6	5
134	134	6
139	139	6
106	108	2
91	133	2
21	21	9
99	100	6
43	50	3
94	94	19
131	132	5
123	123	3
26	26	1
87	87	1
38	38	6
71	71	10
25	28	4
123	126	1
89	127	3
91	92	2
45	45	2
99	99	5
106	107	1
47	93	3
63	63	4
135	138	1
111	111	3
151	151	3
88	88	8
84	96	8
16	16	3
17	18	2
110	112	2
146	146	2
63	66	1
156	156	4
5	5	8
103	151	3
151	152	5
153	157	5
24	24	11
131	131	6
16	110	6
35	126	3
101	101	2
89	123	2
120	120	2
96	96	10
85	86	3
34	34	2
68	68	1
2	3	6
11	11	9
87	91	6
82	134	1
135	135	4
116	116	4
127	128	4
77	77	3
108	109	5
97	98	2
104	104	5
79	79	5
49	50	4
80	80	5
32	32	4
39	93	2
79	81	3
108	108	4
36	36	2
35	35	10
22	22	1
117	117	3
145	145	2
65	69	1
68	69	2
39	39	6
123	124	5
28	28	7
4	4	7
17	19	1
157	157	2
142	142	2
121	121	4
132	132	7
81	135	2
33	112	5
86	86	2
68	70	3
82	82	7
89	89	5
138	138	4
8	8	4
22	24	3
15	16	1
18	18	7
137	137	3
126	126	3
12	12	4
8	9	4
18	28	5
49	87	3
155	156	2
106	106	4
8	10	5
65	65	5
147	149	5
102	102	4
1	29	2
124	124	1
47	47	7
67	67	6
132	133	2
103	103	3
50	50	1
9	9	3
152	152	1
20	20	3
81	81	1
37	126	1
76	104	1
116	117	1
130	139	1
80	86	1
113	113	3
1	1	1
56	56	8
128	128	4
153	153	4
129	129	2
26	75	3
137	138	2
137	141	2
31	33	2
14	14	1
115	121	1
155	155	2
42	123	2
79	80	1
48	48	3
46	46	2
78	119	2
38	50	2
19	19	7
23	23	2
109	115	3
63	68	2
47	51	1
95	95	2
118	124	1
77	79	2
19	34	2
107	108	3
35	42	2
36	37	3
128	138	1
32	33	1
0	44	1
38	40	1
125	126	3
21	52	1
1	2	1
34	42	1
126	130	2
0	0	2
147	148	1
149	149	2
87	127	1
65	66	2
33	33	2
104	105	1
105	110	2
80	90	1
0	30	1
90	91	2
51	51	1
114	114	2
32	117	1
82	131	1
31	32	1
97	97	1
21	67	1
77	127	3
29	29	1
2	2	3
110	117	1
33	42	1
14	39	1
54	54	1
43	46	1
35	41	1
57	57	1
11	30	1
147	147	1
27	27	1
101	102	1
70	70	2
3	3	2
37	37	1
42	42	1
17	65	1
133	133	2
94	95	1
107	119	3
49	49	2
0	128	1
76	77	1
148	155	1
109	110	1
155	157	1
14	43	1
