56	111	1
42	109	1
103	103	2
106	106	1
104	113	1
138	139	3
85	101	1
154	156	1
47	110	1
41	42	1
42	42	1
127	137	1
116	117	2
14	45	2
14	14	2
81	81	1
38	38	1
116	116	1
146	147	2
56	56	1
12	14	2
40	40	1
97	97	2
95	96	2
27	27	1
4	4	1
94	98	1
71	109	1
98	98	1
142	143	3
124	124	1
123	124	2
81	84	3
63	68	1
40	113	1
102	102	2
117	121	1
154	154	1
139	139	1
13	51	2
95	102	2
84	94	1
4	66	1
50	50	1
14	17	2
81	108	1
3	3	1
153	154	2
87	94	1
46	111	1
86	87	1
16	16	2
103	127	2
24	33	2
148	148	1
68	73	1
70	71	2
38	106	1
127	156	4
108	108	1
152	153	1
10	82	2
10	10	3
125	125	3
47	79	1
119	119	3
57	68	1
148	149	1
70	79	1
91	92	2
42	43	1
84	114	1
16	17	2
41	41	3
43	48	1
138	138	1
102	124	1
11	86	1
41	77	3
55	56	2
45	47	1
29	131	2
2	8	1
117	156	3
90	91	2
121	155	1
80	111	2
23	129	1
6	123	1
71	111	1
41	47	1
22	125	1
15	17	1
105	105	1
84	112	1
22	98	1
11	11	3
38	40	1
46	47	1
120	122	1
66	70	1
97	103	2
29	29	1
145	145	2
12	64	1
104	126	1
31	36	1
26	26	1
105	115	1
43	109	3
46	109	2
7	12	1
91	91	2
63	80	1
8	82	1
112	112	1
67	110	1
68	80	2
86	86	1
48	49	5
127	155	1
156	156	2
77	78	1
23	24	2
147	147	1
92	97	1
12	65	1
43	43	1
11	107	1
150	151	3
140	141	1
27	28	1
37	37	1
39	40	1
120	121	2
104	105	1
68	71	1
1	19	1
119	151	1
103	116	2
63	81	1
35	35	1
137	139	1
109	109	2
39	114	1
117	136	2
41	50	1
112	114	1
85	105	1
10	34	1
57	62	1
33	33	1
122	127	3
28	28	1
24	27	1
39	101	1
87	87	1
62	62	1
71	71	4
96	156	1
70	81	1
95	95	1
97	126	1
42	48	1
85	106	4
1	2	1
93	95	2
47	51	2
24	98	1
70	109	1
34	35	1
151	154	1
77	77	1
44	44	1
13	18	1
126	126	1
108	114	1
46	108	1
96	96	1
118	119	1
7	20	1
124	125	2
20	40	1
105	113	1
36	114	1
32	33	1
16	52	1
96	122	1
49	49	1
47	71	1
26	121	1
26	32	1
118	120	1
26	133	2
5	12	1
131	131	1
43	46	1
67	68	1
66	112	1
9	10	1
50	57	1
49	52	1
25	28	1
24	31	1
15	16	1
67	71	1
75	75	1
139	145	1
41	111	1
84	106	1
79	109	1
95	107	1
141	151	1
13	14	1
46	77	1
100	101	1
89	92	1
67	75	1
