5	6	2
46	46	4
45	46	2
4	5	1
42	42	3
30	32	1
73	77	2
56	57	1
41	72	1
32	32	2
22	40	1
76	77	4
32	73	2
35	75	3
21	51	1
53	53	6
30	30	4
25	26	5
35	36	1
42	43	1
58	58	2
22	73	1
49	51	3
23	54	2
45	45	1
36	43	1
2	3	2
71	75	1
7	76	1
37	38	2
12	12	2
59	60	1
40	40	1
65	67	2
68	70	2
9	9	2
1	2	1
35	37	1
64	65	1
61	61	2
47	47	1
72	74	1
71	71	2
43	43	2
56	56	4
33	33	2
20	45	1
21	47	1
3	6	2
19	23	1
31	70	1
67	67	1
19	21	3
51	59	2
48	48	1
63	64	4
48	49	1
44	47	2
72	76	1
5	5	3
32	33	2
12	13	1
63	67	1
26	27	3
0	0	1
33	39	1
31	32	1
4	4	1
69	70	3
49	64	1
7	7	1
52	52	1
7	70	1
65	66	1
6	12	1
70	70	1
41	42	1
77	77	1
8	8	1
46	48	2
40	41	1
60	60	1
55	55	1
48	50	1
18	25	2
49	49	1
5	7	1
36	36	1
24	36	3
53	57	1
29	29	1
64	64	2
3	4	2
24	26	4
8	9	2
73	74	1
0	4	2
73	73	2
26	26	1
54	54	1
6	6	3
1	4	1
62	63	1
61	63	1
66	77	1
53	54	1
10	10	3
56	58	1
22	22	1
21	21	1
35	35	1
28	28	2
34	42	2
66	67	1
55	61	1
61	62	1
72	75	1
47	75	1
21	34	1
58	60	1
23	25	1
3	3	1
24	24	1
24	25	1
57	57	1
29	30	1
29	55	1
46	47	1
74	76	1
9	12	1
45	56	1
