70	70	2
133	133	6
139	139	18
131	133	3
130	130	2
76	77	4
19	22	4
9	10	1
110	110	8
36	37	4
32	38	5
79	110	2
105	123	2
88	90	3
136	137	2
85	85	4
118	119	9
46	46	4
105	105	2
136	136	3
131	132	5
28	42	2
97	97	8
40	40	2
141	142	3
113	115	4
84	84	3
64	117	1
115	115	6
82	137	2
10	10	4
132	134	1
142	142	5
30	35	4
156	156	4
18	18	8
47	53	4
144	144	6
128	128	2
16	39	3
4	4	4
47	49	4
15	15	5
137	137	6
106	106	2
117	118	4
69	69	5
22	24	2
27	27	1
112	148	3
149	149	1
154	157	1
157	157	5
113	114	5
100	112	1
16	16	1
146	147	3
112	112	5
51	54	1
143	143	4
121	121	6
131	131	3
25	27	4
98	98	8
48	48	1
75	76	7
9	9	4
33	40	2
116	121	3
109	110	3
113	113	3
104	104	9
148	148	4
40	41	1
35	35	3
152	155	2
53	88	1
45	45	4
120	120	2
109	145	1
81	81	5
49	49	12
83	85	2
116	116	3
76	76	4
29	29	7
103	103	3
68	68	3
7	7	2
42	42	4
107	134	2
7	8	3
66	69	1
57	158	1
14	34	3
102	108	2
132	132	6
111	147	1
18	19	4
82	83	3
111	111	3
56	57	2
124	124	1
129	129	3
127	127	5
141	141	3
155	155	7
83	83	3
110	145	1
123	123	3
140	140	3
11	11	3
51	51	5
54	54	1
25	50	4
46	47	3
39	39	3
51	52	4
67	67	4
157	158	5
125	150	1
20	20	1
86	128	2
46	54	3
24	27	1
107	107	3
25	25	2
79	111	3
52	128	1
103	150	2
47	47	6
48	81	3
81	82	4
33	34	3
64	149	1
106	107	4
107	124	2
82	82	4
128	129	1
104	127	4
72	83	2
147	148	1
52	52	6
41	42	3
125	126	4
126	128	1
111	142	3
24	47	2
158	158	6
96	96	3
31	31	2
104	135	7
50	57	2
139	145	2
64	64	1
90	90	6
40	85	6
112	121	2
20	23	1
62	62	1
144	146	1
150	150	6
21	22	1
13	13	2
79	79	3
138	139	2
108	141	1
2	2	4
71	71	2
91	100	1
115	121	1
91	92	3
146	146	3
145	145	1
135	135	6
66	141	2
107	126	3
32	32	1
80	108	3
100	100	4
50	104	1
125	125	1
17	17	3
94	94	1
28	28	1
62	117	2
81	92	3
26	26	2
68	69	2
20	22	1
73	73	2
114	115	1
55	56	3
56	56	1
34	34	5
134	134	3
126	150	1
75	75	3
25	45	4
22	22	2
110	142	1
95	95	3
10	17	2
53	53	4
12	19	1
115	116	1
62	68	1
21	21	5
41	41	3
8	8	4
28	29	1
49	50	1
78	78	3
101	101	2
44	44	3
63	63	1
72	141	1
144	145	2
23	23	4
119	143	1
119	119	2
86	86	1
108	148	2
105	114	1
47	48	1
72	87	1
95	97	2
81	91	2
87	88	3
89	89	2
30	30	3
80	80	2
117	117	1
124	126	1
118	118	3
46	63	2
138	138	1
154	154	1
99	99	6
5	5	2
54	85	2
107	111	1
70	71	3
18	89	2
62	122	1
64	68	1
20	42	2
54	55	1
62	64	1
0	24	2
27	91	1
7	11	1
117	122	2
92	92	3
11	17	1
25	28	1
0	0	1
3	21	1
93	93	1
23	89	1
98	99	1
118	122	1
126	133	1
6	73	2
50	50	1
49	63	1
18	22	1
108	108	1
123	127	1
126	132	1
144	153	1
22	39	1
151	151	1
62	70	1
19	19	1
114	114	1
7	14	1
5	6	1
20	39	1
87	100	1
82	94	1
