132	132	4
81	87	2
80	80	3
91	91	1
43	52	1
76	91	1
18	71	2
44	52	1
121	121	1
17	17	2
2	2	1
124	124	6
22	22	6
142	142	4
105	160	2
158	158	4
39	69	1
27	27	4
147	147	1
6	6	7
123	123	3
0	33	2
126	126	1
141	146	1
140	162	1
7	8	2
88	91	1
78	94	1
168	169	1
89	91	2
49	49	1
136	143	3
127	132	1
78	78	7
22	34	1
153	154	2
100	103	1
127	127	2
116	117	1
64	64	1
21	23	2
146	165	1
11	72	1
83	93	1
73	117	1
122	122	1
150	150	1
79	79	3
150	158	2
110	158	3
161	161	3
11	18	2
3	4	1
71	72	3
93	116	1
110	110	3
117	119	1
93	93	2
62	62	1
99	103	2
119	119	2
151	157	1
118	122	2
101	101	4
161	162	4
142	143	2
170	170	1
109	112	2
16	16	2
78	80	1
94	94	6
54	91	2
163	169	1
37	41	2
44	153	1
76	76	3
125	125	2
81	81	1
101	114	1
13	14	2
105	105	2
159	159	4
72	72	6
115	116	2
10	10	3
48	48	3
130	130	2
47	51	2
92	93	1
164	164	2
19	63	3
90	90	3
148	166	3
126	127	1
82	82	1
89	90	1
94	125	1
156	156	1
6	11	1
137	161	1
164	165	2
42	57	1
120	120	1
122	137	1
130	131	2
137	137	4
154	155	2
146	146	4
112	113	1
103	103	4
11	11	1
133	134	1
43	43	2
95	96	1
42	42	2
109	109	3
138	138	2
94	95	1
97	98	1
129	132	1
83	83	4
65	66	2
49	51	1
96	129	2
100	102	1
42	53	1
149	158	1
134	136	1
79	80	3
18	72	2
98	98	3
144	167	1
22	24	1
116	120	1
62	64	2
22	107	1
135	135	3
71	71	1
80	91	3
51	51	5
67	68	4
160	165	1
110	111	3
10	114	2
76	77	1
66	115	2
78	82	2
92	92	1
4	4	3
46	46	3
123	166	1
1	2	2
37	113	1
108	108	4
9	9	3
50	57	1
2	63	1
4	6	1
106	106	1
80	95	2
21	21	2
84	87	1
149	149	2
99	167	1
110	142	2
83	91	2
152	152	3
41	49	2
95	97	2
10	11	1
123	124	1
0	156	3
129	129	1
140	142	2
118	119	1
108	109	1
149	152	3
112	112	1
96	128	1
113	113	2
119	120	1
13	15	1
138	139	1
35	36	2
74	75	1
132	135	1
151	154	1
100	100	1
64	155	2
9	73	1
118	118	1
62	76	1
151	151	1
15	15	2
87	91	2
40	40	5
137	139	1
142	144	1
86	86	3
36	36	1
66	66	3
133	133	1
98	99	2
53	53	4
45	45	3
52	55	1
33	157	1
118	120	2
77	79	1
28	28	1
9	12	2
122	130	1
136	136	1
8	8	1
104	109	1
84	84	2
25	25	1
102	103	1
85	85	1
65	65	1
96	97	1
133	136	2
55	55	1
81	84	1
67	67	2
95	95	1
63	123	1
124	125	2
141	170	2
0	0	1
97	97	1
72	86	2
49	52	1
102	105	1
74	74	2
64	68	1
70	70	1
83	84	1
122	125	1
20	20	1
37	38	1
111	159	1
35	35	3
88	88	1
100	101	1
15	20	1
81	121	1
72	75	1
27	28	1
167	167	1
82	83	1
119	138	1
159	161	1
52	52	1
37	37	1
111	111	1
144	146	1
112	138	2
127	137	1
128	128	1
153	155	1
128	129	1
9	64	1
45	154	1
156	159	2
