13	14	9
22	143	1
85	85	9
93	112	9
157	157	6
125	127	4
7	7	10
13	13	19
102	102	12
95	95	12
23	26	3
50	50	14
114	114	12
68	68	9
151	151	6
12	29	5
24	43	5
91	97	4
11	11	15
107	112	4
156	156	4
9	9	10
145	145	12
111	111	14
38	38	8
131	133	2
6	6	6
52	54	6
109	132	3
81	81	4
25	25	7
80	97	2
153	153	2
10	10	6
106	106	7
51	65	1
120	121	2
144	144	11
33	33	9
9	10	7
56	56	7
41	41	19
44	44	11
73	74	1
18	18	17
108	109	13
130	131	2
116	129	1
114	115	7
66	66	2
127	127	18
121	137	7
54	54	9
148	148	8
91	91	6
42	42	11
15	15	17
126	152	4
110	110	3
118	118	5
155	155	10
29	29	3
0	36	6
99	99	6
126	126	6
104	104	13
153	158	9
146	146	7
80	80	11
0	0	9
129	129	17
75	75	5
136	136	12
86	86	9
112	112	7
3	4	5
122	149	1
10	148	3
26	73	3
78	94	4
89	89	3
92	92	5
141	141	9
31	40	1
102	105	2
90	91	1
77	98	3
105	129	5
6	7	2
19	20	7
33	56	4
83	127	7
119	119	7
134	139	4
8	8	9
20	20	12
132	140	5
156	157	2
26	26	6
12	55	6
106	108	7
105	105	16
45	47	1
143	143	9
83	83	11
2	2	6
36	36	6
65	65	3
7	32	1
32	33	5
87	89	4
98	98	10
51	51	13
46	46	16
12	14	5
16	16	8
69	69	6
132	133	4
23	29	2
39	39	11
122	136	9
21	22	2
111	116	3
70	85	1
23	23	4
103	104	2
147	147	15
98	104	4
128	128	15
83	84	3
71	71	12
32	37	1
135	141	3
36	37	6
15	42	3
79	119	4
64	64	8
28	28	11
5	5	1
94	130	1
142	151	7
36	38	4
106	107	3
133	133	2
35	36	4
138	138	10
131	131	11
88	88	9
64	91	6
47	48	1
132	132	4
52	52	5
49	49	8
154	154	7
85	88	7
40	41	2
94	94	13
30	52	2
91	92	5
30	31	4
2	3	1
47	47	12
27	28	2
124	130	3
43	43	15
99	128	2
19	156	4
33	49	1
81	148	3
87	87	10
27	151	3
24	76	3
82	82	8
122	134	2
32	43	1
80	119	4
27	27	6
76	76	4
66	75	4
130	148	2
101	101	13
103	103	3
126	127	6
77	77	4
119	120	5
46	47	4
41	42	4
152	152	4
77	95	1
78	78	8
114	136	2
32	32	7
149	149	4
146	154	1
30	33	1
81	110	5
135	157	2
34	34	7
83	93	4
73	73	8
131	132	4
16	47	2
41	55	2
151	156	4
24	25	10
67	70	2
5	29	1
5	24	1
108	113	2
53	54	8
48	48	7
100	100	7
53	123	3
157	158	3
37	37	2
142	142	9
14	14	6
117	117	4
37	38	1
124	124	7
116	116	6
63	63	3
40	43	2
88	89	3
158	158	6
88	125	4
121	121	7
37	39	3
40	45	5
99	129	6
105	106	2
28	61	2
84	87	3
115	116	3
15	16	2
45	45	12
29	158	1
4	56	2
30	125	1
38	45	1
79	80	5
19	19	2
15	18	3
123	124	4
135	135	8
97	97	3
150	151	4
140	141	7
42	51	3
38	39	5
13	17	3
40	40	6
127	128	1
102	103	4
32	34	2
81	82	3
88	121	2
42	54	1
20	21	1
145	148	6
107	107	4
70	70	7
128	158	2
124	125	5
11	14	5
101	102	2
144	145	5
28	30	4
13	46	2
125	126	1
116	118	1
31	31	9
150	150	3
48	56	1
133	134	3
124	158	5
142	149	1
16	17	8
3	55	1
7	31	6
139	139	5
69	70	2
132	144	3
79	79	2
113	113	6
114	116	2
106	112	1
126	150	1
36	44	3
84	84	2
110	111	4
103	112	1
109	154	1
66	69	4
50	54	2
22	36	1
77	78	3
25	27	3
8	11	1
43	44	4
4	4	5
50	55	1
71	130	2
107	111	1
67	67	4
39	43	2
115	115	4
21	21	6
11	12	3
0	4	5
137	137	4
44	45	2
50	51	2
131	136	2
144	152	4
112	113	2
140	140	4
151	152	4
121	126	4
152	154	4
3	3	8
117	126	2
109	110	3
107	130	2
103	106	1
103	111	3
34	35	1
84	119	1
72	72	1
90	127	3
111	113	1
30	30	1
12	13	6
136	137	3
28	56	4
42	52	1
85	91	1
130	132	1
55	55	1
142	145	4
120	120	1
31	55	2
8	9	2
21	156	4
11	47	3
65	66	2
105	111	2
49	54	3
119	121	2
8	28	1
96	96	6
67	68	1
153	154	3
71	93	1
94	96	4
130	130	1
138	151	2
20	38	3
105	107	1
128	148	2
84	158	1
127	134	2
117	118	1
14	46	5
104	109	1
90	90	4
92	131	1
124	144	1
54	56	2
97	99	4
31	78	1
30	67	2
1	1	1
95	105	1
30	123	1
109	152	1
64	84	1
108	108	2
3	30	2
124	154	1
74	74	1
108	114	2
93	93	1
88	91	1
12	12	3
16	40	1
111	140	1
78	79	2
30	75	1
40	136	2
62	62	2
4	5	1
31	34	1
109	109	1
98	158	2
31	53	1
104	105	2
117	120	1
35	35	1
145	153	1
114	134	1
22	22	1
53	53	3
138	139	1
102	104	1
141	155	1
29	30	1
63	139	1
144	155	1
24	27	1
66	96	1
17	17	1
