79	79	3
0	0	1
59	59	10
56	60	2
29	29	1
28	28	1
13	13	2
65	65	2
75	76	1
67	67	1
19	56	2
48	48	1
71	71	2
19	27	1
62	62	1
53	56	1
61	61	2
3	3	3
60	60	2
72	73	2
63	64	1
53	53	2
66	66	1
22	22	2
23	31	2
60	62	1
21	72	1
68	68	2
30	30	1
78	83	1
5	8	2
46	64	1
53	54	1
1	1	1
75	85	1
0	1	1
57	57	1
28	67	1
21	21	1
85	85	2
76	76	2
25	26	1
11	11	2
27	27	2
16	27	1
9	9	2
10	10	1
22	31	1
47	47	1
6	65	1
64	64	1
64	65	1
67	73	1
49	49	2
7	7	1
59	65	1
82	82	2
49	50	1
9	10	1
76	77	1
14	14	1
50	51	1
52	52	1
86	86	1
13	76	1
25	25	1
