187	187	1
162	162	2
18	32	2
18	18	6
4	4	3
21	44	2
15	16	4
133	157	1
123	127	2
82	160	1
194	195	1
10	11	2
86	86	1
105	143	1
62	62	1
88	167	1
81	81	3
152	168	1
100	100	3
34	34	2
156	157	2
153	156	1
104	131	1
53	85	1
112	124	1
177	177	1
12	58	1
3	3	2
17	18	1
53	55	1
42	43	1
51	51	3
67	67	2
15	15	3
195	196	1
13	13	2
129	144	1
2	2	3
54	56	1
159	160	1
30	30	1
66	66	1
0	2	1
54	187	1
24	25	1
110	110	1
20	24	1
53	73	2
113	114	1
80	80	2
124	125	1
25	28	1
76	196	1
30	161	1
53	53	2
121	157	1
140	140	1
7	7	1
81	84	3
126	127	2
88	88	3
8	177	2
115	117	3
76	77	1
122	122	1
84	84	4
146	146	3
54	54	2
108	142	1
105	105	2
38	38	2
38	39	3
121	156	5
55	55	1
11	11	1
156	188	1
187	188	3
141	142	2
57	182	2
60	60	2
165	166	2
27	27	2
191	191	1
125	148	1
83	83	3
174	175	1
153	154	2
82	83	1
145	146	1
27	28	1
9	10	1
99	106	1
119	119	1
83	84	2
19	19	4
16	16	3
25	26	1
196	196	2
84	118	1
180	189	1
135	140	1
127	170	1
118	119	1
45	45	1
128	143	1
67	68	2
30	31	1
73	73	1
104	154	3
3	86	2
131	131	1
94	116	1
71	71	3
190	192	1
172	172	2
109	109	1
128	128	2
180	181	1
40	58	1
171	171	2
76	76	1
130	131	2
134	162	1
26	28	1
169	170	2
44	45	1
87	90	1
77	77	1
8	8	2
98	118	1
65	65	2
6	9	1
84	120	1
107	149	1
90	90	1
98	98	1
59	61	2
164	164	2
104	104	1
154	154	1
156	189	1
74	74	2
170	178	1
167	167	3
181	185	1
36	37	1
165	165	3
59	59	2
194	197	4
182	186	2
150	151	1
58	58	1
29	30	4
24	24	2
170	192	1
12	14	1
124	124	2
102	157	1
99	99	2
105	144	1
160	164	1
161	161	3
168	185	1
190	191	1
35	35	2
55	184	1
136	136	1
129	129	1
131	182	1
163	163	2
151	151	1
20	20	1
16	37	1
111	111	1
93	113	1
72	79	1
145	145	2
62	63	1
194	194	1
44	44	1
50	50	4
144	145	1
39	39	1
106	144	1
107	109	1
179	180	1
63	67	1
16	17	1
133	133	2
77	78	2
99	100	1
166	166	1
32	32	2
23	26	1
64	65	1
25	25	1
5	6	3
153	190	1
18	159	1
45	48	2
122	159	1
20	21	1
137	138	1
70	70	1
64	138	1
127	127	2
132	132	2
158	158	1
13	15	1
97	118	1
126	126	1
87	87	1
37	37	1
18	30	1
147	147	2
179	179	1
127	134	1
134	135	1
117	118	1
183	183	1
26	33	1
158	159	1
36	38	1
161	168	1
103	103	3
28	28	2
169	169	1
171	190	1
127	161	1
25	35	1
177	178	1
82	84	1
0	94	1
173	174	1
1	2	1
104	118	1
143	143	1
94	95	1
24	81	1
104	117	1
148	148	1
6	6	1
138	139	1
97	104	1
5	5	1
130	130	1
72	72	1
42	42	1
87	167	1
56	62	1
95	95	2
48	48	2
162	165	1
192	193	1
175	176	1
104	132	1
21	22	1
180	180	1
46	46	2
75	75	1
157	158	1
41	42	2
82	82	2
114	114	2
49	50	1
155	156	1
165	178	1
51	60	1
164	165	1
172	186	1
146	147	1
12	57	1
158	160	1
136	137	1
93	93	1
129	132	1
161	164	1
174	174	1
93	94	1
159	196	1
47	47	1
113	113	1
16	18	1
40	40	1
81	113	1
62	64	1
