71	71	5
15	17	1
24	24	3
96	97	3
101	101	2
32	34	1
76	76	3
84	84	6
28	35	1
77	82	2
40	50	1
123	130	1
32	35	1
141	141	3
79	80	4
50	50	2
78	78	1
18	30	1
21	22	1
129	129	4
75	75	3
79	79	5
26	31	1
78	80	1
3	77	1
4	10	2
23	36	1
73	73	3
118	118	4
67	73	4
9	15	2
98	107	1
42	43	1
145	145	2
18	20	1
36	39	1
130	131	2
106	106	5
85	118	1
25	25	1
93	94	2
142	142	1
69	70	4
4	17	1
96	98	2
3	3	3
22	23	3
94	99	1
117	117	1
28	37	2
35	39	1
4	4	2
117	118	2
18	29	1
69	73	1
120	122	2
5	35	1
25	100	1
111	112	2
16	16	1
124	124	3
33	35	2
129	136	2
134	134	1
73	84	2
56	71	1
38	38	2
9	14	2
93	147	1
150	150	2
51	51	2
109	112	1
17	18	3
84	85	4
99	102	1
44	44	2
85	85	3
145	148	1
148	148	4
77	80	1
140	141	3
80	81	1
97	98	4
128	128	3
66	128	1
102	103	2
73	74	3
43	133	1
90	90	1
127	127	4
85	86	1
81	82	1
29	29	2
94	94	3
106	107	2
119	120	3
22	28	1
123	126	2
136	136	2
140	140	4
39	40	2
18	22	2
52	53	2
17	17	4
126	126	2
22	22	2
131	131	6
101	106	1
127	130	3
114	144	1
68	69	1
5	36	2
18	18	3
95	95	1
143	143	1
144	144	2
30	37	1
120	120	1
107	108	1
68	68	2
46	51	1
114	114	4
66	66	7
32	36	1
107	117	2
112	114	1
122	122	3
88	93	2
37	38	1
76	80	2
96	101	1
74	75	1
64	74	2
5	6	1
17	19	2
16	19	1
82	82	3
138	138	1
135	135	5
109	109	1
25	33	2
70	97	1
54	54	3
35	38	2
22	26	1
113	115	3
27	34	1
87	88	1
46	56	1
13	13	4
137	146	2
16	21	1
104	104	1
81	104	1
101	111	1
95	98	2
46	46	1
116	125	2
74	74	2
130	133	1
92	98	2
17	128	1
38	48	1
81	81	2
56	57	2
146	148	3
67	68	1
125	127	1
77	78	3
8	8	3
47	47	3
92	92	1
130	130	1
147	147	1
141	145	1
62	62	2
39	50	1
143	146	1
64	66	2
123	124	2
72	73	2
78	79	1
70	70	2
84	107	1
86	88	1
57	78	2
121	121	1
48	48	3
123	123	2
61	82	1
122	125	2
125	126	1
83	92	1
12	14	1
137	138	2
108	108	2
115	120	1
95	96	2
149	150	2
11	15	1
21	21	1
133	133	2
32	66	1
105	117	1
112	112	3
107	107	1
6	18	1
96	110	1
45	46	3
132	132	3
84	123	2
74	103	1
116	117	2
62	66	1
122	123	2
6	6	1
14	22	1
27	47	1
14	23	1
154	154	1
116	129	1
53	58	1
49	54	1
5	5	2
98	99	2
99	99	1
126	128	1
151	153	1
122	131	1
99	108	3
111	126	1
9	12	1
121	122	1
72	80	1
106	109	1
75	96	1
97	97	2
8	15	1
65	86	1
21	24	1
54	55	2
125	125	2
83	117	1
113	123	1
140	148	1
41	47	1
134	135	1
63	64	1
92	108	1
139	140	2
112	115	1
87	115	1
111	144	1
66	70	1
67	76	1
38	39	2
102	102	1
115	121	1
105	106	1
43	43	1
14	15	1
68	149	1
81	87	1
150	151	5
85	87	1
69	71	1
74	80	1
97	118	2
96	96	1
126	130	1
57	57	1
33	36	1
62	68	1
43	44	1
46	49	1
53	53	3
28	29	2
128	130	1
12	12	2
138	139	1
40	40	1
100	100	1
114	147	1
7	7	2
75	78	1
13	15	2
139	141	1
4	20	1
139	146	1
153	153	1
108	115	1
50	53	1
25	37	1
64	64	2
97	102	2
144	145	1
131	136	1
149	149	3
41	43	3
4	12	1
110	110	1
113	114	2
99	101	1
20	22	1
45	116	1
113	113	1
86	123	1
2	8	1
87	87	3
10	10	1
63	84	1
116	116	1
118	119	1
53	119	1
85	95	1
114	115	1
76	79	1
147	148	1
35	37	1
104	108	1
102	121	1
126	127	1
67	75	1
132	141	1
105	105	1
42	42	1
41	45	2
63	152	1
33	33	1
115	116	2
11	21	1
151	154	1
11	13	1
104	105	2
22	31	1
89	110	1
33	44	1
6	20	1
83	83	2
20	20	1
6	13	1
3	10	1
104	106	1
139	139	2
40	41	1
10	16	1
41	41	1
34	36	1
36	37	1
48	50	1
55	56	1
74	76	1
37	43	1
142	150	1
