173	174	1
217	217	7
244	244	3
82	82	2
220	220	2
15	15	3
191	193	1
47	48	1
211	212	1
51	51	2
69	69	6
96	98	2
215	215	3
185	185	1
171	171	1
245	245	1
79	79	1
76	76	3
181	184	1
18	18	1
78	78	2
25	26	1
188	188	4
179	181	2
152	218	3
222	225	1
19	20	2
197	198	3
219	220	3
199	200	1
236	238	2
100	100	4
161	164	1
163	164	2
114	114	2
161	224	1
190	190	3
243	243	3
234	234	1
196	196	3
73	73	4
66	66	4
57	57	1
240	240	3
80	82	2
111	111	3
204	243	1
62	62	3
51	113	1
235	235	4
97	97	2
35	36	1
42	56	1
23	23	2
192	192	1
99	99	2
4	4	2
20	20	2
159	162	3
12	12	1
72	72	1
170	170	1
181	182	1
209	223	2
58	59	1
186	186	1
61	64	4
172	173	3
111	112	2
198	199	1
37	37	3
116	116	3
74	174	2
154	154	3
55	56	1
85	90	1
96	96	2
241	241	1
39	39	2
153	154	1
224	224	1
76	84	1
175	176	1
14	14	1
63	63	6
201	201	1
63	89	2
81	81	3
26	26	1
8	78	1
5	6	1
105	108	1
226	227	1
115	115	1
85	85	4
145	175	1
144	145	1
2	55	2
207	207	5
8	115	1
165	165	1
175	175	3
89	89	1
115	201	1
47	223	2
187	187	4
159	221	1
59	61	1
103	165	1
169	169	2
64	89	1
239	239	1
202	244	1
222	223	1
167	167	3
92	98	1
210	211	2
39	42	1
35	35	2
40	40	2
147	147	1
185	186	3
30	31	2
32	44	2
160	189	2
224	225	1
31	33	1
152	152	2
5	50	2
52	52	2
97	98	1
27	27	1
215	217	2
173	193	3
59	59	1
161	163	1
211	211	2
191	221	2
25	25	2
243	244	1
233	248	3
88	90	1
31	34	1
82	85	2
112	112	2
82	91	3
100	101	1
77	78	1
234	235	1
228	228	1
197	209	1
92	94	1
59	60	1
79	80	1
174	174	3
87	90	1
161	169	1
92	92	2
226	226	1
236	236	1
195	195	2
179	179	3
1	1	1
202	202	1
151	241	1
188	197	1
114	115	2
197	197	2
196	197	1
180	196	1
45	46	1
38	38	1
70	71	1
171	173	1
80	80	1
208	208	1
98	98	1
249	249	1
71	72	1
95	97	1
233	233	2
77	83	1
221	221	2
214	219	1
20	22	2
164	164	1
194	194	1
104	108	2
168	169	3
108	108	4
183	184	1
59	104	1
71	74	1
99	100	1
51	52	1
119	119	1
10	10	3
169	170	1
6	9	1
43	43	2
163	165	1
64	114	1
96	97	1
105	105	1
61	62	2
178	183	1
63	78	1
56	106	2
111	183	1
147	197	1
76	77	2
198	198	1
87	167	1
71	71	1
94	94	2
19	19	2
158	159	2
145	145	1
168	168	1
189	189	1
158	212	1
214	217	2
227	230	1
83	84	2
11	11	1
208	209	1
60	119	1
107	108	1
101	102	1
170	191	1
173	173	1
206	206	2
154	155	1
65	65	1
24	25	1
82	87	1
212	214	1
159	163	1
219	219	1
203	203	1
165	166	2
10	11	1
238	238	1
182	184	1
53	53	2
160	160	1
168	170	1
209	209	2
178	194	1
44	61	1
41	112	1
183	219	1
179	186	1
246	246	2
83	104	1
83	83	1
162	208	1
8	8	2
68	69	1
113	184	1
30	34	1
106	108	1
68	89	1
242	242	1
214	214	1
23	25	1
66	67	1
44	44	1
161	191	1
42	42	1
54	111	1
231	231	1
55	58	1
57	58	3
223	224	2
225	225	1
27	156	1
245	247	1
67	71	1
195	217	1
87	92	1
111	117	1
75	75	1
242	247	1
101	103	1
104	105	2
88	88	1
181	181	1
180	190	1
