62	63	1
87	88	1
57	57	6
99	100	2
20	20	1
83	87	3
14	14	3
68	79	2
5	7	1
35	43	1
107	109	1
95	103	2
84	96	1
19	19	8
96	97	5
67	67	2
94	106	1
27	27	4
3	4	2
119	133	1
120	120	4
15	15	2
44	45	2
34	34	2
80	80	1
83	83	2
21	113	1
76	80	3
75	85	1
104	104	2
60	92	2
101	101	2
5	15	3
39	41	1
124	126	1
4	6	2
47	47	3
30	30	4
93	105	3
13	14	1
10	13	1
2	2	2
103	109	1
5	6	1
74	74	2
38	38	1
130	130	2
85	95	1
99	99	5
104	108	1
114	115	1
110	111	2
32	32	2
102	102	1
131	131	2
122	122	1
117	118	1
60	60	2
79	79	1
69	76	1
68	73	1
6	8	1
94	95	3
113	116	1
96	101	3
63	64	2
20	44	1
126	126	2
59	59	2
96	99	2
12	12	6
27	30	1
100	105	1
98	99	2
56	56	1
9	9	3
13	13	1
24	24	1
132	133	3
93	93	1
119	134	1
21	29	2
22	111	1
107	107	3
1	1	1
36	36	2
51	51	1
115	115	3
17	18	2
23	24	1
26	27	3
97	97	1
112	112	1
51	55	2
85	87	1
105	105	2
123	123	1
78	78	1
68	68	4
78	82	1
16	17	1
22	22	4
12	13	2
35	36	1
84	85	1
6	25	3
78	79	3
36	41	1
29	29	1
118	118	1
8	8	2
100	122	1
62	64	1
45	45	1
79	82	1
27	29	2
11	11	1
64	65	1
85	86	1
39	39	1
45	117	1
122	125	1
111	119	1
66	66	1
58	59	1
55	114	1
33	36	1
76	76	2
111	112	2
37	43	1
0	16	1
18	111	1
95	96	1
87	87	4
100	102	1
69	79	1
101	122	1
62	62	1
113	113	1
116	116	1
39	40	1
40	40	2
80	81	1
128	128	1
125	125	5
33	34	2
107	108	1
79	80	1
43	43	1
123	125	1
127	128	2
17	17	2
25	25	1
108	108	1
88	104	2
46	47	1
88	88	1
112	115	1
11	13	1
46	46	2
15	17	1
36	49	1
37	37	2
35	38	1
31	50	1
49	49	1
95	95	1
45	46	1
90	91	1
134	134	1
76	84	1
95	119	2
109	110	1
5	5	2
123	132	2
128	130	1
98	101	1
28	28	1
75	76	1
36	37	1
109	109	1
81	87	1
65	65	1
78	80	1
83	113	1
110	131	1
70	70	1
69	120	1
63	67	1
57	59	1
10	14	1
86	95	1
63	75	1
79	81	1
32	33	1
19	20	1
64	64	1
