77	79	1
124	126	1
36	38	3
84	84	2
49	49	4
225	225	2
25	26	3
98	98	8
67	67	2
13	13	2
78	78	2
147	148	1
172	173	2
54	54	3
50	51	5
44	44	6
42	42	2
65	66	4
114	116	1
10	29	2
206	206	3
48	49	3
217	218	1
22	33	3
23	62	4
6	66	8
164	164	6
171	172	1
59	59	2
32	41	2
14	14	5
183	183	5
129	129	2
156	157	4
28	168	3
113	115	5
25	30	2
170	171	4
140	140	5
198	198	7
41	42	1
194	195	3
9	9	1
59	92	3
83	83	4
76	129	1
172	172	2
165	165	6
86	99	3
128	129	2
119	119	2
225	227	1
49	50	1
215	215	2
30	44	2
209	209	1
173	183	2
33	34	3
38	40	1
46	47	2
158	158	1
226	228	7
99	99	1
7	7	2
208	208	2
175	175	4
12	29	2
231	231	3
59	210	3
196	196	4
164	222	1
33	33	4
218	218	2
181	181	1
154	155	4
174	175	3
37	37	4
83	84	1
86	86	3
170	170	1
147	150	2
233	233	1
182	183	2
28	29	1
8	81	5
191	232	1
204	233	1
57	104	1
76	138	2
18	19	1
226	229	1
36	36	1
188	188	6
56	56	2
242	242	2
212	233	1
138	139	1
73	73	1
34	34	1
153	153	7
52	53	2
79	89	2
75	77	1
161	161	2
175	220	1
141	141	5
124	130	1
107	124	3
210	210	4
0	1	1
167	169	2
174	203	3
161	162	2
48	48	4
139	139	2
54	55	2
17	18	5
189	189	4
158	159	2
21	23	2
214	214	1
13	182	4
204	204	5
178	179	1
215	216	1
165	194	1
68	70	2
194	194	3
50	50	2
109	109	2
169	170	1
235	235	4
0	33	1
104	107	2
52	57	1
223	224	1
39	40	4
181	182	2
212	213	1
108	117	1
208	209	3
168	169	1
77	77	1
220	224	1
103	124	3
16	16	2
114	114	1
3	81	1
185	185	3
101	103	1
142	142	2
187	187	1
41	41	5
55	55	4
6	79	1
202	209	1
124	125	1
102	107	3
164	167	3
176	180	1
236	236	2
185	186	5
221	224	1
13	184	2
193	226	2
146	148	1
184	189	1
117	149	1
189	190	3
229	229	2
102	102	2
180	183	1
18	20	1
44	45	1
15	15	1
123	123	2
65	65	1
81	81	4
114	118	3
226	227	2
104	104	4
68	69	3
171	230	1
128	128	1
173	173	1
154	154	1
86	156	4
179	179	4
79	79	3
222	223	2
58	210	1
226	226	2
202	202	2
149	157	1
141	142	1
190	192	1
5	5	2
10	55	1
150	152	2
28	44	1
163	163	2
148	149	2
150	150	4
26	26	2
143	146	2
166	231	2
67	75	3
12	12	3
72	72	1
148	148	1
111	112	1
186	187	5
27	28	1
235	236	1
7	59	1
68	68	4
100	100	1
207	216	3
18	18	3
24	42	1
74	75	1
54	85	1
119	152	3
41	80	3
23	23	4
102	125	1
53	53	3
56	57	1
240	242	1
121	121	1
86	136	1
127	130	1
0	0	1
213	213	3
186	189	1
9	30	1
188	236	1
138	138	2
223	223	1
70	70	3
143	143	2
13	15	1
236	238	1
25	25	1
2	4	1
62	62	1
211	211	1
12	13	3
13	14	2
186	186	2
120	146	2
151	151	2
229	230	1
29	29	1
221	221	3
135	138	1
125	126	1
177	177	3
107	107	1
51	56	1
160	160	2
76	77	2
130	130	1
184	187	1
133	133	3
191	192	1
228	231	1
139	140	1
32	32	1
168	178	1
100	101	4
35	35	1
55	56	1
63	64	1
22	23	3
40	43	1
146	146	2
45	128	1
134	136	3
166	171	1
190	236	1
75	232	1
17	133	1
68	76	3
108	108	3
12	14	1
213	216	2
66	68	1
155	155	4
106	163	1
57	58	1
219	224	1
184	190	2
4	6	1
107	126	1
138	140	1
29	30	2
207	207	2
153	239	1
137	137	1
154	177	5
98	99	1
8	13	1
138	145	1
40	40	3
182	182	1
240	241	1
239	239	2
143	147	3
148	180	2
81	84	1
136	137	1
153	155	1
119	155	1
181	192	1
202	215	1
176	176	3
68	83	1
63	63	4
205	205	1
202	203	1
61	62	1
160	162	1
200	201	2
45	46	1
178	178	1
84	85	2
230	230	2
166	166	1
99	171	1
85	85	1
25	73	1
201	204	1
56	60	1
184	192	2
187	191	1
145	145	1
128	130	1
137	156	1
125	125	1
231	242	1
28	28	3
175	180	1
20	20	2
75	81	2
107	230	2
220	220	3
158	162	2
168	168	1
2	126	1
190	223	1
1	88	1
147	149	1
201	201	1
69	69	2
226	231	2
38	39	1
7	33	1
3	3	1
227	227	3
193	197	1
214	215	1
101	101	1
196	231	1
228	228	3
61	61	1
17	17	2
237	237	1
137	159	2
52	54	2
74	74	1
64	64	3
37	43	1
191	191	2
238	239	1
104	126	1
142	143	4
1	169	1
107	108	1
164	189	2
149	149	2
75	76	3
132	137	1
119	120	1
38	38	1
39	85	1
15	16	1
21	21	1
17	25	1
171	171	1
220	221	1
1	2	1
98	170	1
100	103	2
130	133	3
24	24	1
153	154	1
12	57	2
37	44	1
6	6	1
144	144	1
190	191	2
162	163	1
157	171	1
1	1	1
47	47	2
153	191	1
199	199	1
236	237	2
109	110	3
20	211	1
42	139	1
68	84	1
217	217	2
144	178	1
78	79	1
2	2	1
124	124	1
51	51	1
163	166	1
165	201	1
145	165	1
144	145	1
172	174	1
144	175	1
127	127	1
169	169	1
111	111	1
56	58	1
172	177	1
102	103	2
180	180	1
152	152	1
185	189	1
33	35	1
156	156	1
228	229	1
150	151	1
203	205	1
185	187	1
23	35	1
4	4	1
112	112	1
115	128	1
184	184	1
10	13	1
121	122	1
97	97	1
