6	6	2
3	115	1
101	108	1
8	8	3
80	119	1
132	133	1
103	111	2
133	134	1
4	24	1
102	122	2
7	13	1
76	87	1
15	15	6
121	122	1
110	120	3
89	90	1
101	101	1
81	82	3
126	127	1
131	132	1
10	22	1
124	125	1
32	37	3
114	115	1
14	14	1
113	121	1
101	106	1
74	74	1
30	31	3
85	85	2
19	20	2
107	107	4
94	110	1
23	24	3
94	94	3
31	31	1
5	11	1
25	25	1
85	90	2
82	112	2
122	122	6
27	33	3
21	24	2
82	84	2
121	121	1
96	98	1
113	124	1
127	131	1
125	125	1
37	37	2
110	111	3
124	124	3
135	135	1
126	126	2
116	116	1
120	120	2
0	71	1
104	105	1
106	121	1
128	131	1
29	31	1
88	93	1
32	32	1
90	90	1
10	12	1
83	84	2
3	5	2
110	110	3
3	3	1
105	110	2
102	108	2
105	111	1
97	97	1
81	81	1
112	113	2
86	86	1
95	96	1
77	105	1
38	71	1
100	103	1
17	17	1
13	14	2
73	75	1
87	93	1
16	16	1
107	110	2
1	1	1
12	12	2
30	30	3
76	120	1
111	121	2
93	93	1
22	23	1
107	111	1
77	77	1
2	2	2
35	38	2
75	129	1
119	119	1
89	91	2
96	97	2
109	109	1
101	102	1
95	100	1
12	118	1
129	132	1
29	29	2
28	35	1
28	28	1
122	123	1
23	23	1
75	77	1
99	100	2
112	112	3
1	2	2
17	18	2
89	89	2
114	119	1
81	83	1
118	121	1
24	32	1
22	27	1
140	140	1
133	137	1
100	101	1
103	109	1
133	135	1
114	114	1
128	129	2
4	5	1
83	83	1
95	97	1
108	116	1
21	22	2
137	138	1
10	10	1
19	19	1
91	91	1
10	19	2
119	122	1
139	139	1
1	106	1
6	11	1
40	71	1
94	101	1
30	32	1
9	12	1
20	29	1
34	34	1
138	138	1
76	85	1
22	22	1
75	78	1
21	23	2
132	132	1
128	128	2
71	80	1
21	26	1
80	85	1
19	26	1
71	83	1
88	88	1
26	26	1
116	119	1
81	104	1
35	35	1
121	126	1
83	109	1
