112	112	4
161	163	3
78	78	4
154	154	3
38	38	1
127	127	2
10	10	3
71	71	4
157	158	4
98	124	2
141	160	1
134	134	3
187	187	4
125	125	3
56	181	2
159	159	4
169	169	1
172	175	1
46	46	1
77	77	3
114	114	2
70	70	2
35	35	2
45	46	4
17	17	2
121	121	3
115	152	1
63	67	2
85	85	7
171	190	1
167	167	5
148	148	1
96	96	1
28	36	1
152	154	1
113	113	4
25	25	6
21	22	1
34	34	2
56	56	4
1	1	1
31	32	1
148	154	1
6	6	1
99	99	3
156	181	2
99	100	3
16	16	3
12	12	4
123	177	1
23	23	2
30	30	4
24	24	4
146	189	1
75	75	2
2	2	1
36	52	2
108	108	5
84	91	1
43	59	1
27	27	3
13	13	2
126	126	1
83	83	1
30	80	1
189	190	3
57	57	2
134	136	1
188	190	1
149	149	2
83	185	1
182	183	3
54	54	3
123	123	2
85	109	1
20	20	1
133	133	3
84	85	1
131	162	1
134	135	1
136	137	1
177	177	5
107	107	2
104	104	5
94	95	2
114	116	2
55	120	1
92	92	1
54	96	1
129	129	3
53	53	1
124	125	3
48	52	1
8	12	2
62	62	2
138	153	1
163	163	1
64	100	1
73	92	2
114	115	3
145	170	1
61	96	1
63	63	2
166	166	5
182	182	5
25	26	1
7	7	1
98	165	1
102	102	5
140	140	2
164	164	6
81	81	3
156	162	2
179	179	1
37	38	2
32	32	4
139	169	2
23	82	1
31	31	2
171	171	2
68	76	1
103	111	2
97	98	1
95	95	2
101	102	1
72	74	2
65	66	3
103	104	1
76	76	3
26	26	1
97	97	2
88	88	4
25	27	1
137	137	1
178	180	1
181	181	3
144	144	1
189	189	3
118	118	2
77	116	1
132	132	1
116	116	1
28	30	2
92	93	1
127	160	1
109	112	1
170	178	1
97	130	2
40	41	2
47	63	1
135	136	1
28	28	2
149	176	1
83	100	1
39	61	1
65	65	3
122	122	2
130	130	3
47	48	2
14	14	1
55	56	1
42	45	1
161	173	1
39	39	2
0	170	1
94	94	2
131	132	2
152	152	2
12	13	1
29	30	1
8	8	1
149	150	1
82	82	1
48	91	1
146	151	1
19	19	2
47	114	1
141	141	3
17	23	1
62	125	1
78	82	1
111	111	1
64	98	1
13	20	1
174	174	2
180	180	3
83	163	1
143	162	2
87	87	5
148	186	1
45	45	2
63	109	3
61	123	1
135	135	2
34	36	1
66	66	1
26	47	1
15	15	2
4	4	1
83	161	1
66	79	1
5	36	2
38	70	2
190	190	1
119	119	2
172	173	1
160	160	1
106	106	1
150	150	2
151	151	6
84	84	2
18	18	3
156	156	2
3	49	1
149	168	1
53	58	1
117	118	2
188	188	1
77	86	1
130	156	1
26	29	1
120	120	2
89	89	1
63	71	1
21	23	2
165	165	3
61	72	1
121	140	1
7	13	1
137	138	2
33	33	1
142	181	1
55	93	1
101	109	1
113	123	1
100	100	2
156	157	1
67	67	2
39	77	1
155	155	2
147	147	1
86	86	2
34	78	1
174	182	1
158	158	3
54	55	1
167	168	2
170	174	1
106	109	1
168	168	1
67	95	1
171	173	1
143	160	1
145	145	1
102	103	1
137	141	1
148	150	1
126	128	1
129	138	1
17	55	1
57	91	1
105	105	2
37	102	1
135	137	1
5	6	2
178	178	1
40	40	2
79	79	1
56	76	2
41	42	1
146	146	1
81	90	1
34	40	2
1	2	1
47	80	1
35	55	2
158	160	1
8	16	1
129	130	3
124	124	2
93	94	1
53	59	1
180	181	1
100	102	1
58	58	1
131	131	1
41	43	1
24	28	1
37	37	1
72	72	1
128	128	1
44	53	1
106	123	1
22	186	2
98	98	1
8	17	1
7	8	1
66	72	1
0	15	1
138	139	1
59	60	1
74	93	1
172	172	1
9	12	1
30	33	1
175	176	1
175	175	1
63	64	2
133	134	1
31	42	1
103	103	1
54	59	2
122	124	2
17	18	1
76	117	1
130	131	2
43	43	1
122	131	1
73	74	1
43	44	1
36	36	1
143	144	1
32	60	1
81	98	1
121	142	1
136	136	1
84	102	1
17	166	1
30	46	1
22	23	1
142	142	1
106	117	1
22	22	1
150	151	2
65	71	1
176	176	1
115	115	1
162	163	1
31	46	1
177	179	1
10	12	1
168	176	1
116	153	1
117	119	1
22	26	1
128	166	1
138	138	1
43	45	1
27	46	1
148	164	1
127	157	1
142	146	1
48	127	1
68	127	1
100	111	1
155	176	1
157	157	1
96	144	1
26	48	1
5	5	1
