59	59	3
3	3	1
4	84	1
72	74	1
54	54	3
62	63	1
30	30	2
19	19	4
13	17	1
84	84	3
46	47	2
82	83	1
70	71	2
55	56	3
23	23	4
19	21	2
57	66	3
75	76	1
20	21	2
10	10	6
57	62	1
72	72	4
9	15	1
57	58	3
47	72	1
88	88	1
11	73	1
26	78	1
74	74	2
32	33	1
89	89	3
24	24	2
4	4	3
12	24	1
6	6	1
15	16	4
69	69	1
58	75	1
1	57	3
9	9	1
71	71	2
52	53	1
68	68	1
5	14	1
25	49	2
80	81	1
50	51	2
50	50	2
55	67	3
77	77	2
75	75	3
8	13	1
14	83	1
29	29	1
5	5	1
4	81	1
56	56	2
62	62	2
19	20	2
50	70	1
28	29	1
14	14	2
66	66	2
22	22	2
0	0	4
57	57	1
71	73	1
12	12	4
81	81	2
54	64	2
79	80	1
26	27	1
52	52	3
0	1	1
34	34	1
53	53	3
72	73	1
10	12	2
62	65	1
82	82	1
49	49	3
21	21	3
54	71	2
8	10	1
13	14	1
81	82	1
67	67	4
21	86	1
58	58	1
70	70	1
3	81	1
77	80	1
68	69	1
59	61	1
4	86	1
2	2	2
10	19	1
76	76	1
86	87	1
53	62	1
16	16	1
64	64	1
71	86	1
85	85	1
58	63	1
51	70	1
5	10	1
67	68	1
65	66	1
4	11	1
60	60	1
51	51	2
80	80	1
21	22	2
47	48	2
11	11	1
87	87	1
73	73	2
77	78	1
86	86	1
79	84	1
78	78	1
63	66	1
