43	51	1
28	28	2
108	108	2
134	134	3
128	128	1
97	97	1
77	77	3
82	82	4
121	121	7
117	127	2
113	114	1
22	22	2
44	126	3
40	41	2
92	92	3
124	124	4
42	43	2
118	119	3
125	156	2
94	94	5
44	129	1
159	159	1
44	44	2
111	112	2
91	135	2
85	136	2
130	130	3
72	72	4
14	14	1
15	15	2
41	46	1
136	146	1
108	111	2
135	153	1
116	138	1
155	155	3
27	30	2
119	119	2
111	111	2
156	156	1
151	151	2
73	101	2
36	36	1
6	7	2
116	116	5
132	132	1
116	119	1
79	79	2
103	103	5
10	10	2
57	57	2
12	13	1
1	27	1
113	113	6
114	114	9
104	129	1
109	114	1
83	83	1
85	90	1
31	31	2
20	111	1
157	158	2
75	79	1
150	150	1
37	123	1
17	17	2
17	37	1
105	106	2
95	96	2
93	95	1
134	144	2
29	29	5
139	139	2
61	63	1
26	26	3
145	146	3
120	121	7
132	139	1
35	35	3
86	86	2
106	106	2
55	55	4
117	118	3
112	112	1
135	144	1
107	107	4
20	21	1
69	72	1
113	115	1
131	133	2
82	84	1
150	157	2
140	140	2
156	157	2
6	6	4
109	110	4
52	52	1
135	135	1
21	111	2
127	127	2
75	87	1
32	35	2
95	95	2
25	26	1
31	37	2
65	65	3
125	125	1
66	68	1
43	154	1
23	23	2
109	109	3
101	102	2
17	19	1
80	80	1
40	46	3
86	87	1
40	124	2
151	157	2
99	99	3
29	69	1
23	24	1
122	142	2
143	143	2
98	98	4
105	105	3
131	131	1
141	146	1
120	120	1
70	90	1
120	123	1
9	9	1
98	99	1
42	42	1
147	147	1
83	110	1
102	102	6
141	157	1
19	20	1
129	129	2
158	159	1
90	90	2
85	116	1
18	37	1
136	138	1
119	143	1
118	118	3
93	93	1
47	48	1
103	149	1
104	104	1
132	133	4
86	137	1
24	24	1
36	125	1
45	53	1
68	68	2
34	56	2
16	134	1
115	116	1
81	81	1
105	107	1
80	83	1
128	129	1
12	14	2
117	129	1
27	27	4
51	53	1
85	146	1
10	22	2
38	38	1
133	134	2
109	112	1
57	58	2
153	153	2
80	81	1
18	19	2
145	145	4
81	88	2
105	108	3
107	135	1
81	82	1
8	8	1
121	122	1
98	104	1
48	64	1
154	155	1
149	149	2
36	90	2
53	114	1
8	9	3
32	32	2
79	115	2
85	86	2
11	11	2
117	132	1
144	145	1
102	111	1
17	21	2
49	49	1
11	77	2
92	113	1
16	16	1
129	139	5
123	123	3
144	148	2
102	103	1
83	84	1
43	87	1
116	118	1
41	56	1
70	70	2
104	113	1
88	89	2
105	135	1
14	15	3
112	123	1
73	73	1
89	89	1
52	94	1
2	2	1
18	18	1
52	53	1
81	90	1
79	90	1
19	19	2
144	144	1
41	92	2
135	141	1
108	119	1
33	34	1
138	158	1
124	125	1
21	21	1
110	110	1
15	22	1
115	115	1
100	100	2
101	133	1
70	104	1
122	123	1
48	48	1
82	83	1
79	84	1
109	111	1
5	29	1
142	143	1
65	66	1
11	112	1
34	34	2
125	126	1
123	124	1
69	69	1
43	54	1
7	7	1
108	109	1
31	48	1
117	120	1
5	8	1
122	126	1
90	91	1
11	65	1
28	29	1
