87	88	4
114	114	11
53	54	10
183	183	28
44	46	3
138	138	26
102	112	3
9	9	18
194	194	26
4	5	9
106	106	9
165	165	18
73	73	13
100	100	30
60	60	16
144	144	18
131	151	4
37	43	1
103	103	21
104	104	8
123	151	3
33	116	2
159	160	3
15	15	20
14	14	15
128	128	24
192	192	12
171	171	7
167	168	11
58	58	15
61	61	10
85	85	20
160	161	1
113	113	23
101	147	1
23	25	1
186	186	17
10	10	10
157	157	19
121	123	4
120	120	17
118	120	2
149	150	3
104	148	8
65	66	8
48	48	8
17	17	18
22	33	3
82	82	16
15	16	7
107	146	9
176	189	7
143	143	18
107	107	23
16	16	4
68	68	17
49	197	4
167	167	17
166	179	5
81	81	5
99	100	7
141	141	24
124	124	6
124	150	5
34	72	5
13	13	11
60	66	2
119	119	15
71	80	3
76	79	5
107	108	10
45	87	2
5	5	22
162	165	2
52	54	4
22	23	15
189	190	2
24	24	24
56	59	1
107	192	5
21	24	6
20	20	19
0	0	7
174	175	14
143	144	6
18	26	3
43	43	1
174	174	20
157	169	7
11	53	3
157	158	4
189	189	4
134	137	3
152	152	19
101	101	13
99	115	3
185	194	2
131	131	13
3	3	13
126	135	5
190	191	4
30	30	28
49	49	26
47	47	27
72	149	6
42	42	10
105	105	19
156	156	8
70	70	17
140	140	12
1	16	1
196	196	27
118	118	22
60	61	12
168	168	21
98	112	1
175	175	26
10	44	5
72	73	4
29	30	6
114	128	1
56	56	17
133	136	3
184	184	14
35	35	12
102	103	8
89	89	4
187	187	31
54	56	6
132	132	9
38	38	11
148	148	13
76	76	14
23	23	16
126	126	5
122	137	4
151	151	16
153	153	10
69	69	11
130	130	11
12	160	4
111	111	23
166	188	1
95	120	1
47	179	2
86	86	10
33	34	3
121	121	17
165	172	1
22	66	2
88	89	1
42	142	3
106	107	6
7	33	2
28	31	3
96	137	3
121	192	2
109	110	2
139	139	28
188	188	14
197	197	17
46	46	14
140	169	3
50	50	27
64	64	10
27	27	17
43	47	2
94	94	6
12	13	5
155	155	9
41	41	28
152	153	10
96	96	9
190	190	17
125	125	20
195	196	3
136	137	13
18	78	1
96	98	11
154	154	5
100	120	4
129	129	13
188	189	11
59	59	19
76	176	3
12	14	2
43	77	4
121	122	4
31	31	30
185	185	24
170	177	4
64	65	18
127	127	12
170	170	11
11	11	9
159	159	20
81	86	2
31	37	5
24	33	2
2	42	3
88	90	3
2	11	2
80	81	5
152	178	4
36	163	5
72	72	19
168	169	10
169	169	16
127	128	7
180	181	8
140	164	3
63	63	6
34	34	8
37	37	25
80	80	9
84	84	15
121	149	4
97	97	12
181	181	12
13	14	11
156	179	3
6	8	3
41	42	3
166	166	19
40	41	9
138	163	8
45	55	5
21	65	5
108	108	4
86	88	8
32	33	6
191	194	1
73	74	2
63	68	3
8	13	1
159	169	3
63	64	8
149	149	32
26	26	21
25	25	19
14	21	4
156	181	4
26	28	5
117	117	18
144	145	7
39	126	3
172	173	8
182	182	27
143	145	6
177	177	10
184	196	3
72	75	3
184	185	12
0	63	1
178	190	1
20	65	2
139	140	7
18	18	14
148	149	5
28	28	13
88	88	16
54	54	11
76	77	6
110	110	6
65	65	13
194	197	1
109	109	8
77	79	2
37	146	1
132	134	4
191	196	5
95	132	5
150	150	27
0	12	6
172	172	8
54	55	12
38	53	4
55	56	5
20	21	4
115	116	11
39	39	16
102	122	2
140	143	1
67	68	8
98	98	15
146	146	29
43	44	10
44	44	15
138	189	3
122	140	5
52	52	23
146	148	6
194	195	4
161	161	1
115	115	14
173	176	3
47	149	6
57	57	10
193	193	24
161	162	5
19	19	11
164	164	10
37	73	3
16	80	3
33	159	2
83	85	2
55	65	2
51	51	13
84	85	16
25	27	7
51	81	1
62	62	8
32	32	22
81	82	14
185	186	8
83	83	5
117	119	7
163	163	7
11	181	7
8	68	4
61	62	7
154	179	8
75	75	7
8	9	6
174	176	5
24	30	4
21	162	2
22	112	2
21	22	3
183	184	6
195	195	11
151	156	4
94	98	5
39	42	6
116	120	1
33	108	3
0	1	3
99	99	17
123	123	10
84	157	2
157	186	1
40	40	13
133	134	5
135	136	4
93	93	9
110	166	1
191	197	2
2	6	3
116	116	8
18	25	1
142	142	12
18	23	6
85	193	6
113	114	4
3	6	4
102	102	11
117	118	10
62	63	6
139	146	2
66	75	3
160	165	1
116	117	13
145	145	20
166	180	6
71	71	11
14	37	3
167	178	3
73	77	3
178	178	7
60	62	3
6	9	1
87	89	4
45	45	22
12	12	7
77	77	12
95	95	13
23	24	5
115	157	2
168	172	1
179	180	2
78	79	14
25	26	5
95	100	3
173	174	10
79	79	6
39	54	2
66	66	4
29	29	16
139	158	3
39	50	1
161	179	4
186	187	4
179	179	12
124	129	3
66	68	7
21	21	8
126	127	10
96	97	10
101	102	6
111	113	3
131	132	3
97	196	6
32	158	1
143	147	1
38	140	1
108	110	5
17	65	3
1	1	8
97	101	3
160	160	5
148	189	4
20	22	1
102	168	3
126	128	2
22	26	1
6	6	8
94	109	1
153	155	2
57	58	2
3	4	4
4	4	5
161	172	3
168	178	1
104	106	1
169	171	1
59	61	2
123	124	7
116	171	4
113	186	2
187	188	4
170	171	8
51	52	8
182	183	1
68	76	1
28	29	9
183	185	9
45	46	2
161	170	1
134	188	5
59	60	5
136	136	18
158	158	14
44	131	1
48	125	1
11	12	3
139	144	1
106	141	2
153	193	2
31	147	6
78	78	15
50	60	2
16	33	2
134	135	3
32	34	4
170	186	1
135	137	4
46	47	2
31	32	10
56	181	2
7	8	4
133	133	5
53	57	5
17	183	3
24	25	9
54	69	1
150	171	3
94	149	2
125	127	2
14	136	1
145	166	4
122	123	7
109	184	3
2	2	7
124	133	5
127	140	5
187	189	4
14	187	2
90	146	2
158	163	2
57	62	5
177	189	1
9	14	2
94	119	2
112	185	1
67	67	4
42	44	1
109	111	1
43	45	2
58	59	3
43	46	5
178	179	6
143	149	3
121	124	5
96	153	4
134	134	7
40	42	6
24	156	2
22	24	4
33	33	18
66	71	3
58	62	3
143	163	2
16	17	8
151	196	2
48	49	5
74	74	13
158	186	5
142	150	4
95	98	1
134	136	3
5	6	3
124	130	2
56	74	1
122	122	14
138	197	4
154	181	2
7	7	9
70	129	3
23	28	3
51	88	1
16	63	4
82	86	3
191	191	8
95	96	2
183	194	4
44	45	5
5	8	5
156	157	5
36	154	3
153	161	2
180	180	1
33	36	3
40	115	4
0	37	2
112	112	5
176	176	9
103	137	1
105	112	2
1	2	1
54	59	3
38	126	3
166	167	5
33	78	3
124	125	5
160	171	2
140	141	2
113	189	2
165	166	5
114	115	1
147	147	4
14	35	1
75	76	4
87	87	3
183	186	1
39	58	1
112	113	6
77	78	5
36	36	7
58	76	3
25	150	1
53	53	15
135	135	12
33	132	5
9	10	4
131	134	1
49	50	2
45	58	4
71	79	1
180	191	3
8	8	1
64	66	3
86	87	1
48	70	4
146	150	7
16	19	4
171	194	2
163	164	6
112	150	2
131	148	9
34	35	6
137	155	2
137	138	3
119	121	2
181	182	3
81	132	1
193	195	4
66	72	4
145	149	6
4	181	1
83	84	5
58	93	1
14	38	2
23	26	1
98	99	6
17	18	9
174	187	1
21	34	3
94	97	3
47	143	2
23	159	1
73	166	2
56	66	1
38	40	3
52	53	6
102	106	2
20	23	4
134	187	2
21	23	2
161	164	3
132	133	1
80	136	1
124	194	3
191	192	2
107	150	2
173	173	12
122	124	3
48	140	1
97	153	2
57	73	2
15	136	4
122	147	2
36	170	2
66	67	2
65	80	2
50	61	2
25	128	3
29	37	2
44	49	2
62	113	2
137	137	11
39	41	2
8	10	4
47	48	3
71	78	3
177	178	6
55	58	1
45	49	5
177	187	1
154	155	1
127	182	3
103	106	4
50	51	10
29	74	4
12	33	1
134	160	4
15	22	2
100	133	1
63	69	2
45	59	2
21	193	1
106	109	2
19	20	2
26	27	5
152	154	3
181	190	2
37	38	1
23	79	1
70	71	5
47	66	2
103	104	3
66	70	1
76	80	1
42	48	4
40	59	3
85	89	2
15	17	4
8	14	1
175	176	3
100	101	4
162	164	2
84	118	1
6	42	5
80	87	1
13	37	2
81	135	2
47	90	2
182	187	3
26	104	4
125	139	5
38	46	2
61	63	1
104	139	2
111	115	2
35	36	1
101	103	2
82	83	3
30	31	1
141	142	5
76	152	1
102	140	4
9	36	2
101	108	1
70	74	3
0	34	1
23	112	2
102	142	3
111	112	3
96	100	2
33	43	4
144	149	2
28	30	1
65	67	2
19	28	3
39	98	2
24	56	1
69	81	2
176	188	2
71	77	1
94	95	2
54	63	1
155	156	2
6	23	2
49	184	2
107	122	1
62	65	2
12	54	1
151	167	2
31	101	1
94	96	2
95	99	2
49	51	1
20	182	3
93	110	2
119	169	3
47	197	2
95	133	2
178	191	2
55	73	1
104	107	3
117	164	2
56	58	2
47	127	3
93	111	2
97	98	2
63	80	2
62	64	1
30	78	2
50	54	4
1	3	1
5	9	1
172	190	1
55	55	7
56	57	3
72	112	1
2	3	2
166	170	1
165	167	1
12	52	1
55	59	3
105	145	2
179	182	2
27	103	2
77	80	1
98	164	1
79	80	3
69	129	1
71	73	3
76	151	2
145	147	1
61	74	1
96	164	1
36	80	1
65	68	2
142	143	3
45	71	1
171	172	3
107	187	2
113	118	2
151	164	2
29	33	2
118	130	1
196	197	2
162	162	2
107	129	1
101	134	3
31	65	2
9	68	3
171	177	3
68	87	1
51	61	1
89	90	1
189	192	1
22	22	2
194	196	1
96	195	2
123	130	1
37	80	1
37	123	1
136	138	1
176	177	1
37	40	2
186	196	1
172	175	1
38	61	1
38	41	2
90	90	2
133	135	3
0	2	2
21	36	2
33	79	2
38	54	1
156	165	1
155	193	1
118	119	1
10	11	1
4	8	1
118	171	1
0	11	2
4	43	1
168	170	1
8	18	1
18	19	1
150	186	1
46	50	2
15	21	1
69	74	1
56	195	1
16	65	1
101	133	2
14	15	2
81	83	2
118	133	2
122	181	1
71	90	1
10	48	1
14	17	1
114	117	1
38	39	1
