45	66	1
58	58	1
65	65	4
48	50	3
65	102	2
91	92	1
86	91	1
73	73	2
37	38	2
46	46	2
21	21	3
93	95	3
96	97	2
53	54	4
47	109	3
112	113	1
103	103	4
97	98	1
109	111	2
47	79	2
21	25	3
64	64	5
45	45	2
84	84	1
83	86	4
86	97	1
102	103	3
20	21	3
83	83	4
81	81	5
28	29	1
39	40	3
24	54	3
74	74	1
29	29	3
62	65	2
56	56	2
36	36	1
37	37	4
62	70	1
59	60	2
76	79	2
46	110	1
100	101	3
32	43	1
50	98	2
68	69	1
63	63	4
46	48	1
67	67	5
61	61	1
73	74	1
60	62	2
85	85	2
95	97	1
66	66	2
77	77	2
38	39	2
101	102	3
47	48	1
22	22	1
109	109	4
62	62	3
43	43	2
41	42	3
33	34	1
99	101	2
102	102	1
82	82	3
104	104	4
54	55	3
102	108	1
26	28	4
71	74	2
88	89	1
79	85	2
88	93	1
70	70	2
94	94	3
67	72	1
76	76	2
56	59	1
24	25	3
26	26	1
20	20	1
92	94	4
107	107	3
100	105	1
27	27	6
50	50	2
79	79	1
87	89	1
99	99	1
92	92	2
81	82	3
42	42	3
108	110	1
61	95	1
103	104	6
60	60	2
66	68	2
101	101	1
114	114	1
102	106	1
60	95	4
38	49	3
51	68	1
80	80	2
50	51	3
88	90	1
93	93	4
62	94	1
69	69	1
65	66	1
81	85	2
92	99	2
88	88	5
56	74	1
59	59	3
83	85	1
84	85	4
36	41	1
102	104	1
78	110	1
28	35	1
51	51	1
110	110	1
34	34	2
31	32	1
76	77	2
54	54	3
108	109	1
55	55	1
29	48	1
25	27	1
27	29	1
58	59	2
103	105	2
98	99	2
78	92	3
52	52	3
56	58	2
87	91	1
55	58	2
71	72	1
105	106	3
69	70	1
68	68	2
103	108	1
94	97	1
38	38	1
57	57	2
97	102	1
91	91	1
47	78	1
30	30	2
56	110	1
33	42	1
94	100	1
28	28	2
78	78	2
87	87	3
58	60	2
53	53	1
56	57	1
104	105	1
49	49	2
67	71	1
84	87	1
23	24	1
27	44	1
80	81	2
72	72	2
57	64	1
84	108	1
33	35	1
105	105	1
46	85	1
77	78	1
64	65	1
74	77	1
25	26	1
28	37	1
63	70	1
47	76	1
77	94	1
78	81	1
82	83	1
54	56	1
40	40	1
91	93	1
88	91	1
79	107	1
66	102	1
86	86	1
62	69	1
35	46	1
79	80	1
61	62	1
