74	74	4
57	57	16
13	13	9
76	76	8
31	31	5
72	72	8
4	4	13
19	60	3
13	14	3
53	54	4
33	33	6
53	53	2
6	72	6
70	70	9
6	77	2
55	55	6
73	73	5
73	74	2
19	19	14
62	62	4
40	40	8
56	56	19
21	25	3
0	34	3
80	80	16
27	28	4
17	61	3
5	5	2
39	39	15
26	26	9
41	41	2
37	37	7
68	68	9
30	30	7
33	34	3
68	69	8
42	42	9
43	43	7
74	75	7
48	48	17
35	35	3
79	80	3
47	47	10
48	49	1
20	20	3
11	13	3
52	52	3
63	63	2
67	70	8
7	8	4
28	28	6
69	69	6
49	61	1
45	45	4
1	1	12
31	32	5
64	64	6
15	16	5
61	61	7
36	36	7
27	27	12
78	78	6
8	13	2
43	47	3
11	12	4
46	59	3
0	21	3
75	75	6
60	60	9
58	58	8
67	67	4
11	11	5
51	51	4
46	57	6
78	79	1
44	44	2
71	71	13
2	2	5
66	66	6
77	77	5
20	21	7
17	17	3
7	7	5
46	46	6
8	8	18
14	14	3
49	49	6
65	65	6
5	67	1
26	27	2
20	78	2
19	20	2
29	48	1
49	58	5
59	59	6
3	4	1
0	0	2
34	34	2
17	18	2
14	15	1
29	30	2
30	66	2
62	63	1
8	70	1
41	42	1
32	32	4
4	5	1
58	59	4
6	6	2
18	18	3
38	45	2
6	71	1
49	54	4
54	54	1
26	28	3
38	38	3
8	21	1
5	6	2
63	64	2
2	3	5
21	72	2
47	48	3
1	2	3
25	25	3
29	29	2
73	76	1
10	10	2
38	39	1
52	66	1
17	19	2
3	73	1
3	3	1
5	52	1
77	78	1
16	16	2
37	38	2
73	75	1
81	81	1
26	60	1
16	21	1
79	79	2
65	66	1
39	44	1
55	59	1
