70	74	2
71	72	4
68	83	1
42	43	1
33	33	3
211	234	1
108	109	3
98	99	1
165	166	2
207	207	1
242	242	4
21	24	1
195	195	4
190	191	2
8	42	1
155	156	2
220	220	1
180	226	1
168	168	1
241	243	2
22	23	4
24	24	1
27	27	2
166	166	3
99	100	2
234	234	5
191	215	1
10	10	2
167	227	2
237	237	2
5	5	1
234	235	1
209	210	3
2	2	1
17	17	2
189	190	1
210	225	2
71	73	1
157	157	1
50	50	1
180	181	1
225	237	1
144	144	1
156	156	4
62	63	1
82	85	5
224	224	3
87	90	2
245	245	2
1	1	2
107	117	1
172	172	2
87	87	5
152	152	1
92	92	1
64	64	1
108	111	1
164	164	4
239	239	4
25	26	1
3	31	1
8	61	1
6	41	3
64	66	1
183	183	1
160	162	2
38	204	1
216	216	2
55	55	4
237	240	1
4	39	1
43	43	2
184	184	4
90	99	1
117	117	3
48	48	4
68	70	1
176	177	2
242	244	1
76	76	5
114	114	1
214	215	1
85	94	2
163	166	1
192	217	1
170	170	4
108	222	1
173	174	2
179	199	1
190	239	1
35	36	4
26	26	2
175	175	4
89	91	1
110	111	1
225	225	1
238	238	3
10	11	2
55	58	1
15	15	1
232	233	1
162	165	1
204	207	1
205	205	1
160	163	1
165	165	1
196	196	2
52	53	3
111	115	1
231	233	1
108	108	2
204	204	3
96	98	1
36	36	1
2	29	1
191	191	2
238	242	1
212	212	2
81	82	2
248	248	1
228	230	2
173	173	2
178	178	3
11	11	2
228	229	2
156	165	1
231	231	1
187	187	2
208	225	1
211	245	3
58	58	1
6	6	1
233	233	2
211	212	2
103	104	2
179	179	2
22	22	1
183	184	1
177	179	1
105	109	3
20	30	2
118	118	2
34	34	3
240	240	1
194	194	3
95	100	1
57	59	1
95	97	1
246	246	4
227	227	1
229	229	4
210	229	1
29	29	1
71	78	3
52	54	2
11	38	1
86	86	1
201	201	1
62	101	1
77	77	2
173	193	1
94	94	2
40	244	1
225	227	1
146	146	1
208	209	1
228	242	1
102	103	1
227	228	1
54	54	3
219	219	2
105	106	1
168	171	1
95	120	1
38	39	1
3	7	2
182	183	1
186	187	2
112	119	1
226	228	1
155	155	2
82	82	2
55	56	1
211	211	2
16	16	1
197	237	1
46	213	1
192	199	1
57	104	1
111	111	1
2	6	1
37	39	1
164	168	2
115	116	3
79	79	4
44	45	1
12	30	1
39	39	1
172	196	1
161	161	1
112	224	1
80	83	2
98	98	1
88	88	3
200	201	2
106	107	1
68	69	2
89	104	1
229	233	1
88	89	2
56	57	3
19	19	2
109	221	1
90	90	2
160	176	1
20	21	1
235	238	1
189	189	2
165	180	1
236	236	1
23	24	2
45	45	5
185	236	1
222	223	2
79	80	1
72	73	1
235	240	2
166	211	1
241	246	1
229	231	1
145	145	2
167	168	1
11	12	1
31	31	1
76	99	1
167	167	1
213	213	1
51	55	2
159	160	1
59	60	1
218	220	1
106	106	2
110	110	1
172	197	1
166	169	1
15	29	2
153	153	2
223	223	1
111	191	1
211	231	1
221	221	2
15	20	1
156	166	1
42	45	1
14	19	1
34	39	1
62	107	1
212	231	1
70	71	1
78	78	1
72	72	3
76	82	1
199	200	1
230	233	1
16	22	1
49	49	2
161	163	2
160	160	2
38	38	1
34	37	1
81	85	1
203	205	1
190	190	1
104	105	1
164	208	1
169	169	1
163	208	1
147	236	1
60	61	1
208	208	1
60	60	2
23	26	1
66	71	1
171	171	1
20	20	1
192	194	1
107	107	1
42	42	1
12	14	1
10	32	1
52	52	1
104	104	1
19	25	1
55	60	1
115	115	3
86	101	1
198	198	1
208	227	1
232	232	1
23	23	1
177	221	1
102	102	1
163	164	2
77	78	2
69	69	2
94	95	1
175	184	1
43	224	2
41	41	1
73	77	1
84	84	1
62	62	1
47	48	1
41	212	1
157	158	1
58	60	1
244	244	1
34	35	1
51	52	2
173	175	1
113	113	1
99	99	1
170	184	1
92	93	1
160	234	1
4	48	1
9	9	2
82	95	1
91	92	2
214	214	1
207	226	1
186	248	1
150	150	1
75	76	1
185	248	1
35	50	1
97	98	1
87	91	1
185	196	1
182	224	1
70	70	1
202	202	1
18	18	1
67	200	1
11	35	1
86	90	1
151	151	1
42	44	1
109	109	1
247	247	1
