35	35	3
24	77	1
25	47	2
30	33	3
70	85	1
77	77	2
79	79	2
86	103	1
48	54	1
26	61	3
82	83	1
88	88	1
81	81	2
97	97	2
89	89	2
26	26	1
36	36	1
36	38	1
70	70	3
30	30	1
21	21	6
22	22	3
93	93	2
96	96	1
56	57	1
60	60	1
71	91	1
59	79	1
55	56	4
64	64	1
80	81	1
61	61	5
21	28	1
39	39	3
61	98	2
40	40	3
30	31	1
71	71	1
72	72	2
87	92	1
66	67	2
92	95	1
47	76	1
36	39	1
94	105	2
28	79	1
71	72	3
65	65	1
68	69	1
100	102	1
45	45	1
76	78	2
33	33	2
42	42	1
50	56	2
45	63	1
61	62	2
32	32	1
47	49	1
58	59	1
44	44	3
41	42	1
64	65	1
94	94	3
25	25	1
75	75	2
25	28	1
95	96	1
74	75	1
73	93	1
70	84	1
21	43	1
30	67	1
101	101	1
41	41	1
75	76	1
104	105	1
27	49	1
77	96	2
42	67	1
37	40	1
104	104	1
57	57	1
54	55	1
100	101	2
90	90	1
57	58	1
54	54	2
70	71	1
81	91	1
35	36	1
69	69	2
80	80	2
62	62	1
56	56	1
68	68	2
106	106	1
63	79	1
87	88	1
37	38	2
53	53	2
25	26	1
49	49	1
32	38	1
91	91	1
36	93	1
78	78	1
21	22	1
50	50	1
78	80	1
31	33	1
59	59	1
63	66	1
85	96	1
57	99	1
