86	86	2
30	46	1
101	101	2
32	41	1
69	71	1
35	39	1
50	50	5
27	27	1
53	53	1
76	76	7
44	44	1
88	88	3
73	73	3
81	82	2
63	63	2
93	94	2
74	74	6
62	62	4
91	91	3
41	76	1
33	36	1
61	61	1
91	94	1
66	66	2
49	61	2
45	45	3
100	100	2
24	24	3
83	83	2
89	89	2
20	36	1
36	36	4
46	46	1
75	75	5
64	65	1
48	89	1
74	76	1
80	81	3
33	84	2
29	89	1
97	101	2
64	69	2
66	67	2
77	77	3
92	92	2
25	102	1
90	90	3
85	85	3
72	72	2
47	47	2
42	42	2
52	52	1
53	87	1
86	88	1
65	65	5
79	79	1
87	87	3
41	89	1
20	82	2
25	99	1
53	54	1
69	69	1
26	26	1
62	89	1
39	39	3
34	34	1
83	85	1
54	57	2
51	89	1
52	55	1
98	98	2
22	22	1
44	45	1
91	93	2
30	47	1
67	67	1
43	44	1
40	74	1
59	68	1
82	82	4
28	93	1
43	43	1
72	74	1
78	78	4
60	63	1
65	66	1
41	41	4
70	70	1
54	54	1
59	60	1
69	70	1
52	53	1
57	57	1
44	99	1
37	37	1
23	83	1
55	64	1
22	23	1
99	101	1
71	71	1
68	68	1
32	32	1
58	58	3
81	81	1
80	80	1
33	33	2
40	85	1
64	64	3
55	56	1
75	77	1
23	24	1
64	85	1
42	43	1
30	89	1
56	56	1
86	87	1
95	100	1
55	55	1
41	90	1
50	86	1
99	99	1
