54	54	7
19	19	1
22	39	1
44	44	2
12	12	5
20	21	1
51	55	1
9	10	1
49	53	3
8	20	3
13	13	3
1	1	5
6	6	3
12	14	4
15	15	4
22	23	1
5	5	2
40	40	2
18	18	4
31	46	3
39	55	2
42	42	4
47	47	2
52	54	1
7	14	1
48	48	4
51	51	1
29	29	1
9	9	1
21	22	1
48	49	1
6	7	1
10	11	1
44	60	2
23	23	4
31	31	3
39	48	1
33	33	2
50	53	1
38	53	1
38	38	2
3	3	3
46	47	1
36	42	2
8	17	1
17	17	1
52	52	1
41	41	1
43	43	4
9	26	1
5	14	2
6	14	1
2	2	1
36	43	1
39	39	2
22	59	1
6	23	1
18	19	2
17	19	2
38	60	2
30	30	3
60	60	2
55	55	1
2	50	1
21	21	1
9	14	1
51	54	1
56	56	1
59	60	1
7	13	1
11	11	4
39	60	1
10	18	1
23	24	1
25	25	1
4	8	2
39	42	1
35	35	1
22	22	1
49	49	1
40	48	1
24	25	1
41	49	1
4	4	1
