26	26	6
41	41	22
36	36	20
45	46	4
46	46	30
40	40	13
45	45	13
22	22	20
37	37	13
32	32	13
30	34	1
29	30	5
29	29	19
47	47	15
19	19	11
48	49	9
18	19	9
25	25	6
27	28	9
34	36	5
28	28	23
21	21	8
23	25	2
24	24	7
39	39	11
42	42	19
34	34	18
31	32	5
44	44	11
33	33	2
50	51	5
21	22	3
32	35	1
30	45	2
30	30	18
47	49	3
50	50	14
39	40	6
43	48	4
35	35	8
23	23	8
47	48	7
27	27	16
38	38	23
43	43	5
49	49	8
25	43	6
31	46	1
37	38	4
17	17	9
35	36	4
24	25	4
45	50	1
19	20	6
44	47	5
18	18	12
26	28	2
38	39	4
17	18	13
33	34	3
25	26	4
31	50	3
31	33	1
48	48	10
37	50	1
37	39	4
31	37	2
35	46	2
40	41	4
22	23	2
20	20	3
31	34	1
35	49	2
23	24	2
28	29	2
45	47	1
44	46	1
31	31	4
36	46	3
36	37	1
39	41	1
