99	101	1
77	85	1
107	117	1
89	99	1
32	32	3
53	53	3
100	131	1
46	47	1
105	115	1
88	102	1
131	132	3
119	131	2
118	118	1
98	103	2
82	102	1
55	55	3
129	133	1
61	61	1
20	63	1
81	81	5
56	56	4
125	125	6
41	42	5
111	111	2
106	106	3
93	93	2
110	110	4
16	22	1
40	48	1
111	112	4
48	49	3
47	47	2
95	95	2
82	82	4
70	70	2
79	80	1
77	77	1
63	64	2
124	124	1
14	47	1
59	59	3
129	130	2
77	101	1
123	123	3
107	107	2
107	120	3
79	79	2
21	26	1
16	18	4
78	78	2
94	94	1
14	15	1
11	12	1
51	55	2
5	42	2
124	125	1
11	27	2
18	28	1
13	13	2
69	69	2
42	42	3
68	75	2
57	57	7
126	127	1
89	89	2
27	27	5
34	34	1
73	87	1
100	125	1
22	42	1
21	21	2
53	54	1
18	32	1
39	39	2
50	51	3
12	13	1
109	110	5
8	8	2
3	3	6
128	129	1
44	45	1
50	50	1
57	82	1
85	85	2
87	93	1
30	30	4
29	33	1
66	66	2
39	62	1
6	6	2
108	116	1
43	58	2
51	51	1
46	48	2
5	5	1
83	85	1
48	48	2
65	81	1
119	119	2
61	62	3
13	19	1
2	2	4
97	97	3
7	7	4
96	100	1
52	53	2
6	8	2
66	75	1
61	63	1
92	110	2
104	105	1
17	19	1
94	95	1
77	89	2
76	76	2
75	75	2
69	70	1
49	49	1
102	113	1
23	25	1
38	43	1
113	113	1
13	27	1
67	67	1
73	75	2
121	121	6
44	44	3
54	55	2
18	18	1
38	38	2
78	81	1
45	46	2
116	116	3
38	51	1
55	63	1
63	63	3
112	112	1
28	33	3
54	57	1
23	23	1
72	99	1
114	114	2
109	109	1
133	133	1
129	129	1
121	123	1
4	4	1
58	63	1
70	91	1
27	28	1
29	29	2
78	79	1
90	91	1
24	24	5
96	104	1
71	71	2
33	34	1
98	98	1
108	108	1
58	58	2
0	0	3
90	90	1
12	12	1
15	17	1
0	30	1
65	65	1
26	26	2
49	51	1
102	102	1
84	115	1
74	75	1
122	122	1
66	79	1
92	100	1
82	83	1
86	87	1
24	34	1
100	100	2
73	73	3
45	47	1
120	120	1
17	17	3
61	64	1
114	120	1
6	20	1
126	126	1
88	90	1
16	16	1
117	117	2
105	105	1
75	76	1
23	24	1
15	44	1
127	127	1
62	62	2
68	73	1
123	129	1
93	94	1
29	41	1
82	89	1
70	71	1
128	128	1
99	100	1
71	87	1
96	96	1
0	2	1
87	87	1
106	113	2
31	31	1
115	115	1
1	1	4
31	120	1
82	84	1
108	118	1
12	33	1
11	31	1
22	22	1
39	44	1
122	123	1
52	64	1
104	104	1
87	88	1
89	91	1
38	39	1
126	128	1
74	74	1
25	25	1
46	62	1
57	65	1
66	93	1
101	101	1
96	97	1
72	77	1
68	68	1
3	23	1
11	11	1
58	96	1
121	122	1
128	131	1
6	21	1
52	52	1
18	19	1
