0	0	4
167	168	3
90	90	6
167	169	1
22	55	1
171	172	1
152	152	5
36	103	1
15	15	5
33	33	3
164	164	3
67	160	1
64	64	5
22	24	1
121	122	2
58	58	4
161	161	2
61	61	1
127	127	2
168	171	1
70	157	1
10	18	1
33	36	3
132	132	3
31	31	1
98	99	1
137	137	4
158	158	5
148	148	1
65	65	2
158	159	3
109	158	1
130	131	1
81	81	5
68	175	1
165	166	4
37	37	4
146	146	1
57	96	1
162	162	1
126	126	4
170	170	1
8	9	2
97	97	1
125	125	4
54	54	2
84	89	1
157	176	1
111	112	1
133	133	2
76	77	2
25	26	2
7	9	1
51	52	2
40	40	1
160	160	1
58	96	2
115	115	2
148	149	1
24	35	1
96	96	3
131	131	1
43	43	5
124	125	2
30	30	2
91	91	2
156	156	3
74	74	1
169	170	1
74	75	3
153	163	2
14	14	2
107	108	2
156	157	1
134	134	4
11	12	2
81	86	1
116	117	1
17	61	2
118	118	2
75	129	1
179	179	2
38	57	2
102	102	1
171	177	2
94	94	2
107	107	2
160	162	1
71	71	1
76	127	1
153	153	4
144	144	1
102	106	1
38	56	3
150	150	4
105	125	2
70	71	1
108	108	1
110	157	1
64	101	1
80	80	1
138	138	1
103	103	2
123	124	4
63	173	1
96	97	1
50	50	1
45	46	1
59	60	1
104	106	1
10	10	2
114	171	1
38	40	1
82	82	1
141	141	2
60	61	3
101	106	1
140	140	3
99	100	1
105	105	1
171	171	1
87	138	1
62	62	1
133	134	1
123	123	4
106	106	2
7	35	2
116	116	1
59	59	3
56	56	1
117	117	2
94	95	1
16	16	3
51	51	2
136	138	1
16	17	1
22	22	2
36	36	1
31	32	1
138	139	3
11	15	1
149	150	1
68	68	1
113	113	3
73	111	2
60	60	1
21	24	4
148	172	1
146	147	1
178	178	3
60	99	1
159	159	2
131	148	2
67	67	1
164	165	2
111	111	3
176	176	2
159	175	1
168	168	1
18	37	1
108	109	2
106	107	2
0	1	1
124	124	1
25	25	1
131	134	1
1	1	1
33	103	1
147	148	3
27	28	1
130	130	1
60	101	1
26	34	1
6	6	3
33	56	1
42	42	2
66	78	1
79	79	3
167	176	1
38	38	2
137	150	1
24	97	1
142	142	1
89	89	1
172	172	2
57	57	4
67	148	1
168	170	1
151	153	1
157	157	2
78	78	2
121	125	1
40	41	2
4	5	2
155	155	2
143	147	1
155	156	1
165	165	1
24	56	2
27	33	1
121	121	1
2	2	3
52	52	2
103	105	1
145	146	1
109	109	1
153	168	1
33	100	1
95	96	2
14	15	1
110	110	3
137	179	2
136	143	1
73	74	2
170	172	1
80	87	1
180	180	3
59	61	1
4	4	1
9	9	1
61	107	1
91	119	1
66	67	1
65	122	1
64	66	1
68	159	2
63	99	1
103	106	1
112	112	1
13	19	1
139	150	2
60	110	1
107	114	1
128	129	2
24	24	1
85	85	1
136	136	1
73	73	2
76	76	1
137	145	1
12	12	1
119	119	1
141	151	1
61	109	1
0	36	1
163	164	1
79	80	1
65	166	1
138	150	1
107	109	2
15	37	1
166	168	2
170	171	1
95	95	1
135	136	1
143	143	1
72	72	1
120	121	1
142	143	1
157	174	2
109	165	1
62	167	2
175	176	1
29	34	1
75	134	1
39	40	1
7	10	1
83	84	1
93	93	1
74	133	1
23	63	1
114	114	1
14	16	1
84	120	1
120	120	2
104	118	1
128	128	1
39	39	1
101	101	1
16	50	1
75	75	1
104	105	1
59	110	1
42	43	1
81	90	1
92	92	1
35	35	2
