9	13	1
102	120	2
82	83	1
137	137	4
34	34	3
6	7	4
48	49	2
157	157	1
72	72	1
107	107	3
39	73	1
2	2	2
120	121	2
64	71	1
147	147	5
5	6	2
17	17	1
155	155	2
132	133	2
85	85	3
52	52	2
117	117	3
123	124	2
162	163	1
79	79	3
148	149	2
111	134	1
18	18	2
73	73	1
93	93	2
151	151	5
50	77	2
100	100	1
116	116	2
42	44	1
79	82	1
96	96	2
126	126	2
100	102	1
92	92	4
142	142	4
86	87	2
95	99	2
98	98	2
39	39	1
100	138	1
156	156	4
83	106	2
3	3	2
128	131	2
83	83	5
94	94	2
164	164	3
161	161	2
167	168	1
73	75	2
125	126	2
52	53	3
19	24	1
110	110	2
53	53	1
70	70	4
78	78	5
5	35	1
40	40	2
149	149	4
130	130	6
54	155	2
127	128	1
13	16	3
76	106	1
86	89	3
34	35	1
112	113	2
149	150	5
119	119	2
89	96	1
36	36	1
127	127	4
24	27	1
98	101	1
1	1	7
156	161	3
27	56	1
23	23	1
103	140	1
107	112	2
99	105	1
90	149	1
131	131	2
168	168	2
123	125	1
11	12	1
42	42	4
64	64	1
24	45	1
116	117	1
77	77	1
118	118	5
20	77	1
89	89	2
120	120	2
65	68	1
86	86	3
165	166	2
4	6	1
67	67	2
101	102	2
22	23	1
114	116	3
47	49	1
26	26	2
15	15	1
21	37	1
2	3	1
46	46	1
74	79	1
51	74	1
7	97	1
69	75	1
38	38	4
99	108	1
113	113	2
97	98	3
158	159	2
100	101	1
150	150	3
88	92	1
5	5	2
103	103	1
88	117	3
82	85	1
134	136	2
153	154	1
169	170	1
91	93	1
21	108	1
74	75	3
54	137	2
105	166	1
160	160	1
95	96	1
166	166	2
164	165	1
37	42	1
8	10	1
112	112	3
134	134	1
154	154	1
133	134	3
95	108	1
6	120	1
90	110	1
87	87	2
88	89	2
4	18	1
7	14	2
163	164	2
21	100	1
53	55	1
62	62	2
4	7	1
67	68	2
128	154	1
77	84	1
95	95	2
97	97	3
21	22	1
106	106	1
122	123	1
48	105	1
35	35	5
130	131	1
47	116	1
82	82	3
38	90	1
82	107	1
94	133	3
7	8	1
99	100	1
109	109	1
48	55	1
5	8	2
115	115	1
89	159	1
53	54	1
5	97	1
42	71	2
37	46	2
35	44	1
63	97	1
110	159	1
16	45	1
0	1	2
56	57	1
11	47	1
156	157	2
106	107	1
65	65	1
108	109	3
80	84	1
148	148	1
133	133	1
43	43	1
119	124	1
81	81	3
44	44	1
49	49	1
95	98	1
155	158	1
10	16	1
93	95	1
108	110	1
1	106	1
111	111	1
105	106	1
26	73	1
143	143	4
154	155	1
160	167	1
87	108	1
20	20	3
135	164	2
133	136	1
159	160	1
146	155	1
115	121	1
0	10	1
4	4	1
16	21	1
131	138	1
76	76	1
124	124	1
99	99	3
12	12	3
144	144	1
80	100	1
8	8	1
0	0	2
39	40	1
141	141	2
57	72	3
165	165	1
68	68	1
108	135	1
137	138	1
19	87	1
150	151	1
77	85	1
129	158	1
81	104	1
167	167	1
14	15	2
41	42	1
34	58	1
129	129	1
79	95	1
107	109	1
154	157	1
42	43	1
38	41	1
137	140	1
88	88	1
138	138	1
26	34	2
75	76	1
152	152	1
22	22	1
35	38	1
88	158	1
5	9	1
13	14	2
58	58	1
21	21	1
134	135	1
52	56	2
34	94	1
110	111	1
50	50	1
147	148	1
169	169	1
130	165	1
40	41	1
71	72	1
140	140	2
47	53	1
44	45	1
70	71	1
83	86	1
44	52	1
10	130	1
87	92	1
124	160	1
82	106	1
26	28	1
149	151	1
157	170	1
71	71	1
72	116	1
46	49	1
82	94	1
4	130	1
56	56	1
90	90	1
170	170	1
63	64	1
78	79	1
