91	91	3
219	226	2
67	67	3
86	87	1
51	67	4
230	230	2
118	118	2
180	225	2
244	247	1
81	82	3
210	210	2
151	151	4
164	164	3
1	153	1
154	154	1
191	192	3
37	38	2
18	19	1
175	175	4
47	234	1
235	235	2
226	226	3
31	32	1
109	203	1
8	18	2
211	212	2
179	179	5
240	240	2
46	57	1
15	15	1
204	204	2
68	69	1
63	66	1
77	77	2
78	117	2
94	97	1
69	70	1
17	219	1
156	156	5
197	207	3
31	31	5
11	12	1
45	46	2
10	226	2
187	189	1
147	147	3
73	74	1
49	212	1
162	162	3
12	12	3
10	10	1
205	205	1
213	214	2
221	221	2
246	247	6
180	180	1
11	17	3
84	89	1
43	43	1
157	165	1
231	231	3
16	247	1
45	45	3
207	219	2
40	40	3
167	167	3
95	95	2
163	167	2
20	25	1
166	166	1
8	9	4
183	183	2
82	83	1
214	226	1
113	113	2
27	27	3
178	178	1
176	176	2
193	193	4
55	55	2
89	90	3
100	101	2
184	184	3
189	192	1
114	114	3
39	40	1
20	119	2
247	247	2
209	242	1
58	58	2
9	44	3
7	221	1
236	236	3
6	6	2
65	65	3
227	227	1
74	74	2
28	28	3
108	108	3
94	96	2
69	69	4
223	223	2
171	171	1
28	29	1
202	204	1
22	22	1
35	36	1
244	244	6
226	227	2
116	116	2
33	33	2
19	19	3
1	1	4
8	8	2
63	64	1
110	110	3
208	209	4
89	89	2
18	119	4
33	69	1
221	246	2
60	60	1
196	217	2
0	172	1
100	102	2
160	160	2
199	199	2
185	196	2
238	238	1
116	118	2
67	68	3
47	47	3
52	53	1
236	238	1
107	234	2
194	195	3
103	103	2
99	99	3
19	223	1
102	103	2
104	195	2
36	38	1
119	119	1
224	225	2
195	196	1
29	29	1
239	239	2
23	23	2
186	206	1
86	94	1
7	7	1
186	188	2
115	115	2
56	57	1
150	150	4
99	187	1
18	43	2
217	217	4
32	33	1
229	229	1
13	233	1
96	97	1
38	39	1
96	98	1
192	192	2
192	196	1
102	104	1
109	109	1
62	66	1
22	167	1
93	93	2
189	198	1
232	237	4
36	67	1
204	205	2
46	231	2
78	82	1
44	44	3
62	63	1
161	162	1
51	85	1
163	163	1
186	186	1
31	116	1
211	211	3
59	59	4
216	217	4
46	47	1
70	70	2
8	222	2
146	149	1
236	248	1
56	66	1
90	93	1
29	34	1
173	179	1
159	160	1
82	82	3
3	3	2
181	181	1
216	216	1
61	61	2
87	87	1
58	234	1
210	211	2
234	234	2
62	62	2
67	70	1
220	224	1
42	42	1
212	213	2
35	35	2
62	119	1
46	46	1
32	32	2
234	235	1
9	10	1
160	164	1
4	5	1
70	71	3
238	239	2
189	191	1
242	243	1
53	53	2
85	88	2
6	109	1
80	82	2
0	21	1
195	208	1
107	209	1
49	49	1
221	247	1
36	36	2
232	233	2
83	83	2
155	155	3
48	48	2
207	232	1
84	85	3
203	204	2
193	214	1
225	225	3
57	57	2
212	212	2
169	169	4
93	94	1
209	209	4
63	63	2
52	52	1
90	90	1
66	66	1
43	44	1
100	117	1
183	184	1
111	119	2
64	64	1
220	246	1
94	94	1
204	235	1
194	194	2
184	229	1
85	85	2
102	102	2
79	81	1
11	15	1
178	179	1
218	218	1
206	206	1
163	164	1
79	79	1
28	113	1
29	71	1
182	235	1
246	246	3
6	60	2
44	45	2
80	80	1
84	115	1
174	179	1
112	112	2
174	175	1
46	54	2
184	185	1
215	216	1
72	85	2
85	103	1
206	207	1
105	105	1
168	168	1
62	64	2
218	220	1
58	231	1
190	217	1
77	97	1
32	84	1
25	26	3
192	193	2
216	243	2
31	117	1
230	231	1
99	117	1
43	52	2
171	172	1
95	193	1
78	78	2
38	38	1
113	115	1
107	107	2
207	207	1
145	145	1
209	221	1
29	35	1
154	156	1
233	233	1
78	84	1
87	88	1
145	151	2
72	72	2
51	212	1
91	92	1
186	191	1
77	78	1
222	222	1
6	76	1
165	168	1
208	249	1
18	18	1
60	107	1
1	2	1
42	43	1
49	232	1
233	237	1
179	183	1
59	60	1
76	76	1
37	40	1
157	162	1
18	58	1
29	32	1
31	84	1
55	56	2
41	41	1
175	176	1
86	86	1
203	203	1
100	110	1
66	211	1
207	234	1
242	242	4
34	56	1
190	190	2
179	180	1
248	248	1
86	91	1
60	64	1
33	97	1
220	221	1
113	114	1
207	230	1
91	96	1
187	187	1
245	245	1
88	88	1
25	25	2
104	104	2
16	16	2
120	120	1
109	198	1
50	50	1
70	86	1
98	98	1
218	219	1
243	244	1
197	198	1
213	232	1
178	201	1
61	62	1
237	245	2
176	197	1
84	84	1
174	180	1
19	43	1
67	212	1
186	195	2
53	67	1
34	57	1
185	185	1
176	184	1
46	77	1
106	107	1
109	218	1
55	70	1
185	186	1
65	68	1
71	84	1
242	245	1
156	157	1
82	85	1
72	74	1
202	202	1
30	30	1
199	200	1
56	56	1
159	159	2
26	26	2
35	66	1
1	26	1
168	169	1
149	149	1
188	192	1
53	70	1
153	157	1
23	24	1
3	5	1
26	28	1
92	94	1
92	92	1
27	29	1
9	9	1
