49	50	1
71	71	2
57	57	4
70	70	5
95	96	1
44	44	5
29	81	1
76	76	4
49	49	1
35	96	1
97	97	1
95	95	1
102	102	1
40	44	1
59	59	2
67	67	3
52	52	2
55	55	3
100	100	1
80	80	1
97	98	2
72	72	1
42	42	1
83	89	1
69	69	1
51	55	2
90	95	2
51	51	1
88	88	2
78	79	2
92	92	4
103	103	6
29	31	2
43	44	1
90	91	2
80	82	1
91	99	1
30	30	1
84	100	1
21	21	4
50	51	1
99	99	3
53	53	3
98	98	2
26	28	1
75	75	2
58	59	2
58	58	2
32	34	1
37	37	2
83	85	2
38	81	1
25	28	1
101	101	2
25	79	2
29	45	1
20	87	1
76	77	2
39	40	1
43	43	1
89	101	1
48	48	1
89	90	1
35	97	2
21	22	2
85	85	1
93	93	2
23	53	1
20	20	2
104	104	1
73	73	3
77	79	1
34	34	3
35	35	2
27	86	1
81	81	1
36	36	1
61	61	1
64	64	2
74	77	1
59	77	1
22	87	1
90	92	1
24	55	1
86	86	1
44	49	1
106	106	1
46	46	1
66	66	1
82	87	2
77	100	1
23	89	1
46	47	1
40	42	1
57	64	1
59	61	1
72	73	2
41	41	1
38	38	2
91	91	3
23	56	1
71	72	1
64	65	1
79	79	1
29	38	1
91	93	1
31	32	1
68	82	1
69	96	2
102	103	1
74	91	1
74	74	4
90	94	1
39	39	2
90	90	2
77	77	1
23	23	1
84	84	1
84	85	1
69	77	1
68	68	1
66	67	1
25	86	1
91	92	1
22	52	1
82	82	1
65	65	1
32	68	2
75	76	1
24	25	1
85	87	1
30	45	1
80	81	1
79	80	1
59	75	1
92	100	1
89	89	3
32	32	1
96	96	1
93	94	1
31	31	1
43	49	1
72	74	1
23	80	1
65	66	1
54	54	1
73	74	1
24	24	1
92	93	1
