88	89	1
69	70	4
66	66	2
79	79	1
29	29	5
52	53	4
63	64	2
50	62	1
7	11	1
4	8	1
133	133	3
42	42	2
80	80	7
20	21	1
63	63	3
93	93	1
69	69	5
1	31	2
124	124	2
85	86	3
85	87	1
45	100	2
64	65	5
78	78	1
120	128	2
9	9	3
95	109	1
77	78	3
109	109	5
120	124	1
2	2	1
0	0	3
80	87	1
82	96	1
53	70	1
67	97	2
52	52	2
95	123	1
55	55	4
29	77	1
67	67	4
76	76	2
1	19	1
62	63	5
65	65	2
56	82	2
27	27	1
21	23	3
116	117	3
43	95	1
101	101	3
127	127	3
88	88	2
122	123	1
16	17	3
5	6	1
37	101	1
121	129	1
85	85	1
44	77	1
64	132	2
16	58	1
69	75	1
108	108	5
68	68	4
117	117	1
106	106	4
126	126	2
99	120	1
21	22	2
119	119	3
111	118	1
99	100	3
96	96	2
110	111	3
121	122	2
120	120	1
99	99	3
94	114	2
62	64	7
45	47	1
62	62	4
113	114	1
8	8	2
86	91	1
122	122	2
29	30	1
122	124	1
13	47	1
34	34	3
93	115	2
56	56	1
70	70	4
116	116	3
75	75	3
55	58	2
50	78	2
79	99	1
59	61	4
75	110	1
11	105	1
118	118	5
82	89	1
73	74	1
3	8	2
28	28	5
110	110	2
36	36	3
14	83	1
111	111	3
58	59	1
90	90	1
59	135	1
39	44	2
87	87	2
57	58	1
3	5	1
9	52	1
34	35	2
15	79	2
26	60	2
125	126	1
53	53	3
33	33	2
76	78	1
70	92	1
33	34	1
29	35	1
79	135	1
31	31	2
18	92	1
55	90	2
50	56	2
108	119	2
13	13	3
17	25	3
63	125	1
20	28	3
68	99	3
111	112	1
55	56	2
7	36	1
14	37	1
4	4	1
32	32	2
99	102	3
22	32	1
17	17	2
14	17	1
27	28	2
119	120	1
9	10	2
94	103	1
82	82	1
0	12	1
134	134	2
64	64	1
61	61	2
96	107	2
50	120	2
7	8	1
76	123	1
96	123	2
15	35	1
81	102	1
68	75	2
128	129	1
2	3	1
63	66	2
58	83	1
20	20	2
68	80	2
60	66	1
103	103	4
42	43	1
98	98	1
75	114	1
77	77	5
113	125	2
44	107	1
84	131	2
98	111	1
42	83	1
123	123	1
97	97	2
115	115	1
78	109	1
64	126	1
89	90	1
22	83	1
108	111	2
60	61	2
109	111	1
73	73	3
74	74	1
128	128	2
26	31	1
0	101	2
5	106	1
118	119	1
105	106	1
54	56	1
112	113	1
104	104	1
2	36	2
11	126	2
57	57	1
12	44	3
24	31	1
45	61	1
7	15	1
115	116	2
83	85	1
0	93	1
16	20	1
1	2	3
44	44	1
86	89	2
8	9	3
25	30	1
23	27	1
10	57	1
107	113	1
26	28	1
92	99	2
53	111	1
7	77	1
91	92	1
54	54	2
122	129	1
16	18	2
18	18	1
91	91	2
73	88	1
72	73	1
32	38	2
107	124	1
92	92	2
1	30	1
75	94	1
55	128	1
58	76	1
32	35	1
0	3	1
129	129	2
37	38	1
126	127	2
47	47	2
60	62	1
21	101	1
26	37	1
18	25	1
74	133	2
82	90	2
90	91	1
73	101	1
46	46	1
21	29	1
30	30	3
13	46	1
86	88	1
125	125	3
24	24	4
58	58	1
25	26	1
83	83	3
6	6	1
4	5	2
64	96	1
65	111	1
26	27	2
102	102	1
35	35	2
83	84	1
55	110	1
114	134	1
11	11	2
51	87	1
93	128	2
12	12	1
105	105	4
114	114	1
79	80	1
81	90	1
55	129	1
70	104	1
29	45	1
63	116	1
50	50	2
36	53	2
59	64	1
55	64	1
124	126	1
59	59	1
0	106	1
2	4	1
19	23	1
94	96	2
3	3	1
21	21	3
88	96	1
89	134	1
79	105	1
24	25	1
10	52	1
128	131	3
63	110	1
44	83	1
9	45	1
63	69	1
97	116	1
112	122	1
84	84	1
95	95	1
7	7	1
24	90	1
19	20	1
127	128	1
7	52	1
94	95	1
71	73	1
61	68	1
86	117	1
19	61	1
109	117	1
2	83	1
86	86	1
67	68	1
3	50	1
60	60	1
25	49	1
44	78	1
118	120	1
8	24	1
37	37	1
82	83	1
12	105	1
66	68	1
36	85	1
62	109	1
121	121	1
12	104	1
79	102	1
