7	7	3
27	27	2
62	64	6
74	74	1
1	1	6
68	68	2
70	70	5
76	76	3
28	28	8
9	9	6
27	28	1
56	56	4
57	57	1
39	39	3
40	40	3
54	68	2
35	37	3
0	0	4
5	6	2
3	5	1
55	55	6
10	10	1
21	21	3
54	62	3
23	23	6
8	8	4
24	24	3
71	73	1
4	4	5
19	19	3
33	34	1
6	7	3
19	20	1
72	72	1
18	19	2
55	56	1
3	3	4
6	10	1
13	13	2
49	49	1
21	25	1
70	72	1
52	52	4
21	28	2
73	73	4
45	45	4
39	40	1
53	53	5
45	46	2
60	60	2
60	61	1
47	47	2
25	28	2
32	32	1
2	40	2
20	20	2
25	25	1
76	77	2
51	52	1
22	22	2
67	67	1
77	78	2
43	44	1
9	12	1
54	55	1
51	51	2
51	56	2
6	37	1
53	55	1
25	26	1
60	67	2
1	3	1
20	21	1
65	68	3
59	59	1
53	68	2
59	68	2
61	61	3
54	59	1
10	13	1
31	31	1
29	29	2
5	5	1
35	36	3
53	54	1
43	43	1
63	65	1
36	37	2
26	26	1
10	12	1
56	57	1
26	58	1
8	9	1
35	38	1
12	18	1
63	64	1
48	48	1
58	59	1
30	30	1
7	11	1
6	38	2
26	27	1
55	60	1
2	2	1
14	18	1
6	8	1
21	24	1
38	38	1
60	64	1
10	11	1
