86	86	1
75	116	2
45	45	4
129	129	3
80	80	3
91	92	1
119	120	4
27	27	5
85	85	3
142	142	2
53	54	1
31	42	1
123	149	1
90	93	2
48	48	3
109	109	2
141	141	1
20	48	2
14	14	2
13	14	2
119	122	1
121	122	4
56	61	1
137	140	5
111	112	1
83	92	1
3	147	1
52	52	3
90	91	2
29	37	2
132	134	2
81	81	5
113	138	4
103	104	3
21	21	2
118	141	1
106	114	2
51	54	1
5	9	2
116	116	4
103	103	2
147	151	2
24	25	1
5	5	3
99	99	1
46	46	3
91	107	1
31	46	1
149	149	2
41	43	1
123	126	2
51	55	1
7	7	5
134	134	1
35	40	1
66	69	2
23	24	2
133	151	1
84	84	3
31	39	1
112	131	1
95	126	1
31	31	6
7	119	1
71	77	2
120	120	2
17	19	4
135	140	1
25	25	2
119	119	4
156	156	2
4	47	1
109	134	1
108	108	4
28	29	1
146	147	1
87	88	1
51	51	1
116	117	1
84	95	1
6	6	1
12	12	2
13	112	1
15	16	1
24	24	3
55	55	2
140	140	1
70	71	2
117	117	3
55	131	1
81	83	2
3	3	1
124	126	3
0	62	1
0	1	4
147	147	1
87	97	1
115	125	2
112	112	3
122	132	1
91	91	3
128	128	2
13	19	1
128	139	1
144	145	2
6	133	1
40	41	2
66	66	1
136	145	4
118	118	1
137	138	1
23	26	1
95	105	1
33	33	1
92	92	1
152	152	4
113	113	2
158	158	1
93	94	1
20	31	1
92	93	1
27	36	4
95	95	1
119	124	1
75	75	2
137	137	1
80	84	1
44	45	1
14	15	1
153	154	1
37	37	1
47	67	1
85	95	1
112	121	1
141	145	2
88	88	1
0	0	2
124	124	5
21	22	2
65	66	1
89	101	2
15	24	1
34	38	2
144	144	3
65	65	1
119	130	1
55	56	3
147	155	1
36	36	1
148	148	4
83	91	1
91	94	2
105	105	1
130	130	1
8	16	1
100	104	1
89	89	2
94	101	1
57	57	1
2	3	1
85	94	2
125	125	1
155	156	1
77	81	2
127	127	2
18	18	2
9	11	1
1	8	1
83	83	1
78	79	1
40	54	1
19	22	1
21	25	1
54	56	1
42	42	1
49	49	1
91	102	1
146	146	1
56	56	1
133	133	1
1	22	1
9	94	2
106	133	2
8	8	5
126	132	1
147	150	1
138	147	1
155	155	1
78	95	1
52	53	1
106	106	2
42	47	1
126	126	2
39	39	1
107	114	2
53	53	1
151	152	1
123	137	1
129	130	1
67	124	1
9	9	1
139	139	1
101	102	1
100	100	2
14	17	2
41	45	1
93	93	1
23	23	4
97	97	3
136	146	1
30	31	1
150	150	2
18	122	1
150	151	1
153	153	1
22	22	1
85	141	1
79	79	1
50	50	1
138	148	1
33	53	1
19	21	1
111	113	2
69	69	1
138	138	1
127	129	1
39	40	1
134	140	1
121	121	1
6	130	1
8	31	1
35	35	1
110	111	1
118	136	1
18	136	1
127	128	1
78	85	1
41	42	1
82	82	1
122	122	1
115	139	2
16	16	1
92	129	1
85	88	1
67	68	1
33	35	1
112	119	1
73	78	1
114	115	1
96	97	1
15	25	1
135	158	1
89	90	1
38	40	1
87	87	1
36	38	1
