4	8	2
38	38	3
37	37	7
45	57	3
66	66	9
148	148	1
40	41	6
10	10	6
65	65	16
20	20	6
138	138	2
23	40	1
32	33	2
98	99	3
94	95	5
98	108	3
128	128	1
34	45	1
135	135	12
69	69	4
126	126	5
42	51	4
6	11	2
119	119	8
68	68	9
71	71	6
4	6	4
78	78	5
114	114	8
12	15	3
128	129	2
67	76	3
120	121	1
80	81	3
133	135	3
147	147	8
112	114	3
64	64	6
74	74	5
53	66	1
80	104	3
130	130	5
132	132	10
38	39	4
76	76	1
121	121	10
32	32	2
64	74	2
105	105	12
70	70	16
110	110	1
117	117	10
65	66	5
7	8	8
67	96	1
135	141	4
95	96	1
37	38	3
21	21	9
55	56	2
73	73	3
18	23	6
23	55	2
120	120	2
138	139	4
28	28	7
135	153	2
40	40	6
43	56	4
124	125	6
19	19	6
33	34	1
84	84	5
68	69	6
123	123	9
105	151	6
130	132	4
99	122	3
62	62	9
102	106	5
36	36	4
26	27	3
119	122	2
99	102	2
106	106	2
153	153	4
54	54	7
56	56	3
133	133	7
92	106	2
16	22	3
20	21	4
25	31	4
50	62	4
104	104	1
146	147	1
122	122	2
73	74	2
67	67	1
129	129	9
95	95	4
63	79	1
29	30	5
43	43	2
118	131	2
103	104	4
12	13	3
85	92	6
111	111	4
140	140	5
96	97	4
18	18	8
9	9	4
85	93	2
99	113	3
98	98	10
94	94	3
47	47	2
48	54	1
151	151	4
125	128	3
84	86	1
21	45	4
25	25	7
50	50	3
81	106	3
3	4	1
25	26	3
140	144	1
24	24	3
100	106	3
131	132	2
143	143	3
101	102	6
118	119	5
77	79	1
9	11	1
116	117	2
75	118	1
129	140	2
34	37	3
146	146	1
8	8	1
99	99	2
78	79	7
42	42	6
7	7	5
122	125	1
75	77	1
22	22	6
81	81	2
49	49	1
67	117	1
66	67	5
20	28	1
11	11	5
97	97	3
87	108	3
82	82	1
102	102	3
6	7	5
63	63	7
2	2	1
116	116	4
119	121	1
72	73	3
53	54	2
14	14	4
114	116	1
30	30	3
125	125	4
26	26	4
19	20	4
132	133	2
86	86	6
6	6	5
129	132	1
123	124	1
108	108	4
80	80	2
87	87	5
34	35	2
83	83	4
101	101	3
78	96	2
20	45	5
10	13	2
91	93	4
34	39	2
139	139	2
67	71	1
114	117	1
7	11	1
130	149	1
16	17	1
106	107	1
19	24	2
124	124	1
103	144	1
145	146	3
83	84	3
79	101	6
48	48	3
113	113	4
110	130	2
97	99	5
114	141	2
53	55	2
17	18	2
52	52	3
115	117	2
27	28	2
141	141	2
154	154	2
21	22	4
94	102	1
45	45	2
127	127	2
15	17	1
42	43	2
135	152	2
17	17	4
48	53	2
113	141	2
96	109	1
57	57	1
146	150	2
111	112	1
10	11	1
53	53	2
103	103	1
44	51	2
33	33	2
76	77	1
132	134	1
41	42	1
152	152	1
134	135	1
15	16	2
141	142	2
3	5	1
24	25	2
115	115	2
149	150	1
147	150	1
92	93	1
25	28	1
137	137	3
67	69	1
90	90	1
130	135	1
99	123	1
107	151	1
6	12	1
75	75	1
112	112	1
93	93	1
48	49	2
123	126	2
105	107	1
36	51	1
39	41	1
80	82	1
55	55	2
35	35	1
73	79	1
