68	69	4
69	69	2
20	20	3
35	36	5
113	113	12
20	21	4
50	50	6
62	65	7
42	91	2
98	104	7
114	114	2
59	59	2
40	40	4
29	29	3
111	113	2
54	54	4
19	19	1
42	45	3
29	82	2
84	109	4
44	44	8
28	29	7
97	97	3
107	110	4
32	32	4
60	60	14
49	87	3
100	100	7
75	75	4
109	110	5
33	33	7
24	24	4
34	34	2
30	30	10
46	47	3
97	98	1
95	95	2
82	82	7
64	64	1
74	75	7
101	103	4
29	83	3
37	71	2
51	51	9
38	38	9
81	82	3
110	111	3
39	71	1
25	92	8
37	39	2
65	66	3
110	110	1
73	73	2
24	56	1
37	37	11
42	42	5
41	41	8
80	106	2
28	41	2
87	87	1
105	105	10
66	67	1
94	95	3
52	52	2
53	53	2
40	41	3
102	102	8
33	34	3
26	91	1
93	93	5
63	63	2
96	96	5
54	101	2
114	115	5
57	57	4
86	93	2
80	80	2
23	23	4
103	103	2
104	105	14
63	64	2
77	77	3
34	35	3
65	65	2
43	43	5
111	111	3
63	67	2
85	87	2
78	80	4
74	74	4
87	89	1
99	99	2
92	109	2
101	102	8
56	56	1
45	45	3
81	81	1
72	75	3
46	46	7
19	91	1
56	63	1
101	101	4
83	84	1
28	28	2
47	47	2
81	87	1
27	27	4
26	78	1
72	72	2
106	107	1
41	44	1
27	81	2
60	70	2
21	29	1
90	90	2
76	109	1
57	58	2
49	51	2
91	91	1
93	95	1
42	43	1
23	108	1
36	37	3
107	108	1
78	108	1
64	65	1
73	75	1
36	36	1
24	76	1
62	62	2
70	70	1
39	40	1
29	30	1
92	96	1
67	67	1
108	109	1
27	79	1
93	94	1
49	50	1
24	48	1
27	78	2
