9	30	1
51	51	2
13	13	2
61	61	2
24	24	2
48	59	1
4	5	1
3	11	1
79	84	1
80	87	1
80	80	2
47	48	2
75	81	1
62	78	2
9	9	2
0	1	1
77	81	1
14	87	1
21	22	1
84	84	4
7	7	5
48	58	3
25	25	1
78	79	1
12	13	1
59	61	2
27	31	1
11	11	1
16	16	3
59	59	2
86	86	2
88	88	2
4	4	4
60	62	3
31	31	2
53	58	1
47	47	4
46	46	1
46	47	1
57	57	2
15	87	1
72	72	2
88	89	1
71	71	2
28	28	5
47	57	2
26	26	1
0	0	1
82	82	2
80	83	1
85	85	3
50	50	3
17	18	2
70	70	1
6	6	3
89	89	2
31	73	1
15	15	1
63	65	1
62	67	1
12	12	1
3	4	1
53	56	2
62	62	1
32	84	1
17	49	1
25	26	1
10	72	1
75	77	1
48	48	1
5	5	1
8	77	1
68	74	1
2	2	4
46	48	1
81	82	2
16	24	1
49	50	1
50	61	1
19	20	1
64	73	2
52	81	1
14	47	1
72	73	1
46	56	1
1	1	1
56	56	1
74	75	1
50	55	1
19	19	1
26	76	1
83	83	1
69	72	1
18	19	1
48	49	2
83	84	1
4	88	1
59	60	1
76	77	1
76	85	1
24	26	1
52	52	1
29	29	1
3	20	1
27	27	1
64	65	1
75	76	2
50	56	1
12	47	1
9	11	1
25	72	1
