10	10	5
175	175	6
17	182	2
225	225	3
119	119	3
122	123	2
146	146	8
179	179	3
77	77	2
145	145	3
125	125	3
83	83	2
189	189	4
67	68	3
118	118	6
137	137	3
225	231	2
41	41	3
84	84	3
168	168	5
140	197	2
161	161	4
56	56	3
45	45	6
122	159	2
66	216	1
215	222	3
128	128	7
172	172	4
27	28	3
150	151	3
163	163	2
232	232	5
225	228	1
122	125	1
55	55	4
26	26	8
157	158	2
212	213	1
161	183	2
37	56	1
153	202	1
97	97	2
8	8	4
180	180	4
12	31	2
160	160	3
155	158	1
180	181	3
241	242	1
30	150	1
220	220	5
60	60	3
156	157	4
136	136	3
171	172	3
42	62	1
23	217	1
183	183	4
120	120	3
104	107	1
37	37	5
99	109	1
179	218	1
203	203	4
224	224	3
75	75	4
61	62	4
204	204	3
109	109	2
214	215	2
130	131	2
57	57	2
156	156	2
173	173	2
176	178	3
139	139	2
126	127	1
71	71	4
33	33	4
113	113	2
54	54	4
209	209	3
219	220	2
53	53	3
102	102	2
59	59	5
212	212	2
4	66	1
4	4	2
26	27	1
163	165	2
229	229	1
35	35	2
171	179	2
29	108	1
7	7	1
227	230	1
61	86	1
102	103	3
61	61	5
219	219	3
52	52	4
170	191	2
100	103	1
239	239	1
125	160	1
35	36	3
24	24	3
234	234	3
73	73	5
14	15	1
178	178	3
181	181	5
184	184	2
174	174	1
186	187	2
99	99	2
86	86	2
240	240	2
29	29	3
104	161	1
209	229	1
31	106	1
9	9	5
194	211	2
223	223	5
2	2	1
27	27	3
30	31	2
44	44	5
172	173	1
219	226	3
185	185	2
202	203	2
150	230	2
207	232	2
95	137	1
82	139	1
182	182	4
11	11	3
217	219	1
62	62	1
54	57	1
0	0	2
138	153	2
38	39	1
171	217	1
121	128	1
39	61	1
122	122	2
116	117	2
157	157	3
175	234	1
38	38	5
102	108	1
188	190	1
143	143	2
203	204	4
115	115	3
138	140	1
66	229	2
18	19	2
105	105	2
37	82	2
236	236	4
168	179	1
67	67	3
101	103	2
62	138	1
167	167	2
82	82	1
164	164	2
205	205	2
207	208	2
231	231	4
142	142	1
3	63	2
191	191	2
152	153	2
164	185	2
69	69	2
88	147	1
211	212	1
10	205	1
20	20	1
124	125	1
135	158	1
34	36	1
152	152	5
230	231	3
215	220	2
149	157	1
138	160	1
196	196	2
144	144	3
138	138	3
230	230	1
147	147	3
25	25	1
116	116	5
3	3	4
84	91	1
85	85	7
143	160	1
241	241	2
9	10	1
33	35	1
7	9	3
151	151	3
149	150	2
111	111	1
135	136	1
176	235	1
227	227	1
43	43	2
162	192	1
23	23	1
238	238	4
149	149	1
146	147	1
169	169	2
123	123	5
71	73	1
141	141	2
33	109	1
134	134	3
188	188	3
174	175	1
121	121	2
104	105	2
179	181	2
18	18	3
214	227	1
218	218	4
24	33	3
144	151	1
211	211	2
10	11	1
101	104	1
198	198	3
2	4	3
42	42	5
70	70	3
170	170	5
65	74	1
9	11	1
100	101	2
81	82	2
152	174	2
144	145	1
226	227	1
138	141	1
154	155	1
211	217	2
139	140	1
238	239	1
74	74	6
19	20	1
68	68	1
9	25	1
235	235	2
202	202	1
89	89	2
95	107	1
197	197	2
85	86	1
170	171	3
225	226	1
160	161	1
101	101	3
153	153	1
203	208	1
133	133	2
181	183	1
2	8	1
208	219	1
193	193	2
138	201	1
77	80	1
164	165	1
149	231	2
58	59	2
114	120	3
63	64	1
40	40	2
15	15	2
10	17	1
115	120	1
142	160	1
0	141	1
176	177	1
150	150	1
34	34	1
46	46	1
6	6	1
237	237	2
151	157	1
32	106	1
166	201	1
199	199	2
115	116	1
55	57	1
68	69	2
28	58	1
154	168	2
226	228	3
126	136	1
112	112	2
201	201	5
148	148	1
75	76	1
48	50	1
9	75	1
159	159	2
228	228	2
14	14	1
126	126	1
178	179	3
184	189	1
69	73	1
44	113	1
140	141	2
148	172	1
12	12	4
206	206	4
81	81	3
67	69	1
120	121	1
200	201	1
20	212	1
25	26	1
193	195	1
1	1	1
155	155	4
62	152	2
26	203	1
22	41	1
48	73	1
62	67	2
98	98	2
66	66	4
20	39	1
232	233	1
96	99	2
184	185	4
222	223	1
37	62	1
107	108	1
52	75	1
54	86	1
196	197	1
105	106	1
3	102	1
141	201	1
108	161	1
222	222	2
73	74	1
177	177	1
127	127	2
34	37	1
130	134	2
134	238	1
224	225	1
19	19	4
113	120	2
15	28	1
124	126	1
131	134	1
31	32	1
165	165	2
98	99	1
123	124	1
151	152	1
33	110	1
139	142	2
129	129	2
90	116	1
95	95	1
71	72	1
140	140	2
48	48	2
30	55	1
172	174	3
58	58	3
209	231	1
207	207	1
175	235	1
158	159	2
69	86	1
217	217	1
128	129	1
143	149	2
155	195	1
28	28	2
114	129	1
99	159	1
122	156	1
17	81	1
15	22	1
15	20	1
76	76	1
28	82	1
140	142	1
99	104	1
124	127	1
242	243	1
11	26	1
97	128	1
47	73	1
31	33	1
118	127	1
114	114	1
69	217	1
66	68	1
11	71	1
44	45	1
216	217	1
200	200	1
206	207	1
62	63	1
48	74	1
13	13	2
173	236	1
172	179	1
215	227	1
21	22	1
233	233	1
30	162	1
145	147	1
226	226	1
31	31	1
149	152	1
171	171	3
36	37	2
191	198	1
17	18	1
70	211	1
66	210	2
210	210	2
148	149	1
196	218	1
176	176	2
101	102	1
163	193	1
54	55	3
98	238	1
162	162	1
153	238	1
189	191	1
65	66	1
80	84	1
62	71	1
151	168	1
204	208	1
125	158	1
96	96	2
192	192	1
236	237	1
1	69	1
62	86	1
50	50	1
126	135	1
130	205	1
221	222	1
139	150	1
126	134	1
34	35	1
64	64	2
39	43	1
146	148	1
6	109	1
237	240	1
221	221	1
74	75	1
24	70	1
190	190	1
13	14	1
15	74	1
179	180	1
170	174	1
117	117	1
45	70	1
165	198	1
140	143	1
199	202	1
79	89	1
188	189	1
46	47	1
214	214	1
40	42	1
39	39	1
3	99	1
130	163	1
194	196	1
242	242	1
100	100	1
163	164	1
7	8	1
220	225	1
141	144	1
122	157	1
63	63	1
14	191	1
108	108	1
143	146	1
183	187	1
180	182	1
113	119	1
205	206	1
145	155	1
228	229	1
140	148	1
5	6	1
132	133	1
