75	76	1
18	18	2
47	77	1
33	34	3
55	55	2
132	133	1
33	33	3
21	22	3
111	112	1
72	72	5
101	101	3
97	97	1
98	98	7
78	78	4
4	26	1
112	112	3
134	134	1
43	51	2
74	116	1
59	60	2
19	19	2
127	127	4
79	79	3
62	63	3
45	45	1
103	112	2
133	133	1
95	96	1
94	95	2
32	33	3
110	113	1
112	113	2
54	55	3
80	80	2
1	1	5
121	121	1
15	31	1
110	110	2
67	67	3
2	2	2
56	57	2
118	119	1
73	94	1
86	86	3
25	26	2
45	77	1
52	53	1
130	131	1
15	15	2
63	63	2
25	25	3
59	72	2
84	84	2
75	75	2
23	23	2
61	61	3
12	86	1
120	127	1
20	21	1
30	30	4
115	115	3
106	106	2
23	25	1
59	59	2
91	92	1
69	69	5
13	122	1
10	10	2
48	50	1
89	89	2
112	133	1
99	99	1
5	6	2
27	27	5
77	77	1
44	44	3
34	34	2
8	8	2
102	102	2
55	66	1
0	6	1
105	105	2
77	78	1
80	89	2
65	65	2
64	71	1
2	3	1
122	122	3
108	108	3
93	108	1
69	91	3
76	83	1
53	62	1
128	128	5
58	59	1
19	20	2
70	74	2
93	93	1
121	122	2
119	119	2
5	7	1
50	50	1
89	90	1
93	111	1
131	131	2
114	114	1
122	123	1
21	21	2
92	115	1
127	128	4
53	53	1
99	100	3
110	111	1
59	63	1
24	24	2
79	80	2
29	29	1
14	14	3
95	95	2
23	30	1
23	24	2
15	71	1
92	93	1
126	126	2
98	99	1
56	56	2
43	46	1
92	92	1
48	49	1
104	104	3
16	53	1
1	19	1
71	71	2
31	32	1
54	54	1
22	22	1
58	111	1
77	87	2
120	120	3
66	66	2
63	76	2
110	112	2
126	127	1
79	86	1
43	43	3
124	125	2
107	124	1
27	29	1
91	91	1
68	69	1
1	31	2
35	35	1
70	73	1
11	45	2
120	121	1
90	90	1
62	107	1
7	8	1
76	76	1
11	12	1
100	134	1
105	134	1
129	129	1
124	124	1
62	115	1
111	111	4
0	0	1
11	43	1
63	118	1
47	79	1
124	126	1
74	74	4
16	17	1
13	15	1
96	96	1
66	67	2
79	100	1
5	5	2
12	89	1
39	44	1
2	42	1
68	92	1
73	73	2
117	117	1
118	118	1
73	75	1
30	48	1
65	75	1
17	22	1
46	59	1
125	125	1
78	83	1
125	126	1
94	97	1
19	24	1
13	13	1
22	30	1
116	116	1
116	117	1
34	35	1
16	16	1
11	88	1
32	32	1
119	120	2
105	115	1
1	96	1
85	85	1
6	8	1
21	82	1
113	114	2
125	127	1
15	33	1
14	35	1
49	49	1
93	115	1
