56	56	8
2	2	10
7	7	23
16	16	12
35	35	7
17	17	24
13	14	5
6	6	24
33	33	13
8	8	11
39	41	5
32	55	6
13	13	22
55	55	11
46	46	18
50	50	8
11	11	18
45	46	2
19	19	10
39	39	18
19	20	5
9	10	10
19	22	2
43	44	9
43	56	1
15	15	13
29	29	9
47	47	18
44	44	13
35	53	1
45	45	15
10	10	23
28	29	9
2	3	1
27	31	4
53	53	6
32	32	11
12	12	16
38	38	8
9	13	2
9	9	15
17	18	5
48	48	16
49	50	3
30	31	8
30	30	10
36	36	6
57	57	20
47	50	1
57	58	5
29	30	2
58	58	10
51	58	2
18	18	25
49	49	18
35	36	1
32	33	4
51	51	9
38	39	5
30	54	4
4	4	20
5	41	1
12	49	3
43	54	1
14	14	25
31	31	13
33	44	5
27	28	2
5	5	19
38	40	2
40	48	1
19	54	5
3	3	5
4	5	9
43	43	4
48	49	3
40	43	1
28	28	8
6	49	4
50	51	5
23	23	2
54	54	9
41	41	9
52	52	7
22	22	2
14	15	3
16	19	2
40	46	1
16	17	3
34	34	5
40	40	7
55	56	2
6	7	3
37	41	3
42	42	6
47	48	2
58	59	2
1	1	7
15	55	3
10	11	2
21	23	4
59	59	2
24	24	1
20	20	3
52	53	1
14	18	1
41	43	4
43	55	1
39	42	1
22	56	3
37	37	2
0	0	8
39	40	1
34	58	2
10	49	5
22	24	2
53	57	1
13	48	2
34	35	1
29	35	1
23	24	1
33	34	2
1	2	3
9	11	1
34	57	1
39	45	1
40	41	1
34	36	1
17	19	1
0	1	2
30	55	2
27	27	2
56	57	2
54	55	2
3	8	1
7	8	1
11	12	1
8	11	1
40	47	1
