11	11	1
48	55	1
52	52	2
14	15	1
6	6	1
49	50	1
56	56	2
27	27	2
80	80	3
73	73	1
59	60	1
48	49	2
31	39	1
4	4	2
19	19	4
76	76	1
2	2	2
61	61	2
16	19	1
18	18	1
69	70	1
21	49	1
78	79	2
29	29	2
36	36	1
12	14	1
28	28	4
40	40	4
72	73	1
13	13	3
31	64	1
51	52	1
34	57	1
31	32	1
47	48	1
21	54	1
13	22	1
60	60	3
70	70	1
37	37	2
51	59	2
42	42	1
5	5	2
8	8	3
30	30	1
58	58	2
34	48	1
45	45	1
38	38	4
65	65	1
3	71	1
6	10	1
32	33	1
0	0	1
26	46	1
39	70	1
57	57	1
26	27	2
67	67	1
79	79	2
67	70	2
49	49	2
51	51	1
57	58	2
75	76	1
7	7	2
0	1	1
30	32	1
11	12	2
64	64	2
20	44	1
54	54	1
33	33	2
15	70	1
77	77	1
45	46	1
62	62	2
0	75	1
27	28	1
72	72	2
69	69	1
31	34	1
51	58	1
17	17	1
64	66	1
49	53	1
46	46	1
21	21	1
34	52	1
62	63	1
31	31	1
47	47	1
