46	47	2
32	33	1
113	114	1
111	111	2
112	112	4
57	59	1
98	98	1
36	36	4
71	71	3
80	80	1
57	57	2
62	62	2
99	100	3
40	40	4
114	114	1
66	67	2
21	22	1
85	94	1
109	111	1
61	66	1
73	73	5
104	105	1
76	76	4
84	84	1
34	34	2
106	106	1
80	100	2
44	44	3
44	45	4
86	87	1
98	111	2
38	38	1
75	92	1
40	41	2
50	50	3
20	77	1
47	48	1
46	79	1
28	30	2
100	101	1
97	97	2
32	32	1
64	64	2
28	96	2
88	90	1
35	35	4
79	81	1
64	65	1
98	108	1
103	103	1
36	37	1
46	48	1
39	89	1
81	96	1
33	36	2
58	60	1
111	112	1
41	41	3
86	86	2
108	112	1
85	85	1
42	43	1
106	107	2
48	48	2
29	30	1
33	35	1
98	99	1
113	113	2
24	94	1
101	103	2
80	81	1
74	76	3
96	99	1
41	42	1
107	108	1
30	30	1
95	95	2
50	51	1
52	52	1
101	108	1
46	78	1
92	105	1
115	115	1
46	96	1
45	45	1
59	60	2
26	27	1
93	93	2
22	77	2
52	54	2
70	70	1
25	25	1
102	102	1
108	108	2
48	98	1
54	80	1
67	68	1
100	105	1
68	69	1
33	33	1
58	62	1
72	72	2
99	99	1
37	75	1
83	84	1
109	109	2
42	42	2
55	81	1
63	63	1
37	74	1
54	54	1
60	61	1
110	112	1
37	37	1
100	100	1
31	32	2
53	61	1
38	39	1
