101	101	1
59	72	2
42	57	1
128	128	2
54	55	2
121	121	7
29	30	1
116	117	2
75	75	3
4	52	1
106	106	3
21	21	2
98	98	1
99	100	1
126	127	2
109	109	2
52	52	2
28	28	2
48	49	1
32	32	2
76	76	3
118	118	1
7	55	2
58	67	1
24	24	2
9	12	1
120	120	3
50	52	2
40	40	1
127	128	2
94	94	3
122	122	4
82	88	2
79	80	1
63	63	2
30	31	1
18	19	1
50	109	2
1	1	2
53	53	5
28	34	1
131	132	2
80	80	1
19	21	1
11	11	2
95	95	1
74	74	1
32	34	2
22	22	3
55	55	1
2	26	1
73	103	1
89	89	4
82	94	2
23	23	2
68	108	1
110	110	4
2	2	4
90	91	1
111	111	4
15	21	2
124	124	2
128	129	4
50	50	1
31	63	1
131	131	4
112	132	3
124	125	1
29	29	1
47	47	1
23	112	1
42	65	2
30	30	1
126	130	1
54	54	3
95	104	1
81	81	4
125	130	2
91	91	2
77	77	3
119	119	3
56	56	3
61	61	3
13	17	4
78	78	1
123	123	3
18	18	4
115	115	4
90	97	2
81	84	1
72	72	1
77	85	1
92	93	2
58	58	3
13	23	1
50	51	2
34	38	2
11	13	1
68	68	3
112	112	1
38	38	2
52	53	2
85	101	1
96	97	2
50	76	1
57	93	1
55	88	1
105	105	1
107	107	2
126	126	2
17	17	1
117	120	1
127	127	1
52	56	1
6	24	1
48	48	4
69	69	1
88	93	1
82	84	1
118	119	2
19	43	1
41	41	1
43	67	1
109	117	1
114	115	2
103	103	2
92	97	1
4	4	1
101	102	1
56	59	2
53	122	1
104	105	3
79	79	4
121	122	1
97	98	3
49	49	3
11	12	1
93	93	2
84	84	1
22	28	2
116	116	2
93	94	2
40	68	1
129	131	1
108	109	1
13	13	1
27	29	1
83	84	2
87	87	1
45	45	1
125	126	3
42	42	1
12	12	1
49	53	1
52	59	1
15	15	1
96	102	1
34	34	1
64	67	1
71	71	1
49	50	2
96	105	1
20	20	2
108	108	3
12	50	2
90	93	1
105	114	1
56	57	1
26	26	1
20	21	1
2	4	2
18	71	1
10	10	1
3	6	1
117	118	2
58	59	2
65	66	1
129	130	1
84	85	1
7	77	2
89	104	1
70	127	1
75	77	2
3	22	1
6	6	3
31	31	2
132	132	1
108	130	1
97	99	1
42	59	1
50	53	1
100	101	1
98	100	1
33	33	1
2	6	1
75	76	1
1	2	3
107	108	2
3	4	1
105	106	1
114	116	1
110	112	1
130	130	1
44	45	1
39	56	2
5	57	1
85	85	2
96	106	1
54	100	1
86	88	1
71	103	1
33	34	1
61	86	1
94	95	2
13	57	1
85	86	1
126	128	1
6	14	1
44	56	1
83	83	1
78	79	1
110	133	1
104	104	1
129	129	2
106	112	1
86	93	1
27	28	1
67	67	1
117	125	1
72	73	1
110	113	1
114	114	1
63	64	1
77	91	1
49	51	1
55	59	1
