2	3	2
22	52	1
23	55	1
10	10	4
10	49	4
25	46	1
51	51	2
63	63	7
57	57	2
52	52	1
13	13	1
0	0	4
54	54	1
44	52	3
35	39	2
44	45	5
8	18	3
34	39	1
37	37	4
44	46	1
37	75	2
58	59	6
46	47	1
32	56	1
22	22	1
31	66	1
36	36	1
31	44	2
35	38	1
24	57	1
71	71	1
12	13	1
3	3	2
18	27	4
70	70	2
26	26	3
1	2	1
41	47	1
35	35	1
19	20	1
64	64	6
58	58	2
66	69	2
22	57	1
61	66	1
26	64	2
51	52	2
28	28	4
57	68	2
27	53	1
2	2	3
69	70	3
7	50	1
18	28	2
20	38	1
41	61	1
48	48	2
10	11	1
36	37	2
65	65	2
19	19	1
30	59	1
56	56	1
5	5	2
22	23	1
62	66	1
34	34	2
68	71	2
22	25	2
71	74	1
10	57	2
76	76	1
45	58	1
49	75	1
55	55	2
39	45	1
75	75	2
6	7	1
32	73	2
49	73	1
54	56	2
66	66	1
31	69	1
45	57	1
26	28	1
31	32	1
59	59	4
66	73	1
11	43	1
58	63	1
29	30	1
71	76	3
33	78	1
69	69	2
41	50	1
36	38	1
25	29	2
61	61	1
47	48	2
34	62	1
39	39	1
30	30	1
0	1	2
67	68	1
22	55	1
34	68	1
30	67	1
7	7	1
4	4	2
32	33	1
28	64	1
32	32	1
60	77	1
20	20	1
27	58	1
9	25	1
76	77	1
14	58	1
27	27	1
33	63	1
73	75	1
10	58	1
42	42	1
1	1	2
51	68	1
26	62	1
56	57	1
24	24	1
18	18	1
41	41	1
33	57	1
23	57	1
32	68	1
11	11	1
68	70	1
