104	104	1
57	57	1
85	85	2
85	86	2
54	112	5
76	77	3
42	42	3
102	105	2
99	99	3
5	6	4
32	32	2
27	27	2
134	134	3
82	82	2
55	75	1
10	10	4
94	94	4
130	131	1
76	80	2
17	23	1
115	115	2
17	17	2
93	127	1
122	122	5
149	149	2
47	47	2
123	123	4
33	37	1
92	93	3
16	53	3
136	138	1
14	21	2
150	150	3
112	149	1
52	80	1
112	112	1
117	118	1
100	149	1
105	125	1
13	14	4
36	36	2
15	15	4
68	68	5
6	6	4
40	40	4
119	119	2
75	76	2
8	8	2
69	73	2
96	104	1
34	34	3
126	126	3
14	14	2
103	112	1
111	111	4
101	101	1
25	25	5
43	43	4
63	63	2
4	50	1
125	132	1
19	19	1
99	102	1
135	139	2
57	80	3
121	122	2
20	23	1
32	34	1
106	107	1
152	152	2
80	84	1
142	142	1
55	93	1
78	88	3
128	128	3
78	80	1
83	83	1
104	126	1
77	81	1
108	108	2
71	71	2
70	70	3
5	8	1
69	71	1
152	154	2
70	71	1
89	90	1
39	40	2
40	111	1
12	12	2
66	149	1
131	132	2
10	19	2
10	13	1
13	15	1
129	135	1
92	92	1
32	33	1
88	143	1
29	30	1
3	3	4
86	123	1
23	23	1
98	98	7
113	113	1
75	77	1
7	7	1
76	76	1
98	99	1
87	87	3
67	67	1
9	10	1
132	132	1
94	95	1
16	24	1
143	143	1
63	64	1
2	6	1
113	116	1
142	145	2
4	4	2
36	37	1
128	129	1
49	49	1
49	51	1
116	116	2
20	21	2
55	55	3
76	78	2
97	98	3
25	85	1
24	24	5
94	120	1
141	142	1
34	43	1
11	93	1
9	9	1
17	19	1
54	55	2
80	81	1
108	118	1
96	97	1
25	32	1
103	104	1
125	125	2
48	48	1
69	70	1
138	138	2
119	128	1
94	98	1
66	126	1
77	79	3
125	139	2
19	20	3
130	132	2
115	116	1
112	113	3
102	102	1
10	57	2
46	46	1
55	57	1
78	154	2
105	106	1
18	18	1
19	37	1
114	137	2
53	53	5
64	64	2
79	80	1
28	83	1
37	37	1
141	141	1
20	20	1
14	107	1
125	128	2
44	53	1
107	135	1
139	144	1
79	79	2
90	90	3
143	144	2
76	88	2
93	94	1
26	26	1
24	26	1
147	147	2
93	93	2
85	127	1
96	96	4
72	83	1
141	144	1
35	38	1
25	33	2
41	41	1
35	35	1
29	29	1
30	30	1
114	114	2
127	127	1
38	55	1
148	148	2
146	149	1
77	77	2
150	154	1
138	141	1
131	133	1
64	147	1
62	63	1
31	32	1
81	145	1
106	106	2
19	24	1
129	132	1
107	107	1
84	84	1
49	56	1
5	94	1
144	144	1
120	120	1
40	44	1
135	135	2
118	132	2
111	112	1
85	99	1
101	112	1
3	4	2
85	122	1
11	12	1
65	75	1
137	141	1
79	83	1
33	39	3
58	58	1
58	61	1
102	148	1
11	32	1
38	38	1
78	108	1
142	143	1
37	38	1
82	119	1
138	139	1
121	121	1
69	72	1
2	3	1
26	84	1
66	66	1
68	116	1
64	67	1
137	138	2
153	154	1
62	81	1
104	105	1
66	67	1
124	126	2
69	74	1
85	128	1
76	82	1
71	97	1
66	153	1
10	11	1
131	152	1
124	124	1
80	86	1
143	151	1
12	13	1
126	127	1
28	28	1
83	85	1
86	87	1
22	30	1
81	81	1
38	104	1
20	22	1
142	148	1
19	22	1
82	141	1
124	125	1
35	36	1
74	75	1
119	122	1
73	154	1
71	108	1
146	146	1
13	13	1
