155	159	1
146	146	3
198	198	3
123	123	4
0	32	1
127	128	2
104	218	1
42	65	1
50	50	2
25	44	1
232	232	3
225	228	1
128	128	1
55	59	1
48	49	3
45	46	2
150	150	2
150	151	4
135	135	2
97	97	4
140	196	1
64	64	2
75	75	3
199	199	3
10	10	1
56	56	7
175	175	1
153	153	2
47	48	1
11	218	1
49	50	5
214	214	3
228	228	3
166	170	1
73	73	3
230	230	2
102	102	1
8	105	1
106	131	1
182	227	1
129	133	2
35	36	1
218	219	1
155	198	1
95	103	1
61	70	1
102	163	1
30	36	1
204	205	3
74	83	2
10	98	1
11	180	1
145	145	4
143	143	1
33	56	2
13	13	1
6	37	1
55	225	1
202	214	1
9	42	1
144	146	1
26	235	1
78	78	1
4	8	1
142	144	1
63	63	1
140	193	1
28	29	1
47	54	1
217	228	1
231	235	2
55	56	1
13	17	1
177	177	1
233	234	1
223	234	1
42	209	1
183	220	1
221	221	1
24	39	1
62	62	1
137	163	1
118	118	1
189	225	1
71	71	2
0	49	1
177	230	1
37	38	1
44	44	1
39	40	1
126	127	3
169	170	1
221	236	1
72	72	4
233	233	2
235	235	1
219	219	4
186	194	1
38	39	3
26	54	1
105	105	2
131	234	1
133	133	1
69	171	1
114	117	1
7	104	1
111	111	1
43	166	1
27	27	2
40	43	1
203	219	2
151	151	1
85	208	1
32	38	1
206	206	1
183	183	2
74	116	2
160	160	2
71	120	1
143	147	2
116	116	4
201	211	2
119	122	1
129	139	1
89	89	1
67	67	1
96	96	1
196	198	1
43	44	1
203	203	1
202	212	1
218	218	3
10	18	1
195	207	1
165	167	1
1	1	1
115	117	1
223	224	1
99	100	2
195	195	1
19	235	1
106	106	3
124	130	1
175	220	2
173	173	4
71	72	1
141	141	2
54	54	2
22	22	3
4	4	1
106	145	1
46	46	2
109	116	1
201	201	3
19	21	2
187	194	1
240	240	1
59	59	4
109	223	2
49	49	3
163	163	2
1	2	1
32	85	1
119	119	1
227	238	1
189	190	2
206	213	1
110	110	1
145	193	1
112	112	1
18	18	1
83	83	1
5	5	1
145	147	1
17	19	1
150	152	1
28	39	2
170	172	1
131	131	1
131	141	1
57	169	1
74	84	1
85	85	1
182	207	1
28	28	1
162	163	1
168	169	2
181	184	2
137	137	1
61	61	2
129	166	1
137	155	1
165	166	3
34	135	1
238	238	1
123	124	1
38	38	1
66	66	5
153	155	1
15	66	1
180	184	1
26	63	1
124	124	1
157	157	1
1	3	2
155	166	1
22	178	2
231	231	1
200	201	1
144	144	2
169	218	1
52	52	1
121	134	1
24	27	1
74	85	1
3	11	1
77	116	1
130	134	1
176	177	1
12	12	2
151	152	2
77	77	2
134	151	2
97	171	1
148	151	1
11	16	1
188	188	3
121	121	1
52	85	1
116	177	1
152	152	3
25	25	1
181	227	1
73	173	1
178	178	1
39	209	1
99	99	1
9	9	3
53	53	1
212	212	1
7	9	1
39	49	1
199	200	1
12	17	1
184	216	1
178	233	2
68	68	1
190	190	3
114	115	1
6	10	2
181	181	1
154	155	1
48	50	1
229	230	1
113	122	2
193	195	1
76	76	1
182	182	1
204	207	3
198	202	1
4	23	1
127	172	1
58	60	1
55	55	1
64	110	1
36	37	1
66	76	2
180	180	2
122	122	2
58	58	2
101	102	1
116	118	1
159	159	1
226	227	1
213	215	1
142	143	1
151	227	1
0	2	1
189	221	1
204	204	2
148	148	2
23	32	2
140	141	1
189	189	2
174	174	1
215	221	1
69	70	1
181	206	1
50	51	4
96	171	1
70	70	1
224	224	1
3	35	1
126	126	1
220	228	1
30	30	1
107	129	1
166	202	3
122	123	1
20	21	1
199	207	1
190	191	1
142	142	1
160	171	1
32	82	1
217	217	2
29	29	1
197	197	2
80	80	1
4	9	1
108	118	1
39	50	1
201	202	1
158	158	1
170	187	1
31	102	1
188	189	2
205	205	2
81	81	1
182	183	1
236	236	2
139	150	1
39	39	2
31	34	1
207	217	1
18	58	1
34	52	1
100	177	1
115	131	1
48	59	1
70	73	1
31	124	1
24	24	1
169	198	1
165	204	1
125	129	1
49	53	1
26	26	1
159	174	1
30	32	1
239	239	1
159	178	1
184	184	2
170	171	1
127	129	1
191	191	1
79	82	1
155	201	1
167	221	1
99	171	1
83	143	1
213	214	1
17	18	1
43	54	1
207	208	1
156	208	1
169	169	1
211	211	2
161	161	1
231	232	2
69	69	2
195	203	1
171	171	1
22	32	1
63	64	1
194	194	1
66	77	1
232	233	1
120	228	1
33	33	1
7	18	1
