51	51	15
13	13	6
50	50	13
1	6	1
3	3	15
55	55	3
49	49	14
46	46	6
18	18	4
19	36	2
9	9	6
9	13	3
45	46	4
38	38	2
48	48	10
35	35	6
22	23	4
12	12	4
55	58	4
42	42	9
2	2	6
36	36	4
10	10	15
16	16	15
34	45	1
40	40	8
52	52	2
47	47	10
51	53	1
16	17	5
1	1	11
2	4	4
32	32	7
22	22	2
6	6	3
23	23	6
0	0	4
8	8	3
30	30	1
4	4	4
31	31	4
5	5	6
21	22	2
14	14	3
54	54	2
28	52	3
15	15	12
19	23	2
50	51	3
34	52	5
34	34	2
41	41	3
17	17	2
34	51	3
53	53	2
58	58	1
19	19	2
15	16	1
47	49	1
59	59	1
35	36	2
41	49	1
30	31	1
43	44	1
37	38	1
