60	60	23
36	36	43
80	80	76
83	83	59
69	69	59
84	84	65
65	65	84
26	26	29
41	41	32
55	59	5
32	61	12
44	44	32
70	71	6
57	57	35
71	72	31
86	88	17
42	42	36
87	87	72
40	40	40
64	65	10
47	47	20
37	37	48
99	99	32
100	100	49
61	62	30
54	54	22
25	26	2
62	63	27
43	90	4
68	68	70
71	71	64
38	42	11
53	53	28
25	25	28
69	70	35
70	70	95
78	78	50
69	78	7
39	39	40
75	75	54
75	76	13
92	92	35
67	67	98
92	94	9
99	100	7
88	88	71
81	81	70
63	63	48
89	89	71
20	21	4
86	86	84
27	27	39
66	66	56
23	25	7
72	73	5
80	81	36
62	62	65
29	29	47
67	78	12
63	64	8
46	46	52
24	24	7
92	93	9
69	75	6
28	28	18
90	90	38
95	97	13
85	85	66
76	76	54
79	83	8
36	37	6
45	46	6
55	84	7
65	66	18
38	38	34
53	89	4
52	52	36
79	79	79
22	47	8
45	45	30
93	93	34
37	38	5
26	27	16
47	67	2
37	39	3
33	61	3
76	79	4
61	61	37
94	94	25
78	79	18
77	77	58
26	56	3
101	101	36
87	88	36
43	43	30
82	82	27
60	61	12
51	51	23
90	91	21
91	91	24
72	72	71
43	44	15
83	89	6
50	51	6
96	96	29
77	78	19
100	101	14
50	65	2
73	74	23
49	49	11
36	38	6
76	78	8
33	33	49
64	64	43
98	98	26
73	73	43
52	54	6
55	55	32
47	99	4
97	97	41
23	34	3
35	38	7
34	34	20
50	50	30
58	59	11
31	56	8
31	31	37
67	83	9
56	56	29
74	74	61
65	68	1
66	72	4
51	65	6
48	48	14
76	77	13
41	42	10
67	75	7
48	99	7
70	77	4
53	85	6
81	82	23
67	68	29
26	29	4
86	87	15
77	81	3
86	89	4
69	77	5
43	48	7
32	62	4
67	72	4
79	80	41
88	89	11
67	70	5
33	57	5
59	61	3
50	99	8
24	25	17
98	101	5
51	55	8
79	81	18
65	91	2
67	80	1
66	67	13
99	101	2
22	54	2
49	50	6
39	40	9
35	37	8
46	49	3
72	74	5
77	82	3
68	84	2
28	31	2
85	89	14
59	59	18
20	24	4
35	35	25
68	85	1
30	30	4
55	56	16
37	44	2
102	102	5
33	58	2
67	76	10
62	64	14
97	98	7
53	91	4
74	75	8
26	34	2
32	32	10
68	70	4
46	47	15
40	41	17
62	88	4
83	87	1
85	86	31
34	35	9
32	33	3
83	84	11
20	22	8
23	23	9
29	63	2
48	90	10
88	91	2
40	75	3
90	100	5
56	84	4
95	98	1
59	60	5
101	102	8
99	102	4
78	100	2
20	20	7
38	100	2
51	66	3
67	69	7
46	87	1
45	51	3
34	54	4
96	97	10
33	42	4
72	85	7
38	39	4
68	69	23
36	41	5
55	68	4
58	61	1
54	55	7
95	95	16
68	76	4
52	53	7
29	30	3
98	99	3
42	43	2
44	45	1
25	28	4
93	99	2
36	43	3
50	90	1
36	52	5
66	68	7
57	68	6
90	93	1
36	51	8
36	42	2
84	87	4
52	80	2
53	87	1
22	36	3
82	84	4
45	47	4
89	93	3
67	73	2
31	33	8
57	58	5
45	92	2
33	60	1
73	76	3
34	38	1
62	87	4
54	83	2
31	32	13
85	87	3
33	34	8
83	85	4
20	23	4
37	100	4
45	48	2
54	58	4
58	58	11
70	76	2
25	27	2
41	51	4
69	71	3
71	74	2
47	48	5
54	80	2
22	23	8
30	70	2
81	85	2
46	99	2
88	93	2
57	84	4
22	29	7
60	62	2
80	82	6
23	37	2
89	91	1
80	83	3
23	24	4
55	57	1
45	49	5
23	35	4
61	87	3
22	26	2
57	61	1
48	50	1
48	49	2
34	36	2
27	28	1
53	88	2
89	92	1
57	59	1
67	81	1
66	76	1
91	92	6
49	82	1
45	99	1
53	54	4
51	62	1
34	42	1
32	34	2
35	53	2
61	78	2
28	32	2
72	76	2
22	22	3
94	95	6
36	100	2
84	85	2
68	77	2
89	90	6
69	76	5
52	84	3
66	81	2
25	39	4
38	40	2
44	51	1
32	51	1
56	57	5
87	89	3
51	56	1
62	86	1
70	72	1
71	73	1
53	83	3
74	76	1
93	95	2
81	83	2
22	52	2
56	69	2
28	29	2
66	79	2
42	44	2
37	42	2
42	94	1
54	82	3
93	98	1
69	81	2
48	94	3
44	47	1
41	56	1
93	94	2
40	42	1
21	22	2
34	37	1
55	58	1
41	75	1
95	96	3
66	82	1
26	33	1
58	60	1
44	48	1
68	78	1
