87	87	1
117	117	2
28	29	2
82	82	4
95	129	1
54	54	4
99	129	1
13	13	4
103	103	2
42	43	2
124	124	2
124	125	3
118	118	2
131	132	4
137	137	3
74	74	4
15	15	3
10	11	1
149	149	2
85	118	1
40	40	5
66	66	5
140	146	2
11	11	1
16	16	8
141	141	2
142	142	1
114	114	4
15	16	1
93	93	2
128	129	1
124	140	1
22	73	1
97	98	3
50	50	2
86	110	1
99	100	2
136	138	2
100	102	3
97	128	1
121	121	1
83	84	2
85	85	2
18	20	1
151	151	1
10	25	1
74	80	3
105	106	1
43	45	3
72	72	2
39	39	1
113	113	3
42	42	3
92	93	1
152	152	1
129	129	2
75	79	3
18	19	3
150	150	3
81	81	2
109	109	2
74	77	1
94	95	1
22	23	5
132	152	1
125	126	2
25	109	2
86	93	2
106	107	2
145	145	2
9	9	3
4	5	1
79	80	3
77	78	1
136	136	4
116	116	2
112	113	2
149	150	3
44	44	4
9	10	2
29	40	1
41	41	3
103	104	1
54	56	1
4	26	1
3	3	1
90	96	1
54	74	1
46	46	3
88	88	3
70	70	1
128	128	4
50	54	1
43	43	3
57	57	1
96	147	1
24	71	2
48	48	1
97	97	4
97	129	1
102	149	1
152	153	1
138	138	2
40	41	3
22	109	1
117	119	1
134	134	1
137	138	1
45	46	1
20	20	1
107	108	1
127	142	1
144	144	2
6	7	2
25	25	2
24	24	3
53	53	4
76	76	1
95	95	2
4	17	1
55	56	2
141	147	1
101	102	2
75	81	1
115	115	1
85	86	2
38	39	2
37	37	1
142	146	2
95	133	1
16	17	1
96	130	1
104	130	1
8	8	1
84	84	3
144	148	1
80	80	1
75	75	1
142	143	1
124	147	2
10	10	2
133	152	1
38	43	1
30	31	1
105	154	2
23	56	1
83	111	1
17	17	1
32	32	1
72	73	1
84	117	1
23	107	1
7	10	3
43	49	1
68	69	1
128	148	2
131	131	2
112	112	1
7	7	2
12	12	2
126	127	1
119	120	1
95	96	1
125	127	2
21	21	1
71	71	2
145	148	1
53	54	1
19	20	1
84	85	1
95	124	1
138	139	2
119	119	1
30	30	2
48	52	1
21	22	1
94	94	1
141	142	1
123	124	1
96	133	2
96	97	1
93	94	1
139	139	2
64	64	2
95	123	1
73	73	1
6	6	1
77	79	1
96	129	1
51	52	1
132	132	2
4	19	1
91	96	1
37	50	1
68	68	1
24	25	1
71	111	1
46	70	1
38	38	1
29	29	1
105	153	1
33	37	1
86	87	1
35	35	1
133	133	1
115	116	1
69	69	1
128	147	1
47	47	1
122	136	1
104	154	1
20	21	1
20	48	1
41	42	1
153	154	1
136	137	1
34	34	1
22	22	1
7	11	1
3	42	1
63	63	1
39	44	1
110	110	1
39	40	1
100	149	1
149	152	1
2	2	1
38	44	1
126	126	1
153	153	2
127	127	1
28	28	1
105	105	1
81	82	1
88	89	1
148	148	1
105	108	1
