28	28	5
7	7	3
66	70	1
36	37	2
42	42	5
6	6	1
31	32	2
8	8	1
3	3	1
53	53	5
74	74	3
32	32	1
37	40	2
45	45	2
32	33	1
61	61	6
6	8	1
1	3	3
2	16	1
63	73	1
75	75	2
60	75	1
60	61	1
1	1	2
52	52	2
39	65	1
37	37	1
58	61	1
60	60	7
26	26	2
36	36	3
4	4	3
48	48	6
20	25	2
18	18	3
56	56	3
21	25	2
63	63	1
4	5	1
75	78	3
9	10	2
79	80	2
12	12	3
78	79	2
29	29	1
68	70	1
17	17	5
62	62	1
10	10	4
5	7	1
40	60	1
15	15	1
50	50	1
57	57	2
67	71	1
73	73	2
76	76	1
4	72	3
78	78	6
20	20	2
69	70	1
43	43	2
25	54	1
57	80	1
77	77	5
41	41	2
49	49	4
18	20	1
80	80	2
8	17	1
48	49	1
72	72	1
56	57	1
40	40	1
69	69	1
65	65	2
64	64	2
19	19	3
47	64	1
53	54	1
0	0	1
54	54	1
47	47	3
62	73	2
67	67	3
34	38	1
35	35	3
39	39	1
56	65	2
55	55	1
30	31	1
55	56	1
5	5	2
7	8	1
70	70	2
72	78	1
19	20	1
70	71	1
77	78	2
35	67	1
46	47	1
66	67	1
59	59	1
16	16	1
10	11	1
19	21	1
0	2	1
33	33	2
31	45	1
54	56	3
39	48	1
79	79	1
31	31	1
40	48	1
55	65	1
48	55	1
58	59	1
5	6	1
30	33	1
17	18	1
16	17	1
71	71	1
16	19	1
0	80	1
27	28	1
51	51	1
52	54	1
3	6	1
19	64	1
6	13	1
40	61	1
56	58	1
11	21	1
51	52	2
