76	83	1
24	24	1
82	82	1
2	116	1
108	108	2
13	20	1
118	121	1
71	72	2
96	96	2
34	36	3
94	94	2
106	106	1
129	129	3
109	109	3
7	7	2
136	137	2
93	95	1
99	101	1
13	13	3
23	24	1
126	126	2
102	103	3
76	76	2
7	9	4
136	136	2
128	128	2
122	122	2
17	123	1
137	137	1
0	1	2
71	71	1
96	97	2
2	108	2
113	114	3
19	19	2
114	114	2
6	6	2
133	133	1
116	119	1
75	75	3
87	87	2
12	12	2
9	10	1
12	13	2
124	124	2
14	14	2
30	31	2
81	81	3
99	99	1
132	132	2
73	95	1
32	33	1
100	100	1
29	29	3
11	110	1
6	86	1
25	26	1
16	17	1
112	114	1
134	134	2
104	108	1
108	109	2
102	102	2
0	0	1
5	5	6
15	16	1
111	111	2
16	16	4
2	121	1
5	34	1
16	124	1
94	95	1
5	7	1
2	2	4
34	35	2
74	75	3
21	25	1
135	136	1
123	123	1
85	109	1
17	124	1
13	14	1
131	131	2
111	112	3
16	19	1
73	74	1
98	98	3
110	110	5
78	78	2
118	118	1
1	108	1
110	119	1
90	90	3
25	27	1
135	135	2
85	85	2
79	79	2
82	88	1
109	110	2
116	116	1
72	73	1
105	105	2
101	101	1
93	94	1
93	93	1
4	33	1
115	116	2
84	86	2
18	18	1
21	22	1
89	89	1
73	94	1
84	84	1
36	36	1
18	19	3
20	21	1
20	113	1
112	112	2
13	123	1
29	30	1
1	1	1
17	17	1
97	102	1
35	35	1
5	6	1
0	115	1
89	90	1
107	107	1
117	119	1
24	25	2
95	95	1
21	21	1
130	130	1
97	97	1
5	112	1
106	107	1
37	37	2
23	23	1
82	87	1
126	127	1
38	39	1
35	36	1
27	27	1
8	8	1
