135	135	2
42	50	1
108	108	1
117	118	1
23	23	5
45	49	1
64	64	1
127	128	1
104	104	1
124	124	1
80	80	3
78	79	2
22	22	3
11	13	2
37	37	1
49	49	1
18	35	1
63	63	2
106	133	1
79	80	1
86	86	5
122	122	5
34	34	2
107	109	1
135	136	2
97	97	4
82	82	4
8	8	3
111	111	1
51	51	1
87	88	2
21	32	4
68	68	1
91	91	3
105	107	1
129	130	1
71	101	2
68	70	2
139	139	2
67	68	3
113	113	2
13	14	3
78	81	2
148	148	4
153	154	1
157	157	1
81	112	1
38	38	2
104	131	1
19	40	1
50	50	5
151	154	1
145	154	1
15	16	1
129	129	2
119	121	1
0	0	4
121	122	2
21	21	3
51	52	3
39	39	7
121	124	1
18	38	1
151	152	1
30	30	4
12	14	1
25	25	1
137	139	1
114	125	2
55	55	3
75	75	1
16	16	3
120	120	3
67	71	1
118	134	1
52	86	2
133	133	1
11	11	1
89	90	1
71	72	1
142	142	7
62	63	2
31	31	2
35	35	1
144	144	2
118	118	1
31	32	1
20	40	2
78	78	4
70	89	1
77	79	1
2	3	1
27	30	2
19	19	2
21	34	2
126	128	1
93	93	1
40	52	1
88	89	3
9	9	2
46	47	3
131	131	2
128	128	2
116	116	4
90	91	1
125	125	2
116	117	2
67	70	1
106	106	1
47	47	3
90	90	1
105	105	2
42	42	2
28	29	3
130	131	2
155	156	1
137	142	2
95	100	2
69	69	4
3	3	2
131	133	1
19	34	1
82	83	2
72	72	2
51	86	1
8	10	1
3	4	2
21	57	1
83	83	3
148	149	1
134	135	2
24	24	2
6	6	2
143	143	2
70	87	1
81	81	1
79	79	2
57	61	2
68	71	1
136	137	1
126	126	1
43	45	2
44	44	1
7	8	2
156	156	1
48	49	2
21	23	1
81	82	2
85	86	1
70	70	3
17	18	2
42	44	1
72	100	1
130	130	3
108	112	1
83	93	1
10	11	1
2	2	1
83	92	1
103	103	1
14	14	1
134	134	3
5	9	1
51	87	1
52	52	4
40	42	3
121	125	2
32	33	1
56	56	4
55	56	2
92	93	1
101	101	1
157	158	1
94	94	2
146	147	1
114	117	1
107	107	1
20	20	1
115	115	2
24	66	2
99	99	1
25	26	1
29	29	1
7	7	1
65	66	1
108	111	1
68	69	3
40	41	1
78	82	1
144	149	1
146	146	2
117	117	2
48	48	1
40	40	3
141	141	3
21	31	1
110	117	1
21	22	1
137	137	2
85	85	2
107	108	2
66	66	1
120	125	1
65	65	2
63	70	1
121	123	1
87	90	3
71	71	2
98	98	1
69	88	1
98	99	1
114	115	1
140	141	3
4	4	2
36	36	2
92	95	1
28	28	1
75	96	1
46	46	4
86	89	1
9	10	1
66	101	1
119	119	2
96	96	1
85	91	1
26	26	3
5	5	1
138	138	1
43	47	1
41	42	1
53	53	1
77	78	1
41	41	1
115	117	1
76	76	1
145	145	1
125	126	3
8	9	1
12	12	2
51	85	1
144	145	1
144	148	1
62	62	2
134	139	1
137	138	1
41	43	1
94	96	1
24	27	1
6	8	1
119	127	1
77	77	1
22	23	1
110	110	2
112	112	1
10	10	1
55	78	1
123	123	1
32	32	1
56	57	1
131	137	1
89	89	1
100	100	1
92	92	1
45	45	1
150	152	1
33	33	1
120	148	1
54	69	1
23	24	1
127	127	1
17	39	1
93	95	1
64	73	1
71	76	1
113	115	1
85	90	1
56	90	1
