97	119	2
152	153	4
181	192	1
6	61	2
110	110	2
229	229	2
36	53	2
25	46	1
159	208	1
234	234	4
109	116	1
81	83	3
226	226	2
29	29	2
74	74	3
213	247	1
174	174	3
28	28	1
159	160	5
83	83	1
217	233	1
56	56	3
61	61	1
187	239	3
24	31	2
26	27	1
94	94	5
211	211	3
151	153	1
18	19	2
102	102	4
97	97	1
179	179	5
165	166	1
85	85	6
202	202	2
189	245	2
170	170	1
155	155	5
217	242	1
51	52	2
216	241	1
157	211	1
39	39	4
222	248	2
73	74	1
73	73	2
66	76	2
54	62	1
87	87	4
199	199	6
63	76	1
20	20	4
9	9	1
161	161	4
187	187	2
175	180	1
223	223	1
27	27	1
232	232	4
85	89	1
80	81	2
238	239	1
158	163	1
42	42	3
51	65	1
10	225	1
45	45	3
34	35	1
194	195	1
69	69	3
169	170	1
220	238	4
222	240	1
199	200	3
236	244	1
109	109	3
79	84	3
212	213	4
175	188	1
77	108	1
74	78	1
60	60	2
197	197	8
1	1	2
181	181	1
233	233	2
224	224	1
160	166	2
150	185	2
156	184	1
164	164	1
5	6	1
150	155	1
145	145	3
213	217	1
98	106	1
113	114	1
38	38	1
180	186	1
220	220	1
241	241	2
7	12	1
101	101	2
23	23	2
40	41	1
195	195	1
40	44	1
46	109	2
112	112	3
15	15	1
118	120	1
70	70	2
190	191	3
229	236	2
34	34	2
178	191	3
189	189	4
210	210	3
171	171	2
108	110	1
31	31	2
8	59	1
212	212	3
74	119	2
207	219	1
185	185	1
30	31	1
16	16	2
64	65	2
21	21	1
205	231	1
106	107	2
77	77	1
178	178	3
71	73	1
159	159	3
205	205	3
71	71	1
214	215	2
162	167	1
71	108	2
192	197	2
180	180	5
237	237	3
204	204	3
216	216	2
234	235	1
93	102	2
54	244	2
8	8	1
247	247	1
31	32	1
86	86	4
207	207	2
157	157	1
72	72	1
181	182	1
102	104	2
31	57	1
191	237	2
53	54	1
211	229	2
213	228	2
38	39	2
35	37	2
55	57	2
68	225	2
169	169	2
222	223	1
54	54	1
11	12	1
187	246	1
100	101	1
184	185	1
206	207	1
68	68	2
115	115	1
103	103	1
107	111	2
102	106	1
218	219	1
169	171	3
75	75	2
64	64	2
167	168	1
224	231	1
196	217	1
67	68	1
170	218	3
46	46	1
70	71	1
33	43	1
80	82	1
89	90	1
225	226	1
226	243	1
240	241	1
43	52	1
161	196	1
53	53	1
187	220	2
77	78	1
246	246	1
67	75	2
158	159	1
156	156	2
111	184	1
7	30	2
198	198	1
231	233	1
12	12	3
30	42	1
178	180	3
34	37	2
70	103	2
186	190	2
63	110	1
101	108	1
225	232	1
63	97	2
67	67	1
165	184	1
87	89	1
81	81	1
218	218	3
204	234	2
213	214	2
56	57	1
70	75	1
169	223	1
16	89	1
66	66	2
89	89	1
103	105	1
92	93	1
26	26	4
194	194	2
78	84	1
30	30	1
38	44	2
216	217	1
244	245	1
54	68	1
178	188	1
198	224	1
91	91	2
113	193	1
35	35	2
78	78	2
224	238	1
63	108	1
50	109	1
80	120	1
228	228	1
34	93	1
150	151	2
173	173	1
200	200	2
204	217	1
62	68	1
163	176	1
235	236	1
34	241	1
55	55	2
243	243	1
225	225	2
31	42	1
244	244	3
230	230	2
231	234	1
167	207	1
78	79	1
115	224	1
90	91	1
170	220	1
238	240	1
188	188	2
116	119	1
66	67	1
239	239	1
203	204	2
158	166	1
186	186	2
19	49	1
33	33	1
44	44	2
181	225	1
44	46	1
58	76	1
18	18	1
208	241	1
93	94	1
14	15	2
106	106	1
242	243	1
101	102	1
200	232	1
184	184	1
243	244	1
41	53	1
234	236	1
83	91	2
237	238	1
217	217	1
82	82	1
47	47	1
201	201	1
54	55	1
55	69	1
109	110	1
221	240	1
203	203	1
156	158	1
32	32	1
198	234	1
203	232	1
7	236	1
56	72	1
160	182	1
14	14	1
24	25	1
206	206	1
209	209	1
176	176	1
154	154	1
8	42	1
160	232	1
199	246	1
41	41	1
247	248	1
