9	9	19
28	28	30
140	140	14
87	87	21
92	93	3
123	123	30
35	37	8
131	131	14
3	4	16
96	96	20
30	31	2
4	6	1
118	118	32
116	116	30
71	71	19
11	11	23
123	124	7
2	3	9
8	8	12
72	72	11
5	68	2
101	106	1
124	125	1
89	92	2
21	21	16
103	103	13
119	119	27
30	30	11
26	26	17
103	107	3
75	76	7
27	29	3
137	137	6
117	117	12
31	31	10
1	1	13
93	96	9
102	103	9
13	13	28
2	16	1
109	109	6
95	108	3
73	78	4
129	129	17
15	21	2
4	5	4
75	75	7
89	89	23
16	16	21
121	121	31
114	114	11
9	20	4
22	22	9
36	36	10
76	76	16
98	99	8
34	34	35
75	87	2
104	104	19
72	84	2
83	84	2
20	20	19
25	41	2
120	120	21
111	115	2
2	10	1
128	128	17
113	113	14
79	79	24
14	14	16
26	33	3
77	78	9
109	126	5
110	112	2
95	96	9
130	131	6
92	92	9
75	77	5
0	1	7
100	100	11
81	82	8
109	110	2
116	129	1
91	91	22
128	129	14
106	106	18
71	72	16
107	111	3
19	21	7
8	20	5
122	122	10
116	117	1
0	19	6
101	103	3
21	23	2
78	119	3
86	86	6
106	107	4
105	107	5
114	124	3
8	12	6
32	129	1
97	97	7
112	112	13
100	124	2
38	38	8
99	129	4
12	13	10
73	74	2
19	19	14
0	0	9
101	101	17
120	121	2
72	87	3
114	120	1
109	117	2
109	112	5
124	124	24
108	112	2
10	11	5
6	7	9
96	98	3
29	29	8
20	21	4
108	109	4
18	21	5
24	24	11
91	96	5
35	35	27
100	105	1
23	23	13
7	7	20
125	125	24
85	88	5
12	12	7
92	103	6
110	111	6
93	104	4
82	85	5
12	31	6
90	90	14
82	118	1
27	27	12
86	87	6
83	97	2
82	82	6
129	133	3
17	17	13
105	120	3
130	130	5
112	128	2
134	134	5
94	118	6
93	108	3
2	2	9
29	30	4
111	112	8
126	126	5
132	132	13
83	83	8
6	6	13
76	101	1
95	98	4
90	105	5
105	106	3
74	74	14
37	37	7
15	23	4
6	8	6
106	129	3
108	108	13
95	95	10
97	98	13
17	34	2
91	99	4
118	128	2
101	102	3
3	3	12
93	93	24
11	27	2
124	127	3
87	99	1
94	94	7
81	118	3
19	23	1
25	25	9
111	114	5
122	123	2
107	107	11
86	88	2
35	36	5
33	33	12
13	14	9
94	130	1
136	136	4
101	128	4
2	4	1
102	102	3
133	133	9
80	80	7
125	126	1
29	127	4
78	78	3
88	94	4
68	77	3
77	118	3
106	110	2
44	44	4
2	8	2
111	126	5
22	23	9
9	12	2
86	89	2
110	110	2
18	33	3
92	106	4
82	129	5
16	29	3
117	120	4
80	82	5
18	19	3
77	86	8
15	28	3
113	122	4
77	95	2
11	28	3
12	108	3
111	111	10
24	26	2
98	98	11
91	101	1
74	86	3
10	83	3
129	130	4
80	84	4
82	109	2
14	26	3
115	115	18
7	10	1
127	132	1
3	7	2
105	121	3
74	78	4
73	73	12
81	98	4
95	97	4
92	108	5
108	115	2
98	110	7
21	28	3
107	108	11
32	32	8
15	15	4
105	123	4
78	83	4
104	111	1
28	29	3
81	86	3
6	10	4
14	37	1
119	121	5
78	97	5
87	89	1
4	110	3
22	27	3
73	123	3
100	102	2
114	115	4
19	20	3
31	35	2
85	85	6
117	129	3
113	114	5
23	32	2
114	118	2
36	37	2
2	13	8
121	125	1
122	126	3
75	117	2
85	97	5
1	35	2
1	3	4
92	111	2
36	93	1
109	111	3
97	100	2
4	4	6
77	113	3
127	127	8
16	28	1
17	18	7
72	77	2
83	85	6
1	15	3
81	81	5
4	21	3
18	30	1
37	38	8
18	18	10
17	31	4
135	135	5
100	103	2
108	123	2
21	22	7
135	136	4
24	34	1
92	109	4
4	8	2
118	119	4
112	118	7
109	129	2
126	127	2
31	32	2
139	139	10
99	99	6
7	8	4
91	92	4
17	19	1
18	27	6
87	114	1
112	121	1
82	116	5
82	83	2
74	75	4
71	74	1
9	10	3
117	121	3
90	91	7
23	38	1
28	31	1
16	18	1
26	38	5
90	100	2
109	125	5
89	90	4
92	104	1
111	116	2
95	102	1
10	21	4
86	96	3
94	110	3
115	117	1
35	38	1
22	24	2
72	73	3
81	84	1
5	5	6
119	120	1
73	102	2
84	84	15
74	76	2
88	93	3
127	128	4
20	27	5
74	129	1
100	118	1
87	88	3
32	33	3
107	109	2
16	32	3
27	32	1
100	116	2
16	31	2
79	80	2
105	105	5
5	12	2
82	87	1
102	119	1
90	110	2
21	27	3
88	88	10
15	18	1
130	133	3
99	108	3
103	105	1
0	2	6
15	16	2
30	33	2
74	122	4
13	20	1
101	109	1
6	9	1
97	108	3
114	119	5
18	20	1
24	25	1
108	119	3
35	127	2
88	103	2
10	10	2
99	102	3
16	43	3
34	132	3
94	101	1
37	94	3
72	82	1
76	118	1
76	103	2
17	21	1
5	7	1
3	5	2
93	106	1
32	34	1
92	102	3
6	98	2
132	133	1
106	115	2
118	122	2
108	113	1
18	28	1
1	5	1
134	136	1
102	109	1
100	109	2
85	86	3
19	33	1
23	24	2
119	123	3
19	27	1
89	93	1
137	138	1
2	20	1
74	97	2
102	106	1
116	122	1
24	29	3
75	81	1
97	115	3
71	82	1
28	117	1
13	17	1
125	132	2
29	32	3
4	13	2
16	17	1
108	111	2
5	6	3
138	138	3
104	105	1
3	21	1
102	105	1
14	15	3
30	85	1
1	20	1
126	129	1
34	35	1
93	94	1
87	90	1
77	119	1
105	116	1
124	133	2
23	25	1
117	122	1
6	17	1
78	79	2
80	88	1
25	35	1
37	124	1
8	23	1
9	25	1
110	125	2
71	79	1
74	104	1
9	24	1
13	28	1
27	28	1
33	34	1
76	119	1
26	28	1
92	110	1
89	91	1
9	26	1
103	121	1
