68	68	1
27	27	10
51	52	5
72	72	8
47	47	6
54	54	8
19	19	17
55	55	4
59	63	4
2	3	2
69	69	2
55	56	1
53	53	15
17	17	8
6	6	7
78	78	5
12	12	7
75	75	6
79	79	16
37	37	6
56	58	14
14	14	7
33	33	17
78	79	3
0	0	10
59	59	10
0	1	7
32	32	10
50	67	3
46	46	7
61	61	11
69	72	2
73	73	7
39	39	5
36	36	11
38	38	2
31	31	15
54	55	2
26	26	5
50	50	4
42	48	3
32	33	3
60	60	5
73	74	1
49	49	9
58	58	7
1	1	5
4	4	12
45	45	6
42	42	8
13	13	6
5	6	4
66	66	7
29	29	9
67	68	1
10	11	7
31	33	3
35	35	10
69	71	3
65	65	9
8	8	7
47	48	1
56	56	6
41	41	10
28	29	1
18	18	2
6	7	2
75	76	3
37	80	2
64	65	11
8	25	1
77	77	7
74	74	6
40	41	3
16	21	3
1	27	2
51	51	4
68	69	3
80	81	1
71	71	8
67	67	4
34	39	1
70	71	6
15	15	2
37	38	2
11	11	9
2	2	5
52	52	8
7	7	8
48	48	5
40	40	8
70	70	3
16	16	2
34	34	2
12	13	2
9	9	2
42	43	2
64	66	2
51	67	2
40	42	3
66	67	1
64	64	1
14	22	1
26	27	2
72	73	2
41	59	3
36	80	1
38	39	4
20	20	4
43	57	1
12	14	2
8	9	2
63	67	4
35	38	1
65	66	1
17	18	2
28	28	3
10	10	2
36	37	2
77	78	2
15	16	3
49	52	2
11	12	3
49	55	1
80	80	1
52	63	1
3	3	1
29	30	1
