42	42	3
37	37	2
99	121	3
118	127	1
135	135	3
51	52	1
33	33	1
13	13	3
106	107	1
108	108	5
75	77	1
76	76	3
103	131	2
102	117	2
19	19	6
130	130	6
34	35	3
60	61	1
84	84	3
110	110	6
80	80	6
54	70	1
63	63	1
142	143	3
11	28	2
126	126	2
30	30	2
115	115	5
73	73	6
26	109	1
17	17	3
90	106	2
67	102	1
96	96	5
25	25	6
9	39	3
17	19	1
133	134	1
0	0	1
12	17	3
34	34	5
109	109	3
64	67	2
16	67	2
83	86	1
92	93	3
57	93	2
141	141	5
85	86	4
65	66	2
0	32	1
101	101	3
84	85	5
131	133	1
10	14	2
59	59	3
91	91	3
12	18	1
69	69	5
64	64	6
27	28	1
104	104	5
62	131	1
111	122	1
51	51	4
8	23	1
65	65	2
112	115	1
107	107	3
68	69	1
61	61	2
25	27	2
66	66	1
72	104	2
127	127	2
91	94	1
132	133	4
134	135	3
57	57	2
88	89	1
74	74	3
68	89	1
132	132	2
119	120	1
82	120	1
53	53	3
39	40	2
124	124	1
1	1	1
15	16	2
82	121	4
114	115	5
5	24	2
118	118	3
115	116	2
119	119	1
32	48	2
80	81	2
112	114	2
67	67	1
61	62	1
52	52	1
8	8	2
108	109	3
6	6	2
116	116	4
117	118	3
63	64	2
97	98	2
90	108	1
141	142	3
81	81	1
102	104	1
18	21	2
129	129	2
16	16	2
94	94	6
9	10	1
40	138	2
4	23	3
69	94	1
87	88	2
70	71	2
113	140	1
124	126	1
128	128	2
72	110	1
48	48	2
125	125	1
32	32	2
113	113	3
54	63	1
24	79	1
90	90	5
22	23	1
9	9	2
116	117	2
31	31	2
49	93	1
39	41	2
13	24	2
30	98	2
100	101	1
20	21	1
91	92	2
83	83	1
71	89	1
67	68	1
34	48	1
135	139	1
53	55	2
3	4	4
135	136	1
82	82	2
117	117	2
111	111	2
118	120	2
128	129	1
66	140	1
38	39	2
102	102	1
97	97	2
100	100	2
33	35	2
76	77	1
71	72	1
113	115	1
53	54	1
26	93	2
1	67	1
62	64	1
97	100	1
127	130	1
133	133	1
75	76	1
89	89	2
121	137	1
66	137	1
99	103	1
134	134	3
114	114	1
57	74	1
87	87	5
120	120	1
85	85	3
145	145	2
25	78	1
67	120	2
77	78	6
117	120	2
5	5	1
104	107	1
26	26	2
40	41	2
73	98	2
2	6	1
137	137	2
11	11	1
101	103	2
81	88	1
59	96	1
28	29	3
24	111	1
50	50	1
35	35	2
54	76	1
109	126	2
121	136	3
62	62	1
129	130	2
18	18	1
56	88	1
87	95	1
97	101	1
58	58	3
131	131	2
14	14	2
78	78	2
105	105	1
69	70	2
142	142	1
75	75	3
14	17	1
123	123	3
99	99	3
66	82	1
49	49	2
49	51	1
122	135	1
56	56	1
5	23	1
68	68	2
69	71	2
9	28	1
40	40	1
81	82	1
79	80	2
1	12	1
79	79	1
96	103	2
103	104	1
3	3	2
140	140	1
77	77	3
5	39	1
29	30	1
92	131	1
31	47	1
25	26	1
72	91	1
68	95	1
55	55	1
114	116	1
98	98	1
16	108	1
10	11	1
20	20	1
48	49	2
32	33	1
26	55	1
80	86	1
50	57	1
13	77	1
55	56	1
60	105	1
54	56	1
4	4	1
105	107	1
