56	56	6
46	47	1
22	23	2
103	103	4
91	91	6
57	57	5
46	46	1
67	67	7
58	58	10
65	66	1
26	47	3
76	77	1
73	73	4
87	88	1
38	38	8
81	81	5
49	49	13
42	42	5
95	96	2
78	78	8
64	81	4
22	55	5
70	89	1
24	24	7
32	32	3
93	93	8
65	65	12
89	89	13
36	36	4
85	85	4
26	26	3
75	75	27
101	101	2
23	23	13
46	48	6
50	50	10
66	67	12
29	29	4
37	37	4
44	44	1
25	25	7
40	40	8
74	74	2
51	74	1
55	55	5
93	94	2
64	64	1
62	62	3
50	51	5
72	74	1
22	22	4
63	81	1
39	39	12
56	57	1
70	99	1
30	41	1
70	70	4
38	40	1
58	77	2
97	97	1
77	77	5
68	69	1
82	82	1
35	36	2
45	45	10
34	34	8
59	79	2
66	66	6
83	83	1
20	20	4
43	58	6
26	37	1
51	52	4
68	68	2
76	76	6
102	103	2
61	61	8
49	77	3
104	104	4
53	75	2
102	102	3
69	69	2
90	91	2
65	103	2
96	96	1
87	87	5
63	63	1
23	76	2
53	53	4
52	54	2
72	72	5
66	68	1
100	100	3
26	38	1
43	43	2
80	80	1
47	48	5
90	97	1
21	21	2
51	73	1
71	72	3
90	90	8
92	92	2
54	54	3
81	86	4
47	47	1
37	38	1
50	74	1
50	78	1
86	86	1
73	85	2
48	48	1
24	39	2
41	41	1
104	105	3
71	73	1
85	86	1
27	28	1
96	97	1
52	52	3
71	71	2
99	99	1
22	24	1
84	85	1
38	39	1
58	61	1
69	94	2
