182	183	2
116	138	2
143	150	2
184	185	1
5	6	3
175	190	3
24	25	1
6	7	3
154	154	3
174	184	1
172	172	2
134	152	2
165	167	2
179	179	5
193	193	3
135	141	1
148	148	3
97	115	3
174	174	3
25	45	2
81	82	1
137	158	1
49	49	1
51	51	3
48	48	5
159	159	1
97	140	2
106	106	2
5	8	1
168	168	3
143	143	2
144	149	1
73	73	2
62	62	2
59	59	2
158	158	1
116	117	1
18	18	2
141	142	1
48	49	1
135	135	2
13	13	4
111	111	1
147	148	3
56	72	3
185	186	1
161	161	4
156	160	2
35	41	2
170	170	3
1	2	2
112	112	2
59	60	1
73	74	2
0	0	1
9	29	1
104	104	3
74	74	5
81	81	1
17	17	2
44	44	1
130	130	3
106	116	2
21	21	2
145	146	3
50	75	2
41	42	1
122	123	1
28	63	1
46	46	2
95	95	3
181	182	3
47	47	3
99	99	1
115	115	6
166	166	3
21	23	1
115	116	1
12	12	1
105	121	1
28	82	2
27	59	1
39	39	3
88	88	1
33	37	1
0	4	1
152	152	4
177	178	4
4	39	1
119	157	1
127	155	2
134	134	2
187	187	2
132	132	5
48	113	1
27	28	1
149	149	1
186	187	1
183	184	2
98	115	1
139	139	3
120	120	1
5	38	1
34	35	4
4	4	1
108	108	2
178	178	3
167	174	1
60	60	2
53	53	4
96	97	3
149	150	1
122	122	1
8	62	1
23	23	3
99	100	1
57	57	1
9	61	1
76	77	2
186	186	1
132	133	2
58	58	5
119	119	2
100	100	5
94	95	2
157	157	2
82	82	2
35	35	3
173	174	5
136	141	1
155	155	2
170	173	1
64	64	2
175	175	3
77	113	1
28	28	2
84	84	2
5	5	2
40	40	4
54	55	1
30	30	1
144	144	2
1	1	1
30	32	2
57	58	1
10	10	2
43	44	2
176	176	3
142	142	1
192	192	1
181	181	5
165	166	1
52	52	1
38	39	1
32	196	1
134	135	2
148	151	1
45	111	1
20	21	1
192	194	1
29	82	1
137	138	1
165	165	2
188	188	1
42	43	1
191	191	1
159	160	1
135	137	1
180	181	2
194	194	2
150	151	1
183	183	2
78	79	1
45	185	1
15	15	2
129	155	1
90	115	1
16	17	2
178	182	1
106	107	1
24	24	3
116	140	1
94	94	1
45	144	2
119	120	1
151	164	1
37	37	2
105	123	1
12	64	1
127	127	1
93	109	1
9	10	1
55	73	1
126	126	1
125	125	2
48	141	1
15	16	1
194	195	1
83	83	1
21	22	1
137	137	1
55	55	2
103	106	1
180	180	1
113	113	1
25	65	1
174	176	1
30	31	1
79	79	2
95	136	1
177	194	1
161	162	2
130	133	1
90	90	1
102	102	1
195	195	2
127	156	1
66	66	2
29	29	3
136	137	2
40	190	2
88	89	1
158	159	1
93	148	2
103	103	1
190	190	3
42	42	1
27	27	1
105	107	1
141	159	1
7	7	3
110	110	1
16	23	1
79	85	1
125	126	1
78	78	1
72	72	1
146	146	1
8	22	1
168	170	1
4	37	1
24	63	1
33	80	1
41	41	1
52	54	2
12	13	1
54	54	1
38	38	1
125	127	1
160	160	1
95	150	1
25	25	2
133	133	1
49	122	1
124	156	1
50	50	1
138	138	1
2	3	1
118	119	1
143	144	1
86	86	1
129	129	1
137	139	1
176	177	1
151	151	1
150	150	1
89	89	1
