48	48	4
33	33	3
70	70	5
42	42	1
102	102	4
85	85	1
62	62	4
64	64	1
106	106	1
95	96	2
66	66	2
43	43	1
49	70	1
82	82	3
72	72	3
56	57	2
37	37	6
88	88	7
50	50	2
65	65	4
84	84	3
88	89	2
46	79	2
60	62	1
31	31	1
31	60	1
65	82	1
54	55	2
39	39	4
26	26	1
29	29	5
41	55	1
21	22	1
87	99	4
91	91	2
76	76	1
76	77	1
35	36	1
69	69	3
75	75	2
61	62	1
61	82	2
72	74	1
41	41	5
55	55	4
46	47	1
53	53	1
23	55	2
71	71	3
23	59	1
83	83	1
60	60	1
61	61	2
25	26	1
80	82	1
50	52	2
41	43	2
92	92	2
35	35	2
87	87	1
98	98	1
54	60	3
100	100	2
93	93	1
32	32	1
47	48	1
40	40	3
21	75	2
20	28	2
83	84	2
81	81	1
43	44	2
82	83	2
55	64	1
38	39	2
38	38	5
32	33	2
26	27	1
42	43	1
100	103	1
49	49	2
37	39	1
50	51	3
80	80	4
86	86	2
66	67	1
104	106	2
99	99	2
83	87	1
67	67	3
78	78	1
51	91	1
21	21	1
49	50	1
58	78	1
57	58	1
28	28	1
63	76	1
31	33	2
22	31	1
45	68	1
25	27	2
101	102	1
30	30	3
25	25	2
24	50	1
23	31	1
27	81	2
22	23	1
22	27	1
77	77	1
103	105	1
26	31	1
43	60	1
104	104	1
36	36	1
46	48	2
26	32	1
84	94	2
24	25	1
79	79	3
63	63	3
90	98	2
77	78	1
90	91	1
19	42	1
34	63	1
94	94	2
26	28	1
27	27	2
45	45	1
90	93	1
39	45	1
45	60	1
89	91	1
57	57	1
52	52	1
68	68	1
51	51	1
58	58	1
73	74	1
89	89	1
29	35	1
26	29	1
20	44	1
