60	60	3
83	83	1
75	75	2
13	13	2
72	74	2
31	84	1
16	17	4
61	61	3
73	79	1
57	57	1
75	88	2
21	22	3
7	12	1
81	82	2
56	56	3
48	58	2
33	33	1
53	85	1
30	30	4
54	54	1
77	78	1
29	89	1
23	28	1
78	78	2
31	70	1
3	25	3
9	10	2
21	21	1
61	65	1
4	11	2
87	87	1
47	47	2
3	3	1
34	83	1
64	64	1
5	6	2
17	17	1
50	55	1
20	21	1
23	23	1
67	67	1
53	53	1
52	55	1
65	66	2
7	7	1
63	83	1
30	46	2
14	14	2
71	73	1
20	61	1
65	65	2
2	2	1
71	83	1
6	6	2
52	70	2
72	73	1
58	63	2
10	10	1
13	75	1
23	24	1
58	58	2
1	1	3
79	79	2
61	63	1
85	85	2
3	4	1
5	28	1
82	82	1
13	66	1
72	72	2
27	31	1
25	25	1
53	54	1
18	18	1
51	55	2
62	63	2
5	5	1
82	83	1
10	22	1
62	62	1
5	8	1
10	66	1
68	69	1
4	4	1
48	48	1
24	24	1
27	27	1
26	26	1
23	27	1
63	64	1
10	27	1
29	29	1
77	77	1
69	69	1
80	80	1
