80	80	3
100	100	4
97	97	6
23	24	1
28	33	2
101	101	8
20	22	3
84	84	4
49	49	4
62	84	4
56	56	5
80	82	4
58	74	4
99	99	4
79	86	3
46	80	2
81	81	11
80	81	9
70	70	9
38	38	7
69	85	3
88	88	18
84	86	1
62	62	14
64	64	8
33	33	8
62	85	6
25	47	6
71	73	5
68	71	6
86	87	2
86	86	10
76	76	12
81	82	4
63	63	9
55	55	8
79	79	6
42	43	3
23	49	2
78	89	2
90	90	10
61	66	3
75	91	2
24	27	5
33	34	2
48	58	1
72	72	17
44	66	2
89	94	3
34	34	6
31	40	4
39	39	3
65	65	6
95	97	5
48	49	10
40	40	7
85	85	8
67	67	13
96	97	2
99	100	12
98	98	6
63	75	2
36	37	4
89	89	4
67	68	1
32	32	3
43	97	2
35	35	3
87	98	2
61	61	5
25	28	2
25	38	3
34	37	3
27	27	8
42	42	8
74	77	6
66	69	6
44	45	3
46	83	2
63	64	1
76	78	4
38	39	4
27	28	5
23	26	3
25	25	6
79	80	4
24	48	9
58	58	4
46	46	2
44	44	4
91	92	4
73	73	5
49	53	4
74	74	12
60	61	4
31	32	2
94	94	1
81	95	4
39	40	5
79	98	3
96	96	8
63	70	5
71	71	7
36	42	1
66	73	2
85	86	3
50	50	4
28	28	6
51	52	3
53	98	2
77	77	2
54	55	1
93	93	7
57	57	3
90	91	2
84	87	3
41	48	2
60	68	4
37	37	4
46	82	2
31	34	2
87	87	4
65	67	1
66	67	2
47	48	2
75	75	4
45	45	2
96	100	1
74	100	4
29	29	2
45	96	2
75	83	1
79	93	1
93	94	3
69	70	3
92	94	1
41	47	4
66	72	2
92	92	3
86	88	2
47	82	1
83	83	2
69	69	6
78	78	4
59	59	6
92	93	1
20	20	4
78	85	2
39	44	1
31	31	1
47	58	2
22	47	3
68	69	1
64	74	1
55	84	1
90	93	2
66	66	1
28	29	2
89	90	1
62	63	2
63	69	2
22	82	1
86	89	2
74	75	3
75	92	1
68	68	1
34	42	1
70	73	1
22	39	1
48	74	1
54	72	1
95	95	1
22	53	1
53	53	1
91	91	1
96	98	1
