101	101	2
40	92	1
82	82	1
49	112	1
87	89	1
44	52	1
95	96	1
47	47	1
22	89	1
111	111	3
89	109	2
84	84	2
60	75	1
89	110	1
59	113	1
70	70	2
104	104	2
77	79	1
63	74	1
58	58	2
44	45	3
85	86	3
68	70	1
54	54	3
80	80	2
83	83	4
93	93	1
73	77	1
50	51	1
106	107	1
39	41	1
90	90	4
102	102	1
62	64	3
39	39	2
32	33	2
22	24	1
99	111	1
54	55	3
110	110	1
60	96	2
76	77	2
25	25	1
111	112	4
83	85	1
61	62	2
75	76	3
38	38	3
111	113	3
25	41	1
92	93	1
50	50	2
25	43	1
49	49	1
81	87	1
39	40	2
40	40	2
61	61	2
19	19	1
74	75	1
59	59	2
98	100	2
84	87	1
72	84	1
103	108	3
109	109	1
73	74	1
30	30	4
105	106	2
87	88	1
31	43	1
72	75	1
74	80	1
63	63	5
28	31	1
103	103	1
35	43	1
63	70	1
27	27	1
72	72	2
75	102	1
55	55	2
75	101	2
74	74	2
77	77	2
58	89	1
39	42	1
82	84	1
60	60	1
37	38	2
91	108	1
42	45	1
97	98	1
68	68	3
109	110	3
85	85	1
34	34	2
67	67	1
105	105	1
69	69	2
56	60	1
64	64	1
114	114	1
101	103	1
63	80	1
108	108	2
89	90	1
101	102	1
71	72	2
78	78	1
40	41	1
70	71	1
59	85	2
33	33	2
88	107	1
34	39	1
43	43	1
40	93	1
26	27	1
90	91	1
61	74	1
45	50	1
67	69	1
68	69	1
56	57	1
24	24	1
72	73	1
75	75	1
93	94	1
89	89	1
91	92	1
78	79	1
87	87	1
88	110	1
42	44	1
59	60	1
