57	67	2
47	78	1
36	36	1
64	64	1
6	6	3
20	20	1
39	39	2
33	33	1
7	7	2
35	36	1
38	39	3
1	8	2
67	70	1
67	67	1
79	79	1
73	74	2
47	47	1
80	80	2
1	1	2
51	51	2
61	61	1
28	29	2
11	11	3
21	50	2
70	70	1
32	33	1
69	70	1
63	63	1
60	61	1
28	28	3
67	68	2
41	41	2
0	0	1
30	33	2
57	57	3
55	56	2
60	60	1
66	66	1
4	72	1
35	35	3
31	31	1
9	13	2
27	42	1
17	20	1
59	59	1
29	31	1
78	78	1
50	57	2
34	35	1
49	49	1
26	26	2
5	5	2
49	59	1
59	60	1
56	57	1
49	50	1
4	4	1
38	38	1
65	65	1
70	71	1
64	71	1
30	31	1
74	74	1
54	54	1
62	62	1
48	48	1
