51	51	1
60	60	2
63	100	2
66	72	3
43	44	4
104	104	6
20	20	4
35	35	3
46	46	1
51	70	1
20	30	2
33	33	2
97	97	6
44	44	2
47	47	2
101	102	1
73	73	3
55	55	1
52	71	2
93	94	2
21	23	3
69	76	1
61	62	1
54	54	3
57	57	1
51	76	1
94	94	4
32	33	2
65	66	1
86	86	3
68	68	3
74	74	1
38	40	1
100	100	2
32	32	4
21	21	2
52	52	1
103	103	1
22	22	2
42	42	1
58	58	2
50	67	1
105	105	3
96	96	2
27	30	1
71	72	3
90	99	1
89	89	3
53	53	1
92	92	2
34	34	2
61	61	2
33	100	1
101	101	2
24	24	1
71	71	2
29	31	1
36	37	1
101	103	1
73	76	1
63	63	3
37	45	1
47	48	1
98	98	1
82	83	1
25	26	1
99	99	1
99	100	1
56	56	1
32	76	1
56	57	1
37	38	1
22	31	1
84	84	1
87	88	1
81	81	1
72	72	1
64	64	4
77	77	2
87	87	2
97	98	1
83	84	1
104	105	2
49	49	1
106	106	1
61	64	1
36	36	1
38	38	1
102	102	1
95	96	2
45	45	1
61	90	1
70	71	1
78	99	1
41	42	1
91	91	2
28	32	1
28	47	2
33	34	1
48	48	1
98	99	1
29	29	1
44	45	1
35	37	1
