73	77	2
35	43	1
25	25	1
42	50	1
38	43	1
77	77	3
71	72	1
5	50	1
30	30	2
3	3	2
23	49	3
61	62	4
11	11	1
23	23	2
50	51	2
59	68	1
46	52	1
10	13	1
70	71	1
65	65	2
6	7	3
30	31	4
0	1	1
33	40	1
74	74	2
62	65	1
40	41	3
29	29	2
36	36	3
34	34	2
49	49	4
51	51	1
54	55	3
5	40	1
10	10	3
43	43	2
36	38	1
70	73	1
1	2	2
13	21	1
21	25	2
22	22	2
48	48	1
7	8	1
39	41	2
52	65	2
31	31	2
63	63	2
24	25	1
44	45	1
7	7	2
48	58	1
73	74	1
69	72	1
67	70	1
61	61	2
2	2	1
59	59	1
58	58	3
61	69	1
7	11	1
65	66	4
29	35	2
21	38	1
4	6	2
44	48	2
56	61	1
28	68	1
5	10	1
5	11	1
62	62	2
19	19	1
54	54	3
45	47	1
13	14	2
30	59	1
42	43	1
34	43	1
67	71	1
25	27	1
5	6	1
51	65	1
29	44	1
68	69	1
44	44	1
31	72	1
66	66	1
29	30	2
36	49	1
60	63	1
40	40	1
37	39	1
9	11	1
52	52	1
50	50	1
2	9	1
29	31	1
73	73	1
32	32	1
35	37	1
