32	65	1
65	78	1
79	79	7
61	64	1
69	69	8
65	65	1
52	52	1
52	53	1
87	87	3
23	23	1
9	9	2
68	68	5
30	30	4
13	13	3
34	34	1
47	47	4
81	81	3
14	14	3
16	17	1
76	76	4
78	79	1
5	5	7
66	66	3
19	23	1
59	60	1
55	55	1
62	62	2
10	10	2
9	10	1
56	56	3
51	53	1
59	61	1
64	64	2
53	54	2
20	23	1
86	86	1
54	55	2
76	83	2
72	74	2
11	12	2
85	85	2
60	60	3
51	51	4
17	17	1
63	80	2
10	29	1
17	32	1
82	82	5
26	55	1
48	49	5
0	67	1
53	61	1
27	27	2
63	64	2
80	80	1
62	67	1
60	76	2
22	23	2
18	19	2
84	84	3
54	54	5
85	86	1
26	26	1
20	20	3
51	52	1
59	59	1
49	49	1
50	50	1
71	71	3
20	54	2
8	11	1
6	6	1
63	66	1
25	26	1
12	12	1
7	7	1
72	72	1
34	46	1
17	18	1
56	67	1
82	83	1
63	83	1
11	11	1
78	80	1
49	50	1
2	2	1
5	60	1
58	58	1
74	74	1
89	89	1
57	57	1
79	80	1
83	83	1
66	71	1
7	9	1
16	16	1
12	13	1
53	53	1
1	81	1
