68	71	4
128	129	11
103	103	7
70	70	4
79	79	14
13	13	15
8	9	5
38	52	6
35	35	6
71	154	2
50	50	2
119	120	4
32	32	5
122	122	7
81	81	7
9	9	7
129	129	19
117	117	7
115	115	4
10	10	8
148	148	2
105	151	1
75	75	7
157	158	4
5	5	6
107	107	7
22	22	5
11	11	10
135	145	1
102	102	2
46	46	7
33	33	2
114	114	3
69	71	2
88	88	13
73	75	6
131	141	2
108	149	5
56	56	5
25	26	8
24	50	2
47	47	11
5	116	1
21	21	10
75	76	5
89	89	6
137	140	5
35	54	1
28	30	3
121	121	3
119	119	5
132	132	5
138	138	4
31	31	8
73	82	2
151	151	12
156	156	11
93	94	9
39	39	5
133	133	3
68	69	7
14	14	6
136	136	2
78	122	3
4	4	4
13	24	6
110	110	6
53	53	7
45	45	3
30	30	4
72	72	8
1	1	8
8	8	7
8	117	2
28	28	13
69	155	6
73	81	5
83	83	5
82	82	14
130	130	8
132	135	3
67	67	4
77	121	2
24	24	12
9	28	5
73	73	7
112	112	4
116	116	3
26	26	5
34	35	2
38	38	1
27	27	3
90	90	6
107	133	4
79	81	5
91	91	7
7	8	4
29	31	2
136	144	1
102	103	2
131	153	2
46	47	2
83	84	3
64	64	4
90	124	2
52	52	3
10	11	3
134	134	3
48	50	2
141	141	6
21	23	5
42	49	2
7	7	13
43	45	5
87	130	2
132	147	4
153	154	6
43	43	4
6	111	2
77	77	13
144	152	4
71	85	2
146	146	6
36	36	2
80	80	6
40	40	4
71	153	1
12	12	6
18	19	8
71	71	9
86	154	3
32	42	2
72	84	4
144	144	1
34	54	3
97	97	2
15	15	1
32	33	3
12	13	1
36	37	4
104	104	11
109	110	2
55	55	2
90	91	1
77	78	4
25	55	4
71	86	1
29	29	3
107	108	3
29	38	1
43	46	7
65	107	1
135	135	9
127	127	6
80	81	2
157	157	6
139	139	6
25	25	4
113	150	2
78	78	1
131	136	2
96	97	2
38	53	1
80	120	1
139	157	2
65	66	1
115	120	2
91	101	6
147	148	3
145	145	2
51	51	1
123	124	2
57	62	1
86	86	4
98	98	1
124	126	5
16	16	6
88	89	3
158	158	1
91	92	1
9	25	2
144	150	3
90	101	1
155	157	2
15	48	1
19	20	5
20	20	4
78	124	2
24	49	3
149	149	4
100	101	1
63	64	3
136	142	1
144	145	1
32	38	4
82	84	1
87	88	2
63	63	1
99	99	2
83	85	2
23	23	9
41	49	1
154	154	2
91	93	1
14	23	2
128	128	1
84	84	3
37	37	5
155	155	3
67	68	4
152	153	1
9	26	8
44	44	3
146	149	1
149	150	1
65	65	5
78	123	4
137	138	2
125	126	2
35	55	2
101	101	3
87	89	1
140	151	3
92	101	1
4	116	1
147	147	1
120	122	1
137	137	3
35	37	1
1	2	1
95	95	4
96	96	1
0	0	2
3	119	7
0	2	1
73	122	1
138	139	1
68	68	2
70	151	1
150	150	3
4	5	1
0	1	1
24	25	2
42	42	1
38	44	1
9	24	2
76	78	1
69	72	1
0	75	2
69	152	1
111	112	2
51	52	2
92	93	1
147	150	1
95	96	2
27	36	2
85	85	1
19	19	1
16	17	1
39	40	1
122	124	4
43	47	3
78	79	2
131	131	2
41	41	2
92	97	1
42	52	1
126	126	1
82	83	1
27	28	1
26	27	2
12	110	3
152	152	2
140	140	2
35	36	2
47	48	1
8	110	1
92	92	2
93	93	1
69	130	2
17	17	4
62	62	2
98	99	2
84	85	1
55	56	1
71	144	1
18	18	1
100	100	1
11	110	1
49	49	1
146	147	1
6	6	2
122	123	1
124	128	1
40	49	1
