62	63	4
20	20	1
61	62	1
70	70	3
59	60	1
60	60	1
64	64	1
58	58	5
25	25	4
2	2	3
21	21	2
4	5	2
46	46	2
48	48	5
59	59	3
28	69	1
69	69	1
5	6	2
49	50	2
3	3	1
61	63	1
31	50	2
59	62	1
29	29	1
6	6	4
10	20	1
20	56	1
54	54	1
32	32	2
28	28	1
31	31	1
76	76	3
14	68	1
33	33	1
72	72	3
22	22	4
68	68	1
49	71	1
63	63	2
38	38	1
63	64	2
62	62	1
60	67	1
22	56	2
8	8	2
6	7	1
46	47	1
47	47	1
13	13	1
44	44	1
26	26	2
1	1	3
11	11	1
56	67	1
18	18	1
26	30	2
39	77	1
38	60	1
34	53	1
36	36	1
71	73	1
72	73	1
23	23	2
65	66	2
55	77	2
71	71	1
36	37	1
57	75	1
42	42	1
0	5	1
9	9	1
65	65	1
12	12	2
19	20	1
61	61	1
66	71	2
9	10	3
59	61	1
55	55	1
28	29	1
51	51	1
27	27	1
14	14	1
18	73	1
24	67	1
5	13	1
6	19	1
36	72	1
8	12	1
43	43	1
4	4	1
50	51	1
38	61	1
62	64	1
43	50	1
53	54	1
30	30	1
50	70	1
55	56	1
48	53	1
52	52	1
7	7	1
39	72	1
