79	79	1
43	78	1
68	68	5
71	71	2
38	38	3
44	45	1
57	59	1
24	25	4
53	91	1
73	73	3
89	89	7
75	75	3
39	39	2
40	40	5
91	91	2
64	66	1
77	77	3
89	90	1
82	82	1
67	68	4
42	42	3
62	62	4
96	97	3
97	97	3
30	49	3
76	76	1
25	50	2
61	61	2
83	85	2
74	79	1
78	78	2
69	70	3
72	73	1
83	83	1
57	57	7
26	43	1
72	72	1
32	33	2
83	84	2
92	92	4
85	85	4
62	69	1
37	69	1
59	90	1
65	72	1
95	99	1
23	27	1
46	52	1
33	44	2
33	34	1
75	79	1
53	56	1
44	44	3
71	80	2
56	57	2
51	51	4
80	81	3
45	45	1
22	23	1
68	74	1
59	59	5
34	35	1
34	34	1
54	55	1
87	87	3
49	49	2
43	43	1
49	66	2
28	47	1
48	57	3
24	46	1
47	48	1
71	72	2
71	73	2
58	58	5
50	55	1
75	78	1
61	77	2
70	70	4
86	86	9
50	50	3
33	33	1
40	92	1
76	77	4
57	72	1
54	54	3
86	87	5
64	64	3
62	71	3
28	28	3
66	66	3
84	86	1
85	86	2
60	60	4
79	80	2
88	88	6
48	48	3
101	101	2
26	26	1
64	65	2
53	54	1
96	96	4
100	100	4
22	22	1
96	99	1
63	64	3
27	27	2
25	51	3
27	97	2
88	91	2
102	102	2
99	99	1
81	81	2
81	88	3
55	80	1
26	50	1
69	69	2
58	60	2
69	71	1
31	34	1
24	26	2
34	39	1
36	37	2
72	75	2
46	46	1
66	75	1
62	77	1
30	39	1
90	90	1
63	63	1
94	94	2
74	74	1
23	65	1
88	89	1
25	26	1
49	81	1
84	87	1
52	53	2
78	79	1
25	27	1
68	69	1
101	102	1
80	80	1
65	66	1
29	29	3
64	77	1
24	47	1
45	48	1
50	52	1
47	47	2
95	95	1
53	55	1
67	67	1
62	65	1
71	79	1
37	37	1
56	56	2
92	99	1
74	75	2
60	61	1
35	35	2
36	36	1
22	56	1
81	82	1
49	51	1
26	37	1
63	77	1
65	67	1
31	31	1
48	50	1
62	68	1
27	37	1
76	80	1
94	95	1
49	50	1
93	94	1
100	101	1
53	53	1
88	92	1
