64	64	2
69	69	1
122	145	1
63	63	2
16	16	1
40	40	2
73	74	1
77	86	2
12	13	2
33	33	2
78	78	1
100	100	2
117	117	1
83	84	1
28	28	4
1	152	1
39	40	1
96	96	1
46	84	1
109	109	1
158	158	2
153	154	1
110	110	3
147	147	3
19	19	3
20	30	1
122	122	2
80	86	1
4	4	1
103	103	2
125	126	2
29	29	2
53	65	2
100	102	1
116	116	1
92	92	5
55	57	1
24	24	1
48	48	1
31	35	1
66	66	4
27	27	3
73	131	4
38	39	3
30	32	3
89	89	3
75	75	1
155	155	1
88	89	3
101	101	2
68	142	1
12	14	3
31	33	1
130	131	3
23	23	1
137	138	4
118	119	1
88	145	1
1	20	2
129	129	3
108	111	1
44	44	1
26	30	1
120	121	4
32	32	1
47	49	1
3	3	7
121	121	4
51	52	1
21	82	1
52	54	2
94	112	2
90	90	2
123	124	3
31	131	2
104	104	2
123	123	3
94	99	1
21	22	2
124	124	3
121	122	2
157	158	1
153	153	2
137	137	1
4	41	1
126	127	1
1	36	1
95	97	1
20	33	1
144	144	1
77	77	4
91	135	1
43	46	2
90	91	2
136	136	2
117	119	1
15	16	2
157	157	3
121	136	1
46	46	1
104	105	1
14	15	1
18	142	1
26	26	1
25	25	2
99	100	2
102	103	2
139	139	1
53	53	3
111	111	2
114	136	4
82	86	1
142	143	1
20	21	1
14	31	3
41	41	2
122	123	1
126	126	1
44	119	1
95	95	3
70	73	1
85	85	2
73	73	1
152	157	1
91	91	1
145	145	1
42	42	1
8	10	1
102	121	1
90	146	1
6	6	1
5	12	1
119	119	1
94	94	2
42	43	1
26	28	2
127	127	2
51	51	1
125	125	1
152	154	1
35	35	1
83	83	1
31	31	1
55	55	2
75	76	2
108	115	1
138	151	1
98	100	1
68	71	1
103	110	1
128	128	2
98	149	1
68	68	2
37	37	1
49	49	1
18	28	2
19	23	1
63	64	1
77	78	1
115	115	1
94	95	1
114	114	2
27	102	1
9	10	1
87	87	1
2	2	3
108	108	1
72	72	1
11	47	1
93	93	2
43	45	1
19	93	1
113	114	1
77	99	1
52	52	1
86	86	1
87	89	1
18	18	2
29	78	1
84	84	2
81	81	1
10	12	1
9	11	2
88	88	1
18	51	1
12	12	1
147	148	1
132	133	1
143	146	1
102	102	1
33	88	2
120	129	1
81	86	1
1	1	1
11	11	1
44	64	1
95	103	2
100	133	1
106	106	1
19	24	1
45	45	1
97	98	2
82	85	1
117	121	1
8	8	1
71	111	1
80	80	1
135	135	1
93	94	1
46	47	1
102	104	1
7	8	1
1	4	1
