177	177	3
133	133	2
138	138	5
96	111	3
108	109	3
117	154	1
134	134	2
71	71	1
8	8	5
46	46	4
112	112	2
108	108	3
159	159	3
24	52	2
24	24	2
170	181	3
163	164	1
100	100	2
33	37	1
76	85	1
41	41	2
31	31	1
40	41	4
74	119	1
174	175	2
142	142	2
36	36	3
179	179	1
186	187	2
23	23	4
78	78	4
5	8	2
35	35	1
129	133	1
138	159	1
141	141	2
77	78	1
125	146	2
143	144	3
40	43	1
96	97	1
120	120	5
19	194	1
55	100	1
94	123	1
189	189	2
142	154	1
49	57	3
58	58	3
49	49	2
144	159	1
161	162	2
73	73	2
133	158	2
38	38	4
9	10	1
54	55	1
171	181	1
18	18	3
106	106	1
170	171	1
34	34	1
76	83	1
74	74	1
111	114	1
52	52	4
113	113	5
12	46	1
116	120	2
190	191	2
62	62	2
150	159	1
183	183	2
125	177	2
38	40	2
4	191	1
29	30	2
83	83	2
180	180	1
5	6	1
168	168	2
51	52	2
119	119	3
87	87	2
113	140	2
60	61	2
45	45	2
175	175	1
60	60	2
103	134	1
1	27	1
181	181	4
33	33	3
172	180	1
120	121	1
153	154	1
86	87	1
25	26	2
0	55	1
155	155	1
169	169	1
104	104	1
113	139	1
25	25	3
37	39	1
184	185	1
173	173	4
4	27	1
59	59	2
53	54	1
72	72	2
28	29	3
34	36	2
57	57	2
35	36	3
142	153	1
47	47	3
192	196	2
22	68	1
101	124	1
114	135	1
39	69	1
128	128	1
3	3	2
80	81	1
125	126	2
97	132	1
191	192	1
177	178	1
47	53	2
89	137	2
21	44	1
134	135	1
24	27	1
55	56	1
105	109	1
182	182	3
93	94	1
151	157	1
164	165	1
98	98	1
40	47	1
10	18	1
24	25	2
168	169	1
120	184	1
185	191	1
109	112	1
168	177	1
4	5	1
145	149	2
82	82	1
148	148	3
6	7	2
107	107	5
31	63	1
176	177	2
94	121	1
157	158	2
66	67	1
25	57	1
186	186	1
66	66	1
62	63	1
6	46	1
8	46	1
42	43	1
127	127	1
76	76	1
3	8	2
149	159	1
117	118	1
14	14	2
165	167	1
54	123	1
77	79	2
101	147	1
38	46	1
42	42	3
26	56	1
10	15	1
94	94	1
10	20	1
173	174	1
129	132	1
135	136	1
49	61	1
144	144	1
40	40	2
45	46	1
132	133	2
67	67	1
13	15	1
167	167	1
173	191	2
5	5	2
99	133	1
68	68	2
12	12	1
188	188	3
27	47	1
95	95	1
174	190	1
131	167	1
101	102	1
130	130	1
74	86	1
136	136	2
194	194	2
173	196	1
16	16	1
145	185	1
163	163	2
191	194	1
15	15	2
110	110	1
31	99	1
139	140	1
53	66	1
76	84	1
156	156	2
176	191	1
53	53	2
80	82	2
113	114	1
143	153	1
172	187	1
154	154	1
17	18	2
78	138	1
114	115	1
20	27	1
185	185	1
115	120	2
139	139	2
84	84	1
70	70	1
103	103	1
1	28	2
122	122	2
107	154	1
181	184	1
110	112	2
144	185	1
115	117	1
196	196	1
100	128	2
161	165	1
66	80	1
22	25	1
115	115	1
137	138	1
151	152	1
109	109	1
132	162	1
79	81	1
13	13	1
1	2	1
123	123	1
26	26	1
46	47	1
30	30	1
137	137	1
64	118	1
61	62	1
2	187	1
14	34	1
81	84	1
164	167	1
193	193	1
121	121	1
114	116	1
10	10	1
149	149	1
64	64	2
153	155	1
67	81	1
43	43	1
30	31	1
125	141	1
170	172	1
89	89	1
0	9	1
55	59	1
140	160	1
77	178	1
87	111	2
187	187	1
76	108	1
51	58	1
138	139	1
119	133	1
83	88	1
54	54	1
15	16	1
49	50	1
7	7	1
129	130	1
68	76	1
161	180	1
193	194	1
2	2	1
85	168	1
53	184	1
16	39	1
185	186	1
29	29	1
81	82	1
61	122	1
68	84	1
143	143	1
123	124	1
143	145	1
76	77	1
94	150	1
178	178	2
157	157	1
31	158	1
187	189	1
23	195	1
22	61	1
129	146	1
99	112	1
71	73	1
102	102	1
31	100	1
58	59	1
143	152	1
