137	137	11
43	63	1
114	115	3
105	106	6
62	62	3
77	77	3
133	140	1
92	111	1
93	93	11
114	114	6
70	71	1
162	165	1
138	138	5
135	136	2
165	166	5
59	87	1
154	154	4
161	164	1
146	146	3
72	134	3
70	98	1
15	15	8
35	35	10
130	130	8
0	154	3
41	41	4
34	35	2
105	107	2
61	61	7
103	105	3
162	162	4
92	92	6
121	122	3
62	63	3
180	180	4
147	147	2
111	119	2
121	123	3
27	27	8
132	132	8
151	172	2
124	124	5
55	68	1
112	112	10
91	92	2
113	145	1
13	39	2
102	103	2
171	171	6
119	173	2
25	25	3
42	43	2
141	152	1
140	146	1
52	52	3
59	61	3
117	117	1
8	12	3
14	21	1
111	111	5
136	136	5
91	91	3
168	168	7
54	65	2
65	66	3
10	12	1
121	121	2
138	148	1
9	35	1
176	176	11
26	26	6
71	80	1
111	125	1
112	119	1
40	53	1
108	126	1
83	110	1
87	87	1
102	102	6
60	60	6
18	19	1
160	160	4
38	38	3
134	135	5
158	162	1
148	148	7
16	16	5
6	10	1
149	149	6
36	36	10
113	113	7
135	135	2
156	156	6
154	169	1
142	143	3
155	155	2
115	122	1
3	13	1
158	158	7
140	140	4
74	128	2
42	56	1
22	22	2
23	54	1
75	76	2
157	158	2
22	32	1
102	129	1
148	149	3
88	89	4
107	141	1
20	30	1
58	63	4
108	172	1
56	57	2
71	91	1
32	32	8
33	33	5
82	106	1
73	170	1
53	54	3
174	174	6
40	40	3
85	85	8
116	119	1
11	11	8
126	132	1
165	165	4
9	10	5
62	100	2
164	168	1
87	114	2
134	134	8
9	45	2
179	180	1
137	138	1
132	135	1
163	164	2
11	59	1
76	76	6
10	10	6
169	169	6
133	133	4
80	87	1
110	110	6
39	43	1
103	112	1
166	166	7
117	124	1
21	22	3
134	179	2
9	9	5
36	38	2
126	126	5
80	80	9
143	145	2
170	171	2
107	108	1
72	72	8
28	28	2
37	37	3
74	75	4
29	30	2
59	63	2
9	30	1
129	129	10
129	130	3
105	105	3
89	151	1
60	123	1
10	14	2
139	139	5
5	44	2
95	96	2
155	158	1
78	79	2
39	40	3
37	42	1
92	108	1
170	173	1
150	155	1
3	4	5
156	170	1
125	126	2
59	97	2
168	169	1
79	110	1
13	18	1
99	99	5
94	94	8
8	37	1
158	159	3
114	145	1
86	169	1
109	131	2
37	39	3
145	145	7
152	152	4
3	10	2
154	176	3
43	53	1
167	168	4
39	39	2
73	123	1
157	167	1
73	76	1
55	65	2
116	116	6
137	167	3
151	169	1
146	150	1
132	136	1
96	98	2
93	116	1
153	176	2
97	97	1
2	3	3
13	14	3
118	119	2
179	179	7
27	30	1
65	149	3
141	141	8
89	89	4
42	55	2
5	6	1
75	75	3
106	122	3
130	131	1
29	29	3
156	162	1
99	140	1
63	66	1
113	140	1
178	179	1
133	134	2
56	169	1
61	64	1
154	156	2
0	0	2
137	139	2
62	77	1
18	86	2
67	107	2
110	111	1
143	158	1
115	119	2
49	49	1
104	105	1
7	9	1
10	32	1
87	169	2
141	146	1
20	44	2
94	95	2
157	157	4
39	41	1
98	144	1
145	153	1
30	30	3
124	126	1
161	162	2
101	115	1
85	86	2
109	126	1
30	122	1
94	102	1
108	115	1
16	43	2
13	13	5
50	52	1
132	149	2
119	120	4
115	116	3
6	6	3
55	122	2
107	107	2
103	103	2
120	120	3
101	102	3
92	93	5
53	63	3
106	107	5
51	52	1
173	173	8
113	129	1
96	96	2
145	146	4
24	94	1
136	160	1
7	7	2
87	106	1
112	115	1
93	114	1
98	98	4
84	84	1
15	16	1
78	95	2
90	165	1
159	159	4
17	17	1
30	44	1
132	170	1
118	141	5
60	61	1
24	53	2
18	20	2
61	83	1
141	145	3
65	65	3
139	140	2
118	118	12
126	157	1
79	79	5
35	59	1
43	43	5
14	14	3
8	8	6
22	86	1
59	60	2
32	43	3
115	128	1
33	34	1
8	45	1
99	128	1
99	100	1
120	124	2
71	138	1
43	45	3
1	1	3
82	107	2
109	109	4
51	51	5
79	87	2
10	18	2
66	67	2
79	116	1
142	145	2
146	162	1
57	60	1
130	169	1
87	88	2
10	20	2
138	139	1
56	56	3
119	133	1
95	105	1
98	152	1
122	122	4
12	12	2
72	78	1
116	164	1
80	85	1
72	88	1
170	175	1
166	168	1
140	154	1
50	50	3
18	18	3
17	30	1
127	127	1
167	167	4
73	73	8
153	153	6
75	109	2
131	131	3
42	66	1
128	129	2
144	144	3
67	67	2
56	59	1
54	61	1
115	115	5
1	2	2
107	111	1
85	145	3
101	159	1
85	146	1
86	103	1
135	149	1
133	158	4
106	106	3
68	80	1
140	148	1
93	94	5
142	144	1
42	42	3
175	176	2
95	164	1
112	141	2
114	116	1
73	74	2
90	91	1
19	19	3
147	167	1
51	62	1
34	34	5
162	175	1
17	18	2
129	155	1
76	124	1
68	91	2
56	63	2
45	45	1
170	170	3
44	45	3
7	8	1
20	20	1
32	33	4
60	84	1
131	132	1
126	158	1
105	112	1
52	54	1
78	110	1
112	142	2
90	149	1
101	129	1
176	180	1
80	81	2
103	106	2
151	152	1
42	49	1
128	128	2
112	120	1
89	130	1
54	54	3
130	146	2
65	157	1
15	23	1
11	12	2
34	36	2
15	22	2
19	20	2
71	72	1
123	123	3
104	104	2
135	163	1
102	105	1
125	125	1
121	144	1
43	50	2
86	86	2
157	162	1
56	96	1
6	25	2
119	119	1
101	103	2
53	55	1
108	108	2
148	179	1
38	42	1
153	159	2
27	31	1
178	178	3
34	37	1
50	51	2
53	71	1
113	115	1
88	88	1
93	102	1
154	175	1
0	16	1
55	66	2
100	128	1
55	56	1
28	29	2
108	109	2
163	166	1
23	24	2
143	144	1
133	135	2
10	11	1
161	163	2
71	90	1
138	162	1
169	170	1
115	123	1
132	140	1
134	165	1
26	28	1
101	101	1
77	131	1
126	138	1
74	74	2
77	130	1
141	169	1
115	143	1
160	163	1
162	166	2
64	65	3
81	141	1
99	102	1
41	83	1
57	57	2
96	154	1
0	116	1
16	21	2
82	104	1
59	59	4
86	106	2
100	100	4
64	64	3
43	68	1
5	5	1
60	153	1
115	144	1
94	97	1
89	90	1
163	170	1
156	157	2
50	68	3
114	144	1
70	97	1
161	161	3
37	156	1
171	177	1
133	139	1
160	161	3
152	170	1
57	65	1
4	4	4
7	31	1
94	98	1
128	143	3
21	21	1
8	35	1
83	106	1
124	128	1
125	141	1
22	105	1
59	100	1
107	126	1
150	150	2
83	89	1
31	31	2
53	53	1
155	156	1
2	2	1
127	143	1
114	134	2
18	29	1
76	78	2
66	66	2
142	159	1
164	164	3
31	34	1
175	178	1
23	23	3
120	148	1
169	173	1
142	157	1
60	66	1
89	93	1
154	155	2
171	172	2
104	106	1
143	146	1
0	1	1
131	165	1
36	39	1
149	179	1
62	66	1
99	103	1
102	131	1
146	147	1
86	87	2
111	112	2
70	171	1
163	165	1
43	165	1
15	32	1
135	139	1
3	3	1
79	176	1
40	41	2
83	156	1
78	80	2
82	124	1
6	18	1
45	55	1
55	67	1
113	114	2
172	175	1
138	154	1
19	23	1
64	71	2
166	170	2
57	58	1
150	167	1
21	40	1
58	58	1
44	180	2
72	107	1
54	114	1
137	149	1
83	83	2
17	43	1
123	129	2
150	152	1
146	153	1
24	27	1
177	178	1
80	116	1
77	132	1
123	125	1
6	32	1
151	162	1
147	170	1
145	150	1
116	118	1
111	146	1
59	153	1
132	133	2
72	92	1
71	71	1
59	71	1
160	168	2
14	17	1
54	55	3
98	142	1
105	126	1
141	148	1
100	101	1
71	123	1
55	57	1
113	143	1
27	29	1
102	104	1
158	160	1
130	132	1
96	119	1
59	85	1
121	125	1
81	81	1
142	155	2
77	96	1
147	148	1
11	32	1
84	118	1
29	31	1
62	64	1
163	163	1
126	131	1
35	36	2
23	26	1
76	140	1
124	125	1
83	85	1
122	123	1
109	119	1
146	148	1
78	78	1
14	15	1
49	67	1
73	108	1
129	156	2
63	63	2
112	113	1
167	171	1
142	142	1
73	169	1
53	56	1
92	149	1
96	133	1
98	100	1
22	29	1
30	31	1
41	178	1
166	167	1
117	127	1
49	57	1
65	96	1
16	22	1
164	167	1
72	125	1
159	160	1
79	97	1
92	94	1
81	133	1
96	97	1
123	126	1
146	167	1
177	177	1
6	7	1
68	90	1
107	109	1
62	157	1
107	125	1
37	55	1
117	118	1
55	55	1
32	44	1
12	59	1
127	145	1
24	82	1
12	13	1
153	174	1
111	113	1
155	160	1
