9	9	2
0	0	4
4	4	3
59	59	2
46	46	1
10	11	3
12	13	2
9	22	1
10	10	1
30	30	2
23	24	2
8	9	1
2	2	3
31	31	1
11	11	2
30	36	2
13	19	1
36	43	1
15	20	1
16	16	3
53	53	4
45	45	2
0	1	2
43	45	1
15	15	2
13	13	3
30	62	2
52	52	2
20	25	1
38	58	1
18	22	3
12	14	3
13	20	2
54	58	1
50	52	1
40	40	2
22	52	1
38	38	3
58	60	3
12	16	1
33	41	1
38	41	1
62	62	1
18	21	2
40	47	2
37	41	3
11	16	1
3	6	2
12	17	2
17	22	1
41	41	3
55	59	1
11	15	1
5	33	1
7	50	1
32	32	2
31	32	3
30	31	1
37	39	1
6	10	1
51	52	2
10	19	1
9	15	1
30	34	1
6	24	1
5	7	1
57	57	1
3	3	2
54	55	1
33	33	3
16	19	1
6	7	2
8	17	1
55	55	1
44	45	1
4	5	1
34	34	1
19	22	1
35	36	1
3	4	1
16	20	1
56	62	2
44	44	1
19	60	1
1	7	2
48	48	1
21	21	1
49	51	1
4	12	1
11	14	1
1	58	1
15	16	1
20	24	1
35	40	1
7	14	1
41	44	1
6	6	1
43	43	1
7	13	1
24	24	3
0	2	3
8	13	1
58	59	1
21	22	1
15	18	1
35	35	1
2	46	1
35	47	1
1	5	1
42	42	1
1	20	1
7	12	1
14	14	1
36	36	1
