88	88	5
86	86	1
2	3	1
16	18	1
119	119	3
111	111	1
38	38	1
117	118	3
34	34	6
93	94	2
89	89	2
134	134	4
11	11	2
21	22	2
114	114	2
14	15	1
87	112	2
82	82	4
102	104	1
13	13	3
17	18	1
15	15	3
113	114	2
87	89	1
8	9	1
26	29	2
103	103	3
25	27	2
24	24	2
78	78	3
88	89	1
4	6	1
17	17	2
101	102	2
125	125	2
105	105	4
128	128	5
11	12	1
104	106	2
139	139	1
99	99	3
32	74	1
101	101	3
2	4	2
118	122	1
4	4	4
106	106	3
75	75	4
85	88	1
103	105	3
75	76	2
112	114	1
13	75	2
5	5	3
98	108	2
121	121	1
22	22	4
16	17	2
114	116	1
103	113	1
85	86	3
140	140	2
91	91	2
33	33	1
31	31	2
106	107	5
123	123	6
124	124	1
113	120	1
73	95	1
112	112	5
85	85	1
15	18	2
118	119	1
117	119	1
74	74	3
124	126	2
97	97	2
80	80	5
37	37	2
96	96	1
119	122	1
126	126	3
114	120	1
98	98	4
32	32	4
3	4	1
10	10	1
73	73	2
24	112	3
77	77	1
107	107	1
2	2	2
29	30	3
94	108	1
22	23	5
1	1	1
23	23	2
104	104	2
0	0	2
3	3	4
124	125	1
10	13	1
30	31	1
133	134	2
115	115	2
28	29	1
93	129	2
6	6	2
102	102	2
91	93	2
6	7	2
77	78	1
84	84	1
23	25	1
81	81	2
107	108	2
130	130	2
104	105	1
28	30	1
20	26	1
105	107	1
10	11	2
122	122	1
100	102	1
95	102	1
10	12	2
116	116	1
83	84	1
4	38	2
127	127	1
92	93	1
83	85	1
16	16	2
78	81	1
71	71	1
114	115	3
75	79	1
13	14	2
130	132	2
4	5	2
30	30	3
79	79	1
100	101	1
35	36	1
87	87	1
27	27	3
19	20	1
138	138	1
23	24	2
26	26	1
93	93	1
95	96	1
108	108	1
81	84	1
109	109	2
8	30	1
18	21	1
90	90	2
15	16	1
82	83	1
25	25	2
14	14	3
129	130	2
81	86	1
31	33	1
9	11	1
88	106	1
18	18	1
117	117	2
73	75	1
81	82	1
118	118	1
136	137	1
75	88	1
37	38	1
118	120	1
73	74	1
135	135	1
108	109	1
80	125	1
76	77	1
17	20	1
78	80	1
