75	76	7
27	27	10
59	59	8
29	29	7
59	88	6
62	62	11
74	74	5
80	83	4
11	11	8
122	122	6
19	20	1
38	38	3
73	73	3
6	6	8
88	90	4
120	120	5
12	12	4
82	82	5
86	86	8
18	18	2
19	19	6
106	106	3
10	11	3
101	101	6
131	131	6
93	94	1
116	116	2
47	47	10
77	78	1
9	9	4
14	14	9
132	132	7
45	45	4
14	47	2
8	33	3
112	113	4
84	84	7
91	132	2
28	28	4
90	90	6
18	32	1
3	17	2
91	92	4
109	109	2
63	63	5
100	100	5
119	119	2
79	79	3
108	108	8
0	0	1
57	60	2
85	85	3
115	115	5
107	116	1
34	34	8
23	23	5
112	112	3
25	26	1
89	90	3
65	65	5
11	72	2
57	58	3
44	44	12
97	97	4
61	73	5
5	6	1
75	75	4
24	24	5
76	77	6
93	127	3
78	78	6
1	2	5
8	8	3
19	30	2
118	119	4
40	41	4
58	88	5
96	97	2
22	22	4
68	68	6
32	32	2
17	17	2
35	36	1
71	71	3
118	118	4
49	49	6
74	75	2
96	96	3
29	30	2
114	114	4
12	73	4
113	114	1
94	94	6
114	115	2
128	128	3
16	18	3
15	15	1
56	60	4
12	14	3
77	88	1
58	58	2
64	64	3
102	102	10
115	116	3
16	100	3
84	85	4
129	130	2
21	32	2
59	60	1
48	49	3
107	108	4
78	79	2
84	112	5
16	95	1
77	86	2
34	36	2
107	107	1
111	116	3
40	40	3
71	73	1
73	74	2
24	25	1
9	37	2
31	32	3
66	66	2
125	125	5
7	7	2
43	43	3
26	26	3
72	73	2
127	127	2
124	124	4
35	40	2
61	77	1
127	128	3
61	61	1
55	55	2
95	95	2
9	10	3
1	1	2
111	111	3
77	77	2
126	129	1
35	35	4
94	120	2
87	87	5
25	32	1
64	65	1
2	2	2
79	81	1
16	17	2
5	5	2
60	60	1
9	23	1
30	30	2
123	123	4
126	126	2
57	57	2
8	20	2
39	40	1
26	99	3
6	30	1
16	99	1
46	46	3
95	123	1
36	37	3
129	129	1
87	88	1
0	120	1
3	3	1
95	96	1
9	46	2
110	111	2
100	133	2
4	27	1
33	33	1
97	98	1
23	32	1
36	36	1
16	16	2
101	102	1
13	13	1
123	124	1
76	86	1
80	81	1
16	27	2
39	39	1
