24	27	1
100	111	1
28	29	5
11	11	4
112	112	4
56	56	3
124	124	4
129	130	2
109	109	4
41	41	5
123	124	3
107	127	1
86	86	2
8	9	2
13	13	3
70	70	10
50	50	4
43	43	4
81	83	3
109	120	3
87	87	4
54	54	5
44	45	5
104	105	2
78	78	4
47	48	1
104	104	1
109	121	1
42	44	3
108	129	1
85	85	2
30	30	6
108	119	2
3	4	1
101	101	6
73	73	2
6	6	4
66	69	2
76	76	2
77	127	1
17	18	4
51	52	2
89	97	2
79	114	1
75	75	1
100	101	2
10	13	1
70	96	1
27	85	1
34	34	2
4	4	4
19	126	3
81	81	2
48	48	2
101	104	2
62	83	2
101	102	1
102	102	4
91	91	2
81	82	3
38	38	1
12	89	1
90	90	1
93	94	3
20	20	1
12	12	3
87	88	2
88	96	1
29	29	5
105	131	1
12	13	1
112	123	2
127	127	3
17	17	5
31	32	1
69	84	1
11	12	2
77	77	2
75	82	1
68	68	4
71	71	4
63	63	2
62	86	1
1	1	3
72	72	3
106	106	2
100	102	1
25	25	5
45	66	1
73	97	1
97	100	1
60	60	2
16	16	2
49	50	2
95	96	1
3	6	1
131	131	1
111	112	2
10	10	1
52	53	1
70	71	1
110	132	1
13	14	1
106	123	1
100	100	4
84	84	4
19	19	4
70	98	1
83	84	1
108	131	3
16	21	1
45	45	2
56	57	1
84	85	1
7	7	3
22	22	2
60	76	2
99	99	4
96	96	1
83	83	2
121	121	4
116	118	1
15	15	1
82	82	3
10	12	2
58	59	1
44	44	2
95	95	2
121	122	1
42	85	2
86	87	2
67	94	2
43	85	1
46	46	1
3	3	3
6	8	1
74	75	4
64	64	2
80	80	4
88	91	1
49	49	5
103	118	1
65	84	1
57	57	1
80	83	1
97	98	1
93	93	3
55	70	1
28	28	3
77	80	1
98	98	1
117	120	2
92	92	3
59	63	1
41	42	3
26	26	2
50	51	1
46	88	1
69	89	1
72	75	2
91	92	2
107	107	2
66	66	2
118	118	3
21	21	1
39	60	1
48	49	1
2	3	1
101	131	1
99	100	1
85	86	1
7	8	1
40	40	1
39	93	1
97	102	1
82	83	1
94	94	1
72	86	1
23	23	1
5	5	1
34	44	1
75	76	1
71	72	2
111	124	1
123	123	3
127	128	1
9	9	2
77	78	1
117	117	1
59	59	1
103	126	1
14	14	1
0	0	1
108	109	1
42	43	1
60	83	1
0	1	2
69	71	1
88	89	1
103	103	1
79	79	1
86	93	1
27	32	2
15	18	1
120	120	2
89	89	2
119	119	1
18	19	1
49	52	1
64	83	1
55	57	1
67	68	2
96	97	1
114	115	1
86	91	1
47	47	1
111	111	1
115	115	1
110	110	1
2	2	1
39	39	1
64	132	1
92	93	1
