114	114	2
211	212	4
43	43	3
153	158	1
94	94	3
11	32	4
48	48	3
66	66	1
102	104	1
37	38	2
78	78	1
169	169	2
193	193	3
242	243	3
82	83	2
158	158	2
79	90	2
4	4	4
226	228	1
89	89	2
241	242	1
77	78	2
99	100	2
217	217	2
45	45	4
185	247	1
2	2	4
236	237	4
235	235	3
180	197	1
9	9	4
207	207	1
18	22	1
16	16	2
200	200	7
92	92	1
80	88	1
239	240	2
168	168	2
72	72	1
189	189	2
193	248	1
180	219	1
65	65	3
76	79	2
3	17	1
107	171	1
220	221	2
120	120	2
159	159	3
210	211	1
184	184	4
248	248	1
34	35	5
80	81	2
113	113	3
151	151	3
201	201	9
99	105	2
29	29	4
167	168	1
70	72	2
174	174	3
26	26	2
219	226	1
234	234	1
196	196	2
75	75	1
39	39	3
63	71	3
235	236	1
62	62	3
219	219	2
14	64	1
180	180	3
85	86	2
203	205	2
104	104	5
109	110	1
169	177	1
223	229	1
171	192	1
145	145	3
6	46	2
215	239	1
157	157	3
216	248	3
194	194	3
81	110	1
110	110	5
73	73	2
199	199	1
6	6	3
80	86	1
8	8	5
180	212	1
110	111	3
13	35	1
221	221	1
6	7	1
42	42	4
12	12	1
54	56	1
98	117	1
153	153	2
5	5	1
209	209	1
216	245	1
40	40	3
225	231	1
176	185	1
52	56	1
192	192	2
224	224	3
59	60	1
243	244	2
76	76	3
25	44	1
157	158	2
113	114	1
111	111	2
68	68	2
33	33	2
192	212	2
70	70	2
25	25	2
83	83	1
214	214	4
35	35	4
160	183	1
15	61	1
167	181	1
109	112	2
214	232	1
239	239	4
180	218	1
228	229	2
157	160	1
41	41	1
91	93	1
23	23	3
225	226	1
186	186	2
99	103	1
222	222	1
161	161	1
163	164	1
120	145	1
100	101	1
47	49	2
90	91	1
79	79	2
181	181	3
164	164	1
99	120	1
35	151	1
189	248	2
82	90	1
12	16	2
15	15	4
159	167	2
167	167	2
178	178	3
84	110	1
112	112	1
153	159	2
193	194	2
21	21	1
176	176	1
109	173	4
195	195	1
155	155	2
238	238	1
36	36	1
172	207	1
76	77	2
10	10	2
34	34	2
149	155	1
203	203	1
75	105	1
44	44	3
157	166	1
144	206	1
20	26	1
22	22	3
36	45	1
9	45	6
19	19	1
58	59	2
0	54	2
234	244	1
183	184	3
59	59	2
187	187	2
76	105	2
176	178	1
56	66	2
215	215	3
190	190	2
74	74	1
220	220	1
210	210	2
19	38	1
221	222	2
52	52	2
30	31	1
177	190	1
98	98	1
68	69	4
11	31	1
118	118	4
88	88	3
183	183	2
213	223	1
37	37	1
1	1	4
55	63	1
108	112	1
57	58	1
190	215	3
175	175	1
4	20	1
60	61	1
84	84	1
157	165	1
247	247	3
116	116	4
21	39	1
60	60	2
91	119	1
236	236	1
56	65	2
208	209	1
246	246	2
69	69	1
187	189	1
32	40	1
69	70	1
78	102	3
91	102	2
98	99	1
216	216	4
82	85	2
226	230	1
153	157	1
197	209	1
179	182	2
81	81	2
51	51	1
241	241	2
15	36	2
6	151	1
49	49	1
119	119	2
87	91	1
191	191	2
71	85	1
59	71	1
206	207	1
245	245	2
204	212	1
10	30	1
20	20	1
7	23	3
215	222	2
189	190	1
75	88	1
144	144	1
28	28	2
84	93	1
187	200	1
205	205	1
55	55	1
68	175	1
190	192	1
160	178	1
170	170	4
106	106	1
166	166	2
16	36	1
204	211	1
73	74	1
164	182	1
58	58	1
56	56	3
30	30	1
217	218	1
160	160	4
102	102	1
151	155	1
242	245	1
219	229	1
170	197	1
87	152	2
168	169	2
32	45	1
189	194	1
172	200	1
161	162	1
188	188	2
10	117	1
61	61	1
50	115	1
39	61	1
26	39	1
156	156	1
27	27	1
214	234	1
50	51	1
53	53	4
118	119	1
219	224	1
94	104	1
179	179	2
68	79	1
11	92	1
216	220	1
19	20	1
103	104	1
57	57	1
36	162	1
187	188	1
95	95	3
47	47	1
204	204	1
101	104	1
109	109	1
32	85	1
96	114	1
171	177	1
218	218	1
159	177	1
90	90	1
230	230	1
25	28	1
66	67	1
109	113	1
106	107	1
208	208	2
32	32	2
108	108	1
77	106	1
103	103	1
204	205	1
85	85	1
172	172	1
86	86	1
163	163	1
150	151	1
116	117	1
180	183	1
190	193	1
84	89	1
113	117	1
57	64	1
24	44	1
223	224	1
227	235	1
181	233	1
229	229	1
169	175	1
77	77	1
231	246	1
107	107	1
183	204	1
17	17	1
173	174	1
150	150	1
237	240	1
93	93	1
241	248	1
