15	16	1
107	107	8
46	46	3
87	87	6
126	130	2
55	106	2
27	108	1
119	122	7
43	45	2
79	80	6
79	79	7
33	33	7
80	80	8
110	110	12
40	40	6
74	75	2
77	77	9
111	111	11
9	9	7
91	91	5
109	109	12
9	13	1
23	25	3
66	67	3
110	129	1
6	22	2
74	74	7
34	42	1
12	20	2
118	118	9
17	17	9
21	41	1
112	112	7
55	105	1
16	16	7
72	82	2
15	15	8
85	85	8
83	83	7
16	17	4
97	97	3
105	107	1
16	47	2
10	11	3
45	46	3
36	36	7
19	24	1
111	116	2
72	79	1
30	31	4
116	117	1
80	81	3
5	8	1
22	22	7
117	134	1
108	108	13
106	107	5
78	111	2
6	24	1
122	122	4
102	105	4
21	22	3
41	41	6
119	119	4
96	96	9
79	91	1
12	12	7
33	34	3
7	7	8
107	111	1
93	93	10
42	49	2
58	80	1
62	62	3
94	107	1
8	9	2
27	88	1
30	32	5
98	99	2
37	38	2
86	86	7
35	37	2
14	15	3
79	89	1
10	12	3
62	63	4
17	46	2
115	117	3
104	134	1
120	120	5
62	66	1
13	43	2
35	35	13
81	131	1
19	39	1
36	55	2
36	74	3
82	82	8
116	122	2
12	13	5
5	40	1
106	106	8
131	133	4
6	6	1
95	95	8
120	124	1
99	99	9
107	108	5
71	71	2
27	31	1
11	12	6
29	30	4
77	84	1
68	68	3
37	37	6
1	4	5
127	132	1
115	115	3
24	27	2
87	99	2
111	114	1
82	87	1
101	101	6
127	128	1
20	40	2
8	8	5
105	105	4
94	95	2
104	106	2
5	5	3
7	8	4
96	105	2
41	42	4
125	125	13
2	84	1
60	60	4
57	90	1
74	76	1
20	24	1
102	103	6
49	85	1
7	49	1
63	101	1
16	35	1
96	104	1
126	127	4
60	69	1
12	24	2
95	103	1
87	102	1
92	113	3
104	104	6
128	128	4
81	83	1
10	18	1
35	36	7
16	28	1
84	85	7
56	56	9
14	14	5
131	132	3
123	123	5
76	77	8
30	30	5
105	112	3
8	18	1
13	20	1
18	18	2
13	14	4
24	24	6
100	102	2
121	121	4
100	100	7
56	60	2
66	73	1
104	114	1
97	98	2
31	48	1
20	20	2
64	65	4
87	94	5
86	116	5
34	34	1
34	49	1
41	43	2
131	131	2
3	6	1
92	118	1
95	97	4
12	22	1
107	110	2
28	28	5
123	126	2
92	92	7
44	44	4
16	24	1
119	129	1
5	48	1
103	103	5
87	88	2
124	124	6
119	128	1
23	24	2
83	85	1
92	122	2
72	72	3
102	104	2
88	88	5
43	43	5
96	115	1
31	31	5
67	68	4
24	38	1
77	83	1
28	29	1
59	123	1
90	90	3
3	5	1
9	10	3
43	48	2
121	122	3
99	104	1
59	93	1
54	55	1
73	82	1
106	108	1
102	102	9
75	77	2
22	36	1
88	120	3
21	38	1
109	110	3
130	133	2
2	36	1
94	94	3
114	117	3
33	91	1
79	81	1
95	96	1
122	123	6
105	121	1
38	39	2
26	101	3
96	100	1
121	124	3
127	127	3
59	60	4
76	79	1
98	98	7
58	58	5
126	126	3
114	116	1
114	115	5
79	84	2
85	111	1
47	48	3
20	21	3
4	4	7
87	103	2
105	114	1
41	45	3
66	66	5
100	105	1
98	132	1
67	67	1
45	76	2
81	81	5
12	28	1
65	65	4
89	89	1
33	41	2
73	79	2
101	123	4
91	123	1
40	41	2
44	47	2
16	31	1
73	73	7
19	37	1
116	118	1
87	106	1
3	4	4
7	43	2
38	38	5
57	57	11
83	107	2
87	104	1
25	27	1
6	86	2
88	94	2
37	41	1
85	87	2
116	116	2
80	117	1
123	124	7
101	129	1
15	23	2
34	84	1
93	102	2
86	94	1
48	49	4
27	27	3
59	90	1
130	130	3
132	132	2
75	75	3
78	79	6
44	45	2
98	100	1
24	74	1
58	61	1
78	89	2
38	40	2
95	123	1
42	43	2
122	134	1
82	83	1
78	78	2
92	93	1
59	59	4
6	40	2
18	37	2
47	108	1
108	120	3
75	79	2
85	99	1
58	62	1
21	64	1
67	70	1
120	121	1
47	47	2
115	119	1
134	134	2
122	126	2
95	107	1
96	97	3
36	37	4
62	71	1
133	134	2
56	127	1
6	47	1
23	26	3
106	111	1
26	26	9
33	59	1
16	39	1
0	45	1
39	40	3
12	30	1
58	86	3
83	84	2
90	91	1
31	39	3
13	13	4
25	37	1
10	10	4
85	123	2
83	92	1
39	41	2
29	29	4
84	97	2
34	36	1
24	28	1
9	20	2
130	131	2
9	19	1
102	107	2
11	22	1
99	134	2
2	47	2
110	127	1
83	122	2
92	129	1
122	129	2
11	29	1
37	40	1
87	101	2
27	28	1
119	126	1
94	97	1
84	84	3
112	124	1
69	69	1
8	97	1
27	41	1
107	116	2
9	11	1
69	70	1
25	25	2
110	120	1
80	84	1
58	60	1
114	121	1
6	121	1
111	112	1
64	64	1
129	132	1
11	11	4
13	17	1
128	131	2
92	134	1
24	25	1
32	43	1
46	71	1
4	5	1
35	41	1
87	91	1
124	129	1
6	85	1
87	92	1
31	32	1
91	92	2
115	116	2
94	99	1
51	55	1
88	93	1
110	111	2
111	129	1
13	28	1
100	101	2
28	31	1
93	94	2
81	84	1
111	125	1
100	103	2
85	86	1
23	35	1
71	72	3
105	113	1
89	90	1
124	125	6
22	42	1
90	107	1
7	47	1
6	8	2
2	3	1
29	42	1
89	100	1
32	32	3
71	117	1
90	130	2
116	131	1
89	92	2
19	19	3
64	74	2
51	54	1
25	35	1
78	92	1
117	117	3
76	76	2
21	34	1
20	47	1
112	115	1
38	43	1
111	126	1
104	107	1
64	82	1
6	21	2
128	129	1
33	35	2
59	82	1
129	130	2
28	84	1
15	17	2
66	108	1
90	108	1
56	59	1
102	122	1
43	103	1
105	115	1
94	96	3
59	107	1
0	43	1
37	42	1
94	103	1
50	50	2
10	22	1
61	62	1
59	61	1
114	120	1
68	118	1
114	122	1
23	23	2
56	116	1
108	109	1
50	51	1
58	59	1
9	17	1
32	38	1
16	20	1
103	104	1
84	87	1
24	35	1
33	45	1
70	116	1
108	111	1
68	84	1
114	114	1
65	68	1
90	92	1
108	116	1
73	74	1
24	32	1
99	123	1
92	101	1
111	131	1
115	122	1
21	26	1
107	117	2
13	16	1
55	57	1
113	114	1
19	20	1
113	113	2
87	90	1
133	133	1
103	113	1
12	18	1
93	130	1
17	18	1
63	63	1
101	103	1
123	132	1
103	115	1
41	44	1
4	26	1
63	126	1
60	66	1
97	100	1
67	118	1
88	90	1
27	86	1
88	100	1
117	118	1
118	128	2
39	39	1
87	95	1
2	27	1
2	32	1
37	39	1
38	41	1
16	21	1
57	84	1
108	119	1
124	126	1
129	129	1
10	97	1
123	128	1
96	99	1
33	128	1
101	106	1
18	24	1
