79	79	2
43	43	3
43	67	3
47	47	3
84	84	3
101	102	2
72	73	1
90	90	4
74	75	1
63	63	1
91	91	3
58	59	3
80	81	4
57	57	3
81	83	2
103	103	3
45	45	3
84	98	3
77	77	6
37	38	1
27	27	5
58	110	1
64	64	4
26	87	1
72	72	3
51	94	2
32	32	3
43	44	1
42	42	2
63	64	1
29	30	2
89	89	1
47	48	2
102	106	1
22	29	2
36	36	4
101	101	1
105	106	1
56	56	3
22	22	1
96	111	2
113	113	2
71	78	1
108	110	2
77	79	2
69	70	1
104	104	4
108	109	1
24	112	2
86	86	1
70	71	1
34	34	1
28	31	1
107	109	1
30	30	1
111	111	1
73	76	1
71	71	1
108	108	1
26	26	1
85	86	1
73	111	1
83	84	2
37	37	3
62	63	3
28	28	1
44	44	1
46	46	1
100	100	2
96	98	1
74	76	1
103	107	1
78	79	1
68	75	1
96	97	1
80	89	1
52	73	1
105	105	2
76	77	1
86	104	1
29	29	1
65	65	1
21	21	1
59	59	1
53	54	1
48	107	2
33	34	1
63	65	1
25	25	2
82	82	1
48	48	1
93	94	1
41	80	1
58	58	2
67	67	1
75	84	1
42	82	1
70	70	2
33	33	1
28	95	1
70	76	1
87	87	1
92	92	1
30	91	1
40	41	1
60	60	1
49	49	1
32	99	1
