50	50	2
127	127	3
226	227	1
99	99	5
186	212	1
214	214	4
144	144	2
229	232	1
22	83	2
27	59	2
3	5	1
0	0	2
9	33	3
135	135	2
136	136	2
127	128	1
25	42	1
172	172	3
29	218	1
159	160	1
95	96	1
54	54	1
137	225	1
119	128	2
109	110	2
42	42	2
12	12	2
186	187	1
142	186	1
171	171	3
176	202	1
130	139	2
44	151	1
64	95	2
31	53	2
108	131	1
59	237	1
197	223	2
220	221	2
201	201	5
84	84	1
143	143	1
123	124	1
27	56	1
34	34	1
137	227	1
200	200	3
197	220	1
183	187	3
56	56	2
198	199	2
15	38	1
187	189	1
160	177	1
204	204	1
116	116	2
74	75	1
122	122	1
26	45	3
24	82	1
45	45	4
140	140	1
61	62	2
198	238	1
7	12	2
107	107	2
142	144	1
145	182	1
159	161	2
135	168	2
198	200	1
206	206	2
30	30	2
60	113	1
158	158	4
24	25	2
26	64	1
149	149	1
48	106	2
167	168	1
35	35	1
41	41	1
212	212	1
53	53	2
21	35	2
74	74	2
25	180	1
95	95	1
215	217	1
6	7	1
18	18	1
40	205	1
20	21	4
165	165	1
63	150	1
24	24	1
154	154	1
27	50	1
136	137	1
7	14	1
82	82	3
193	193	1
175	227	1
135	156	1
31	49	1
235	235	3
214	216	1
118	118	1
8	9	1
139	146	1
146	146	2
153	153	1
120	120	1
65	96	1
233	234	1
81	83	2
56	117	1
205	205	3
194	194	1
198	198	1
150	186	2
224	234	1
56	57	1
167	169	1
135	228	2
125	125	1
97	97	2
238	238	3
210	210	1
180	220	1
120	121	1
49	86	1
40	41	1
182	182	3
105	109	2
8	8	2
102	115	1
176	207	1
119	121	1
172	173	1
15	15	1
191	191	1
3	4	1
222	222	2
20	20	3
116	156	1
17	17	1
19	20	1
19	19	1
25	25	3
80	80	1
169	208	1
55	55	1
49	49	2
130	130	2
176	178	2
176	176	1
169	174	1
232	233	1
18	20	1
32	184	1
150	192	2
3	3	1
13	13	2
190	231	1
96	100	1
185	185	1
197	238	2
45	74	1
64	183	3
101	160	1
222	223	2
208	208	1
163	220	1
193	194	1
1	2	1
13	14	1
52	60	1
192	192	2
174	174	2
211	212	1
98	135	1
119	119	1
138	138	2
64	96	1
45	57	1
27	61	1
27	202	1
42	43	1
232	232	2
237	237	1
151	184	1
227	227	2
23	24	1
183	184	1
21	21	1
14	15	1
12	14	1
128	128	2
17	18	3
162	162	1
69	77	1
201	216	1
0	20	1
113	120	3
106	106	1
151	168	1
36	36	1
171	172	3
150	211	1
5	16	1
102	163	1
121	146	3
153	158	1
62	202	2
187	187	1
55	88	1
157	157	3
135	136	1
2	2	1
43	43	1
24	31	1
34	36	1
27	27	1
10	150	1
121	173	1
128	129	1
22	145	1
217	218	1
200	201	1
166	209	1
10	14	1
80	113	1
49	53	1
66	95	1
174	204	1
58	88	1
189	218	1
7	7	1
166	166	1
149	150	1
60	60	1
97	135	1
226	226	1
242	242	2
133	133	2
121	128	1
188	188	1
224	224	1
30	31	1
204	205	1
158	161	1
141	158	1
216	216	1
123	123	1
68	68	1
165	216	1
44	44	1
40	40	2
26	26	1
30	62	1
64	65	1
114	117	1
151	151	1
141	141	1
213	213	1
53	54	1
138	182	1
1	31	1
209	209	1
175	176	1
222	224	1
62	62	1
19	169	1
104	104	1
181	181	1
39	39	1
21	22	2
108	108	1
133	159	1
170	170	1
54	91	1
209	225	1
8	12	1
117	117	1
120	184	1
11	11	1
179	198	1
