49	49	3
73	75	2
38	38	3
83	84	1
72	72	3
113	113	4
94	95	2
23	24	1
66	67	1
95	95	2
62	66	1
70	70	2
56	56	3
47	48	1
28	28	4
53	60	2
65	80	1
34	108	1
112	112	1
97	100	1
96	96	1
78	80	1
101	101	1
79	79	5
107	107	1
100	101	3
105	106	2
27	28	1
43	43	1
64	64	1
33	33	1
25	25	2
86	86	2
59	60	1
105	107	1
32	32	4
53	75	1
53	54	1
103	103	2
68	69	1
84	97	1
62	113	2
75	75	2
88	91	1
51	51	2
85	85	2
97	99	1
37	38	1
98	98	3
64	65	4
54	54	1
39	39	1
56	57	1
44	44	1
87	87	2
62	62	1
93	106	1
47	47	1
77	77	1
26	26	2
21	113	1
111	111	2
37	37	2
38	39	2
76	78	1
87	90	2
60	61	1
83	83	1
19	47	1
25	95	1
45	45	1
86	87	1
34	48	1
67	68	1
109	109	1
97	97	1
65	65	3
60	60	2
48	48	1
108	108	1
105	111	1
114	114	2
69	111	1
93	93	1
81	88	1
89	105	2
26	29	1
63	108	1
24	24	1
54	82	1
102	102	1
22	57	2
29	29	1
89	91	1
101	110	1
85	86	1
82	84	1
89	112	1
41	41	2
30	70	1
98	104	2
55	57	1
19	19	1
38	95	1
63	65	1
42	68	1
101	102	1
29	90	1
81	82	1
45	46	1
38	47	2
91	92	2
64	66	1
21	21	1
28	70	1
63	64	1
66	96	1
95	99	1
71	72	1
58	59	1
89	90	3
38	44	1
107	110	1
23	30	1
61	61	1
23	81	1
31	48	1
37	50	1
106	106	1
74	74	1
31	32	1
105	105	1
35	63	1
104	104	1
28	30	1
26	51	1
93	94	1
57	58	1
49	50	1
