124	124	3
86	86	2
159	160	1
41	48	2
0	1	2
44	44	5
1	107	1
49	49	4
7	8	4
48	48	2
42	42	5
6	64	1
5	5	3
137	138	1
19	19	1
37	38	2
18	18	2
51	83	1
73	73	2
111	111	3
16	149	1
126	126	2
114	115	2
76	81	1
129	133	1
163	163	1
13	66	1
38	38	2
109	109	3
42	43	2
68	102	3
25	25	3
74	74	2
136	136	7
27	27	1
140	140	5
142	145	1
35	35	5
137	139	2
151	154	2
100	118	1
146	147	1
146	146	1
164	165	2
112	151	1
38	151	1
13	13	2
152	152	6
11	70	1
11	11	1
7	68	1
114	151	2
90	90	2
93	120	1
66	67	2
85	117	1
1	1	2
157	157	2
67	67	1
101	101	2
22	23	3
15	15	1
154	156	1
11	146	1
69	70	3
68	153	3
115	115	2
34	111	1
7	7	5
36	36	3
128	129	2
151	152	2
148	148	1
144	144	1
132	132	1
91	93	1
36	53	3
168	169	2
48	49	2
91	91	1
99	102	2
39	40	2
0	0	2
86	87	1
6	56	1
132	133	2
160	163	1
24	24	1
155	155	7
106	106	4
117	169	1
90	105	2
100	151	1
19	83	2
56	56	2
107	107	1
52	87	1
167	167	1
68	71	1
155	156	2
126	131	1
51	51	1
45	54	2
126	127	1
76	84	1
14	15	1
9	9	1
98	99	1
72	73	1
138	151	1
22	150	2
121	121	1
2	4	1
150	151	2
81	81	3
49	51	1
23	23	4
53	54	2
156	156	3
77	115	2
41	41	2
83	83	2
138	138	5
116	116	2
110	110	1
85	85	1
166	166	3
57	72	1
13	147	1
134	135	2
92	143	1
105	105	1
70	70	1
93	93	2
135	135	1
84	86	1
112	112	3
56	58	2
11	12	3
25	168	1
34	34	4
66	66	1
17	17	3
145	146	1
167	168	1
33	36	2
6	68	1
34	36	1
7	148	1
2	2	1
43	43	1
124	152	1
158	158	1
142	143	2
133	134	3
153	153	2
37	52	1
92	92	1
20	21	1
159	159	2
55	56	1
43	44	1
80	80	1
111	112	2
152	166	1
106	107	2
136	159	1
153	154	1
11	16	2
108	109	1
47	47	1
170	170	1
125	125	1
0	9	1
163	165	1
118	119	2
103	103	1
16	16	1
74	114	1
35	36	1
151	151	1
92	145	2
47	52	2
16	139	1
10	135	1
169	169	3
122	122	1
78	81	1
4	5	1
161	161	1
4	4	1
101	106	1
118	118	1
139	157	1
90	91	2
1	2	2
34	93	1
116	119	1
27	108	1
95	134	1
145	155	1
129	129	1
20	20	1
161	162	1
91	94	1
94	94	2
76	83	2
91	92	1
129	136	1
121	137	1
150	150	2
128	128	5
39	39	1
71	71	1
133	140	1
162	163	2
100	115	1
94	140	1
3	3	1
75	76	1
105	113	1
135	151	1
82	83	1
132	166	1
99	99	3
70	71	1
3	5	1
55	77	1
8	8	1
121	126	1
21	21	2
94	95	2
145	145	2
73	74	1
92	104	1
137	151	1
39	78	1
46	83	1
105	169	1
58	58	1
152	155	1
144	145	1
143	143	1
112	114	1
24	27	1
2	24	1
100	100	1
168	170	1
152	153	1
39	80	1
14	108	1
18	19	1
164	164	1
154	154	1
96	134	1
120	120	1
121	127	1
7	110	1
6	6	1
107	157	1
154	155	2
16	150	1
147	148	1
44	45	1
6	7	1
