38	79	3
68	68	4
145	145	4
102	102	5
66	66	1
117	130	2
114	114	4
39	45	4
0	0	1
184	185	3
40	40	2
38	39	1
189	191	2
30	30	3
165	170	1
191	191	5
143	143	4
149	150	5
51	114	1
93	93	1
17	23	3
176	178	2
55	56	4
95	95	2
141	149	1
24	80	1
166	173	1
59	59	1
53	53	2
197	197	2
61	168	1
7	18	1
54	170	2
102	138	1
69	69	2
120	133	1
174	175	1
37	37	3
159	160	2
192	192	6
51	54	1
194	194	5
189	189	1
96	98	3
190	191	1
19	20	3
134	135	2
168	169	1
157	159	6
21	21	3
160	160	1
129	129	1
153	154	2
79	88	1
141	141	3
54	54	5
181	182	2
36	38	1
124	125	1
169	194	5
90	90	2
98	145	1
89	89	3
119	127	3
180	180	3
43	43	2
56	156	2
113	170	1
118	118	1
61	62	3
138	138	3
33	33	1
169	169	4
20	24	2
137	158	1
150	172	1
77	84	4
67	67	1
185	185	5
169	170	2
94	102	1
130	130	2
26	26	4
85	85	1
121	132	1
1	66	1
124	124	2
71	75	1
3	3	1
6	6	2
94	99	2
47	89	1
35	36	2
95	96	1
142	142	1
23	159	1
137	138	1
47	48	2
61	170	3
4	35	1
154	154	6
102	104	2
33	84	3
56	56	2
11	53	1
73	73	1
71	71	1
80	80	2
156	156	8
73	74	1
170	170	5
140	140	2
144	144	1
12	12	4
28	28	1
133	133	2
121	156	3
79	80	1
196	196	3
117	174	1
22	130	1
4	22	2
171	172	1
139	140	4
25	25	1
20	21	5
137	137	2
166	167	1
100	151	3
19	21	1
60	62	3
172	192	1
171	194	1
27	29	3
175	181	1
178	178	2
141	142	2
134	134	1
47	47	2
146	146	1
54	55	1
9	9	1
10	71	1
155	155	2
34	34	1
18	18	2
2	2	2
18	63	2
78	79	3
104	114	2
53	59	2
74	80	1
43	159	1
93	134	1
57	79	2
163	163	2
13	13	1
109	129	1
41	70	2
20	43	2
11	11	1
25	61	4
10	11	1
180	181	3
183	186	1
113	113	2
111	111	1
141	146	1
65	67	1
105	106	4
117	149	2
152	155	1
94	94	2
193	193	3
110	110	2
85	88	1
25	27	1
97	97	2
23	32	2
119	122	1
128	129	2
41	149	1
151	151	1
63	87	2
79	83	1
155	156	1
118	120	1
182	182	1
123	155	3
19	61	1
116	116	2
157	157	1
15	15	2
46	46	3
123	125	1
166	171	1
11	12	1
132	138	3
0	69	1
41	41	1
189	192	1
131	132	2
109	109	2
24	87	1
174	174	4
52	52	2
27	28	1
63	63	2
32	44	2
176	177	1
122	122	2
188	188	1
143	144	1
40	42	1
48	48	1
149	149	1
167	171	2
6	7	2
27	27	1
129	151	2
171	193	1
99	100	1
77	77	1
101	101	3
133	151	1
16	20	1
15	17	2
119	120	1
48	102	1
45	49	1
10	10	2
168	180	1
98	100	1
84	84	2
3	5	1
22	69	2
65	73	1
55	55	1
30	31	1
99	146	2
79	85	1
147	147	2
69	152	1
3	20	1
86	86	2
7	26	1
31	137	2
56	78	2
165	165	2
60	60	2
109	111	2
86	88	1
191	193	2
37	39	1
116	165	1
69	81	1
115	146	1
76	76	1
43	44	2
161	169	1
127	127	3
3	34	1
14	17	1
4	5	1
81	81	3
167	168	1
65	65	1
123	170	1
23	24	1
171	171	1
116	137	1
68	82	1
109	110	2
39	39	1
4	45	1
79	79	1
176	176	1
105	136	1
78	78	1
82	82	1
83	90	2
128	138	1
106	107	1
49	50	1
4	11	1
173	176	1
108	109	1
19	19	1
163	164	1
52	73	1
173	173	2
107	108	1
70	70	1
87	107	1
103	110	1
112	164	1
77	78	1
17	27	1
7	8	2
76	78	1
93	94	1
175	175	1
57	57	1
185	186	1
186	187	1
132	133	1
161	164	1
2	25	1
86	87	1
173	183	1
177	188	1
159	161	1
173	180	1
1	1	1
29	29	1
59	66	1
69	82	1
175	182	1
18	19	1
50	51	1
