110	111	1
84	84	1
145	145	2
56	91	1
63	77	1
44	44	1
93	124	2
7	39	1
160	160	2
100	100	2
34	34	2
114	123	4
66	87	1
92	92	1
40	54	1
49	128	1
64	65	4
77	78	1
62	62	1
134	155	1
2	66	2
114	122	3
119	119	1
51	51	3
140	140	2
163	166	1
58	58	1
5	5	2
82	83	1
126	126	3
125	126	3
169	170	3
25	25	3
25	127	1
154	162	2
36	36	5
140	141	1
161	162	1
152	153	2
2	2	5
111	111	1
4	5	1
70	70	2
49	52	2
34	56	2
95	95	2
120	122	1
49	49	2
14	40	1
54	54	1
11	19	3
88	88	6
137	137	3
168	168	1
164	167	2
96	96	3
153	154	3
50	51	2
17	48	2
56	69	1
123	125	1
96	101	1
164	164	1
101	102	1
64	134	1
9	9	2
151	151	4
147	148	1
79	79	2
112	112	2
35	35	2
93	93	1
92	102	1
58	65	1
67	68	2
63	63	1
8	9	2
22	22	1
48	48	1
86	87	2
10	97	1
99	101	1
39	44	3
51	54	1
148	158	1
111	112	1
68	122	1
126	127	3
120	120	2
66	66	2
161	161	1
51	162	1
70	71	1
110	141	1
85	85	2
123	123	1
117	118	1
56	74	2
116	116	1
72	99	1
98	98	1
132	132	1
14	14	3
3	48	1
138	138	3
39	39	4
170	170	2
23	46	1
135	135	3
75	80	1
138	139	1
70	72	1
121	121	2
1	1	3
53	53	2
52	54	1
65	69	1
105	105	2
76	76	1
145	166	2
12	39	1
94	110	1
147	159	1
22	23	1
63	161	1
134	162	1
109	110	1
148	149	1
92	95	2
148	148	2
37	135	2
37	37	2
92	93	1
17	17	1
73	75	1
139	140	2
76	78	1
93	94	1
57	57	1
87	87	1
136	136	3
8	8	1
166	166	3
10	10	2
124	163	3
118	118	1
57	106	1
128	129	2
3	3	1
47	47	1
160	161	1
6	7	2
106	107	1
38	44	1
72	73	1
79	140	1
79	82	1
115	118	1
64	116	1
150	150	1
40	41	1
23	117	1
93	95	2
157	157	2
99	99	2
163	163	1
19	19	1
13	37	1
150	151	1
139	141	2
71	71	2
69	69	1
25	108	1
139	139	1
147	166	1
166	167	1
65	119	1
68	97	1
101	122	1
74	76	2
105	106	1
80	84	1
155	155	1
65	102	1
16	17	1
168	170	2
123	127	1
38	45	1
28	41	1
114	114	1
131	131	2
25	26	1
38	76	1
14	47	1
0	1	1
148	157	1
119	120	1
95	96	1
41	41	3
4	4	1
64	64	1
58	62	2
34	42	1
12	12	2
22	24	1
121	131	1
18	18	1
40	44	1
0	0	1
128	142	1
122	130	2
13	14	1
137	158	1
71	166	1
63	121	1
80	80	1
67	69	1
130	130	1
39	134	1
73	73	1
123	124	1
89	116	1
24	25	2
26	26	1
63	76	1
88	91	1
64	119	1
49	90	1
6	47	2
43	133	1
144	151	1
77	77	1
88	89	1
84	147	1
2	7	1
39	158	1
106	106	2
6	46	1
152	152	2
98	100	1
123	126	1
127	128	1
62	63	1
113	114	1
80	119	1
82	87	1
68	69	1
142	144	1
125	125	1
69	77	1
146	146	1
107	112	1
101	101	1
108	110	1
87	88	2
143	152	1
146	168	1
136	151	1
147	147	1
154	156	1
97	99	1
121	145	1
68	138	1
68	68	1
39	40	1
114	115	1
120	121	1
37	38	1
3	5	1
81	118	1
68	76	1
25	117	1
93	129	1
81	81	1
152	156	1
0	2	1
161	163	1
64	80	1
46	46	2
71	72	1
51	166	1
13	34	1
7	9	1
113	164	1
163	167	1
22	51	1
162	162	1
40	40	1
89	150	1
76	104	1
38	38	1
83	83	1
43	43	1
4	14	1
71	82	1
117	117	1
