13	14	2
126	126	5
31	31	4
53	54	4
45	45	1
104	105	1
68	68	1
153	153	3
17	18	2
81	81	5
122	122	2
15	16	2
19	19	10
2	67	1
115	115	1
77	81	1
116	116	6
114	153	2
92	92	2
79	79	7
47	47	4
39	39	8
5	148	2
22	82	1
80	80	7
61	62	1
30	99	2
45	52	1
46	47	2
99	125	1
28	37	1
75	76	1
84	124	1
83	83	2
22	23	6
80	107	1
129	129	7
52	93	1
105	106	4
88	121	1
129	130	2
18	18	3
50	50	1
8	12	2
125	153	1
105	105	3
78	78	3
79	80	1
146	146	3
156	158	2
118	118	1
67	68	1
86	87	2
138	138	1
107	107	5
51	51	5
6	7	1
8	10	1
120	120	3
37	37	3
134	135	1
101	101	2
31	135	2
96	96	5
86	86	4
38	38	6
85	85	5
56	56	2
36	36	2
102	135	1
28	29	3
106	106	3
93	94	3
93	96	2
25	26	3
145	145	5
124	124	5
76	77	1
8	8	3
12	12	2
5	7	3
21	22	4
104	104	3
82	82	2
6	6	4
43	43	2
14	27	2
21	21	1
35	35	2
36	37	1
11	12	4
22	22	1
102	136	1
37	56	1
11	11	4
14	14	2
15	15	5
18	19	1
117	120	1
18	47	1
90	114	1
96	97	3
157	158	1
70	71	3
53	53	1
127	147	1
109	110	4
17	17	1
82	83	1
3	4	1
51	90	1
55	56	1
137	137	3
7	7	4
20	21	2
107	108	2
94	94	2
149	153	1
35	36	1
131	134	1
127	127	3
106	108	2
100	101	2
147	147	2
2	51	2
144	144	5
41	41	1
119	119	3
23	23	7
29	52	2
156	156	1
88	88	4
85	91	2
95	118	2
36	56	1
49	54	1
79	91	2
133	133	4
34	35	1
101	139	2
38	39	3
21	69	3
97	97	2
78	86	2
118	119	1
91	92	1
140	141	2
114	114	5
73	74	1
126	127	1
44	44	1
113	113	6
44	45	1
114	116	1
10	11	2
84	128	3
2	62	1
48	49	2
131	132	2
153	154	1
112	113	2
135	135	2
27	29	1
91	107	1
28	44	1
46	46	2
141	151	1
1	21	2
152	152	1
114	120	1
81	82	1
128	128	2
32	32	2
42	47	1
54	54	2
70	70	1
73	73	1
13	13	1
87	90	5
134	134	1
26	28	1
77	78	1
30	110	1
84	85	2
100	138	1
8	9	4
2	104	1
66	66	1
42	43	1
14	32	1
112	112	2
34	121	1
64	64	1
85	86	3
49	55	2
111	147	2
96	138	1
134	136	1
114	115	1
125	125	2
109	109	1
141	142	1
87	89	2
87	123	1
67	67	1
95	95	4
113	115	1
123	123	2
71	71	1
124	126	1
122	125	2
125	152	1
33	33	2
30	30	1
80	83	1
34	38	1
94	149	1
10	94	1
49	51	1
6	9	1
90	90	1
103	103	2
108	108	1
90	91	1
22	28	1
33	90	1
110	110	1
151	151	1
148	148	1
25	25	3
149	150	1
144	145	2
37	38	1
84	84	1
63	63	1
16	17	1
4	4	1
12	38	1
128	130	2
28	28	2
24	52	1
104	127	1
95	97	1
32	78	1
91	91	1
117	117	1
105	136	1
19	20	1
105	144	1
136	136	2
5	5	1
37	66	1
64	65	1
32	39	1
144	147	1
40	66	1
154	154	1
7	40	1
89	89	1
69	70	1
20	22	1
27	27	1
86	127	1
155	156	1
20	20	1
2	4	1
124	125	1
16	21	1
152	157	1
68	69	1
35	90	1
136	137	1
