126	126	2
55	134	2
15	62	1
58	58	2
100	100	1
61	61	1
121	121	3
124	124	4
106	112	1
81	81	6
127	127	2
0	0	2
17	123	1
17	17	3
19	29	1
33	33	3
86	127	5
86	86	6
112	112	4
92	102	1
5	5	4
48	48	1
60	60	1
120	120	3
44	44	3
87	88	3
75	75	2
95	95	4
28	28	2
3	7	1
11	12	2
77	77	7
117	120	1
57	59	1
118	119	7
67	68	1
34	36	1
80	80	3
80	88	1
19	21	2
37	128	1
120	121	1
133	133	3
17	57	1
89	91	1
57	57	1
20	20	5
62	130	1
100	101	1
97	98	2
100	131	1
59	102	1
12	12	2
94	95	1
33	39	1
23	23	2
116	116	2
97	107	2
82	82	3
2	114	1
82	94	2
29	30	2
67	67	2
18	134	1
61	117	1
35	35	3
20	58	1
104	113	2
28	29	2
87	104	1
132	132	3
123	128	1
125	125	2
59	119	1
11	22	1
77	78	2
103	105	1
2	69	1
117	117	6
25	25	4
31	31	1
108	111	3
85	85	2
16	67	2
74	74	2
21	22	2
45	45	3
31	105	1
8	9	1
130	131	1
106	106	1
18	18	4
68	68	2
27	28	1
108	108	2
21	21	2
69	116	3
6	23	1
35	36	1
96	96	3
9	9	1
16	59	2
66	66	2
61	62	3
65	65	1
102	102	1
110	110	1
70	74	1
46	46	3
7	41	1
7	7	1
36	37	1
103	104	1
124	128	1
39	40	1
6	6	2
68	78	1
11	11	2
96	97	1
83	83	1
10	23	3
37	37	1
126	133	1
119	119	2
17	59	1
105	105	3
32	35	1
103	103	1
84	85	2
79	79	1
27	30	1
73	75	1
82	106	1
30	30	2
59	59	1
20	22	1
116	119	1
56	57	1
18	20	1
111	111	2
73	73	2
61	108	1
62	62	1
92	93	1
99	100	1
57	125	1
3	3	2
82	83	3
11	18	1
41	41	1
91	91	1
100	124	1
39	39	1
2	2	1
2	7	2
80	93	1
59	88	1
11	17	1
22	22	1
73	117	1
93	123	1
25	26	1
13	14	1
101	102	2
29	82	1
17	108	1
35	43	1
17	125	1
26	28	3
94	96	1
106	127	1
72	72	4
41	42	2
92	92	4
3	33	1
107	107	1
132	133	2
100	113	1
116	121	1
104	104	1
43	44	2
20	56	2
84	86	1
79	124	1
29	41	1
26	29	1
115	115	1
3	124	1
104	129	1
21	27	1
128	129	2
134	134	2
80	114	1
6	28	1
21	26	2
31	41	1
8	8	1
69	114	1
38	116	1
29	33	1
3	10	1
21	70	1
68	70	1
57	60	1
127	130	1
71	111	1
96	99	1
87	126	1
116	120	1
16	60	1
19	28	1
19	19	1
92	123	1
33	42	1
19	134	1
87	87	1
107	111	1
84	84	2
16	17	1
94	94	1
93	124	2
101	123	1
104	105	1
118	118	1
117	119	1
79	80	1
14	24	1
76	77	1
97	97	2
114	114	1
76	76	1
71	72	1
70	70	1
86	134	1
23	26	1
51	111	1
111	112	1
66	112	1
115	121	1
47	47	1
10	10	1
36	121	1
18	117	1
109	133	1
114	115	1
26	26	1
0	21	1
36	36	1
36	63	1
