14	14	3
18	18	3
35	111	1
58	58	2
145	171	1
67	67	4
54	55	3
124	125	3
68	68	2
174	175	5
15	33	1
83	83	3
65	65	3
16	81	1
12	12	6
24	25	1
70	70	6
114	115	1
125	176	1
134	135	4
112	119	1
160	161	2
120	183	1
171	171	2
69	84	1
179	187	1
54	54	2
195	195	3
46	59	1
183	183	3
156	160	2
23	24	3
186	186	8
160	160	4
54	74	1
120	120	4
22	22	4
7	7	10
179	179	4
102	148	1
24	48	1
12	43	4
139	139	4
127	138	2
145	170	1
79	80	2
9	9	5
3	3	5
101	101	7
116	118	2
164	164	4
106	106	2
133	133	7
19	19	9
151	159	1
181	181	4
131	132	2
167	167	1
184	184	6
10	10	5
99	100	5
193	194	2
7	15	2
188	188	7
45	107	1
35	35	4
48	48	4
27	27	3
124	173	1
73	75	4
86	166	1
55	56	1
32	186	2
71	73	1
177	177	3
104	140	1
18	144	1
8	9	2
132	132	5
84	84	2
143	164	1
15	15	3
38	79	1
26	81	1
159	163	1
61	61	2
86	87	1
37	40	1
34	70	2
142	143	2
34	34	3
143	147	1
101	103	1
99	99	5
17	17	5
174	176	1
30	30	5
9	10	2
54	62	1
105	105	1
140	140	5
112	112	8
185	185	5
36	42	1
53	65	1
145	181	1
23	23	6
55	55	5
48	89	1
190	190	2
152	161	1
10	11	2
30	117	1
133	166	1
76	81	1
75	76	3
194	194	5
85	85	3
115	115	4
88	88	2
21	21	3
108	108	2
63	63	6
69	70	2
39	73	1
13	61	1
104	105	1
37	185	1
188	189	2
187	188	1
168	169	1
134	180	1
135	135	3
19	20	1
100	100	4
149	150	1
103	107	1
96	186	1
107	107	3
62	84	1
8	74	2
97	101	2
101	102	1
88	89	4
95	98	1
99	173	1
124	132	1
51	152	1
1	1	6
34	35	3
106	108	2
132	166	2
121	122	1
120	185	1
157	173	1
172	172	3
67	68	2
191	192	1
147	147	2
53	53	4
142	142	3
118	142	4
33	87	1
51	195	1
112	143	1
62	129	1
32	32	4
37	37	4
46	46	6
73	76	3
97	97	1
124	140	4
9	12	1
194	197	1
11	11	2
119	119	4
28	28	3
192	192	3
158	159	1
169	172	1
26	26	2
189	189	3
145	146	2
31	59	1
141	141	1
143	143	1
38	38	2
64	64	3
153	153	2
20	134	4
131	131	2
51	88	2
79	79	2
63	64	2
76	76	1
160	186	1
56	57	2
147	148	1
110	161	1
0	35	1
104	104	3
118	118	3
28	31	1
66	66	1
109	110	1
89	90	2
21	161	1
38	81	1
74	74	4
186	187	3
165	178	2
132	191	1
64	151	1
152	154	1
127	127	4
18	19	2
21	22	1
8	120	1
57	80	1
44	44	4
151	151	4
121	121	3
20	20	2
145	148	1
82	84	1
72	75	1
107	166	1
42	42	3
5	52	1
61	145	1
78	78	4
11	13	2
61	65	1
85	185	1
73	73	3
24	24	6
143	144	2
103	104	5
113	187	1
46	64	2
110	111	3
108	142	1
154	155	1
46	48	3
175	176	1
131	157	2
112	189	1
117	120	3
74	80	1
162	162	2
189	190	1
14	15	1
20	21	1
113	113	4
140	155	2
81	81	3
40	45	1
10	51	1
175	178	1
18	75	2
169	169	5
46	69	2
81	82	1
98	98	3
48	54	1
143	194	1
117	118	1
108	161	1
37	88	1
138	138	2
131	137	2
161	163	2
63	162	1
57	57	2
63	72	1
168	185	1
143	178	1
166	177	1
114	114	5
41	41	2
1	88	1
116	116	4
42	44	1
191	191	3
82	83	2
26	53	2
29	29	2
148	186	1
38	51	2
95	182	2
34	36	1
138	146	2
36	37	1
25	25	2
126	139	1
38	89	1
29	30	4
128	128	1
116	117	1
47	57	2
52	187	1
90	90	1
40	40	2
97	98	1
30	32	1
102	191	1
39	49	2
80	81	1
6	34	1
31	81	1
60	60	3
177	185	1
96	97	3
197	197	1
32	33	1
163	164	2
28	70	1
17	27	1
155	178	1
110	165	1
62	62	4
168	170	1
111	111	3
124	124	3
66	69	1
39	43	2
148	148	1
61	85	1
22	65	1
49	49	6
11	14	1
69	69	5
0	1	1
101	146	2
130	133	1
112	151	1
82	82	4
45	58	1
145	155	1
27	28	3
129	129	1
126	189	2
114	168	1
158	158	2
167	168	1
60	160	1
43	71	1
152	182	1
157	157	6
185	186	1
109	109	4
166	166	2
100	124	1
96	96	3
14	134	1
25	26	1
41	103	1
68	87	1
155	177	1
187	187	3
64	68	1
130	130	1
54	56	1
47	47	2
30	31	2
10	19	1
132	190	1
13	14	1
75	85	1
50	50	1
96	98	1
83	84	1
145	145	2
155	179	1
52	52	1
20	182	1
109	147	1
177	182	1
72	72	2
33	35	1
28	61	1
139	140	2
3	4	1
117	119	1
166	185	1
52	150	1
180	180	2
176	182	1
132	160	1
174	174	1
177	181	1
151	164	2
107	109	1
51	135	1
156	157	1
124	182	1
94	94	2
27	78	1
76	77	1
71	71	2
9	157	1
74	75	1
16	17	1
59	101	1
146	187	1
110	183	1
192	193	1
105	106	1
13	13	1
176	178	2
106	110	2
156	174	1
11	32	1
72	76	1
166	192	1
187	191	1
65	153	1
122	122	2
131	138	1
142	173	3
159	159	3
8	29	1
20	25	1
56	78	1
0	120	1
181	182	1
176	177	1
106	179	1
11	45	1
104	180	1
163	163	2
28	128	1
118	172	1
2	4	1
24	26	1
162	164	1
17	18	1
134	134	2
10	20	2
132	135	1
173	180	1
146	146	1
1	22	2
196	196	1
119	185	1
97	146	1
126	127	2
94	96	2
57	77	1
141	173	1
93	121	1
0	81	3
179	180	1
183	184	1
22	23	1
77	77	1
70	71	1
186	191	1
13	19	1
8	97	1
4	15	1
82	86	1
93	94	2
0	6	1
126	138	1
39	119	1
3	5	2
4	4	2
134	148	1
117	117	1
8	23	1
36	38	1
21	49	1
130	142	1
61	62	1
40	99	1
105	188	1
46	47	1
112	139	1
161	162	1
35	83	1
9	185	1
14	18	1
170	170	2
25	29	1
128	129	1
96	172	1
164	165	1
114	127	1
16	76	1
178	179	1
148	174	1
37	83	1
39	153	1
163	176	1
105	187	1
4	70	1
35	36	1
95	95	3
33	88	1
165	167	1
22	181	2
19	51	1
137	137	3
115	141	1
101	190	1
193	193	1
3	41	1
98	99	1
2	157	1
11	88	1
155	160	1
111	119	2
113	132	2
25	28	1
23	60	1
179	181	1
9	89	1
12	32	1
164	166	1
170	171	1
28	34	1
123	123	1
79	84	1
0	99	1
110	110	2
36	106	1
132	134	1
123	164	1
25	27	1
97	125	1
163	187	1
13	24	1
125	125	1
141	190	1
95	175	1
84	85	2
152	194	1
6	6	1
1	2	1
73	81	1
8	80	1
69	77	1
16	16	1
15	159	1
60	86	1
85	168	1
152	168	1
60	149	1
15	174	1
161	161	1
137	138	1
96	139	1
95	183	1
163	193	1
65	66	2
12	48	1
66	85	1
102	139	1
106	107	1
31	31	1
36	87	1
2	3	1
29	44	1
150	176	1
87	88	1
127	193	1
154	154	1
48	56	1
24	32	1
125	126	2
89	89	1
93	95	1
60	61	1
47	58	1
43	43	1
115	190	1
136	136	1
95	96	1
