149	157	1
176	176	2
164	164	3
138	138	2
32	32	4
148	148	5
106	121	3
126	133	1
191	191	4
135	137	1
154	154	2
109	111	5
81	81	9
35	35	4
123	124	2
58	60	1
101	103	1
192	192	2
140	140	3
151	158	1
89	90	4
117	117	1
167	171	3
45	45	6
94	95	5
111	113	3
18	57	2
101	101	3
108	108	1
17	19	2
62	62	5
6	7	4
146	146	2
167	174	1
37	37	3
7	7	1
65	67	3
96	98	1
57	61	2
180	180	3
181	181	1
85	86	4
118	118	2
102	102	1
48	48	1
179	180	3
166	166	1
19	24	1
74	75	1
145	145	1
70	82	3
126	126	2
149	149	2
165	175	1
28	36	4
65	134	2
171	171	3
187	194	1
106	127	1
29	29	2
187	188	3
107	127	1
136	136	1
160	160	5
126	132	3
130	135	3
156	156	7
78	79	1
70	70	3
33	37	2
179	179	1
195	195	1
54	54	1
12	12	2
141	141	2
121	122	3
60	61	3
133	135	2
150	150	4
104	105	4
64	64	4
183	183	3
89	89	5
196	196	1
124	133	1
55	55	2
186	195	3
23	23	5
53	53	1
58	58	2
36	38	2
25	25	1
38	38	2
99	99	3
146	151	3
56	64	1
191	192	1
52	52	1
184	184	3
129	129	3
22	23	1
87	105	1
95	95	2
64	65	3
98	98	1
104	104	3
187	187	1
28	30	1
170	173	1
44	45	4
30	31	1
100	104	2
94	94	4
44	59	2
141	167	1
18	18	3
60	60	2
43	46	2
16	17	4
109	110	1
163	164	3
110	110	1
71	71	1
44	44	1
160	177	1
190	194	1
14	14	4
72	77	2
156	162	1
106	106	3
127	128	1
61	63	1
121	121	1
93	96	1
87	121	3
144	161	2
19	19	4
67	71	1
152	152	3
76	81	2
120	121	3
119	119	2
101	102	2
104	106	3
170	179	1
129	141	2
111	112	1
122	122	2
191	193	1
87	132	1
146	161	1
159	160	3
109	164	3
97	98	2
86	86	2
115	115	2
152	165	1
129	130	3
42	42	3
65	65	4
76	76	3
9	9	3
54	56	1
35	68	2
57	58	1
1	1	3
160	163	1
135	135	3
75	78	1
135	139	1
125	125	1
56	56	1
107	108	2
145	150	1
0	2	1
76	78	1
28	28	3
47	48	2
131	131	2
168	169	1
130	130	1
98	105	1
85	101	1
83	147	2
75	76	2
28	69	1
120	120	3
64	136	1
83	83	2
25	26	2
71	81	1
147	147	1
17	17	1
142	149	2
193	193	1
68	68	3
105	109	1
116	117	2
3	3	3
170	171	1
28	29	1
193	194	1
157	158	1
43	56	1
67	67	1
20	20	4
37	63	1
26	26	2
50	50	1
42	43	1
138	143	2
15	15	1
15	16	2
88	131	1
46	67	1
182	196	1
144	144	1
77	78	1
18	19	2
117	139	1
162	189	2
140	167	1
167	169	2
33	33	3
63	64	1
155	155	3
69	71	2
120	124	1
103	103	3
87	89	1
96	96	2
130	134	1
138	141	2
88	99	2
73	73	1
35	36	1
167	167	1
112	117	1
157	157	4
22	22	1
140	141	1
20	21	1
153	158	1
81	82	1
174	174	1
40	42	1
105	107	1
133	133	2
172	172	3
171	180	3
168	174	2
2	2	1
72	72	1
57	57	1
142	170	1
79	80	2
175	177	1
182	182	1
176	177	1
154	155	1
186	186	3
80	80	1
128	142	2
188	188	2
106	111	1
114	161	1
30	73	1
70	79	1
6	33	2
115	164	1
134	134	1
141	171	1
45	68	1
5	8	1
177	178	2
169	170	1
83	148	1
70	71	1
136	137	1
126	127	1
108	126	1
59	59	1
170	170	4
44	46	1
94	96	1
5	7	1
79	79	1
165	165	1
142	145	1
75	75	1
143	144	1
43	43	3
141	156	1
72	73	1
163	189	1
102	104	1
37	39	1
149	150	3
43	139	2
181	182	1
169	189	1
106	107	1
140	182	1
93	94	1
114	114	1
190	191	2
44	48	1
43	52	1
132	132	1
2	3	1
86	114	1
82	83	1
53	55	1
73	76	1
171	195	1
78	78	1
113	115	1
105	111	1
26	27	1
71	72	1
83	84	1
166	176	1
150	167	1
128	129	1
178	178	1
0	0	1
180	181	1
