78	78	12
104	105	3
27	27	14
95	127	3
111	111	13
28	28	12
72	73	9
130	130	7
49	127	3
33	38	3
71	72	4
57	57	14
120	120	16
102	102	4
75	75	19
32	77	1
72	74	1
85	85	11
26	26	5
93	93	5
95	95	14
110	110	7
70	70	6
33	44	5
33	33	5
71	73	2
90	91	3
63	63	7
119	119	7
9	10	2
134	134	9
99	99	4
61	68	3
64	64	6
103	103	7
81	87	3
16	17	1
83	83	13
91	91	4
77	77	9
113	113	8
55	55	11
67	67	15
93	116	1
73	73	5
120	123	2
14	23	6
124	124	11
81	88	2
79	110	3
121	121	32
107	108	8
118	118	11
122	122	2
75	76	6
38	39	1
66	66	9
62	62	8
18	18	18
47	47	27
126	126	2
4	4	13
31	31	4
20	22	1
35	37	3
1	2	11
39	96	2
127	131	1
7	9	2
76	119	2
0	0	12
23	23	5
45	134	1
59	59	7
110	111	13
45	45	6
30	30	6
72	72	10
63	64	11
96	99	4
24	25	3
71	71	5
84	87	2
26	29	3
80	83	4
97	98	4
123	131	4
79	88	3
106	112	1
46	47	9
44	44	24
36	36	5
90	93	3
25	25	1
4	5	4
3	3	7
69	70	3
14	14	5
92	93	2
34	98	5
10	11	7
6	6	8
43	44	2
121	123	9
12	14	6
46	46	6
68	68	13
10	10	4
79	79	6
23	26	7
132	133	2
35	35	6
97	97	3
94	95	1
5	5	3
17	17	3
74	75	4
9	11	2
68	70	4
36	99	5
14	92	3
80	100	1
78	79	6
73	134	2
131	132	1
96	96	5
26	27	5
22	23	1
114	114	2
106	106	3
89	94	2
19	20	10
116	116	3
79	80	6
79	111	3
80	88	2
70	117	4
128	130	4
98	99	3
32	32	2
12	18	3
126	129	1
108	108	4
74	76	2
107	125	4
20	20	5
26	43	2
123	123	5
117	119	2
89	89	3
76	76	3
112	113	2
36	95	3
74	74	8
82	82	1
2	2	4
44	97	3
50	50	6
128	128	1
112	112	4
42	56	2
34	34	3
67	70	4
125	125	1
39	40	3
14	15	3
39	41	6
117	117	6
41	57	1
39	98	3
38	38	2
1	1	3
61	61	2
65	65	3
123	132	2
115	115	2
38	99	3
15	17	2
7	7	4
45	46	1
59	102	2
17	18	2
5	7	2
10	72	4
70	99	2
105	105	2
100	100	5
126	132	2
42	42	4
112	114	2
59	60	1
60	60	1
10	48	2
61	62	2
102	121	3
33	34	2
92	92	1
94	94	1
133	134	2
66	68	1
73	74	2
11	19	1
8	8	1
45	59	1
120	122	1
34	45	2
11	11	1
78	82	1
9	9	1
6	7	1
103	126	1
124	125	2
107	107	1
85	86	1
40	40	1
37	37	1
76	120	1
77	78	1
