44	44	15
168	169	3
176	179	3
94	100	4
57	57	5
98	98	25
164	164	19
11	11	13
113	114	13
183	183	14
40	40	8
179	180	2
97	98	9
131	131	14
142	143	6
2	2	15
72	73	21
32	32	16
177	177	15
167	167	5
35	35	10
82	82	8
150	151	8
181	181	14
33	33	16
80	114	5
34	35	1
172	172	28
99	99	11
121	136	2
142	144	6
48	64	6
90	90	9
43	46	8
152	153	6
91	150	3
132	132	3
187	187	7
182	182	15
163	163	16
97	97	6
31	32	5
121	121	13
152	152	11
148	148	19
71	71	21
167	180	4
139	139	7
56	56	17
158	158	25
145	145	12
0	0	11
95	95	21
184	184	14
2	5	1
169	169	14
53	53	7
141	182	1
79	79	4
22	22	25
7	7	21
128	128	15
186	188	4
4	4	11
115	115	6
122	163	3
56	57	2
39	39	13
176	176	13
45	45	11
173	173	15
87	87	8
88	88	11
178	179	4
71	72	7
133	133	19
77	77	25
183	186	5
58	58	27
6	7	3
132	134	4
78	109	8
160	162	3
174	180	3
43	43	14
68	68	4
117	118	10
81	83	5
109	109	7
71	74	4
95	114	4
4	75	1
95	101	2
75	77	2
117	117	12
171	172	4
16	16	11
27	27	15
73	129	11
151	151	12
159	159	16
139	174	5
106	106	11
160	160	2
81	81	16
96	101	3
135	135	10
19	20	7
164	165	5
122	122	5
89	89	13
114	114	5
6	17	4
13	13	18
174	174	12
75	110	7
142	142	7
21	22	8
98	117	1
142	160	2
146	146	11
108	112	5
36	37	2
74	108	5
83	83	16
74	118	2
70	138	4
124	124	18
115	116	3
108	113	3
12	13	9
18	18	12
134	135	14
135	136	4
62	62	13
9	46	1
19	19	9
8	19	2
31	54	5
39	40	7
65	66	13
61	61	10
63	63	14
31	33	2
67	67	13
72	72	3
36	41	1
55	55	14
127	128	6
111	111	12
24	26	5
81	82	3
171	171	12
78	78	10
75	79	5
104	147	1
120	120	14
74	110	1
6	6	20
84	84	9
133	134	2
4	5	2
143	167	1
157	158	14
143	143	3
166	182	5
149	149	7
11	12	9
55	57	3
83	140	3
37	37	16
116	116	7
96	96	25
25	25	7
146	153	1
29	29	11
102	102	9
105	156	3
130	130	12
127	127	9
23	23	4
33	34	7
126	126	2
70	93	4
18	19	3
66	67	5
82	131	7
85	86	7
116	181	3
113	113	18
163	179	1
164	166	5
24	25	7
8	8	7
137	137	11
94	94	12
166	167	2
101	101	4
0	23	4
24	24	10
112	112	4
132	133	5
165	180	7
11	46	1
125	125	13
153	153	10
108	108	19
85	85	12
48	48	6
147	147	9
15	16	3
75	75	6
46	46	7
103	103	5
174	190	4
60	129	4
45	66	5
117	155	3
139	141	1
162	163	6
32	33	6
165	165	21
61	72	5
113	149	2
29	41	1
107	108	2
57	58	7
130	180	2
59	125	3
54	55	3
55	56	6
99	105	1
136	137	11
90	145	1
109	111	5
74	75	2
135	138	2
62	149	3
42	42	7
136	136	21
9	11	5
28	74	4
36	43	4
129	149	6
10	10	11
72	148	3
90	93	6
28	29	6
70	71	4
58	110	1
5	6	1
11	47	5
172	187	1
118	119	2
80	80	9
27	28	7
99	100	8
89	90	2
124	153	2
164	175	2
44	45	3
3	55	3
150	152	2
164	170	5
96	116	2
147	150	2
60	61	6
0	75	5
78	79	4
162	178	2
170	178	4
64	67	1
155	155	15
76	144	4
75	123	1
25	26	4
87	88	3
48	113	5
53	156	2
168	168	9
166	166	2
1	1	8
83	84	4
74	74	4
61	108	1
182	183	8
154	154	5
134	134	14
177	178	6
159	160	3
22	23	8
38	38	7
141	141	6
125	126	6
3	7	2
26	26	7
16	17	8
75	143	1
92	93	11
170	170	4
86	106	6
0	1	2
67	68	4
131	133	4
131	154	3
4	10	3
36	36	8
95	103	2
155	156	10
41	41	8
2	8	3
142	145	1
150	150	9
57	72	5
91	92	1
130	131	9
58	59	1
82	139	2
163	164	5
35	36	8
157	157	9
106	107	1
175	176	4
146	148	4
76	143	4
147	172	7
122	123	3
131	137	3
104	104	8
141	151	2
176	178	1
170	173	2
100	101	4
170	177	5
12	12	4
175	190	2
141	164	2
56	78	3
123	123	2
127	131	4
32	52	5
180	180	11
104	105	3
186	186	6
21	21	9
12	49	2
64	64	12
105	105	5
41	45	1
130	146	5
13	43	2
136	180	2
183	184	3
94	113	2
161	161	6
91	91	12
172	174	2
163	171	2
4	13	4
119	119	7
88	100	2
184	186	4
189	189	5
96	98	2
63	64	2
80	81	6
150	153	1
175	175	8
71	91	1
108	109	2
65	67	5
30	30	6
188	188	6
19	39	4
110	111	2
138	138	11
129	129	5
113	156	2
71	73	3
59	59	9
25	37	2
100	100	7
145	148	1
110	110	10
4	17	7
80	83	4
124	125	5
62	63	4
99	118	2
90	150	1
22	41	1
115	172	2
186	187	3
147	148	5
146	147	3
113	155	2
159	162	1
1	24	2
89	95	2
47	47	6
142	153	2
104	111	1
26	28	4
15	15	11
71	81	2
137	165	5
10	11	8
64	65	5
29	30	2
17	37	3
131	134	7
153	154	2
156	156	6
184	185	1
146	152	1
178	178	5
34	36	3
179	179	11
24	36	1
1	2	6
72	81	1
34	34	10
2	76	1
43	44	1
9	26	1
36	44	2
25	39	3
5	5	3
3	3	15
119	127	2
28	73	2
101	122	3
99	102	1
78	80	3
6	13	3
87	146	2
154	155	1
5	7	6
118	118	5
24	30	1
167	168	3
2	42	2
132	168	2
190	190	7
180	189	7
107	156	2
66	66	8
36	42	3
137	138	2
140	182	2
75	76	5
185	186	3
104	130	2
107	111	1
185	185	9
14	14	7
42	44	3
169	174	4
188	189	7
103	104	4
174	175	8
61	62	1
125	136	2
20	20	2
57	81	1
169	177	4
126	139	1
32	35	2
121	175	1
143	144	3
109	123	2
86	147	1
144	146	2
33	35	1
133	160	1
148	155	3
54	85	1
138	139	1
47	48	3
93	93	6
140	140	6
79	129	1
156	157	1
22	43	1
17	18	2
147	149	2
24	31	2
66	68	1
181	183	2
96	123	1
107	107	6
28	28	6
119	125	2
22	24	2
11	43	3
55	66	5
117	119	2
62	95	1
100	118	6
4	6	1
14	15	6
101	113	1
162	162	10
74	83	4
114	115	2
99	121	3
7	19	1
124	150	3
13	15	2
70	70	2
68	78	2
131	155	2
111	112	3
133	144	3
27	29	2
68	113	1
91	103	3
59	61	2
187	190	5
14	43	1
81	136	1
128	136	1
25	44	2
3	5	1
141	144	2
93	108	1
131	135	1
25	27	1
145	164	2
103	107	1
67	93	3
73	73	3
136	144	3
78	154	3
140	141	4
108	154	2
17	19	1
60	77	1
31	31	2
79	80	2
48	57	2
185	187	2
174	182	2
131	148	1
120	122	2
120	176	2
22	42	2
34	39	7
81	114	3
182	184	1
84	185	1
69	94	3
166	171	2
141	142	2
162	175	2
60	78	1
3	10	1
6	9	2
86	87	3
26	44	1
29	38	1
163	166	2
130	150	2
3	8	1
168	176	2
161	176	1
171	189	1
26	27	1
74	80	4
126	143	2
133	136	3
74	123	1
76	76	5
8	46	1
60	62	2
107	120	1
60	60	3
101	103	2
151	183	1
53	60	1
144	144	6
95	115	1
98	99	1
52	52	1
86	143	1
12	47	1
172	173	2
108	111	2
13	18	1
115	187	2
140	173	1
104	154	1
73	110	1
65	68	2
151	152	1
29	39	1
48	49	2
62	154	1
129	130	3
17	17	1
128	129	3
54	56	1
12	46	1
156	158	1
91	104	1
43	47	1
82	138	1
187	189	1
70	80	1
92	92	2
98	101	1
7	17	1
123	124	1
57	80	1
116	136	1
79	81	1
65	69	1
3	17	1
136	179	1
118	121	2
78	108	2
68	94	1
101	102	1
46	47	1
138	140	1
107	155	2
65	71	2
5	10	1
83	92	1
146	183	2
135	137	2
182	185	2
3	4	2
127	145	2
116	137	4
6	48	1
53	54	1
6	46	1
76	123	1
83	184	1
87	89	1
20	21	1
54	54	1
61	110	1
134	168	1
27	31	1
112	113	1
30	31	1
95	102	1
99	117	1
128	150	1
27	79	1
94	97	1
123	150	3
180	181	1
98	102	1
40	41	2
75	141	1
84	85	1
128	148	1
27	73	1
54	86	1
142	146	1
61	63	1
126	127	1
75	80	1
4	28	1
53	61	1
