3	10	1
3	3	2
120	124	1
56	56	1
28	28	2
79	79	3
106	107	3
3	99	1
11	11	1
85	85	2
60	65	1
105	105	2
65	83	2
53	54	2
73	84	1
63	63	3
80	80	6
75	75	3
28	68	2
114	131	3
77	77	2
113	131	1
78	78	3
92	92	3
113	113	7
51	53	1
52	75	1
97	111	1
127	130	2
80	82	1
84	84	2
110	110	8
128	128	2
18	18	1
20	25	1
41	41	3
128	131	1
19	20	1
103	103	3
82	82	4
116	116	3
71	88	1
118	118	2
84	120	1
106	106	5
16	16	2
10	10	2
53	94	1
34	34	1
19	19	8
103	130	2
43	43	3
5	22	1
126	130	3
5	48	1
109	109	3
44	59	1
22	22	2
74	96	1
98	98	3
57	57	5
12	69	1
9	18	1
51	51	3
23	32	1
26	26	2
12	17	3
1	83	1
107	111	3
91	100	2
49	49	3
121	121	2
74	97	1
117	117	2
76	76	3
45	45	6
66	67	1
52	52	2
95	120	2
59	67	2
83	120	2
129	129	2
49	57	1
82	85	1
18	19	3
84	89	1
103	131	2
65	65	3
104	106	1
74	90	2
27	27	3
120	120	1
54	54	3
50	50	3
20	20	2
131	131	2
49	53	1
60	60	5
6	31	3
50	53	2
81	82	2
11	14	1
5	14	1
42	42	2
55	77	1
54	65	1
112	112	3
133	133	1
97	98	1
67	67	5
112	125	1
87	87	2
93	93	2
23	97	2
81	81	7
0	0	1
5	5	1
72	72	2
57	58	2
124	124	2
62	74	1
62	62	1
70	70	4
40	40	1
86	86	2
21	34	1
12	20	1
48	48	7
53	111	1
94	94	2
112	113	2
64	69	1
64	64	1
31	31	2
71	72	1
71	71	4
26	29	2
68	69	1
40	67	1
92	93	1
115	119	1
121	122	1
65	80	1
55	55	4
11	12	1
14	31	1
98	128	1
95	95	1
30	30	5
66	66	1
67	86	1
115	117	2
96	96	4
100	100	2
29	30	2
26	93	1
1	25	1
126	132	1
0	7	1
58	66	2
93	94	2
123	124	1
13	13	1
132	132	2
3	93	1
115	115	1
42	71	2
118	120	1
42	43	1
46	47	1
15	15	5
12	29	1
98	99	1
5	11	1
97	120	2
5	19	1
1	24	1
12	12	1
77	90	1
12	31	1
74	74	2
105	106	1
29	29	3
89	89	2
8	8	1
44	47	3
25	25	3
43	57	2
42	45	1
10	30	1
126	126	1
61	74	1
97	131	1
21	118	2
121	124	1
71	75	1
33	33	1
56	73	1
114	114	2
61	62	1
33	38	1
128	129	1
78	79	1
64	89	1
73	97	1
12	30	3
2	11	1
83	84	3
117	131	1
26	31	1
69	69	1
119	131	1
21	21	1
77	78	1
97	99	3
80	91	2
92	98	1
91	93	1
41	48	2
53	73	1
11	34	1
108	109	2
22	23	1
90	90	1
64	65	2
126	127	2
63	71	1
5	99	1
63	69	1
127	127	2
9	63	1
63	64	1
52	54	1
16	85	1
124	125	1
2	2	1
60	120	1
16	28	1
58	65	1
63	86	1
14	29	2
58	58	1
43	47	1
119	120	1
54	57	1
91	92	1
9	14	1
14	14	1
91	101	1
51	62	1
79	80	1
6	6	1
104	104	2
59	66	2
112	117	1
106	118	1
109	111	1
68	70	1
98	112	1
73	80	1
64	68	1
53	53	1
53	58	1
56	69	1
26	77	1
22	118	1
39	41	1
88	92	1
126	131	1
112	116	1
69	88	1
28	29	1
9	9	2
123	123	1
47	47	1
68	68	1
54	76	1
88	88	1
111	111	1
51	52	1
85	88	1
113	114	1
99	99	1
15	17	1
119	119	1
38	39	1
77	99	1
