85	87	1
12	12	3
101	104	1
80	82	3
64	65	4
65	66	3
117	118	1
52	52	2
115	116	1
121	122	1
74	75	1
126	126	4
28	28	2
21	21	1
85	91	1
123	123	3
12	14	1
54	62	1
140	141	1
112	113	5
63	63	2
10	10	2
68	69	1
33	33	1
99	99	2
78	78	1
64	88	2
124	126	2
54	86	2
71	72	1
64	66	1
117	117	1
9	10	2
132	132	3
4	5	2
60	61	2
35	36	2
127	128	1
115	115	1
101	103	4
64	64	2
114	115	3
89	90	2
53	54	2
32	32	3
93	93	1
101	101	2
118	118	4
130	131	2
102	103	1
40	41	1
134	134	1
79	131	1
75	75	2
34	35	3
27	27	1
105	105	1
41	42	1
40	40	1
70	70	2
39	39	3
71	71	1
37	38	2
100	101	2
54	55	1
113	117	2
111	113	3
122	122	2
94	94	2
49	49	3
51	51	2
82	100	1
21	27	1
110	110	3
62	63	1
102	104	1
58	58	2
21	32	2
50	53	1
15	17	2
114	116	1
58	66	2
80	80	2
17	18	3
13	19	1
43	66	1
19	19	1
83	100	1
113	113	4
5	57	1
57	57	2
58	64	1
24	24	2
61	90	1
139	139	1
81	81	1
115	117	1
16	16	4
114	114	1
50	113	1
53	53	1
13	13	1
82	82	1
128	129	2
67	85	1
87	88	3
131	131	1
99	103	1
31	31	2
52	71	2
116	117	2
33	34	3
85	85	2
73	73	1
56	56	1
136	136	1
81	88	1
68	68	1
87	96	1
42	54	2
82	136	2
89	89	1
125	125	1
19	32	1
132	136	2
14	18	1
62	89	2
36	38	1
60	62	1
98	98	1
50	112	2
97	97	5
95	96	2
49	72	2
118	119	2
14	14	1
62	64	1
38	48	1
34	49	1
90	90	2
88	88	1
72	73	2
25	25	1
100	113	1
59	61	1
48	62	1
93	94	1
48	66	1
106	106	2
76	77	1
6	116	1
59	65	1
9	9	2
28	30	1
59	59	1
36	73	1
133	133	1
134	136	1
103	103	2
1	1	1
124	124	2
112	112	1
130	132	1
71	80	1
61	63	2
104	104	1
0	0	2
55	55	1
3	4	1
77	78	1
135	135	2
5	112	1
128	128	2
43	43	1
13	36	1
80	81	2
87	89	1
128	139	2
18	18	2
34	106	2
29	48	1
55	64	1
36	36	1
79	79	1
119	119	1
128	133	1
23	23	2
51	74	1
104	113	1
100	100	1
20	21	1
92	93	1
141	141	1
77	81	2
87	87	1
69	69	1
61	61	1
59	93	1
108	110	1
