39	92	1
85	91	1
45	100	1
69	69	2
19	92	1
91	91	4
62	68	3
30	36	1
63	65	1
27	27	1
61	64	1
42	43	2
35	39	1
81	81	2
84	85	2
82	83	1
88	88	3
70	70	1
73	73	4
87	89	1
67	74	1
43	43	3
96	96	6
93	97	3
64	64	2
96	97	5
35	35	3
39	39	6
50	51	2
38	38	2
70	71	1
103	105	4
95	95	2
29	29	2
57	57	2
100	100	3
57	93	1
49	50	1
40	92	3
62	65	3
105	106	1
19	56	1
80	82	1
24	25	3
79	80	1
52	95	1
46	46	2
86	86	1
98	99	1
113	113	2
44	111	1
23	23	1
49	49	1
40	41	1
63	64	2
101	103	1
26	26	1
108	108	2
37	37	3
21	51	1
21	22	3
102	103	2
58	59	1
59	59	2
64	68	1
31	31	1
85	86	1
21	21	1
97	97	2
67	69	1
48	48	1
110	110	3
72	72	3
92	93	1
48	49	3
76	76	1
30	31	1
40	40	1
89	91	1
84	84	2
36	36	3
28	28	1
27	40	1
61	67	1
61	61	2
107	107	1
51	86	1
82	82	3
55	55	1
37	81	1
76	77	2
74	82	1
20	53	1
30	37	1
101	102	1
79	79	1
89	89	2
82	91	1
93	94	3
85	85	1
47	48	1
99	101	1
68	96	1
113	114	1
77	77	1
54	55	1
103	107	1
87	88	1
66	66	3
65	99	2
56	84	1
104	104	1
50	50	3
105	105	1
25	25	2
71	71	2
47	106	1
60	98	1
94	99	1
80	81	1
65	67	1
34	35	1
53	55	1
22	22	1
64	65	1
98	98	1
109	110	1
24	53	1
68	69	1
74	74	1
38	39	1
68	68	1
52	52	1
103	114	1
39	40	1
21	95	1
45	50	1
67	67	1
63	63	1
41	41	1
54	54	1
67	68	1
