6	75	1
66	66	2
75	75	1
59	59	7
76	76	1
70	75	3
39	40	2
10	76	2
58	58	2
2	12	1
69	69	1
73	74	1
9	51	1
76	77	1
8	44	1
10	10	1
8	8	2
61	62	3
60	61	2
38	39	3
60	62	1
8	51	1
67	68	4
60	60	2
25	28	1
69	70	1
46	46	6
23	27	2
14	14	1
10	46	1
35	57	2
70	73	1
55	78	1
54	69	1
34	34	2
24	56	1
53	53	1
9	45	1
37	73	1
47	47	6
25	25	2
22	22	1
1	1	1
0	0	3
23	24	1
4	6	2
55	56	1
72	75	1
45	48	1
11	12	3
10	13	2
61	61	2
26	28	1
48	48	2
35	35	3
26	26	1
68	71	1
29	41	1
63	64	1
73	73	1
62	62	1
25	27	1
74	77	2
5	5	2
40	54	3
34	38	1
23	33	2
50	59	1
29	58	1
45	47	1
3	5	2
38	38	2
37	37	1
8	9	1
23	35	3
50	50	1
24	35	2
68	68	3
64	65	1
32	34	1
52	53	1
27	28	4
19	20	1
50	68	1
29	33	1
70	70	2
72	72	1
1	2	1
33	39	1
75	76	2
31	31	2
21	58	1
23	23	2
13	72	1
44	44	2
39	53	1
32	32	2
22	68	1
28	66	1
38	59	1
20	23	1
24	70	1
6	71	4
51	61	1
29	59	1
12	19	1
23	76	1
52	55	1
51	69	1
12	25	2
30	30	2
28	72	1
40	40	2
50	51	1
42	42	1
36	53	1
64	64	2
6	10	1
66	68	2
36	73	1
24	24	1
8	45	1
4	4	2
65	67	1
0	65	1
4	5	1
59	60	1
56	57	1
41	41	1
28	28	1
56	74	1
31	60	1
38	74	1
66	67	1
74	75	1
11	11	1
