29	29	1
0	26	3
24	24	8
61	61	8
9	30	3
15	22	6
48	48	4
55	56	1
55	55	4
4	7	4
41	59	6
40	56	2
22	22	6
44	47	4
46	46	11
19	19	2
50	50	9
30	30	4
23	23	3
62	62	5
7	37	6
22	23	4
0	7	2
15	15	8
6	20	6
23	50	6
0	6	2
35	35	1
36	36	3
54	54	12
20	20	5
13	13	7
38	38	7
1	16	4
60	61	4
59	60	4
3	4	2
51	51	2
25	25	3
12	12	2
13	15	1
57	57	4
17	25	6
14	17	3
10	11	4
45	45	2
31	31	3
60	60	1
58	58	3
44	55	2
19	26	2
37	51	4
3	3	1
53	61	1
40	58	1
39	56	2
54	56	2
39	53	2
20	21	1
59	59	3
7	7	2
1	17	2
32	32	1
41	61	2
14	14	1
49	49	1
0	51	4
29	38	1
18	19	2
0	1	1
47	48	2
47	47	1
4	4	2
2	2	1
