17	17	6
28	28	7
40	40	13
37	37	3
38	39	5
47	47	8
30	30	2
45	45	3
24	25	2
22	22	2
42	42	4
41	41	13
43	43	9
26	26	4
16	16	6
39	39	8
31	31	5
20	26	3
45	46	9
14	32	2
35	35	10
41	42	3
33	34	7
38	38	2
23	24	4
23	25	11
27	28	5
28	29	2
15	31	4
25	26	3
34	34	11
29	29	3
21	21	5
44	44	3
17	18	2
29	30	7
15	15	5
40	44	2
44	45	2
20	20	2
25	25	2
25	35	2
34	35	1
26	30	3
21	22	3
30	33	1
32	32	4
36	37	6
37	39	3
15	33	1
18	34	3
46	46	2
19	21	1
23	23	5
34	38	2
27	27	2
19	19	1
31	40	1
33	35	1
39	42	2
41	43	3
36	36	1
10	10	1
20	21	1
17	31	1
