107	107	1
6	7	3
5	5	3
20	84	1
61	61	2
68	69	2
92	92	6
9	9	3
8	8	5
12	119	2
24	24	2
11	11	5
122	131	1
1	1	2
117	117	3
25	25	6
7	7	1
82	91	2
64	65	1
34	37	2
5	25	1
113	113	2
74	74	2
21	22	1
127	128	3
70	76	2
110	125	1
13	13	7
111	111	4
84	90	3
8	10	1
106	106	2
94	94	6
113	117	1
85	118	2
66	91	2
126	127	1
10	10	3
37	37	2
14	15	3
70	70	4
70	73	2
105	130	2
30	32	3
116	116	2
94	99	1
120	120	1
69	69	3
33	33	3
121	121	2
14	29	2
101	102	4
20	21	1
54	54	3
68	116	1
69	118	2
26	30	1
126	126	5
30	31	1
11	26	1
109	109	4
1	2	2
5	88	1
62	67	2
115	135	2
64	64	5
102	102	1
78	91	1
30	30	3
129	129	4
21	21	4
59	59	2
6	6	1
56	56	2
0	80	1
4	84	1
50	50	2
20	29	1
2	83	1
16	16	3
27	28	1
115	116	2
44	45	2
5	6	2
0	81	3
9	10	2
125	125	2
27	27	2
17	18	1
22	23	1
55	55	1
7	10	1
101	101	2
94	126	1
43	88	1
108	110	1
77	100	1
59	91	2
34	34	3
114	114	2
60	62	1
128	131	1
58	58	2
87	90	1
125	128	2
36	37	2
29	29	3
123	128	1
122	130	1
135	135	2
14	14	1
119	119	1
82	82	1
17	21	1
16	17	1
114	115	2
78	82	1
81	122	1
78	78	1
53	54	1
67	67	3
86	86	1
1	79	2
52	53	1
83	83	2
90	90	2
57	57	3
68	105	1
62	63	1
24	25	2
108	113	2
20	20	1
95	95	2
14	88	3
83	84	1
61	62	1
82	92	2
0	79	1
25	26	1
19	90	2
23	23	3
105	105	2
122	129	1
31	31	5
98	98	2
112	112	2
15	16	1
109	126	1
17	17	1
5	20	1
43	44	1
62	62	3
86	87	2
16	53	1
33	34	1
44	50	1
110	110	2
51	51	1
122	123	1
119	121	1
87	87	1
43	46	2
71	71	2
35	35	5
102	104	1
37	38	1
111	121	2
65	67	1
77	77	2
18	26	1
33	37	1
0	1	2
124	127	2
19	30	1
20	26	1
56	60	4
70	74	1
55	58	1
85	129	1
56	62	1
116	121	3
120	121	1
7	21	2
5	15	1
15	15	1
60	89	1
68	94	2
13	35	1
4	19	2
34	88	1
99	99	1
83	85	1
123	123	2
124	124	1
10	90	1
73	75	1
55	56	1
28	28	1
62	64	1
95	116	1
63	63	1
111	123	1
58	77	1
111	128	1
1	49	1
19	20	2
52	52	2
2	4	1
57	58	1
89	89	3
9	30	1
73	112	2
84	84	1
104	104	2
47	51	1
76	76	1
97	97	1
56	57	1
92	119	1
96	96	1
86	130	2
10	31	1
124	125	1
29	35	1
