11	12	2
36	99	2
79	80	1
3	33	2
9	9	2
30	30	2
71	126	2
130	130	1
32	32	2
20	22	1
107	107	1
31	31	1
86	86	3
97	98	2
96	98	1
38	38	3
90	91	1
97	97	1
5	98	1
34	35	1
104	117	1
131	131	3
117	117	1
93	93	2
122	122	1
28	28	1
88	89	2
6	6	2
84	85	3
101	115	1
110	110	1
99	99	1
6	32	2
37	37	2
9	12	1
86	109	1
20	20	2
98	98	2
102	119	1
72	72	1
23	24	1
71	102	1
24	24	1
72	112	1
119	119	1
5	6	1
5	5	1
85	85	1
102	103	2
71	111	2
82	85	1
81	81	1
2	78	2
129	130	1
21	22	1
1	1	1
126	126	1
72	107	1
124	124	1
139	139	1
112	116	1
113	113	2
132	132	1
107	110	1
13	13	4
87	88	3
79	79	3
7	7	2
134	134	1
104	104	1
29	30	2
4	4	2
114	114	1
89	90	1
17	19	1
74	74	1
32	100	1
102	102	1
36	36	1
116	116	1
33	35	1
87	87	1
3	35	1
137	137	1
18	31	1
20	21	1
90	104	1
83	118	1
26	27	1
78	82	2
116	117	1
108	108	1
99	117	1
122	126	1
104	108	1
5	99	1
2	5	1
84	84	1
28	29	1
89	101	1
98	99	1
108	109	1
0	19	2
140	140	1
129	129	2
75	75	1
7	8	1
104	105	1
24	26	1
20	28	1
120	120	1
31	32	1
78	79	1
26	26	1
