0	4	1
8	8	2
4	7	1
36	36	3
7	10	1
0	0	1
30	30	3
22	25	1
17	17	1
32	47	2
45	48	1
12	12	2
37	50	1
13	20	2
16	19	1
33	43	1
46	49	3
50	58	1
42	42	2
4	17	1
25	54	3
21	21	1
52	53	1
21	22	3
56	56	1
47	47	1
23	23	1
11	11	1
61	61	2
15	19	1
60	60	4
3	3	2
13	43	1
57	57	1
43	43	3
10	12	2
10	11	2
31	49	2
16	42	1
35	35	1
1	2	2
12	20	2
45	45	1
34	34	4
32	56	1
2	2	3
31	35	3
23	24	1
6	7	1
2	4	1
53	56	1
39	39	4
40	45	2
40	40	2
32	61	1
22	22	1
5	6	1
5	5	2
31	47	2
13	23	1
19	24	1
4	4	2
17	19	1
2	10	1
51	51	4
9	9	1
54	55	1
46	55	1
33	37	1
4	13	2
39	59	1
24	24	1
49	50	1
60	62	1
15	15	1
44	46	1
22	60	2
54	57	2
57	59	1
17	23	1
4	5	1
1	62	1
47	54	1
53	57	1
44	44	1
18	21	1
3	5	1
39	43	1
62	62	1
