8	42	2
108	155	2
137	137	2
146	146	1
49	49	3
66	111	1
15	36	1
92	117	1
35	52	1
29	29	2
99	99	2
65	65	3
136	136	2
34	37	2
136	137	1
76	139	1
95	95	2
7	7	4
118	118	3
148	148	5
25	64	1
116	152	3
131	131	4
36	54	2
38	39	1
86	93	1
8	8	3
151	151	1
98	98	3
122	122	1
76	81	2
18	18	1
123	125	2
90	90	3
139	140	2
17	20	1
1	1	1
124	132	1
133	156	1
15	139	2
5	127	2
135	135	4
55	56	1
97	97	2
48	49	5
96	150	1
30	30	2
6	6	2
9	10	2
50	50	1
124	124	2
92	93	2
134	134	4
118	119	1
97	111	1
81	81	1
26	26	4
103	140	1
18	21	1
91	91	2
17	18	1
85	85	1
53	54	1
8	24	1
8	25	3
98	131	1
78	79	1
4	4	2
92	116	1
68	68	2
80	87	2
83	83	1
66	70	1
123	123	3
103	106	1
108	108	2
13	14	1
118	120	2
100	101	1
19	19	3
134	140	1
5	5	4
41	61	1
83	124	1
12	12	3
139	139	2
92	92	3
149	149	1
87	97	2
125	125	3
103	152	1
1	2	1
79	79	1
25	26	1
79	83	2
1	8	1
93	94	3
23	43	3
42	42	2
134	151	2
52	52	3
41	41	1
105	105	1
96	101	1
41	42	1
73	74	2
88	89	1
122	141	2
88	88	5
78	85	2
2	3	2
79	80	1
24	55	3
43	43	2
11	11	2
110	113	1
44	45	1
85	86	1
110	110	2
27	43	1
45	45	2
105	132	1
83	84	1
52	53	1
107	131	1
113	114	3
90	91	2
101	101	4
116	116	3
102	149	1
82	82	4
21	33	1
62	63	1
96	97	1
33	33	4
24	39	1
19	34	1
35	36	2
145	145	4
76	76	3
24	26	1
128	134	3
106	106	1
123	124	4
140	142	1
47	48	2
124	131	1
22	23	2
109	111	1
32	42	1
90	93	1
20	20	2
104	105	2
126	126	1
40	40	1
45	54	1
34	34	2
12	13	2
126	131	1
67	67	3
19	20	1
68	69	1
153	153	1
52	54	1
28	28	2
150	152	1
111	112	2
8	12	1
14	14	5
2	2	2
83	89	1
155	155	3
107	110	1
101	104	1
120	125	1
103	103	1
32	37	1
16	16	1
3	4	2
93	95	3
158	158	2
113	121	1
65	66	1
36	36	2
125	126	1
18	19	1
131	135	1
15	26	1
89	89	1
8	140	1
64	64	1
10	10	1
52	71	1
84	87	3
23	23	1
100	100	1
77	77	1
152	154	2
133	133	3
15	16	1
130	131	1
128	128	1
15	15	1
31	31	1
120	120	1
49	51	1
119	119	2
19	71	1
138	157	1
115	120	1
3	3	1
131	136	1
75	76	2
63	63	1
80	80	1
14	15	1
39	39	1
48	48	1
154	156	2
112	112	1
34	35	1
112	113	1
77	79	1
24	25	1
28	35	1
80	83	2
121	141	1
132	132	1
15	17	1
124	128	1
3	97	1
38	38	1
107	107	1
149	150	1
140	140	3
9	9	1
152	152	1
4	47	1
121	122	1
144	144	1
68	155	1
13	13	1
32	32	1
122	126	1
17	25	1
17	19	1
132	135	1
101	102	1
37	38	1
154	155	1
93	123	1
127	128	1
64	122	1
31	49	1
144	145	1
138	138	1
86	86	1
11	34	1
103	104	1
82	107	1
147	147	1
75	75	1
37	37	1
84	84	1
28	32	1
157	157	1
56	56	1
51	52	1
5	18	1
46	46	1
23	24	1
113	113	1
84	95	1
111	111	1
