48	48	2
12	57	1
103	103	6
101	102	1
103	150	1
64	157	2
126	132	1
47	47	1
18	107	1
70	153	2
112	136	1
31	32	2
108	135	1
151	151	3
44	44	4
129	129	4
55	56	2
118	118	2
9	9	6
56	56	1
98	156	2
155	156	1
16	52	1
127	127	2
84	85	2
17	17	8
31	34	2
135	135	2
149	149	2
78	78	4
148	155	1
77	141	2
138	139	1
140	140	4
53	53	5
113	113	3
40	52	1
68	68	3
2	2	4
65	155	2
67	68	1
126	126	4
66	68	3
105	106	3
115	116	2
46	49	1
16	45	1
28	64	1
144	145	4
138	155	1
57	57	3
93	105	1
87	125	2
101	101	7
148	148	2
77	77	1
107	140	2
86	86	2
119	153	1
153	154	2
139	139	3
24	24	3
64	64	5
142	142	2
68	70	1
31	54	1
90	90	3
9	15	1
10	10	3
27	27	3
63	63	3
28	28	4
40	41	2
16	16	4
122	133	1
50	50	1
120	120	2
115	139	1
89	90	1
95	95	3
93	96	1
108	108	5
157	157	3
11	11	3
108	136	1
112	112	2
34	34	2
107	107	4
38	42	1
35	35	3
131	136	1
122	122	1
14	41	1
62	67	1
85	85	1
65	117	1
21	87	1
67	113	1
103	124	1
94	104	1
133	134	2
155	158	2
52	53	2
42	42	2
154	154	6
105	105	1
87	90	1
0	0	1
109	110	2
66	89	1
19	20	1
35	42	3
49	49	1
10	37	1
75	75	1
27	32	1
87	136	1
153	153	3
25	25	1
0	30	1
48	78	2
64	150	2
97	97	2
95	100	1
38	44	1
94	119	2
112	158	1
87	88	2
21	21	3
91	91	3
146	148	2
26	27	3
19	45	1
9	43	2
17	51	1
36	36	5
24	44	1
63	64	5
26	26	2
143	143	2
8	13	1
99	100	3
153	156	2
6	91	1
2	53	1
3	34	1
30	30	2
124	124	1
139	140	2
13	14	1
50	51	1
10	16	4
152	154	2
20	57	3
116	116	4
90	119	1
22	22	2
103	104	3
100	100	2
118	119	1
106	134	2
111	111	1
12	12	1
0	33	1
99	130	1
109	109	2
123	123	5
19	91	1
18	48	1
88	88	2
104	105	1
67	123	2
24	26	1
23	24	1
124	125	1
43	99	1
26	83	2
131	132	1
88	89	2
134	142	1
158	158	2
20	20	1
47	127	1
131	131	2
38	38	1
12	13	3
83	85	1
6	77	1
135	137	1
27	83	1
128	128	3
130	130	2
23	23	4
101	107	2
67	70	2
156	156	1
68	121	1
44	45	1
5	5	1
111	134	1
70	152	2
132	132	5
66	73	1
41	41	1
119	119	2
53	56	2
121	121	2
20	42	1
31	31	4
36	37	1
98	98	3
67	153	1
100	101	2
67	90	1
117	135	1
119	134	1
32	33	1
39	39	2
39	134	1
132	133	1
68	108	1
81	81	1
110	110	3
15	45	1
95	119	1
106	107	1
55	55	2
148	149	1
136	136	2
7	7	1
82	82	4
62	70	1
51	51	1
22	106	1
71	152	1
135	136	2
32	34	1
38	39	1
83	83	4
106	106	2
97	110	2
23	38	1
45	45	2
141	142	3
123	124	1
86	136	1
16	48	1
38	146	2
141	141	1
142	143	2
32	38	1
65	65	1
98	115	1
23	26	1
46	46	3
28	43	1
29	98	1
2	72	1
67	147	1
40	40	1
125	133	1
7	8	2
117	137	2
67	131	1
82	113	1
8	82	1
84	123	1
16	17	2
151	152	1
107	152	1
113	115	2
96	96	1
122	123	1
62	63	1
1	2	2
3	54	1
13	44	1
1	39	1
26	127	1
7	15	1
77	128	1
32	32	2
112	125	1
92	92	2
15	36	1
93	94	1
74	111	1
155	155	1
73	92	1
105	131	1
115	115	2
8	8	2
13	35	2
152	152	1
3	31	1
70	70	1
86	87	1
9	10	2
134	138	1
5	16	1
108	127	1
19	51	1
149	158	1
99	99	2
30	31	1
140	151	1
79	79	1
73	97	1
11	12	1
4	52	1
3	3	1
37	37	1
7	17	1
6	6	2
90	112	1
145	146	1
21	22	3
69	117	1
125	127	1
22	96	1
9	13	1
94	156	1
49	50	1
75	141	1
13	13	1
27	51	1
43	43	1
45	46	1
17	97	1
42	56	2
46	50	1
110	122	1
94	95	1
104	104	1
41	42	1
113	114	1
134	143	1
15	39	1
40	45	1
108	137	1
15	114	1
69	69	1
63	85	1
94	94	1
80	140	1
56	63	1
124	129	1
15	15	1
14	14	2
91	129	1
20	123	1
7	9	1
129	130	1
4	4	1
66	121	1
33	34	1
79	81	1
125	136	1
86	108	1
80	80	1
