4	47	2
56	56	6
55	56	2
11	11	4
86	90	2
47	48	1
116	116	3
116	117	3
37	37	2
17	18	4
53	53	3
72	72	3
74	94	1
59	59	1
38	38	5
64	64	2
13	23	1
112	112	6
87	87	3
54	63	1
126	130	3
78	79	5
71	72	2
125	125	1
55	55	5
101	101	2
50	51	1
93	93	3
16	16	6
77	77	3
75	109	2
1	11	1
97	98	1
14	14	3
8	9	2
54	54	5
49	49	5
82	104	1
79	79	3
19	19	4
32	32	6
71	71	2
80	80	3
90	91	3
104	105	1
22	23	1
84	85	3
113	115	1
66	66	2
65	68	1
110	110	6
102	103	3
118	139	1
108	109	3
117	117	4
31	68	1
136	136	7
140	140	3
104	104	1
48	48	2
99	99	3
135	135	8
24	26	1
26	26	4
31	31	4
64	71	3
12	12	1
63	63	3
110	128	1
89	89	5
105	106	2
67	67	3
52	55	1
60	99	3
1	1	4
98	98	3
2	20	2
138	138	2
68	81	1
132	139	1
128	128	3
114	114	3
111	112	1
131	131	2
33	33	4
103	115	1
100	102	1
49	53	3
91	91	2
77	78	4
93	94	3
19	40	2
9	9	5
40	41	3
123	123	5
104	106	1
109	109	1
100	101	2
88	89	4
51	51	3
27	27	4
143	143	1
71	79	1
85	85	8
75	75	2
34	34	2
6	95	1
100	100	1
130	131	2
67	68	1
141	142	1
28	28	3
81	82	2
73	74	1
115	116	3
107	110	3
86	108	1
43	43	1
111	111	1
73	73	6
92	93	2
30	34	1
61	61	4
130	130	2
128	129	7
73	110	1
93	105	2
18	18	5
2	15	1
146	146	3
5	11	1
3	3	2
126	127	1
62	62	2
141	141	2
115	131	1
95	103	1
96	122	1
49	72	1
127	128	6
77	82	5
3	66	2
75	80	4
83	110	2
129	129	2
2	2	2
84	111	1
74	109	1
12	21	1
39	39	2
120	120	2
12	40	1
87	88	1
76	120	3
54	56	1
76	77	2
82	91	1
137	138	2
134	136	1
58	58	4
105	118	1
41	41	1
70	70	6
112	114	2
15	15	3
134	140	1
83	84	1
87	105	1
31	33	2
143	144	1
92	92	3
136	137	3
106	106	2
14	32	1
54	64	1
101	114	1
11	125	1
132	138	1
56	57	2
99	105	1
3	120	1
101	102	3
62	63	1
9	11	1
105	105	2
139	139	2
92	94	3
88	90	1
96	123	1
107	107	5
0	67	1
40	40	4
134	135	3
5	5	1
120	129	1
39	49	3
81	91	2
59	62	1
17	17	3
113	134	1
19	20	1
117	122	1
59	71	3
145	145	4
2	34	1
52	52	1
22	22	2
25	26	1
8	20	2
115	115	3
83	83	1
36	38	2
24	24	3
93	95	1
122	122	2
47	47	2
33	35	1
50	80	1
107	108	1
36	39	1
91	108	1
85	111	2
20	21	2
118	124	1
29	29	6
96	96	1
53	69	1
57	57	3
30	67	1
77	110	2
61	71	2
0	2	2
38	48	1
89	105	1
39	51	1
126	126	1
122	123	2
47	121	1
18	20	2
74	74	3
55	85	1
59	61	1
99	116	1
69	70	1
78	78	1
115	117	1
93	97	1
102	102	1
92	106	2
29	33	1
103	103	2
49	70	2
39	40	3
75	76	2
42	42	4
98	101	1
97	99	1
120	132	2
41	47	2
49	55	1
139	140	1
93	115	2
133	134	1
103	118	1
3	122	1
127	131	4
5	6	1
95	102	1
134	134	2
25	25	2
14	15	2
66	67	1
64	65	2
95	95	2
9	10	3
114	115	2
89	90	1
96	121	2
132	132	2
117	118	1
94	94	2
36	36	1
84	84	3
23	23	1
50	50	3
142	143	2
97	97	2
76	78	1
4	5	2
18	19	2
111	129	1
36	37	1
63	68	1
61	62	1
55	63	1
25	27	1
64	75	1
68	68	3
76	79	1
2	24	1
113	126	1
30	31	4
26	27	1
121	121	1
9	12	1
87	89	1
4	4	2
53	55	1
21	21	1
120	121	2
48	79	1
2	67	1
28	29	2
89	94	1
100	104	1
119	119	1
60	60	1
60	62	1
63	69	1
85	86	4
0	47	1
73	109	1
86	86	1
0	0	1
104	118	2
8	94	1
76	76	1
21	24	1
118	128	1
53	78	1
69	69	1
113	133	1
96	98	1
126	128	2
144	144	2
1	25	1
118	118	2
113	131	1
4	35	1
82	82	1
29	31	1
48	49	2
15	32	1
9	21	1
77	118	1
8	8	1
37	38	1
50	79	1
47	54	2
56	59	1
112	127	1
82	118	1
75	96	1
77	79	1
81	118	1
54	65	1
8	10	1
114	117	1
30	33	1
33	52	1
111	117	1
112	117	1
98	99	1
117	126	1
132	134	1
65	66	1
33	34	3
88	105	1
103	116	1
12	17	1
4	32	1
133	133	1
51	78	1
113	113	1
65	67	1
12	20	1
12	16	1
105	111	1
50	53	1
32	33	1
50	52	1
30	30	1
92	98	1
