49	49	3
22	22	4
45	55	1
34	45	1
56	57	3
8	8	5
10	30	3
53	56	2
16	19	5
54	55	2
5	5	7
16	18	3
60	60	1
3	5	1
57	57	2
23	38	1
55	57	3
30	31	1
34	34	3
9	11	3
32	37	2
13	13	6
48	48	5
47	48	1
33	33	2
13	18	1
55	55	1
16	20	1
39	41	1
52	52	5
50	53	2
24	24	5
56	58	2
31	34	1
59	59	2
18	61	1
53	55	2
58	58	2
6	6	7
20	21	3
7	7	4
3	6	2
10	13	1
40	40	4
37	41	1
61	61	1
46	47	2
45	46	3
3	3	4
21	21	3
38	38	4
32	32	2
13	14	4
14	49	1
38	41	1
40	61	2
36	36	4
51	53	3
12	12	4
44	45	2
45	45	6
37	58	1
39	40	2
30	30	2
10	10	5
18	18	2
2	14	1
21	22	3
9	10	1
1	1	4
58	59	2
10	12	1
4	6	2
4	17	1
2	32	2
13	15	1
54	54	4
18	19	3
2	5	1
8	11	2
12	22	2
1	42	2
29	29	1
22	23	2
56	56	1
38	49	3
49	54	2
20	20	3
11	23	1
5	6	1
24	25	4
3	13	1
44	61	1
23	45	1
22	24	1
15	45	1
54	56	1
14	15	1
16	25	1
46	53	1
53	53	2
35	35	1
39	39	3
35	47	1
6	25	1
3	4	2
15	51	1
23	23	1
30	32	2
52	53	1
51	59	1
47	47	2
44	44	2
2	2	4
42	46	1
39	43	1
15	16	2
4	4	4
53	54	2
38	42	1
8	9	1
5	7	1
30	39	1
17	52	1
46	49	1
0	16	1
50	51	1
15	52	1
6	11	1
6	8	2
17	18	2
0	11	1
9	18	2
17	34	2
14	14	2
1	2	2
34	47	1
44	50	1
16	17	1
43	46	1
30	37	1
33	35	1
19	24	1
24	36	1
42	51	1
41	41	1
15	41	1
31	35	1
18	35	1
4	11	1
40	54	1
42	42	1
34	39	1
0	2	1
50	50	1
7	12	1
17	17	1
