73	100	5
88	88	2
113	124	1
25	26	4
11	54	1
114	129	1
20	86	2
117	117	4
68	69	7
23	23	2
89	89	6
26	27	2
29	30	8
28	29	2
13	13	1
79	88	1
106	119	2
15	15	7
70	75	1
84	105	3
113	113	3
20	20	4
78	78	4
13	14	2
53	118	1
105	105	4
64	65	1
53	78	1
19	21	2
116	116	1
47	47	4
44	85	1
18	18	3
80	81	3
127	127	2
123	125	1
96	110	1
51	51	2
100	119	1
117	118	4
65	92	1
62	77	1
98	108	2
39	119	1
10	11	2
40	41	1
49	56	1
56	56	5
71	97	1
100	100	4
44	45	2
12	13	1
87	88	1
119	119	3
76	76	1
12	15	1
69	73	1
91	91	2
123	123	4
61	61	8
39	39	2
83	83	5
12	110	1
95	95	3
73	78	3
112	112	6
24	24	5
74	79	2
15	102	1
105	106	1
48	53	1
83	103	2
53	53	2
79	79	6
72	73	1
16	16	4
106	107	2
2	5	1
88	99	1
72	72	2
110	110	3
66	66	2
89	94	2
122	123	4
62	70	1
4	5	4
49	49	5
54	122	2
33	60	3
57	64	1
58	60	1
31	33	1
79	80	2
74	81	3
14	14	2
42	42	1
126	127	1
97	98	3
59	60	1
128	131	2
111	111	2
80	99	1
96	108	2
114	114	2
108	118	1
88	90	4
99	99	5
51	67	1
46	47	2
77	77	2
23	59	1
92	92	2
86	88	1
24	31	1
55	55	4
7	8	1
0	0	4
62	63	4
17	18	2
21	39	2
34	61	1
86	109	2
85	85	2
26	26	4
93	120	1
0	2	2
102	111	1
120	121	1
0	1	1
107	127	1
90	90	6
118	118	3
40	46	1
62	99	2
106	106	4
64	64	2
129	129	3
11	11	2
22	22	2
31	94	1
29	42	1
117	119	2
40	90	1
57	57	2
39	60	1
98	109	1
20	46	1
91	92	1
50	57	1
44	60	1
10	70	1
97	97	1
81	81	4
82	100	1
3	131	1
94	95	3
55	61	1
28	43	2
5	5	2
39	41	1
58	58	2
20	77	1
43	43	6
20	76	1
103	103	5
106	109	2
87	87	3
42	43	5
108	108	2
113	114	2
59	59	1
23	24	4
108	114	1
12	12	2
84	116	1
61	65	1
42	52	1
95	110	1
59	76	2
81	97	1
19	44	2
19	19	5
60	102	1
67	67	4
30	30	3
18	20	1
20	22	1
32	32	2
2	128	1
63	63	7
109	109	2
49	64	1
59	105	1
8	9	2
11	13	1
68	94	2
1	2	2
41	42	2
58	100	1
89	90	2
126	126	1
1	48	1
120	132	2
80	85	2
92	130	1
66	121	1
68	116	1
83	84	3
12	56	2
120	120	2
76	78	1
65	65	3
84	84	2
4	4	4
3	8	1
10	10	4
19	88	2
69	79	2
38	38	6
29	44	1
2	2	5
17	17	1
39	78	1
116	118	1
15	86	1
69	69	4
4	7	1
1	1	2
126	130	2
115	117	1
25	52	1
46	81	2
71	71	2
128	128	2
61	89	2
48	122	1
20	59	3
123	124	1
112	113	2
60	60	1
42	44	2
40	40	3
124	125	1
40	44	2
98	115	1
60	91	2
86	86	3
94	94	1
90	91	2
46	46	2
110	112	1
121	122	1
70	74	1
54	54	1
31	32	1
43	66	1
98	98	3
104	105	1
2	63	1
13	54	2
0	124	1
50	51	1
2	14	1
66	100	1
94	125	2
103	104	1
12	66	1
120	125	1
65	68	2
104	104	1
48	48	1
55	70	1
85	86	3
68	107	2
3	4	2
75	75	3
27	54	1
54	55	2
41	41	1
31	31	2
19	72	1
14	24	1
11	14	1
27	28	3
17	31	2
65	114	1
121	121	3
51	104	1
72	74	1
44	79	2
76	82	1
9	10	1
78	79	1
60	88	2
73	118	1
1	27	1
125	128	1
78	80	1
115	115	2
62	75	1
58	62	1
66	101	1
98	99	1
114	126	1
101	101	1
2	4	1
114	122	2
11	20	2
39	64	3
45	45	3
83	93	1
67	72	1
58	105	1
108	109	1
24	105	1
22	128	1
71	93	1
76	79	1
114	118	2
3	3	3
127	129	1
127	128	2
4	26	1
128	130	1
7	64	1
93	93	1
65	66	1
80	80	2
57	80	1
30	31	1
104	106	1
118	120	2
7	115	1
28	33	2
19	27	1
82	82	1
65	93	1
48	51	1
27	41	1
8	53	1
46	72	1
22	23	1
18	62	1
102	102	2
8	8	1
65	69	1
4	61	1
31	63	1
60	61	1
69	81	1
74	77	2
122	122	2
16	17	2
63	64	1
53	54	1
39	89	1
42	45	1
98	128	1
101	104	2
66	67	1
50	50	2
120	123	1
65	73	1
55	60	1
15	16	1
28	28	1
93	94	1
132	132	1
46	48	1
87	89	2
23	25	1
45	75	1
67	118	1
31	34	1
27	27	2
77	93	1
102	116	1
33	75	1
71	120	1
52	110	1
94	106	1
19	22	1
27	32	1
8	126	1
7	95	1
114	117	1
48	49	1
52	69	2
1	24	1
75	77	2
30	56	1
15	38	1
133	133	1
88	105	1
0	115	1
54	124	1
59	83	1
125	127	1
33	33	1
5	20	1
52	52	1
68	112	1
23	34	1
85	99	1
43	45	1
20	28	1
68	68	1
39	120	1
128	129	1
4	49	1
21	21	2
4	56	1
62	68	1
24	32	1
52	53	1
