22	24	1
90	91	3
94	94	2
70	71	1
61	69	1
22	22	6
26	29	3
35	39	1
72	107	1
54	54	4
71	73	1
69	70	3
65	80	1
57	57	1
68	68	5
87	88	7
73	74	2
100	100	9
67	67	3
63	75	4
88	90	1
63	63	4
101	102	1
36	36	3
55	68	1
55	55	2
93	107	1
88	88	5
38	38	2
102	103	2
96	96	6
20	53	1
99	100	2
82	85	2
52	54	2
58	59	1
39	39	2
71	71	5
79	98	2
27	27	6
104	104	4
45	45	1
64	64	8
28	28	8
84	84	5
37	89	2
66	67	5
31	31	4
71	72	1
84	87	3
29	36	1
39	46	3
94	99	1
85	90	4
46	54	1
29	42	2
102	102	1
57	73	2
25	83	1
35	73	1
23	23	3
76	77	2
30	30	1
69	69	3
66	103	2
49	49	3
91	98	2
47	48	1
83	94	1
68	69	3
103	103	2
42	42	3
32	34	3
25	39	1
81	82	2
61	61	4
59	60	3
88	107	3
25	103	1
61	67	1
90	101	1
43	49	1
33	33	5
33	34	2
51	51	2
87	87	5
59	59	4
30	31	3
89	100	1
48	54	2
91	100	1
47	47	4
39	58	3
50	62	1
29	29	1
35	35	2
75	105	2
88	89	2
37	80	2
97	97	1
35	83	2
72	79	1
25	81	1
24	33	1
65	65	2
71	94	1
20	52	1
84	101	1
49	50	2
35	51	2
79	79	5
25	27	1
29	30	3
21	21	1
101	101	4
28	94	3
83	86	2
48	49	3
69	71	1
31	52	1
34	34	1
76	98	1
77	77	1
67	68	2
73	73	3
45	51	1
73	86	1
24	24	3
43	43	2
40	41	1
50	50	3
70	81	2
63	64	4
97	99	1
75	75	3
83	83	3
64	101	1
37	61	1
50	75	1
95	95	1
51	64	1
93	95	2
26	33	1
46	47	2
75	93	1
32	32	5
57	60	3
24	25	1
35	37	2
41	43	4
84	92	1
45	57	1
26	28	1
36	60	2
54	70	3
78	79	1
51	52	1
100	101	1
35	85	1
82	83	4
37	79	1
57	58	2
60	60	3
40	40	1
61	63	1
90	90	1
58	58	3
88	99	1
69	107	1
28	79	1
22	78	1
74	75	2
45	46	2
66	66	1
65	66	4
101	104	1
48	56	1
72	72	2
21	76	1
39	76	2
86	86	3
76	76	2
63	82	1
51	53	1
25	25	5
103	104	1
47	106	1
43	45	1
26	38	1
44	106	1
56	56	2
68	70	1
65	69	1
35	70	1
55	56	2
97	98	2
90	94	1
37	46	2
26	84	1
29	44	1
80	80	2
89	89	1
78	78	1
96	100	1
52	52	1
27	33	1
28	29	1
58	62	1
58	78	3
44	44	3
45	49	1
33	61	1
37	37	1
84	86	1
21	26	3
65	68	1
76	89	2
61	62	1
64	69	1
20	20	3
87	89	1
54	68	1
81	81	1
26	93	1
59	75	1
62	72	2
70	73	1
91	91	1
48	50	1
50	55	2
38	39	1
82	82	1
28	30	1
52	72	1
35	36	1
64	90	1
32	66	1
55	57	1
96	99	1
34	36	1
53	53	1
49	89	1
79	80	1
69	81	1
91	103	1
54	56	1
79	81	1
36	99	1
29	37	1
79	101	1
38	42	1
73	91	1
68	73	1
80	86	1
49	64	1
22	23	1
89	106	1
55	67	1
