168	169	1
24	24	4
99	114	1
140	140	3
151	153	1
30	31	2
78	173	2
126	138	1
45	70	2
35	35	3
3	9	2
13	13	3
37	37	3
80	81	2
27	27	2
142	143	2
192	192	1
101	101	3
182	182	2
29	29	3
60	60	4
77	77	1
189	196	1
114	116	1
36	76	1
85	86	3
86	87	1
104	104	2
107	108	3
32	32	1
19	19	3
127	128	1
150	150	4
69	80	1
165	166	1
26	26	1
136	137	2
141	141	3
0	0	1
132	132	1
143	146	1
51	51	2
171	186	1
65	69	1
11	19	1
73	149	1
17	19	1
34	34	2
47	47	1
100	104	1
154	154	3
81	83	1
183	184	1
170	170	3
15	16	1
60	150	1
180	194	1
167	168	1
43	44	2
161	163	2
69	129	1
33	33	2
23	24	3
88	110	1
66	66	2
122	122	1
138	139	2
105	106	1
137	138	3
81	81	2
61	63	1
179	187	2
58	59	1
181	181	1
186	186	1
147	155	1
114	114	1
155	164	1
103	170	1
72	150	1
164	164	1
65	194	1
178	178	1
18	18	1
161	161	2
38	38	1
155	156	2
40	40	1
194	194	2
118	173	1
147	147	1
31	31	3
61	73	2
105	132	1
163	163	3
26	27	1
174	175	1
45	45	2
99	99	2
11	13	1
185	185	5
102	146	1
173	174	1
116	118	1
101	135	2
169	170	1
162	173	1
15	74	1
68	68	2
112	112	1
119	120	1
86	86	1
22	24	1
40	109	1
2	2	2
17	17	2
155	155	3
115	116	1
193	195	1
33	37	2
52	78	1
192	193	1
0	29	1
105	105	1
4	20	1
134	134	2
117	117	1
70	70	3
13	14	1
74	74	1
169	169	1
78	78	6
171	182	2
76	76	1
30	30	3
187	188	1
144	145	1
158	158	1
138	138	1
128	128	3
177	178	1
34	37	1
50	51	2
153	153	2
11	11	2
55	55	1
18	28	1
131	131	1
14	15	1
172	172	2
175	190	1
12	12	1
130	130	2
70	72	1
127	127	1
61	61	1
3	3	3
79	79	1
4	150	3
1	2	1
173	176	1
115	115	2
23	23	1
129	129	1
5	6	1
156	157	1
71	74	1
6	26	1
24	25	3
148	149	2
5	28	1
111	115	1
99	105	2
138	191	2
57	57	1
116	143	1
123	182	1
89	147	1
160	177	1
71	71	1
179	179	2
190	193	1
139	139	1
39	39	2
89	89	1
7	63	1
46	46	1
123	123	1
159	159	1
59	59	1
83	83	2
9	20	1
164	197	1
166	166	1
116	119	1
165	165	2
7	9	2
79	80	1
177	177	1
81	155	1
111	152	1
168	171	1
175	176	1
32	33	1
130	131	1
142	142	1
32	37	1
62	81	1
152	153	1
157	157	2
0	11	1
184	184	1
47	50	1
182	183	3
3	39	1
21	21	4
22	22	1
104	105	1
7	62	1
98	116	1
56	56	1
85	89	1
160	162	1
110	111	1
5	8	1
108	194	1
46	48	1
189	189	1
143	143	1
113	113	1
133	135	1
63	76	1
148	148	1
67	69	1
22	43	1
77	78	1
145	193	1
118	119	1
31	32	1
12	66	1
162	162	1
35	36	1
19	20	2
197	197	1
193	193	1
32	60	1
36	36	1
34	36	1
140	141	1
171	171	1
27	143	1
95	95	1
16	37	1
173	178	1
6	6	1
111	159	2
29	32	1
167	187	2
63	65	1
54	132	1
19	22	1
124	124	1
112	115	1
176	183	1
80	146	1
113	184	1
6	32	1
168	168	1
10	10	1
148	150	1
188	188	1
188	189	1
74	132	1
122	128	1
101	154	1
80	80	1
54	147	1
67	67	1
180	180	1
109	109	1
100	100	1
