75	78	12
45	45	10
91	92	13
96	96	21
86	86	15
67	67	12
35	36	6
55	56	3
52	53	4
42	42	11
26	26	14
93	94	10
83	83	10
90	90	20
72	72	19
89	100	5
68	69	17
77	78	14
61	62	8
50	50	17
75	75	10
66	66	18
85	85	51
73	83	1
77	77	24
47	47	13
97	98	8
70	71	5
66	67	18
48	48	10
71	71	29
69	69	23
96	97	12
87	88	11
63	63	32
69	71	4
66	73	1
91	91	17
49	49	8
58	58	7
58	59	10
73	73	22
53	53	12
35	35	4
100	100	15
59	59	16
95	95	24
69	70	10
37	37	10
23	24	6
46	47	8
28	28	4
94	100	7
31	31	16
89	89	26
25	46	9
76	77	25
56	71	2
81	81	17
79	79	20
44	59	1
65	65	31
47	50	3
87	90	1
84	84	18
74	77	6
44	45	2
64	65	10
60	65	3
93	93	14
48	53	2
99	99	24
62	64	4
91	100	6
30	31	3
62	63	8
80	82	5
78	84	3
35	38	7
45	86	9
39	39	27
60	70	3
74	86	8
40	40	18
49	50	6
97	97	4
24	36	4
55	55	20
87	87	16
77	95	1
20	20	4
36	36	3
80	80	20
83	98	4
33	34	3
37	38	9
79	80	9
54	54	21
58	63	1
34	35	1
35	37	7
68	68	13
73	81	2
40	41	5
70	74	2
51	51	9
26	87	3
80	83	3
74	74	17
44	89	3
88	88	14
63	64	5
24	47	1
28	46	2
61	69	1
93	95	2
101	101	15
60	60	9
70	72	4
98	98	7
57	57	6
66	78	3
63	65	3
99	100	4
70	70	17
72	89	4
85	89	6
32	32	2
27	47	2
53	54	4
72	76	1
62	77	3
73	78	3
25	25	9
59	61	4
66	88	10
22	22	4
98	99	3
64	64	22
52	54	7
34	34	5
25	87	1
65	66	10
33	39	1
49	57	2
46	46	4
74	75	4
54	55	7
39	40	4
20	28	1
51	53	2
100	101	4
49	56	2
36	38	2
73	102	5
29	29	11
44	86	3
27	27	1
34	46	3
48	52	6
86	101	2
41	41	14
64	66	2
95	97	2
62	62	5
52	52	18
48	58	4
56	74	1
43	43	2
81	82	10
28	33	3
31	54	8
89	91	2
64	89	1
24	24	8
42	43	4
96	99	6
84	96	4
22	25	1
65	77	1
57	59	2
78	78	30
79	81	1
70	102	4
23	23	3
33	55	1
95	96	1
62	66	2
62	89	2
82	82	7
61	61	9
56	57	2
68	86	1
20	22	2
56	68	2
67	70	8
44	61	2
33	58	2
66	74	4
79	82	1
44	44	3
65	67	11
94	94	9
27	39	4
77	80	8
83	84	3
34	36	1
31	35	2
33	33	4
62	68	5
67	83	5
50	51	4
23	28	2
97	99	9
41	44	4
71	72	2
44	54	1
79	83	2
56	56	4
91	94	4
81	85	2
33	35	2
31	36	2
63	72	1
42	91	2
92	92	8
76	76	4
30	30	5
41	50	2
95	99	1
86	89	2
38	38	5
67	76	1
67	71	3
60	61	2
61	78	3
57	61	3
78	80	5
55	66	2
77	91	2
32	42	1
60	62	3
60	71	1
80	81	5
85	87	1
37	47	1
86	87	1
39	87	3
39	88	1
75	76	4
31	33	2
33	45	1
60	75	3
71	73	3
58	71	2
25	45	2
90	91	2
43	55	2
44	58	3
68	71	1
35	45	1
60	63	3
69	88	2
36	42	5
26	53	1
21	22	2
61	63	1
31	38	3
33	38	2
65	78	1
41	57	2
29	39	1
50	59	1
67	77	1
78	79	1
57	58	1
68	70	1
46	88	2
62	67	3
36	43	1
63	71	1
34	42	1
41	42	1
26	88	2
73	75	2
67	68	1
32	45	2
86	92	1
72	77	1
74	76	1
31	55	1
84	98	1
85	86	1
73	76	1
32	55	1
72	73	1
69	76	1
