32	32	11
41	42	3
86	86	10
38	38	1
36	38	6
57	58	2
99	99	8
65	65	3
27	27	7
40	40	7
66	66	7
87	87	2
60	61	2
88	89	4
72	90	2
97	98	3
22	40	4
56	56	6
73	77	3
44	44	9
45	45	5
84	84	8
62	62	1
92	92	10
81	81	7
49	49	3
95	97	8
60	62	3
48	48	9
68	70	2
62	79	2
50	50	6
101	101	5
79	79	8
46	46	4
25	26	2
63	63	5
80	81	1
34	34	7
78	78	5
73	90	1
88	88	9
75	76	1
60	60	2
37	37	9
65	71	7
23	23	3
82	82	5
59	65	3
58	58	5
74	74	13
53	53	1
48	49	3
47	48	4
79	80	7
61	61	2
81	84	4
41	41	3
54	54	3
77	77	3
72	72	6
72	74	2
35	36	4
53	55	1
94	94	2
72	73	4
93	96	4
59	59	5
94	100	1
70	70	9
81	82	2
91	101	5
62	63	4
71	71	3
23	25	12
87	88	5
80	80	5
85	85	3
69	69	5
25	25	4
61	62	4
64	64	3
76	76	3
29	29	6
93	93	4
73	73	4
24	26	2
83	83	10
25	56	3
90	91	4
94	95	2
46	47	2
66	86	3
90	90	1
96	97	2
33	33	4
67	68	3
91	91	2
32	33	1
85	86	1
23	53	1
71	72	3
34	35	1
36	36	2
52	55	5
76	80	2
26	26	1
100	101	2
74	76	1
54	55	1
32	64	2
75	75	3
41	52	1
52	52	2
44	46	1
68	69	1
57	57	1
39	39	3
42	42	1
