94	112	1
164	164	1
72	112	2
69	71	2
98	99	2
235	235	3
162	162	4
165	165	4
203	204	1
22	23	1
9	31	1
177	178	2
172	180	2
75	88	1
218	218	2
172	177	1
23	23	2
227	227	3
23	25	2
108	115	2
238	238	7
168	168	1
38	38	4
234	238	1
80	81	1
204	204	2
158	158	1
33	43	1
26	26	3
154	154	3
182	183	1
4	5	2
185	224	1
42	42	3
50	55	1
72	72	3
217	226	1
31	31	1
48	57	1
109	112	1
176	181	1
81	81	1
245	246	3
62	62	2
17	17	4
83	83	1
62	63	2
54	67	2
51	51	2
71	96	2
61	61	5
47	47	1
74	115	1
197	197	1
231	231	2
54	54	1
95	112	1
242	242	1
34	35	2
226	226	4
56	57	1
84	87	1
153	153	5
91	94	1
30	158	3
78	81	1
118	118	1
52	52	1
234	235	1
112	112	2
212	212	2
235	236	1
21	22	1
110	113	1
150	150	1
30	30	3
145	145	1
16	17	2
75	115	2
50	58	2
9	9	4
170	171	1
19	19	2
21	21	2
92	92	1
82	82	4
55	55	2
205	205	2
57	59	1
76	82	1
197	211	3
224	224	2
107	107	1
212	227	1
233	233	2
20	20	4
245	245	3
221	221	2
52	53	1
42	52	1
151	154	1
76	76	1
93	93	1
31	32	1
182	182	1
7	20	1
207	207	1
181	181	2
27	27	1
246	248	1
160	160	1
10	10	2
217	218	2
7	8	1
163	187	1
14	24	1
75	76	2
179	179	1
209	210	1
34	34	1
76	111	1
10	11	1
213	213	2
112	113	4
221	234	1
202	202	2
207	239	1
240	240	2
81	82	2
29	29	1
26	29	1
194	234	1
84	84	3
153	155	2
206	206	2
191	192	1
231	232	4
16	16	2
167	167	1
168	169	1
176	186	1
183	183	2
31	37	2
237	244	1
228	228	1
6	7	1
58	59	3
211	211	2
76	88	1
231	233	1
12	203	1
101	116	1
113	113	1
225	225	2
215	219	1
84	85	1
13	13	1
156	156	1
74	74	1
57	57	2
109	109	1
116	116	1
104	105	2
205	219	1
158	185	1
102	102	2
241	241	2
176	176	2
50	105	3
64	65	2
62	117	1
172	172	1
223	223	1
228	245	1
161	163	1
7	46	1
68	69	1
106	106	1
247	248	1
186	186	2
91	92	1
85	85	2
169	172	2
238	239	1
30	46	1
156	157	1
156	169	1
35	35	3
161	161	1
66	67	1
108	108	1
151	151	2
75	75	1
168	178	1
153	163	1
22	22	1
194	194	1
114	114	1
229	229	2
192	225	1
73	115	1
202	204	1
50	57	2
219	219	1
55	115	2
4	4	1
169	169	1
154	171	1
110	111	1
0	0	1
29	35	1
6	6	2
206	214	1
214	214	1
197	207	1
227	231	1
18	18	2
46	46	1
70	70	1
182	197	1
175	176	2
176	179	1
30	34	1
190	190	1
171	171	2
178	240	1
209	209	1
243	243	1
49	49	1
70	103	1
55	58	2
1	2	2
4	33	1
101	102	1
195	239	1
45	59	1
177	177	1
32	33	1
230	230	2
221	235	1
2	3	1
33	33	2
186	193	1
151	156	1
154	164	1
199	199	1
67	67	1
220	220	2
55	59	2
88	89	1
37	37	1
90	96	1
198	199	1
207	210	1
63	77	1
180	180	1
227	228	1
182	229	1
173	173	1
87	87	1
201	201	1
39	39	1
45	45	1
211	218	1
162	175	1
18	19	1
44	45	1
197	243	1
197	214	1
115	115	1
171	175	1
19	28	1
73	74	1
