80	81	4
0	2	1
48	49	8
16	16	9
84	84	10
71	71	7
50	50	13
8	8	13
83	84	4
35	35	1
27	27	6
52	53	2
69	69	21
64	65	4
69	71	3
76	76	14
83	86	1
83	83	13
74	82	5
13	16	6
73	73	5
50	51	2
81	81	8
5	7	8
79	79	12
58	66	7
10	13	5
65	65	7
72	73	6
56	57	3
66	67	4
21	21	11
16	18	2
19	19	11
79	83	1
26	29	1
70	70	17
3	3	27
24	25	11
4	4	20
5	17	2
11	11	8
66	66	13
54	55	8
68	68	14
19	24	2
23	23	6
77	79	10
75	76	10
0	0	19
26	26	5
81	84	1
89	89	7
7	7	2
62	62	22
21	55	2
29	30	3
85	85	10
24	24	16
49	59	4
77	80	7
19	23	6
6	6	19
1	1	14
58	60	2
64	64	9
75	81	3
13	14	12
12	14	3
74	74	10
17	17	20
51	57	3
54	54	11
66	84	5
10	10	9
64	66	2
82	82	18
76	77	7
51	56	2
23	24	3
80	80	17
73	75	2
10	75	3
67	70	6
53	53	11
67	67	7
59	66	2
15	15	11
14	47	4
59	59	8
5	6	6
61	67	7
46	61	3
46	46	12
48	48	11
63	64	3
2	3	8
49	50	6
17	18	4
57	57	20
15	16	16
28	32	4
22	24	3
47	47	4
50	53	3
73	74	12
20	20	14
79	80	4
19	20	5
17	22	1
55	68	5
58	58	12
2	4	3
77	78	5
68	69	3
3	4	7
78	79	1
25	27	1
73	87	1
25	25	20
19	22	4
34	34	9
59	61	2
60	60	7
75	75	11
46	48	4
7	9	4
19	21	1
18	22	1
78	78	12
25	32	6
63	63	11
30	30	3
23	26	6
48	74	4
22	23	17
56	56	9
55	86	2
81	86	3
8	30	5
1	2	1
0	1	1
56	61	4
70	71	1
65	68	4
50	52	2
67	73	1
49	49	2
88	88	7
52	57	2
6	7	4
88	89	4
49	56	4
2	2	5
7	8	3
53	56	1
29	29	5
56	84	3
48	53	3
20	21	2
73	76	3
75	79	1
52	62	4
9	9	3
33	33	4
87	87	10
4	9	3
47	70	4
51	51	8
63	73	2
64	67	1
67	82	5
22	22	6
62	65	5
77	83	2
62	63	2
5	10	3
77	77	8
55	61	3
61	62	2
55	55	11
66	86	1
68	80	1
51	52	3
59	77	1
6	31	1
16	17	4
9	10	11
57	62	7
5	5	6
52	52	7
62	74	3
14	14	5
9	20	2
20	54	2
54	59	1
80	83	4
13	13	3
72	72	6
11	12	5
78	89	1
4	5	4
49	57	3
80	82	5
87	88	3
63	66	1
74	75	5
46	70	2
49	53	1
56	65	1
8	17	3
58	59	2
12	12	1
47	48	2
66	85	2
57	58	5
48	51	2
20	27	1
73	81	1
84	85	1
11	14	2
28	31	1
68	75	3
61	65	3
5	8	5
22	25	2
82	84	2
5	11	1
4	6	4
31	31	2
49	83	2
53	54	3
31	52	1
59	60	1
48	54	1
17	19	1
50	81	1
78	82	1
65	82	2
69	70	4
23	51	1
58	87	1
52	63	1
46	51	1
85	90	1
17	35	1
67	85	1
86	86	2
12	13	1
48	52	1
61	63	1
34	35	1
