10	24	2
45	46	1
72	72	2
26	27	1
24	30	1
62	67	2
21	21	4
45	47	2
61	64	1
48	49	2
19	19	1
59	71	1
13	13	2
46	46	6
44	44	4
59	59	5
33	33	5
22	24	2
70	70	1
58	58	2
25	27	3
72	74	1
60	60	8
34	35	2
12	12	2
25	25	4
46	52	1
50	51	2
18	18	4
71	72	2
60	61	2
0	0	8
30	32	1
27	28	2
3	3	1
69	69	6
10	75	2
11	12	4
20	51	2
56	56	8
73	74	3
66	67	1
6	13	1
20	21	3
52	52	5
39	40	1
62	62	3
8	9	1
47	48	1
11	11	3
40	40	1
35	35	3
38	38	2
39	39	2
58	73	1
36	36	4
55	55	4
67	67	2
39	48	1
49	51	2
4	5	2
32	33	1
21	23	1
62	63	2
44	47	2
71	71	3
28	28	3
57	63	1
75	75	1
65	65	1
59	61	1
1	1	2
2	4	1
48	51	1
38	41	1
75	77	1
58	59	2
11	22	1
34	34	3
45	60	2
35	36	3
40	77	1
45	45	1
8	8	2
3	4	1
20	20	4
48	48	2
43	43	1
44	59	1
41	41	2
0	1	2
76	76	3
54	54	3
22	22	3
27	27	3
32	32	1
52	53	2
21	46	1
42	77	1
70	71	1
46	47	3
60	72	3
22	53	1
55	56	2
4	4	4
36	37	2
66	66	3
54	55	4
31	31	3
2	2	4
19	20	2
42	42	1
7	7	2
1	10	1
58	68	1
24	24	4
28	67	1
75	76	1
53	53	1
47	51	1
23	24	1
63	65	1
34	37	1
10	11	1
30	30	1
5	6	1
49	49	2
7	22	1
63	63	2
77	77	2
9	10	1
23	23	2
57	57	1
38	39	2
26	26	1
68	68	1
36	39	1
30	31	1
56	59	1
37	57	1
53	72	1
8	10	1
57	59	1
59	77	1
12	13	1
63	64	1
59	60	2
43	57	1
61	69	1
1	2	1
65	66	1
21	22	1
68	70	1
29	31	1
47	77	1
45	55	1
24	26	1
74	76	1
63	70	1
28	33	1
37	37	1
13	14	1
9	14	1
6	7	1
74	74	1
13	48	1
33	34	1
54	67	1
59	68	1
0	5	1
26	28	1
