74	74	5
112	123	4
94	94	3
118	119	1
136	136	6
93	93	5
120	121	2
35	35	4
125	126	5
115	117	2
12	12	2
115	126	1
106	106	5
0	0	1
119	121	1
32	32	7
91	91	5
116	116	4
77	77	4
114	125	1
83	83	2
119	122	1
117	117	4
71	72	4
5	5	5
19	100	1
8	9	1
72	72	5
105	106	2
79	84	1
20	21	1
97	97	5
73	73	2
120	120	2
12	24	1
76	77	2
7	13	1
86	86	2
128	128	4
4	5	7
18	120	1
121	122	3
72	73	2
75	115	1
79	80	3
2	3	3
91	94	1
123	123	2
120	122	2
95	117	2
92	92	1
132	132	3
10	11	4
22	22	2
2	2	1
82	83	2
87	87	2
6	6	2
109	113	1
107	107	3
109	109	5
137	137	2
8	88	1
99	99	2
6	21	2
127	128	2
116	117	3
85	86	1
83	84	2
6	32	1
17	33	1
125	125	3
100	101	2
102	102	5
102	104	3
134	134	6
75	117	2
114	114	3
90	90	1
7	10	1
74	75	3
91	102	2
96	97	1
3	9	2
1	1	6
127	127	3
104	104	4
111	111	3
126	126	6
118	123	1
80	81	1
116	119	1
31	31	3
2	4	1
80	80	4
114	124	1
124	124	3
131	131	1
83	85	1
95	95	3
17	19	2
98	98	2
81	103	1
88	90	2
8	8	4
122	126	2
117	118	3
29	31	2
29	30	1
76	102	1
3	3	5
24	24	2
128	129	5
17	17	1
3	5	1
133	140	1
0	20	4
23	23	2
90	117	1
87	88	1
85	85	4
100	100	5
36	36	1
6	119	1
29	29	1
100	105	1
33	33	4
76	76	2
108	111	2
138	140	1
1	11	1
23	24	2
112	114	1
109	116	1
111	124	1
19	20	1
2	32	1
28	32	2
112	112	2
121	121	1
21	26	1
103	103	2
6	29	1
28	28	2
101	102	2
100	132	1
44	68	1
122	122	4
17	121	1
104	132	1
16	19	1
81	83	2
10	10	3
127	129	1
20	20	4
31	32	2
115	115	3
108	109	1
25	25	1
1	3	1
119	119	1
1	16	1
81	82	2
18	31	1
134	135	1
90	93	2
18	18	1
75	75	3
98	99	1
85	90	2
22	23	1
135	137	2
38	96	1
14	14	6
77	81	1
88	100	1
81	81	3
37	37	3
86	121	2
21	21	1
10	118	2
7	7	3
74	77	2
101	101	2
88	88	1
136	137	1
4	6	1
27	27	2
100	103	1
34	34	2
27	33	1
78	78	2
88	123	3
118	118	3
93	96	1
7	12	1
10	122	1
100	123	1
100	107	2
133	133	2
3	4	1
82	86	1
71	71	2
112	117	1
27	28	1
106	108	1
92	93	2
84	84	2
92	108	1
81	85	1
35	132	1
116	118	1
75	107	1
110	111	1
114	115	1
85	87	1
129	130	1
139	139	2
6	13	1
5	7	1
27	32	1
89	90	1
33	117	1
135	135	1
34	35	1
80	133	1
17	100	1
99	103	1
105	109	2
123	127	1
19	19	1
29	32	1
33	34	1
21	32	1
75	83	1
0	2	1
110	113	1
130	132	1
84	88	1
123	129	1
35	36	1
81	84	1
90	94	1
95	96	1
119	120	1
78	79	1
11	15	1
96	121	1
107	116	1
86	122	1
124	125	1
19	27	1
26	26	3
4	4	2
28	29	1
15	15	1
10	24	1
37	82	1
97	99	1
9	9	1
94	98	1
100	113	1
5	127	1
90	123	1
30	30	1
15	87	1
89	91	1
94	95	1
111	120	1
104	106	1
82	82	1
11	25	1
34	36	1
22	82	1
113	117	1
5	6	2
2	19	1
17	18	1
11	11	1
18	19	1
137	138	1
85	88	1
14	18	1
38	38	1
14	74	2
15	20	1
109	111	1
93	95	1
11	12	1
