14	14	3
64	64	6
194	196	2
216	216	4
238	242	2
161	162	1
145	145	10
182	182	3
72	72	7
53	53	4
14	17	2
36	36	3
98	99	1
140	140	5
122	122	1
125	125	3
207	207	8
37	37	2
188	188	3
80	132	2
43	44	2
55	55	7
118	127	3
20	20	4
28	29	2
203	203	5
159	159	6
233	233	6
27	149	1
148	164	1
106	107	1
176	179	2
135	143	2
141	141	7
197	222	1
51	51	8
54	54	2
200	200	2
186	186	2
80	80	2
205	206	3
22	35	2
25	25	1
26	26	1
22	22	8
9	23	1
44	44	3
214	215	3
10	24	1
39	39	3
9	9	9
16	16	4
37	38	5
224	224	4
83	83	5
29	30	4
120	136	1
107	108	3
146	155	2
23	31	1
22	51	1
57	59	3
40	43	2
165	165	3
37	44	2
52	52	4
7	7	3
71	98	2
98	98	5
192	194	1
191	191	4
34	83	1
189	200	1
84	85	2
99	99	4
192	217	1
178	186	2
45	45	5
220	231	1
52	54	1
32	36	1
229	229	3
156	156	2
61	61	2
30	30	2
152	224	1
127	127	1
122	132	1
151	151	2
221	221	3
127	128	2
173	176	2
116	116	4
48	49	2
212	212	1
42	54	2
80	81	1
178	178	1
137	150	1
146	146	4
62	64	1
211	211	3
186	192	2
239	239	1
137	161	2
3	6	1
51	52	2
51	63	1
168	169	1
22	23	1
217	217	3
12	21	1
198	230	1
16	20	1
164	168	2
48	75	2
157	158	3
201	237	1
191	192	1
152	156	1
238	238	5
66	82	1
145	185	2
214	214	4
154	190	4
12	12	2
31	31	3
232	232	2
103	237	1
220	220	2
110	237	2
240	240	2
223	223	2
195	195	2
91	131	1
105	193	1
107	107	2
77	78	2
177	202	2
232	236	3
179	179	3
2	3	1
44	46	1
196	238	2
4	4	7
113	148	1
41	42	3
46	46	3
135	136	4
130	225	1
118	126	1
180	181	4
51	88	1
51	53	1
138	138	4
118	119	3
32	32	7
95	96	1
127	129	3
126	186	1
164	164	3
198	199	1
225	229	4
75	76	2
113	113	3
1	6	2
33	67	1
8	8	2
222	222	3
13	29	2
174	174	5
29	31	1
199	199	4
126	126	2
70	75	2
194	195	4
80	177	1
200	201	1
134	138	1
216	227	4
11	32	1
40	50	1
3	20	1
163	163	4
85	86	2
120	121	1
190	190	5
232	233	1
167	194	1
1	13	1
199	200	4
50	50	1
82	168	2
56	58	1
52	53	2
197	197	5
13	13	3
224	226	2
19	207	2
82	82	4
28	28	3
187	190	1
212	213	3
70	70	2
134	134	1
227	231	1
81	84	1
0	0	1
110	122	1
181	181	3
220	227	1
106	114	1
148	148	2
149	150	5
39	42	2
195	196	1
101	101	4
66	66	6
103	103	1
136	137	4
73	73	1
40	70	1
31	33	2
34	35	1
174	233	1
14	42	1
143	170	1
206	230	1
66	68	1
18	18	1
51	75	1
67	67	3
215	216	2
76	76	2
89	91	1
171	177	1
54	86	1
160	186	1
37	46	1
164	165	2
121	121	2
24	24	4
33	33	3
4	5	4
59	60	1
101	102	1
163	164	3
162	162	6
28	65	3
8	35	1
155	155	3
48	48	3
147	148	5
42	42	4
172	173	1
6	136	2
166	166	6
46	67	1
113	120	1
42	43	1
114	126	2
61	121	1
194	194	1
65	67	1
39	44	1
170	170	1
84	84	2
133	135	3
198	198	4
180	180	6
43	43	1
228	228	2
95	95	2
7	29	1
74	74	2
35	57	2
63	63	4
26	46	1
20	32	1
184	225	1
81	83	1
14	16	1
152	152	1
60	60	1
99	114	1
16	211	1
32	33	2
77	77	2
158	158	5
176	182	3
179	180	1
46	76	1
79	81	1
44	57	1
178	202	1
160	160	3
167	168	1
203	222	1
141	169	1
111	128	1
231	232	1
58	58	2
79	79	2
145	154	1
185	185	1
70	84	1
106	106	2
22	49	2
168	168	3
148	153	2
136	136	2
147	149	2
106	123	1
144	145	1
56	59	1
167	195	1
60	61	4
124	125	2
8	11	3
125	170	2
0	22	1
19	212	1
162	163	2
163	165	1
120	120	2
99	148	1
137	138	1
81	81	2
17	18	2
138	139	1
36	38	1
46	47	1
54	61	1
213	213	3
178	180	1
230	231	4
182	189	1
76	77	1
104	153	1
40	40	5
134	185	1
128	128	2
56	56	2
207	208	1
107	116	1
170	171	5
186	187	1
21	35	1
109	124	1
83	84	2
128	147	1
190	205	3
11	35	1
150	150	1
54	56	1
50	51	1
193	194	2
204	204	5
169	169	2
85	85	3
134	135	2
192	192	4
133	133	3
129	232	2
61	63	2
66	76	1
64	65	2
36	83	1
202	202	4
131	131	4
139	139	2
218	218	1
155	156	1
4	23	1
78	79	1
169	171	1
54	64	1
82	86	1
5	5	3
206	207	1
176	176	4
177	178	2
34	34	1
144	172	2
149	149	1
189	215	1
156	181	1
34	39	1
24	43	2
5	15	1
141	162	1
18	222	2
17	17	1
129	129	1
142	142	1
111	119	1
123	123	2
15	15	3
222	225	2
62	65	2
206	206	2
14	25	1
128	180	1
38	38	2
50	55	2
43	136	1
147	147	2
199	225	2
191	193	2
153	153	5
191	236	1
144	144	1
97	97	1
145	147	1
184	185	1
210	211	1
142	183	1
42	76	2
86	105	1
52	55	2
184	184	2
68	68	3
157	228	1
163	167	1
209	209	4
21	22	2
143	163	1
13	14	3
40	47	1
19	19	2
82	169	1
101	119	1
123	163	1
102	102	1
11	48	1
213	216	1
57	61	1
117	117	2
140	161	1
112	120	2
15	28	1
188	210	1
118	118	2
109	109	3
145	192	1
20	34	1
209	229	2
101	138	1
24	25	1
167	167	3
108	164	1
47	47	3
129	130	1
67	77	1
122	124	1
55	220	1
8	24	2
15	31	1
71	74	1
11	66	1
137	137	3
133	206	1
124	126	1
11	11	2
142	144	1
196	210	1
17	19	1
72	79	1
234	234	2
191	232	2
143	143	2
67	78	1
61	73	1
28	154	1
66	71	1
61	203	2
24	33	2
124	124	1
187	188	3
144	189	1
173	173	2
71	71	2
150	171	1
185	229	1
6	71	1
125	126	1
18	20	1
99	149	1
138	140	1
46	192	1
69	69	2
12	13	1
214	216	1
86	86	1
172	172	2
163	193	1
149	169	1
22	24	1
3	4	1
210	210	1
109	177	1
205	205	2
208	208	1
106	149	1
37	61	2
175	207	2
41	67	1
121	232	1
218	226	1
97	101	1
144	149	1
162	170	1
25	86	3
219	219	3
96	96	2
237	237	2
71	73	1
154	159	1
80	91	1
29	29	2
12	30	1
186	230	2
35	35	1
197	198	1
14	48	1
123	131	1
149	152	1
51	60	1
2	2	3
41	41	2
178	223	2
221	225	1
242	242	4
63	69	1
78	78	1
129	142	1
181	187	1
220	224	1
142	143	2
95	101	1
227	230	1
225	225	4
153	156	1
215	219	1
3	3	1
98	119	1
226	229	1
6	6	1
46	55	1
188	189	2
175	176	1
73	75	1
19	20	1
122	164	1
21	21	2
64	102	1
177	177	2
125	127	2
33	34	3
200	213	2
62	77	1
58	59	1
179	182	1
200	229	1
164	171	1
36	58	1
36	79	2
202	204	1
62	183	1
217	227	1
218	224	2
140	142	1
146	179	1
62	97	1
147	153	1
230	230	1
75	75	1
156	157	1
57	57	2
231	231	2
132	154	1
217	218	2
212	215	1
44	181	1
206	240	1
19	27	1
112	112	1
235	235	1
115	117	1
99	107	2
153	155	1
136	139	1
56	62	1
128	130	1
59	59	1
57	70	1
135	135	4
168	242	1
4	8	1
18	19	1
171	172	1
160	161	1
177	180	1
234	241	1
175	175	4
18	21	1
234	236	1
214	224	1
100	193	1
116	118	1
26	28	1
166	189	1
104	154	1
122	125	1
62	63	1
118	125	1
121	122	1
152	154	1
132	133	2
25	33	1
10	62	1
204	228	1
3	21	1
104	105	1
64	70	1
11	16	2
183	185	2
141	154	1
153	167	1
170	173	1
3	73	1
33	89	1
215	229	1
45	51	1
182	195	1
84	116	1
9	36	1
110	110	1
114	148	1
154	154	1
215	215	1
54	77	1
59	61	1
85	101	1
5	8	1
28	70	1
149	160	1
203	204	1
227	227	1
144	209	1
55	120	1
49	54	1
223	227	1
165	167	1
193	193	3
10	26	1
193	215	1
15	23	1
134	167	1
1	1	2
153	154	1
113	128	1
88	119	1
11	55	1
2	4	1
169	197	2
100	101	1
157	157	1
139	156	1
121	145	1
79	80	1
15	21	1
119	120	1
229	235	1
110	111	1
11	33	1
229	230	1
150	202	1
209	210	1
30	31	1
153	178	1
73	103	1
10	38	1
211	212	1
148	178	1
105	118	1
66	73	1
