69	70	2
14	53	1
72	90	1
31	31	3
238	239	3
182	184	1
64	64	2
9	9	4
150	211	1
56	56	2
35	151	1
81	83	1
159	159	2
114	179	1
202	226	2
69	71	2
109	157	2
43	46	1
35	35	1
109	114	1
37	38	2
102	103	2
76	76	1
105	106	3
200	200	1
99	111	2
49	49	4
19	19	5
97	98	1
29	30	2
231	231	1
195	198	2
73	104	1
27	27	2
213	213	2
77	77	2
28	28	1
33	33	3
154	192	3
157	157	1
237	237	1
56	83	1
98	98	1
44	44	3
176	178	2
114	114	1
170	170	1
165	165	4
235	235	1
108	195	2
95	96	1
165	207	1
245	246	1
5	227	1
229	229	1
69	69	2
225	244	1
70	151	1
189	190	1
43	43	8
158	158	3
54	54	4
3	3	1
33	88	1
36	36	4
195	195	1
75	76	3
79	79	1
75	79	1
203	203	2
95	95	3
194	194	1
65	66	2
87	88	2
73	73	1
100	100	2
77	80	1
116	116	2
205	205	1
208	209	2
176	177	2
4	4	3
92	111	2
75	89	2
161	162	2
236	236	2
115	115	1
242	242	1
186	186	2
6	12	1
57	57	1
246	247	1
175	175	2
197	197	2
20	20	2
168	168	1
71	71	1
234	235	3
222	238	1
14	52	1
174	174	3
171	171	1
50	50	2
214	214	2
103	145	2
47	47	2
30	30	4
103	119	2
63	81	1
210	210	1
74	89	1
17	17	1
35	36	1
68	120	1
162	166	1
52	59	1
221	221	1
246	246	3
33	152	1
162	173	1
44	46	3
26	26	5
58	60	2
207	209	1
196	197	3
33	179	1
220	223	1
43	44	1
77	78	1
89	89	3
61	61	1
38	39	1
156	198	1
5	5	1
116	158	1
95	97	1
93	94	2
25	25	3
68	118	2
178	178	1
47	48	2
10	10	1
192	192	2
214	215	1
115	166	2
204	204	1
159	174	1
21	22	2
64	86	1
168	214	3
61	63	1
30	31	1
113	113	1
68	68	1
204	205	1
55	55	1
76	102	1
18	19	1
190	190	1
237	242	1
167	167	2
180	203	1
84	85	2
42	42	2
224	224	2
151	151	1
193	223	2
230	233	1
105	112	1
52	90	1
29	29	2
65	65	1
88	88	4
58	58	1
112	112	1
16	16	1
68	70	1
84	181	1
179	179	1
78	86	1
233	233	1
183	183	1
150	150	1
163	163	1
63	64	1
45	45	1
104	105	1
59	60	3
198	198	2
238	238	1
247	247	1
187	187	2
245	247	1
203	204	1
217	218	1
55	117	1
43	45	1
203	230	1
230	230	1
34	34	1
242	243	1
11	153	1
12	14	1
187	188	3
215	229	2
185	209	1
6	40	1
76	103	1
63	63	3
215	216	1
188	188	1
98	104	1
187	189	1
75	197	1
114	115	1
40	43	2
152	152	1
119	119	2
60	60	2
107	108	2
29	32	1
81	82	1
172	172	1
231	233	1
99	100	2
97	109	1
155	155	1
191	193	2
153	186	2
155	202	1
163	193	1
210	211	1
115	116	1
20	27	1
154	161	1
191	192	1
239	239	1
66	66	1
65	80	1
227	238	2
189	191	1
91	93	1
40	40	3
189	189	1
189	223	1
10	47	1
196	246	1
164	194	2
171	172	1
40	41	1
32	53	1
151	185	1
73	92	1
17	18	1
224	243	1
67	67	1
62	62	1
158	160	1
225	225	1
53	53	1
153	162	1
101	121	1
117	117	1
86	86	1
7	15	1
47	70	1
62	64	1
89	90	1
43	47	1
85	86	1
199	199	1
152	153	1
179	180	1
173	174	1
197	219	1
226	226	2
145	236	1
107	107	1
39	39	1
54	60	1
11	11	1
110	110	1
47	51	1
164	223	1
95	99	1
219	219	1
20	22	1
77	166	1
8	59	1
46	93	1
216	216	1
223	224	1
160	166	1
12	111	1
51	51	1
