54	54	16
168	168	11
88	89	9
26	26	7
157	157	4
27	27	12
23	23	20
17	18	3
25	25	11
114	114	16
15	15	10
10	11	4
84	84	16
165	165	12
35	35	15
79	80	4
67	67	10
116	117	5
15	16	12
98	98	14
126	136	11
93	93	5
83	83	5
166	166	19
46	48	2
158	159	2
134	134	10
71	71	13
96	96	18
102	112	2
19	19	4
22	22	6
10	10	19
44	44	27
80	80	5
21	21	7
1	1	4
41	43	5
63	64	7
147	147	16
34	34	11
100	100	9
126	126	21
156	157	16
129	137	10
96	151	2
164	164	3
24	24	6
78	79	3
70	88	2
87	87	11
116	116	7
145	145	10
38	39	8
72	72	3
57	57	9
25	27	2
6	14	2
28	28	12
20	20	17
101	101	11
71	72	4
136	136	14
11	11	9
135	139	2
69	69	8
76	76	9
92	97	2
162	162	6
20	47	5
161	162	7
41	41	12
47	48	4
117	118	8
121	121	6
123	132	3
56	56	15
159	160	7
140	141	6
4	5	9
9	9	7
132	133	6
119	122	2
108	162	3
33	33	6
131	131	14
146	146	9
50	51	5
36	127	1
154	154	16
164	165	6
102	102	6
90	90	7
101	102	9
132	144	2
135	153	1
137	137	17
128	129	6
65	65	7
97	97	11
125	136	2
141	141	6
45	45	11
6	7	7
93	94	3
108	108	5
69	70	8
86	86	2
154	155	2
130	130	13
2	3	2
82	82	6
66	67	2
21	22	6
5	6	3
143	146	7
155	157	3
115	125	5
160	160	14
149	149	5
12	12	7
148	148	13
119	119	5
52	52	15
155	158	2
50	50	7
11	12	8
7	7	6
10	64	2
89	89	7
66	66	4
26	27	4
155	155	15
88	88	9
107	107	12
38	66	1
85	85	18
109	109	11
138	138	13
142	142	9
86	88	6
143	143	12
37	38	3
17	17	6
99	99	7
57	61	5
159	159	10
135	136	3
34	35	7
162	163	5
117	120	1
63	63	4
69	73	1
85	86	7
118	164	1
51	51	8
16	16	12
66	90	3
153	153	2
74	76	4
18	18	6
163	163	24
114	139	3
47	47	4
46	46	12
94	116	6
91	91	3
3	3	8
37	90	1
20	22	1
51	52	1
53	151	4
42	42	10
170	170	5
123	123	6
17	21	5
113	113	10
152	152	4
69	74	3
118	118	4
161	165	3
56	150	3
14	14	10
5	5	19
92	92	13
75	76	1
70	74	2
54	55	8
49	49	7
108	110	1
110	111	9
123	135	2
4	4	7
117	117	3
156	156	3
163	165	4
104	104	1
43	43	10
90	93	6
25	39	3
48	50	2
113	114	3
135	135	11
140	140	10
143	159	1
44	45	16
57	58	4
106	107	6
129	129	7
143	145	2
70	70	4
38	84	3
79	79	5
102	104	10
67	68	8
82	83	1
86	135	2
169	169	15
112	118	4
15	17	2
142	143	3
77	77	9
12	13	2
3	47	3
103	103	6
149	150	9
40	40	6
115	116	3
133	141	1
6	6	4
147	159	2
80	144	2
24	25	4
107	108	6
148	149	7
125	125	8
138	155	1
48	48	5
55	55	2
150	150	5
0	1	3
94	113	3
6	10	3
78	78	7
119	135	1
74	74	7
23	43	1
38	38	3
88	90	1
139	139	4
122	123	3
142	162	4
162	164	2
110	110	13
94	95	5
36	36	10
133	133	8
127	127	9
13	13	8
94	96	1
112	113	2
166	167	3
97	144	4
2	2	10
61	64	2
143	144	3
87	89	4
106	106	16
129	163	1
128	128	4
145	161	1
105	105	7
167	167	4
132	154	1
5	45	2
98	99	3
86	87	5
98	131	6
99	100	2
144	144	13
36	37	1
155	156	3
35	36	5
39	39	1
24	45	1
70	72	4
161	161	5
48	49	7
134	135	3
19	47	3
151	152	5
157	160	3
37	37	8
87	147	5
52	53	1
120	120	9
56	57	2
101	160	2
20	23	2
40	41	2
113	117	1
11	13	2
79	145	1
66	149	1
33	34	5
132	132	8
113	122	2
55	64	2
81	82	3
80	81	3
126	128	4
0	18	8
141	165	2
80	145	2
149	151	3
43	44	2
138	156	1
124	125	4
23	24	4
128	136	2
72	74	4
64	70	2
144	146	3
75	75	4
100	101	3
21	24	4
89	146	5
112	112	3
14	15	9
56	58	3
8	12	2
51	54	3
82	84	1
90	91	7
46	47	2
8	56	3
39	40	3
95	95	1
73	75	1
111	112	3
22	23	2
89	90	2
8	8	3
166	169	1
55	94	3
167	170	2
117	163	2
143	153	6
151	151	6
111	111	5
114	116	1
21	23	3
124	136	3
36	70	2
119	123	3
24	44	2
84	123	2
9	10	2
1	2	3
121	122	1
42	53	4
4	24	2
138	139	3
160	162	3
102	103	3
92	93	4
83	119	3
101	104	2
70	86	2
53	54	3
70	71	2
83	124	3
118	119	2
11	51	1
21	25	1
67	84	1
12	15	2
132	145	2
124	126	1
40	42	1
148	150	1
1	47	2
140	163	2
73	73	3
120	123	1
17	52	1
88	159	1
108	109	2
108	163	1
10	16	1
157	158	1
94	94	3
2	42	2
71	105	2
84	121	1
65	72	2
48	58	1
133	134	2
38	40	1
86	99	1
53	56	1
118	162	1
150	151	2
74	75	1
143	152	1
46	78	1
137	138	1
64	64	1
96	97	2
1	46	1
83	84	1
3	43	1
136	137	3
55	56	1
135	154	1
34	40	2
169	170	1
138	151	2
38	83	1
20	21	1
129	130	4
23	44	1
87	116	1
44	49	1
