8	9	5
1	1	9
20	20	10
14	15	3
42	42	12
50	50	10
51	52	4
2	3	5
24	59	4
51	51	15
9	9	9
34	34	7
6	6	9
2	4	4
47	47	10
48	48	19
55	55	16
2	2	14
37	37	8
38	48	1
38	39	5
7	20	1
37	56	1
20	22	2
24	24	8
3	44	1
41	53	4
23	23	9
0	0	13
37	39	5
30	33	1
7	18	2
24	58	1
49	50	4
45	45	10
39	60	2
58	58	2
53	53	4
15	17	3
5	49	2
44	44	14
52	52	11
10	13	1
41	57	2
46	47	3
10	10	5
62	62	10
39	40	4
17	17	8
25	25	7
41	46	1
8	8	12
42	43	2
21	24	1
11	43	1
56	56	10
26	51	1
14	14	4
31	57	1
32	35	2
41	41	7
57	57	9
32	46	1
36	48	1
36	37	3
9	11	3
41	51	1
39	39	9
46	46	10
32	32	14
18	44	2
7	9	2
39	49	1
5	14	1
2	34	1
35	35	13
21	59	1
15	16	2
59	59	7
43	43	7
16	16	6
43	62	1
19	20	2
35	36	5
33	33	11
57	59	1
13	13	7
12	29	3
1	3	1
22	22	6
19	19	5
56	58	2
32	58	1
52	54	2
35	37	1
4	4	5
5	11	2
4	25	1
45	60	2
30	31	4
18	18	5
51	56	4
49	49	7
31	32	2
11	11	8
56	57	6
40	47	2
25	26	1
21	35	2
38	38	6
29	38	1
3	3	9
11	13	2
23	24	3
7	10	1
9	10	3
44	57	2
60	60	11
6	7	10
4	18	1
53	54	4
13	20	1
24	25	5
7	25	1
34	62	1
3	4	1
31	31	8
44	51	2
48	49	3
24	40	1
15	15	3
12	12	9
19	21	2
34	46	2
40	41	3
43	44	4
44	45	1
1	11	1
8	12	1
8	21	1
15	43	1
1	2	4
46	48	1
47	48	5
17	18	1
16	21	3
40	58	1
23	39	1
34	58	1
51	59	1
40	44	1
4	37	1
4	5	2
61	62	4
15	18	1
32	33	5
6	22	1
25	38	2
22	23	1
38	41	1
35	61	2
54	54	2
19	22	4
36	36	3
30	30	4
51	57	1
0	32	1
32	47	2
22	41	2
40	50	1
32	48	1
55	60	1
30	55	1
40	60	1
43	54	1
0	3	1
9	12	2
4	6	3
0	5	1
11	25	2
43	45	1
13	14	1
54	59	1
25	57	2
31	58	1
5	5	3
42	56	1
14	18	1
42	59	1
36	58	1
0	1	3
0	21	1
40	42	3
8	15	1
17	23	1
29	41	1
57	58	1
22	56	1
21	34	1
37	48	1
21	21	4
14	16	2
24	60	1
11	12	2
61	61	4
52	56	2
60	61	2
21	22	1
12	13	3
46	49	1
17	19	2
9	23	2
34	44	1
35	50	1
5	45	1
30	41	1
1	44	2
7	8	1
7	16	1
21	23	2
9	50	1
8	11	1
4	20	1
10	11	2
19	23	1
50	51	1
56	60	1
0	61	2
13	42	1
8	45	1
35	60	1
56	59	1
42	49	1
58	60	1
47	50	1
37	54	2
34	55	1
25	35	1
44	46	2
32	34	1
40	40	2
42	45	2
41	58	1
21	44	1
29	29	1
38	42	1
39	59	1
37	40	2
18	19	1
30	58	1
20	21	1
7	7	3
13	15	1
35	47	1
45	61	1
50	52	1
26	26	1
14	19	1
45	51	1
9	17	1
1	59	1
2	12	1
21	43	2
36	39	1
4	7	1
43	57	1
8	37	1
45	46	1
9	37	1
43	50	1
5	21	1
37	57	2
15	37	1
10	25	1
32	36	1
34	48	1
25	43	1
34	35	1
9	21	1
55	56	2
16	17	1
0	4	1
54	55	1
38	60	2
8	24	1
24	38	1
33	34	1
49	57	1
41	44	1
60	62	1
22	40	1
21	55	1
1	12	1
33	39	1
45	50	2
16	60	1
31	47	1
9	13	1
