51	52	6
95	104	1
155	199	1
177	177	8
96	120	1
161	172	1
74	75	1
138	138	6
72	230	1
163	163	7
43	219	1
35	35	5
73	74	2
197	198	2
76	76	3
231	233	1
21	35	2
221	236	1
151	151	5
88	235	1
139	143	2
38	38	7
122	122	2
236	239	1
175	175	6
7	7	4
231	231	6
116	116	6
66	67	3
46	46	7
108	109	1
164	165	1
201	201	2
47	208	1
57	62	2
105	106	4
55	198	1
157	199	1
209	210	4
203	203	7
115	115	3
72	76	1
85	86	5
181	182	2
226	227	1
189	202	1
64	66	3
105	105	5
101	101	5
52	58	2
113	113	4
10	10	11
67	68	1
230	234	2
54	55	1
25	50	2
60	60	6
233	233	9
214	217	2
35	36	2
71	79	1
13	21	1
109	111	2
8	22	1
50	55	1
214	214	4
64	132	1
59	71	1
27	27	10
190	190	6
141	153	3
195	195	3
106	108	1
156	156	3
232	232	5
6	8	1
83	83	4
222	222	7
194	194	11
112	112	8
31	31	5
78	209	2
57	59	1
2	84	2
188	190	1
178	179	2
37	37	5
137	137	7
241	242	2
139	141	3
164	169	4
100	101	4
105	107	1
178	178	7
20	22	2
184	186	1
227	228	2
31	111	2
18	18	6
44	44	8
225	225	3
150	151	5
201	203	1
135	147	1
73	73	5
139	139	7
47	60	2
168	168	5
161	161	11
209	209	3
36	36	6
147	147	2
152	152	7
75	79	1
129	238	1
170	238	1
8	88	1
50	50	7
121	122	2
84	85	1
218	218	11
208	208	5
112	113	3
26	26	7
18	52	1
172	173	7
14	19	1
165	168	1
129	131	1
166	200	1
48	49	2
210	210	4
86	86	3
225	226	2
115	156	1
64	64	8
218	219	2
4	6	1
242	243	2
98	128	1
12	81	2
47	47	5
136	136	5
153	153	8
107	107	2
237	237	3
186	201	1
224	225	2
4	4	5
132	156	1
62	121	1
78	79	1
143	143	6
173	174	3
125	137	1
236	236	6
77	79	2
11	12	4
13	13	1
50	53	1
16	17	2
223	223	11
40	51	2
43	43	11
172	172	10
38	86	2
84	84	4
20	26	1
144	144	8
226	231	1
181	181	9
75	76	3
163	168	3
236	240	1
172	175	3
88	113	1
3	28	1
137	138	5
169	201	1
85	88	1
134	166	1
192	194	1
68	68	6
1	5	3
221	224	2
241	241	6
227	227	6
108	108	3
131	131	1
71	71	2
211	216	2
183	184	3
80	80	3
209	212	2
209	231	1
50	56	2
117	117	5
42	42	6
178	220	1
242	242	9
60	84	3
113	116	1
12	12	5
212	213	2
38	206	1
229	229	2
109	110	4
149	151	2
155	155	8
192	192	5
156	157	3
17	17	8
223	231	1
40	40	5
196	196	4
37	39	3
127	128	10
79	79	6
24	24	3
4	13	1
96	114	1
153	155	1
117	119	2
168	180	3
54	54	7
53	80	1
48	65	1
14	40	1
162	162	9
186	186	2
165	201	2
143	146	1
139	152	1
25	55	1
30	173	1
98	101	2
75	75	8
98	100	2
102	103	2
23	23	2
166	166	4
171	171	5
227	240	2
240	240	3
25	25	3
156	158	3
55	56	1
50	224	1
233	234	3
81	81	5
216	226	2
4	5	1
42	49	1
119	120	2
194	200	1
228	228	5
180	180	6
24	28	2
160	170	2
224	224	6
173	173	8
141	142	5
20	23	3
109	119	1
148	149	3
39	41	1
214	216	2
114	115	3
51	54	1
235	235	5
149	192	1
40	41	2
230	230	1
235	236	3
137	142	1
57	58	1
71	72	7
9	10	2
4	7	3
41	42	1
111	111	4
113	127	1
41	41	4
123	126	3
11	18	1
1	1	5
102	107	1
164	199	1
19	23	2
231	232	4
8	8	2
118	118	8
165	166	2
219	219	5
40	62	1
2	5	2
49	66	1
166	168	2
148	150	1
202	202	8
18	58	1
190	203	1
200	201	2
9	22	1
67	73	2
144	159	1
234	236	4
169	170	3
2	19	3
128	128	3
70	71	2
167	238	3
129	139	1
182	185	2
97	97	2
3	3	4
154	154	8
45	45	3
175	177	3
182	183	4
146	146	4
89	89	1
32	34	1
15	15	7
217	222	1
6	91	1
27	55	3
138	139	2
200	207	1
101	108	1
122	123	5
11	16	3
145	153	1
158	191	1
2	4	2
163	165	2
61	61	8
2	165	1
205	205	5
221	231	2
183	216	1
185	185	3
128	132	1
220	223	4
195	222	2
145	145	3
77	80	1
69	69	6
190	192	1
147	153	2
70	70	4
212	229	1
196	200	1
202	203	3
112	114	1
238	239	4
74	84	2
4	68	2
140	167	1
205	211	1
141	236	1
227	229	1
157	157	5
109	109	3
21	125	5
21	22	2
215	215	3
19	20	1
52	52	2
121	155	1
129	129	2
110	121	2
239	239	3
105	202	3
21	21	7
39	44	1
63	63	7
32	45	1
182	188	1
78	78	1
184	184	2
34	41	1
107	108	2
123	138	1
36	199	1
44	86	1
160	162	1
165	225	2
220	234	1
121	121	5
167	175	1
174	177	3
9	63	2
62	62	6
200	222	1
151	176	2
54	70	1
198	198	2
6	16	1
135	166	1
160	172	2
167	167	5
62	63	1
59	59	4
55	61	2
3	13	1
203	206	2
14	14	5
27	37	1
197	197	8
213	218	2
77	77	9
106	138	1
164	164	4
143	145	1
125	131	1
0	0	6
126	239	1
10	32	1
100	242	1
56	56	5
224	232	1
65	66	2
66	66	3
176	176	3
4	9	3
98	99	1
50	51	1
204	211	1
210	211	1
35	107	2
100	190	1
30	37	3
36	59	2
46	57	1
115	130	1
87	88	1
213	213	4
6	9	1
140	141	1
121	152	2
182	182	9
157	158	1
191	231	1
207	207	8
28	115	2
154	163	1
1	96	2
172	176	1
29	36	2
188	189	4
164	201	2
63	171	1
104	104	6
156	163	3
148	239	1
200	200	6
49	239	1
184	219	2
214	215	5
61	64	1
213	214	2
68	240	1
205	236	2
126	126	3
209	216	2
234	235	4
116	120	2
136	190	2
35	47	1
189	192	3
191	191	7
30	30	3
239	242	1
45	204	1
189	194	2
74	74	6
15	19	1
178	224	1
104	139	2
58	60	3
98	98	8
81	82	3
59	60	7
184	187	5
32	32	5
28	28	5
211	213	3
114	126	1
14	222	1
108	207	1
169	169	7
148	236	1
10	16	1
159	161	1
184	185	4
120	120	2
123	123	1
193	199	1
190	218	1
140	140	1
227	233	1
58	58	7
199	217	1
124	157	1
154	199	1
95	96	2
160	160	4
46	47	3
100	100	3
17	30	1
75	80	1
82	83	7
16	219	1
32	39	1
159	239	1
199	199	4
20	21	2
160	169	1
68	69	2
197	200	1
77	84	2
219	220	4
32	68	3
174	175	3
15	52	1
120	165	1
22	22	5
34	35	1
12	31	1
9	24	1
50	86	1
129	130	6
17	73	1
131	132	2
219	232	2
59	116	1
3	77	1
119	119	3
99	99	3
110	128	1
221	221	5
46	48	2
2	2	5
114	114	3
39	65	1
3	84	2
98	205	1
72	73	3
165	198	1
95	120	1
234	234	3
72	72	3
4	124	1
6	6	5
36	37	1
136	139	1
24	103	1
85	85	7
61	81	1
158	163	2
15	16	2
109	154	2
204	205	1
47	52	1
159	160	1
193	197	1
107	113	2
210	228	1
5	7	2
124	125	2
185	192	3
53	61	1
196	199	1
112	115	1
29	30	1
174	174	4
69	78	1
63	69	1
1	16	1
62	141	2
210	213	1
11	11	6
3	33	1
158	183	1
189	189	5
33	34	4
106	107	1
189	190	3
78	84	2
161	170	1
103	103	2
131	166	1
81	89	1
73	81	1
186	188	1
82	82	3
155	231	2
9	11	3
211	211	6
13	15	2
127	127	3
153	154	1
33	82	1
158	161	1
18	65	1
19	19	2
173	204	1
124	124	2
166	182	1
145	192	1
108	110	1
43	44	6
204	206	3
6	30	2
8	9	1
12	96	1
134	134	4
9	9	5
31	32	1
20	74	1
158	181	1
48	48	4
178	238	1
144	147	1
57	84	1
6	68	3
15	20	2
158	158	4
39	39	3
219	239	2
102	118	1
183	183	2
116	186	1
195	196	4
137	188	1
154	162	1
120	152	2
105	146	1
74	79	1
27	85	1
37	57	1
136	138	3
226	228	2
204	204	5
140	186	1
163	171	1
39	40	1
175	180	1
210	212	1
30	34	1
67	67	3
179	181	1
215	226	1
160	205	1
210	227	1
70	82	1
85	124	1
150	150	2
81	85	3
213	215	2
29	68	1
102	183	1
232	235	1
133	133	2
186	189	1
55	62	1
159	228	1
0	19	2
148	182	4
75	220	1
16	240	1
7	15	1
124	140	1
118	122	2
102	166	1
138	156	1
107	109	1
127	215	1
99	100	2
31	33	2
220	238	2
108	111	1
196	242	2
53	53	4
163	194	1
160	177	1
39	42	1
179	233	1
154	157	1
120	123	1
133	154	1
14	17	1
187	210	2
76	106	1
107	206	1
116	206	1
137	141	1
73	85	1
46	202	1
207	219	1
83	95	1
45	52	1
31	209	1
100	135	1
0	1	1
216	219	1
106	115	1
217	217	4
146	147	1
12	14	1
17	18	3
0	80	1
103	104	1
109	226	1
226	230	3
218	230	1
45	47	3
182	239	1
228	230	1
37	68	1
96	125	3
198	199	1
102	109	1
39	47	1
184	188	1
25	26	1
37	49	1
79	84	2
27	234	1
74	82	2
10	15	1
175	176	3
62	66	2
51	51	6
57	57	1
63	64	1
194	199	1
113	115	1
78	85	1
135	190	1
95	102	1
100	104	2
198	209	1
111	114	1
26	70	1
30	31	3
48	82	2
33	33	3
29	29	6
111	123	2
22	68	1
220	222	2
189	211	1
211	222	1
44	45	2
102	162	1
58	61	1
58	70	1
228	235	2
85	87	1
169	171	2
5	13	1
20	97	1
185	186	1
218	236	2
240	241	1
187	237	1
79	81	1
222	223	5
133	144	2
98	206	1
146	150	1
6	11	1
169	174	1
53	56	1
107	118	2
204	208	1
238	241	1
98	136	2
206	228	1
140	143	1
142	143	3
205	206	1
172	174	2
206	208	2
21	25	1
187	236	1
32	38	2
79	85	1
43	47	2
203	205	2
95	130	1
158	159	1
20	20	3
106	106	3
135	142	1
162	165	1
140	142	3
60	63	1
232	239	1
125	125	1
34	186	1
226	226	2
188	188	1
12	13	4
82	86	2
24	25	1
155	208	2
0	202	1
200	217	3
46	66	1
193	196	1
52	53	1
228	229	1
227	237	1
207	208	1
154	155	2
0	6	1
135	138	1
226	229	2
15	47	1
127	133	2
5	6	1
131	142	2
88	88	1
11	96	1
24	241	1
123	152	1
206	206	1
81	83	1
161	162	1
103	105	2
157	223	1
64	65	3
101	142	3
170	174	1
165	165	4
28	54	2
212	212	1
161	192	1
49	50	2
60	103	3
29	33	1
122	124	1
148	156	1
104	105	1
159	162	1
55	55	2
211	226	1
143	144	1
65	67	1
7	16	1
75	170	1
216	216	1
167	168	1
61	63	3
44	71	1
122	131	2
16	16	1
185	201	3
76	91	1
155	158	2
54	117	2
114	120	1
170	171	1
98	105	1
162	186	1
65	68	2
157	161	2
203	224	1
215	217	1
110	147	1
3	57	1
61	113	2
124	127	1
89	112	1
157	171	2
117	162	1
119	131	1
124	152	1
11	152	2
147	148	2
101	145	1
131	148	1
172	229	2
63	121	2
195	229	1
22	26	1
50	69	1
37	85	1
11	44	1
46	82	1
165	167	1
60	61	2
56	60	1
109	117	1
72	74	1
150	152	1
233	240	1
71	115	1
10	11	2
177	229	2
159	184	1
41	69	1
239	240	1
55	201	1
66	76	2
187	187	1
18	53	1
126	140	1
171	172	1
152	153	2
7	12	1
192	202	1
172	198	1
28	33	1
18	214	1
199	200	1
12	71	1
139	170	1
106	120	1
5	18	1
179	179	2
216	217	1
58	59	1
47	49	1
172	235	1
39	57	1
27	212	1
65	65	2
195	210	1
215	216	2
115	118	1
179	190	1
167	183	1
32	174	1
20	50	1
21	23	1
32	101	1
169	193	1
53	66	1
28	29	1
152	155	1
119	137	1
145	152	1
204	210	1
43	48	1
136	147	2
59	61	1
4	11	1
117	122	1
232	233	4
64	242	1
14	45	1
121	123	1
121	127	1
32	33	1
150	153	1
2	79	1
192	193	2
135	135	2
237	241	1
222	230	1
210	222	1
23	31	1
14	24	1
148	148	3
170	170	1
0	7	1
7	8	2
197	202	1
132	133	1
219	222	1
151	152	2
178	181	1
153	201	1
1	55	1
32	73	1
43	232	1
2	3	2
220	220	1
138	154	1
119	122	1
193	194	2
22	110	1
139	142	1
170	198	1
18	30	1
128	129	1
191	235	1
24	26	1
183	185	1
109	125	1
22	24	1
27	57	1
140	151	1
117	126	2
113	135	1
106	113	1
159	159	1
138	146	1
152	182	1
191	196	1
80	84	1
200	202	1
44	73	1
134	135	1
61	62	2
235	237	1
190	238	1
164	170	1
110	110	1
128	134	1
15	61	1
180	199	1
37	53	1
232	237	1
24	31	1
83	89	1
185	190	1
96	101	1
55	65	1
42	43	2
192	203	1
101	120	1
167	199	1
43	54	1
201	208	1
168	170	1
145	146	1
111	113	1
99	175	1
83	85	1
156	221	1
188	199	1
127	169	1
95	103	1
116	179	1
183	192	1
204	216	1
116	134	1
187	197	1
198	208	1
30	92	1
25	70	1
52	56	1
25	69	1
139	198	1
128	168	1
120	122	1
17	23	1
116	118	3
217	232	1
162	181	2
32	137	2
105	119	1
211	212	1
147	182	1
162	230	1
128	177	1
135	137	1
169	182	1
133	134	1
238	240	1
65	86	1
174	217	1
179	230	1
126	129	1
97	137	1
78	122	1
234	242	1
174	182	1
143	148	1
141	141	1
193	193	1
53	57	1
39	43	1
12	19	1
201	205	1
54	71	1
122	188	1
36	102	1
7	30	1
13	17	1
32	35	1
18	19	1
79	80	1
48	56	1
7	71	1
1	4	1
32	86	1
159	166	1
67	69	1
23	25	1
35	84	1
193	195	1
46	97	1
5	129	1
28	85	1
191	219	1
16	88	1
11	15	1
9	23	1
115	116	1
101	110	1
145	159	1
12	36	1
56	58	1
0	50	1
174	211	1
156	198	1
15	27	1
8	232	1
14	51	1
21	32	1
179	183	1
154	159	1
17	19	1
51	67	1
191	198	1
39	48	1
63	187	1
7	9	1
14	18	1
177	182	1
55	83	1
203	204	1
180	189	1
8	231	1
5	8	1
197	225	1
236	237	1
225	227	1
210	214	1
51	53	1
64	112	1
49	237	1
60	82	1
147	154	1
33	40	1
14	22	1
32	43	1
3	34	1
26	203	1
