57	57	5
70	70	3
79	97	3
10	10	7
21	21	3
74	74	1
120	120	7
8	8	2
4	4	7
5	5	4
94	94	3
80	80	2
77	77	3
131	131	3
13	14	1
93	94	1
117	118	1
33	33	4
50	50	1
95	95	7
73	73	7
49	126	3
58	59	2
47	48	2
65	73	1
85	85	4
75	76	1
27	27	6
2	2	1
13	13	5
18	33	2
60	60	4
83	84	2
11	96	1
82	82	5
43	43	6
55	55	2
133	133	5
134	134	6
131	134	2
61	62	1
37	42	1
7	7	5
59	59	3
19	19	4
24	26	4
15	16	3
26	26	1
46	46	2
20	21	2
100	101	1
62	69	2
84	84	1
124	126	1
35	36	5
83	83	2
93	93	4
79	79	2
27	28	3
28	28	2
63	63	5
61	61	6
26	30	2
116	116	2
90	90	4
23	73	3
12	20	1
3	4	1
92	93	1
8	18	1
16	124	1
73	77	4
101	102	2
107	113	1
87	88	3
28	117	2
23	23	4
29	29	3
133	134	1
109	109	2
14	14	7
91	91	6
38	38	3
108	108	3
105	106	3
62	62	3
83	129	1
130	132	3
35	45	1
100	100	7
37	37	3
113	120	3
130	130	7
36	38	1
64	64	2
57	129	2
15	15	3
119	119	4
113	113	4
102	104	4
10	11	2
32	32	5
108	109	3
56	56	4
112	113	3
77	78	2
66	66	2
22	22	1
44	44	6
64	65	1
111	111	4
57	58	2
13	104	1
62	63	3
9	108	1
47	129	1
3	6	1
89	92	2
13	105	1
127	131	3
122	122	3
97	98	2
40	40	1
121	121	3
26	56	1
107	109	1
103	103	4
14	15	1
20	20	2
79	80	2
3	5	1
29	30	1
115	116	3
8	9	3
31	31	6
34	34	2
88	99	1
78	79	3
88	88	2
62	64	1
3	86	2
116	117	1
36	36	3
121	125	1
2	4	1
12	106	2
128	130	1
72	72	5
58	80	2
58	58	3
107	107	5
9	9	3
109	110	1
93	107	2
118	118	5
81	82	2
18	77	1
104	105	1
95	96	1
14	17	1
10	12	1
115	121	2
107	108	2
84	95	1
132	132	2
78	83	1
113	114	2
12	12	1
79	128	1
30	30	5
111	112	1
48	48	4
110	110	2
29	56	1
22	55	1
17	17	3
96	96	2
125	125	4
18	20	1
12	13	2
8	77	3
88	93	1
94	102	1
130	134	2
112	112	1
60	82	1
2	3	1
24	25	2
21	22	1
59	94	1
113	115	1
12	17	1
41	42	1
108	111	2
6	6	2
47	47	3
37	40	1
24	30	2
18	18	2
7	59	2
102	102	1
9	10	3
124	124	2
124	125	2
84	85	3
37	39	4
85	86	3
97	97	1
86	87	4
86	94	1
90	91	1
89	111	1
45	45	2
129	129	2
18	112	1
80	107	1
78	114	1
28	50	1
106	107	1
123	123	2
45	68	1
24	24	3
104	129	2
59	120	3
88	94	1
22	23	3
81	81	3
86	111	1
57	95	1
22	24	1
14	114	1
7	47	2
86	93	1
86	86	4
83	87	2
98	98	1
20	22	1
14	102	2
105	105	3
85	95	3
42	43	2
47	64	1
10	17	1
106	106	1
76	76	1
25	25	2
96	131	1
42	70	1
12	14	2
16	17	2
122	128	1
96	98	1
99	99	3
69	70	1
41	41	2
126	126	2
34	80	1
85	94	3
61	120	2
131	133	1
94	99	1
10	27	1
43	44	1
41	43	1
104	104	1
19	22	1
36	37	1
76	134	1
102	105	2
32	38	1
94	95	2
87	113	1
94	96	1
75	75	1
82	83	1
68	68	3
92	92	1
122	123	1
39	39	1
63	64	1
42	42	1
126	134	2
5	6	1
41	45	1
58	112	1
127	127	1
46	47	1
31	40	1
30	31	2
78	78	2
77	128	1
16	126	2
71	76	1
97	99	1
17	18	1
61	111	1
71	72	1
56	113	1
78	107	1
21	125	1
91	107	1
110	111	1
9	61	1
67	67	1
86	88	1
92	98	2
104	106	1
79	98	2
59	60	1
14	18	1
5	7	1
92	105	1
47	75	1
126	127	1
21	126	1
103	108	2
25	80	1
123	124	1
33	34	1
115	115	1
101	101	1
4	18	1
17	57	1
57	116	1
117	117	2
94	114	1
