3	3	24
37	76	3
19	19	25
52	52	7
63	63	10
40	40	23
53	54	13
43	43	13
16	17	12
62	62	16
0	0	15
13	14	8
78	78	22
37	42	4
1	1	17
27	27	26
29	29	21
79	79	25
54	54	5
38	38	26
6	38	7
41	41	27
33	33	26
41	52	6
61	61	22
27	67	2
80	80	25
9	14	3
65	65	29
39	39	18
40	41	9
29	30	6
20	20	5
59	60	14
45	45	26
4	4	34
3	4	17
2	3	5
77	78	5
28	28	34
37	37	9
7	7	24
49	52	4
64	64	30
19	20	3
48	48	35
77	77	7
71	71	18
72	73	5
30	30	11
35	35	45
28	29	1
62	63	8
6	7	7
2	2	17
67	67	9
16	16	15
25	25	9
68	69	6
50	52	1
42	42	49
1	78	4
75	76	7
26	29	3
20	65	1
17	74	4
66	66	20
37	40	7
12	12	17
67	68	8
18	18	13
18	73	6
11	12	4
46	46	23
27	28	2
31	31	12
53	53	16
17	39	3
72	72	20
9	62	8
55	55	15
10	70	4
26	26	13
51	52	6
58	58	30
6	6	16
73	73	25
33	34	4
5	7	3
76	76	23
56	56	15
10	13	1
50	50	3
8	8	20
57	57	15
36	36	19
70	70	11
53	56	1
28	37	4
80	81	4
74	74	11
60	61	11
45	46	6
55	56	6
5	5	15
11	13	7
27	59	6
33	57	2
8	10	1
15	15	13
69	69	16
79	80	14
20	21	6
6	8	8
51	51	16
49	49	12
39	43	1
12	15	5
59	59	11
37	48	4
60	60	13
38	48	2
32	32	16
10	10	6
73	74	2
35	36	2
21	22	2
40	48	6
15	41	3
9	9	22
10	20	2
34	35	8
7	8	4
47	62	5
35	47	3
5	21	4
39	49	5
26	31	8
68	68	3
10	69	7
29	57	4
44	44	12
62	75	1
47	47	15
21	21	6
48	49	6
50	54	7
0	80	3
13	69	5
70	72	6
42	43	4
12	14	2
50	51	11
64	65	12
75	75	7
74	75	4
29	65	1
66	70	3
14	14	11
49	54	3
63	64	4
41	42	2
11	70	4
66	67	5
22	69	3
10	14	1
8	17	5
52	53	1
17	18	7
71	72	9
70	71	4
19	41	2
40	49	3
11	11	5
59	61	9
40	57	4
14	15	5
65	66	1
54	55	2
34	34	6
51	53	1
47	48	7
68	70	3
17	76	3
39	53	5
58	63	4
17	17	17
56	57	12
9	10	2
18	20	1
11	31	2
1	4	2
9	13	3
50	53	1
4	6	1
26	28	4
8	9	1
26	58	1
16	38	1
10	11	1
19	75	3
56	58	1
27	60	2
39	40	1
4	16	1
28	41	1
49	51	1
9	11	2
10	21	5
55	58	3
13	13	1
33	49	2
12	19	2
12	13	1
33	58	2
16	19	1
58	59	2
20	39	1
35	37	1
52	55	1
35	40	1
8	62	1
36	37	1
27	73	2
34	72	1
19	71	2
67	70	2
33	56	1
64	66	1
33	36	1
43	45	1
37	61	1
38	39	1
5	19	1
11	14	1
63	70	1
79	81	1
17	73	1
66	73	2
2	18	1
77	80	1
32	63	1
68	71	1
60	62	1
35	38	1
31	34	2
71	73	1
60	65	1
27	68	1
63	66	1
0	75	1
9	21	1
