41	41	2
11	11	1
20	20	2
32	33	1
37	37	1
9	9	2
76	76	2
65	65	2
43	43	1
8	10	1
53	54	1
48	48	3
75	75	2
5	5	2
59	59	2
61	64	1
38	38	1
36	56	1
66	67	2
0	0	4
34	57	1
12	12	2
46	46	1
8	8	1
50	50	5
40	52	1
23	24	1
12	19	1
47	47	2
40	42	1
6	11	1
28	30	2
63	63	1
67	70	1
57	57	1
52	56	1
7	10	2
38	41	1
49	50	3
21	48	1
1	1	1
30	51	1
2	2	1
53	53	1
1	2	1
6	6	1
48	49	1
29	29	1
0	1	2
49	71	1
64	65	1
6	7	2
50	51	1
1	60	1
13	13	1
27	27	1
6	8	2
33	33	2
42	50	1
22	22	1
47	48	1
60	60	1
40	40	1
12	29	1
21	21	2
65	66	1
31	31	2
69	69	1
9	19	1
10	25	1
2	3	1
3	3	1
42	43	1
24	31	1
70	73	1
28	55	1
72	72	1
57	73	1
54	68	2
73	73	1
44	44	1
7	7	1
56	56	1
36	36	1
36	37	1
41	73	1
60	64	1
11	18	1
29	59	1
