24	24	4
33	34	4
23	28	1
38	39	2
11	11	1
22	22	2
37	37	4
46	46	2
25	32	1
18	19	2
24	34	3
36	37	5
31	31	1
32	42	1
38	43	1
20	20	4
40	40	3
18	18	4
25	26	3
35	35	3
29	29	6
16	23	1
32	32	2
44	46	1
39	40	2
43	43	1
24	26	1
28	28	5
41	41	4
35	36	2
22	23	2
26	26	2
34	45	2
17	33	2
30	33	1
21	22	1
34	34	2
25	42	1
17	18	1
23	33	1
17	24	2
23	24	1
16	36	1
22	32	2
21	38	1
24	36	1
30	30	1
23	23	2
19	25	1
31	46	2
21	23	1
30	43	1
15	15	2
38	40	1
20	27	1
47	48	1
23	25	1
25	25	7
33	33	1
15	19	2
43	44	1
16	24	2
18	22	1
25	37	1
18	30	1
42	42	1
19	19	2
27	28	1
25	28	1
27	27	3
24	27	1
21	21	1
31	41	1
44	45	2
37	41	1
39	39	1
27	43	1
45	45	1
28	40	1
37	42	1
24	31	1
38	38	1
31	43	1
21	26	1
20	26	1
36	38	1
