135	135	4
9	9	30
92	92	14
117	117	16
28	28	7
29	34	1
29	29	8
76	76	10
3	66	5
172	172	24
84	85	8
33	36	4
8	45	5
30	31	11
30	30	13
119	119	10
144	144	15
27	27	8
123	127	3
99	99	4
124	126	5
55	55	13
94	95	7
153	153	13
175	175	4
73	73	12
123	125	8
40	40	6
65	65	17
86	114	7
173	173	10
45	45	5
53	53	9
135	140	2
23	25	3
149	149	22
106	107	9
42	42	9
22	22	6
78	78	8
142	142	7
16	16	16
118	118	7
71	71	9
141	141	8
152	160	1
112	112	14
0	60	3
173	174	4
46	46	3
9	45	4
24	27	1
97	97	6
26	115	1
113	114	2
132	132	10
8	8	4
168	168	8
176	176	19
174	174	16
11	11	15
138	138	9
113	113	2
102	102	6
63	63	14
164	167	4
144	145	3
102	104	1
68	68	16
130	130	11
38	39	1
33	35	5
83	83	6
116	116	11
128	143	3
56	56	15
108	108	4
143	143	13
62	62	9
91	93	5
105	105	5
128	129	5
121	122	7
85	136	3
54	54	13
125	127	7
21	22	10
138	172	1
86	108	2
156	156	4
137	138	1
111	113	6
103	107	5
50	52	2
165	165	2
42	43	4
119	127	3
157	157	7
83	86	2
147	147	15
75	75	8
111	112	12
57	57	14
169	169	9
160	160	12
114	123	3
164	164	12
98	113	2
14	14	14
140	140	12
137	137	12
110	110	12
103	103	13
50	58	3
50	50	8
109	109	2
123	123	8
170	170	14
168	169	2
142	158	7
26	26	8
37	37	10
85	115	7
153	156	4
2	3	5
3	68	6
112	113	3
128	128	4
64	64	9
88	111	7
103	104	5
49	49	2
52	58	1
92	94	4
19	20	5
148	148	5
61	61	3
61	62	4
125	125	16
87	108	3
104	104	21
91	91	4
121	121	12
80	80	4
28	29	9
130	131	8
3	3	6
49	58	3
123	126	2
123	124	10
131	131	10
24	25	2
157	158	10
107	107	9
154	154	13
116	117	10
15	15	12
139	139	11
122	125	2
43	43	13
31	32	7
49	50	6
41	41	7
179	179	6
6	6	4
167	173	4
37	41	1
81	81	7
1	2	1
20	20	10
36	42	4
32	36	4
17	17	6
26	28	6
60	60	15
19	19	5
154	156	3
142	148	1
83	112	3
169	170	2
25	25	10
38	38	22
39	39	7
34	34	6
142	147	1
139	140	5
171	171	15
121	123	7
75	80	2
52	54	3
24	38	4
4	4	9
21	40	3
163	163	6
134	134	3
135	136	8
80	122	3
24	31	1
94	157	3
102	103	5
162	162	11
163	164	5
114	114	12
66	66	10
32	32	4
62	63	8
22	40	1
148	149	2
146	146	6
40	44	10
60	61	5
82	114	4
135	173	8
106	106	12
2	2	7
85	116	1
77	115	4
126	127	4
94	154	1
74	74	8
10	10	3
33	33	13
50	51	5
99	110	5
96	96	8
100	100	8
115	115	7
155	155	7
141	158	1
1	7	1
132	134	4
120	120	7
4	5	7
177	178	2
178	178	6
12	12	6
98	110	3
95	97	4
133	133	13
154	155	2
129	129	9
97	99	2
101	101	5
13	43	2
59	59	6
18	18	7
89	110	1
99	114	1
79	79	10
152	152	6
100	104	2
90	91	3
0	0	9
34	35	5
174	180	1
60	77	3
102	109	2
99	111	1
72	72	3
77	77	4
37	38	6
23	24	1
36	41	1
137	140	1
151	151	6
51	51	6
86	100	1
20	21	1
44	44	7
14	43	2
34	110	3
111	111	8
105	107	1
24	24	10
143	144	3
3	67	3
71	72	11
64	65	3
93	94	4
88	88	11
132	133	14
94	97	1
174	176	6
90	90	2
60	71	4
39	40	5
85	85	5
79	109	1
143	145	3
124	130	2
25	26	2
150	151	4
145	146	5
6	59	2
91	94	4
61	65	4
82	118	1
63	64	1
136	137	2
13	13	13
133	135	6
105	106	3
119	120	3
145	145	7
93	93	3
58	58	3
41	42	6
177	177	3
15	16	7
54	55	4
126	126	5
39	44	1
52	53	6
136	174	1
136	136	8
25	105	2
23	23	4
146	157	1
171	172	1
82	115	4
164	166	5
18	19	2
55	83	1
170	171	2
112	114	5
161	162	5
127	127	5
11	13	6
5	5	9
98	98	3
50	53	3
63	122	1
140	157	2
0	31	1
88	90	1
27	28	1
99	113	2
107	108	7
95	95	7
166	166	4
1	1	2
105	108	1
161	161	3
150	150	6
87	87	4
13	44	5
74	75	1
61	71	1
155	156	5
93	150	8
98	99	3
55	56	7
159	159	4
153	154	1
67	67	7
35	35	4
24	39	2
120	130	3
89	89	6
96	98	2
82	82	1
71	73	2
86	87	3
167	167	6
5	63	3
65	67	2
28	31	2
122	122	3
1	4	1
23	38	1
86	86	4
81	99	5
36	36	2
18	45	1
168	171	1
64	66	1
177	179	1
14	16	2
153	159	1
61	64	2
110	111	2
2	67	1
29	33	2
61	63	1
31	31	3
56	57	1
52	52	4
134	137	2
124	124	4
66	67	2
21	44	1
168	176	3
164	165	2
82	121	1
133	134	1
73	74	1
14	39	2
81	83	2
24	106	1
79	80	1
17	18	1
96	112	2
21	21	3
31	33	1
10	35	1
32	41	1
135	179	1
77	79	2
104	105	1
29	30	1
92	152	2
146	147	2
50	62	1
180	180	2
29	31	1
159	161	4
141	167	1
21	39	1
72	74	1
15	56	1
77	78	3
116	118	2
167	171	2
127	128	2
95	96	1
95	137	1
168	170	1
134	136	1
152	154	1
115	118	1
43	44	1
60	63	1
98	111	1
102	105	2
157	159	1
165	166	1
28	30	1
12	20	1
