49	49	8
47	47	9
83	83	8
61	61	5
17	17	11
116	116	3
113	114	3
41	43	2
127	127	5
87	99	1
125	125	4
86	102	2
28	30	2
64	64	3
62	68	4
67	125	1
60	60	4
7	7	4
51	51	8
110	110	14
65	65	6
41	44	4
131	131	7
112	121	2
101	104	1
31	31	4
61	77	1
60	61	7
126	133	1
48	56	1
8	10	2
39	39	12
96	98	3
133	133	1
30	30	3
42	42	5
33	33	6
39	42	1
81	112	2
126	126	6
48	48	8
10	14	1
121	121	4
0	1	5
70	70	4
106	106	4
58	59	2
101	102	1
80	81	8
115	115	5
18	18	5
15	15	4
75	75	3
100	100	9
119	130	3
73	85	1
73	74	2
63	63	3
1	119	1
92	92	9
29	30	5
80	80	4
107	107	10
98	98	5
119	120	2
58	71	2
23	25	7
118	118	4
16	18	2
97	97	6
93	100	2
45	45	9
92	99	2
9	9	5
99	99	5
88	88	11
70	71	5
98	99	2
14	15	7
52	53	5
10	10	19
101	101	5
60	64	1
11	11	11
22	22	3
47	48	3
14	14	9
70	76	1
72	72	7
62	97	2
124	124	2
38	39	1
45	46	2
41	41	2
53	53	6
91	103	3
95	95	4
42	47	2
86	86	3
115	116	2
132	132	7
44	44	3
122	123	3
8	9	2
82	82	9
50	51	2
78	78	11
33	34	1
104	118	2
93	93	5
71	72	5
71	74	1
92	93	3
0	0	2
51	52	3
46	47	3
57	73	2
30	64	1
74	99	1
120	120	3
44	45	5
66	66	2
25	25	6
87	87	5
123	125	1
90	94	1
44	102	4
119	119	6
93	94	2
55	55	4
26	26	4
72	73	4
42	49	1
76	76	6
82	84	3
9	48	1
53	117	1
23	23	8
106	107	10
40	59	2
79	79	5
59	59	9
65	67	3
126	128	2
31	32	6
9	49	2
29	29	5
65	66	3
6	15	3
1	1	5
28	29	2
96	100	2
94	94	4
13	17	3
112	112	11
88	90	1
81	81	4
67	67	2
74	91	1
58	61	1
102	102	1
90	90	6
96	96	10
11	68	1
41	42	4
109	109	3
86	95	2
102	112	1
61	78	1
16	21	1
103	103	2
97	98	2
127	132	2
80	100	3
39	40	1
71	73	3
77	77	4
62	63	2
98	100	2
76	78	1
6	8	1
122	122	4
58	58	8
40	40	7
56	93	1
68	69	3
24	24	6
46	46	7
42	44	2
32	32	4
92	118	1
85	85	5
25	26	3
89	89	7
2	3	1
91	92	4
75	76	2
43	43	8
11	12	6
81	100	1
13	15	2
10	64	1
101	124	1
61	62	2
67	73	1
18	19	4
52	52	4
57	71	2
68	117	1
12	12	5
62	62	6
92	100	1
72	117	1
104	105	4
120	121	4
4	6	2
68	96	1
69	70	2
19	32	2
20	20	2
88	89	2
16	16	5
79	81	2
59	60	3
71	71	4
118	122	2
103	104	1
40	81	1
30	106	3
4	4	4
55	127	1
114	114	5
80	98	1
21	21	3
47	65	1
22	23	3
55	56	1
55	78	2
75	78	1
106	114	1
117	118	3
11	17	2
91	91	6
13	14	2
75	77	1
45	47	1
38	38	4
127	128	3
60	115	3
10	80	1
60	62	3
129	129	3
27	27	6
24	107	1
118	129	1
106	110	1
26	27	3
12	40	1
81	85	1
108	108	1
84	86	1
63	70	1
71	102	1
83	95	1
104	130	1
43	56	3
87	88	3
2	2	2
69	69	4
105	105	6
11	15	2
78	94	1
38	100	1
80	82	1
110	117	2
86	87	1
51	84	1
13	13	1
94	96	2
50	50	3
96	131	1
83	84	3
107	111	1
123	124	1
23	24	3
111	111	1
105	106	2
74	74	5
39	49	2
79	80	1
67	68	2
108	122	2
110	116	1
78	81	1
63	85	2
29	31	2
40	91	2
128	128	2
94	95	2
1	24	1
130	130	1
70	78	1
114	116	2
131	132	1
90	91	3
85	88	1
24	88	2
94	98	1
5	11	1
67	97	1
83	126	1
129	130	3
48	57	1
56	102	1
97	108	2
45	101	1
59	93	1
56	57	2
16	17	1
66	100	1
88	98	1
54	54	1
92	119	1
4	5	2
49	50	1
10	12	1
17	30	1
53	54	1
78	93	1
9	10	1
58	74	1
59	61	2
23	32	1
77	78	1
84	85	2
9	11	1
24	85	1
41	45	1
2	38	1
78	80	1
64	88	1
104	109	1
64	98	1
66	67	2
66	88	1
21	24	2
3	3	5
17	18	1
46	98	1
19	19	3
15	16	2
90	92	1
8	11	1
10	106	2
108	109	1
106	111	2
55	131	2
39	48	1
76	79	1
46	49	3
128	129	1
124	125	1
40	41	4
125	131	1
76	87	1
8	12	1
8	8	4
26	31	1
27	113	1
51	53	1
73	73	1
98	103	3
54	57	1
74	100	1
28	44	1
56	56	1
20	21	3
102	103	2
61	129	2
27	28	1
42	45	1
51	112	1
76	123	2
10	11	1
87	92	3
63	64	1
113	113	2
80	89	1
7	50	2
63	71	1
60	74	1
43	44	2
11	55	1
54	127	1
86	89	1
10	17	1
75	118	1
68	76	1
96	97	1
24	26	1
46	48	1
50	123	2
111	119	1
107	109	1
58	70	2
84	84	1
47	49	1
69	85	1
112	125	1
82	99	1
13	67	1
110	111	1
104	104	3
86	106	1
10	15	1
11	39	1
68	68	1
4	75	1
61	72	1
0	2	1
120	125	1
9	14	1
89	100	1
26	114	1
101	109	1
83	85	1
91	99	1
17	34	1
76	77	1
59	129	1
99	100	1
66	69	1
100	102	1
44	48	2
72	77	1
68	70	1
14	62	1
107	112	1
50	118	1
59	102	1
77	91	1
76	93	1
79	124	1
1	12	1
17	62	1
118	119	1
128	131	1
90	98	1
73	101	1
123	123	1
5	7	2
14	32	1
95	96	1
24	40	1
114	115	1
67	74	1
