63	68	1
72	72	4
12	12	3
64	69	2
65	73	1
17	73	1
20	20	3
47	47	3
40	40	3
58	59	3
51	67	1
9	12	1
53	71	3
62	62	4
73	79	1
56	57	3
78	78	1
49	53	1
59	59	4
76	76	1
4	11	1
2	3	1
63	64	2
45	46	2
49	54	1
71	73	2
3	17	2
31	34	1
62	65	1
14	15	3
10	10	1
46	47	1
47	48	1
10	14	1
56	56	4
63	70	1
49	64	1
49	49	3
8	8	2
55	73	1
21	21	2
54	54	2
57	62	1
48	48	3
8	35	1
6	6	2
53	53	4
35	35	1
42	42	3
16	29	1
34	34	1
41	42	3
39	39	5
32	33	5
44	45	1
35	36	1
18	18	4
64	70	1
73	73	5
32	32	3
47	53	1
47	68	2
62	68	1
38	38	5
51	52	1
27	47	1
29	29	2
17	17	4
55	55	4
2	2	1
5	74	1
36	36	1
6	21	2
63	63	2
75	75	1
53	69	1
65	65	3
70	70	1
60	66	1
80	80	4
17	19	2
28	29	1
31	32	1
5	5	2
9	10	3
75	76	2
31	31	3
27	27	2
27	28	1
49	66	3
45	45	2
68	68	1
25	33	2
26	26	2
5	8	3
67	68	2
43	43	1
8	9	2
64	65	2
6	34	1
19	19	1
4	21	1
46	46	1
7	7	2
63	69	1
3	3	2
51	60	1
1	1	1
49	50	1
74	74	2
37	37	2
16	17	1
20	29	1
0	0	1
61	74	1
48	49	1
30	30	1
72	74	1
33	33	2
50	51	1
16	60	1
29	60	2
50	52	1
69	69	3
3	50	2
4	4	1
77	77	1
61	61	1
19	20	1
55	56	1
33	72	1
34	35	1
5	6	2
3	4	1
67	67	1
16	16	1
4	5	1
61	68	1
72	73	1
60	61	1
57	58	1
31	39	1
37	38	1
53	55	1
29	49	1
7	8	1
7	27	1
76	77	1
11	12	1
64	64	2
31	35	1
7	47	1
