37	87	1
69	91	1
64	67	3
27	27	2
57	57	1
68	72	1
78	80	1
41	42	2
24	24	2
102	102	1
70	70	2
79	102	1
26	26	1
22	26	2
43	53	1
50	50	2
42	47	1
67	85	1
34	35	2
87	91	1
38	38	4
82	104	1
44	45	3
36	94	1
90	90	2
37	38	1
49	99	1
45	60	1
103	103	1
75	75	2
54	73	1
22	22	2
67	67	1
105	105	2
45	80	1
27	60	2
73	73	2
40	41	2
26	27	1
22	34	1
95	95	2
28	28	3
39	84	2
49	52	1
27	89	1
50	70	1
28	39	3
67	102	1
69	70	2
98	99	2
83	84	2
71	105	1
47	67	1
80	97	1
101	101	2
23	23	1
33	33	2
50	58	2
88	89	1
68	73	1
68	68	3
62	91	2
88	88	1
77	88	1
94	101	1
90	102	2
82	83	2
41	41	3
65	65	3
23	49	1
82	90	1
32	34	1
21	23	1
24	40	1
68	69	1
53	60	1
23	45	1
44	44	2
22	39	1
51	51	2
99	100	2
76	95	1
35	35	1
53	53	1
86	106	1
68	71	1
56	58	3
74	75	2
30	30	1
36	44	1
62	70	2
24	27	1
46	53	1
65	79	1
45	56	1
102	103	2
76	78	1
77	78	2
39	39	1
69	93	1
23	24	1
75	76	1
65	73	1
27	67	2
87	87	2
63	87	1
29	29	1
104	104	1
75	83	1
22	27	2
57	61	1
43	43	1
48	99	1
90	91	1
31	32	1
21	21	1
83	94	1
54	54	1
25	52	1
77	77	1
85	86	1
37	60	1
74	74	1
78	78	1
63	63	1
96	99	1
82	103	1
20	67	1
36	36	1
42	81	1
33	34	1
69	69	1
