19	20	3
6	6	5
40	41	3
94	193	2
165	166	6
81	81	12
99	111	2
131	160	1
96	130	1
179	179	10
128	128	7
71	156	3
175	188	2
29	47	2
112	112	4
168	168	15
121	151	1
65	65	3
89	89	4
120	192	3
10	141	1
31	38	1
161	161	9
111	116	1
120	120	13
131	132	1
169	190	2
169	191	1
80	81	3
2	8	2
191	191	8
159	160	9
109	139	1
61	71	2
86	86	4
130	130	7
7	7	11
168	169	8
101	108	2
156	156	15
39	186	1
53	58	1
120	191	2
102	147	1
22	25	1
113	161	1
106	106	9
122	122	14
150	150	5
150	151	1
122	136	2
139	194	4
174	174	17
143	144	6
97	98	3
150	181	2
70	80	1
20	173	1
146	146	9
53	125	1
182	182	6
25	26	4
26	29	1
37	56	2
37	37	2
109	110	4
17	17	13
44	81	1
1	33	3
125	125	6
102	102	4
143	145	4
107	107	7
100	146	1
0	197	1
164	165	1
192	192	9
24	27	6
95	95	9
145	146	4
1	143	1
8	8	6
116	116	7
77	78	1
190	190	4
117	117	8
158	159	8
52	69	1
107	108	4
7	8	3
11	12	2
178	179	4
134	188	2
152	152	8
154	154	12
173	178	3
175	176	3
78	112	2
94	109	5
98	108	3
0	5	1
79	79	4
129	129	4
137	137	8
59	60	4
124	125	2
141	141	11
149	149	8
143	143	7
15	15	4
29	30	2
140	140	4
155	155	7
5	28	5
30	31	5
4	9	1
179	188	3
133	139	2
6	8	5
61	136	2
156	158	1
136	136	7
112	161	1
79	85	1
117	192	1
113	158	1
137	138	3
59	59	2
164	166	1
166	166	10
0	4	3
45	46	2
101	102	3
115	115	14
114	115	7
20	21	2
108	108	9
0	2	2
133	133	10
172	172	10
72	72	2
118	118	7
3	142	1
21	67	3
163	164	7
41	64	1
160	160	14
158	158	13
164	164	10
119	137	4
180	182	1
148	149	2
176	179	1
169	170	7
39	39	9
101	101	13
96	96	5
136	137	1
125	131	2
176	176	4
102	103	2
56	104	2
70	70	7
119	119	9
90	132	1
30	30	7
188	191	3
157	157	8
153	153	8
101	146	1
58	58	2
42	187	2
190	191	2
5	8	3
95	104	1
96	119	2
86	167	1
162	162	4
45	45	4
175	175	9
175	191	2
84	84	10
38	45	2
133	134	6
123	151	1
131	139	4
109	109	5
171	171	4
73	74	4
183	184	3
12	192	1
69	70	3
27	29	2
173	173	7
139	139	3
121	121	13
126	126	2
116	158	2
112	185	1
141	159	1
94	105	2
117	118	2
171	184	2
99	177	2
170	170	6
66	67	2
41	41	3
82	82	3
102	157	1
68	73	1
196	197	3
111	151	2
102	158	1
116	162	2
9	9	4
140	143	3
141	142	4
153	155	2
1	7	1
159	182	2
23	34	3
2	6	2
77	111	2
145	145	7
5	73	1
83	83	1
98	100	5
197	197	3
14	14	2
68	68	3
4	29	2
120	151	1
155	156	5
24	33	1
106	175	1
43	43	6
132	140	2
6	29	2
135	135	7
58	62	1
67	72	2
141	144	1
26	68	1
23	23	4
142	156	2
177	177	9
76	76	6
153	154	4
62	140	1
186	187	3
156	167	1
83	86	2
32	32	3
67	82	2
181	182	5
181	181	5
154	155	11
90	90	2
16	67	1
12	12	6
86	87	4
35	35	5
85	181	1
120	121	1
52	55	1
20	187	1
33	33	16
78	78	7
46	56	1
57	58	1
136	179	1
107	109	7
131	131	3
27	27	2
42	142	2
174	175	3
167	167	8
42	43	4
148	165	1
134	134	8
169	182	1
96	149	1
142	160	1
161	166	1
183	193	1
178	178	9
185	185	8
18	175	1
47	47	7
98	156	1
97	97	5
137	188	1
94	191	2
58	60	2
10	10	3
25	25	7
152	156	1
109	111	1
20	134	1
159	186	1
67	68	2
149	193	2
148	148	4
46	47	5
110	111	1
24	24	6
83	102	2
189	189	4
172	174	1
8	11	4
130	141	1
59	90	2
33	73	1
99	99	5
170	197	1
151	153	3
105	105	3
43	51	2
100	156	3
83	85	4
173	177	2
147	158	1
140	142	1
28	28	6
17	19	1
165	165	2
152	153	4
162	163	2
48	48	2
138	138	8
60	61	2
105	154	1
55	63	1
187	187	6
94	95	1
3	4	6
192	193	3
103	104	3
0	0	4
8	27	1
6	7	2
67	81	5
27	28	1
13	19	1
139	183	3
168	170	2
22	22	3
114	127	1
5	5	1
171	179	1
144	145	5
98	117	1
111	183	3
183	183	5
111	186	3
35	76	3
170	191	4
175	184	1
116	117	7
70	71	4
106	110	2
64	66	1
159	159	6
161	162	4
111	150	1
111	113	1
164	181	1
149	151	1
81	82	3
51	52	1
120	124	1
84	86	1
54	54	3
18	158	2
63	140	2
111	111	2
2	2	9
14	15	2
75	76	1
124	131	1
160	180	2
18	18	3
9	43	1
29	45	1
182	195	1
114	114	8
52	57	1
110	155	1
34	45	1
138	141	1
180	188	1
184	184	2
170	171	6
141	163	2
11	175	2
47	136	1
127	133	2
16	60	2
19	19	4
44	75	3
122	150	2
194	194	5
57	67	1
114	144	1
135	139	1
63	134	2
66	66	5
58	72	1
44	57	2
124	124	6
75	133	3
77	102	2
151	158	1
131	148	1
64	65	3
104	120	1
98	136	1
184	186	3
181	183	2
174	176	3
162	166	1
108	113	1
20	76	1
60	60	6
125	149	2
126	174	2
34	35	2
128	134	2
31	32	3
32	38	2
47	48	4
14	23	1
187	188	5
34	95	2
19	36	2
161	181	1
160	161	1
146	157	1
95	96	3
82	86	2
29	29	1
45	174	2
26	36	2
62	130	2
49	49	3
24	25	3
121	123	1
81	83	3
158	193	1
63	64	1
65	66	5
127	127	5
29	66	1
194	196	3
85	89	1
48	52	1
18	37	3
79	80	3
114	152	2
39	53	1
84	87	1
163	167	4
85	87	2
86	145	1
142	142	5
39	40	2
172	182	2
74	74	2
169	178	3
193	193	10
56	59	3
2	7	1
26	27	3
3	131	2
100	101	2
103	107	1
167	168	2
16	16	6
95	115	1
136	155	2
6	13	1
44	82	1
33	80	1
81	84	4
44	44	3
1	1	4
103	147	1
64	128	1
60	130	2
123	124	3
188	189	2
137	185	1
104	148	1
119	121	4
115	117	2
141	149	1
149	153	1
30	45	2
4	5	1
127	170	1
158	178	1
150	152	1
73	73	5
143	160	1
29	39	1
103	103	7
9	11	1
149	150	2
179	180	3
98	98	2
34	36	1
87	87	4
154	157	3
178	180	1
121	122	3
157	163	1
144	144	8
74	144	1
167	170	2
125	140	1
96	125	1
0	82	1
64	140	1
2	38	1
183	185	1
110	110	1
168	174	1
36	36	6
15	16	1
100	107	1
104	105	3
21	22	7
191	192	2
160	187	1
64	64	5
119	173	2
128	133	2
69	69	3
168	172	2
76	77	3
89	109	3
82	83	1
55	125	2
165	167	2
184	185	2
20	20	3
119	120	5
83	84	2
195	195	1
126	128	1
77	90	2
68	83	1
169	169	4
108	182	1
188	193	1
142	143	1
71	71	6
63	70	1
85	86	4
96	109	2
176	177	2
109	112	1
56	56	2
8	22	2
85	95	1
5	138	1
96	105	1
93	94	5
1	31	1
81	153	1
132	133	4
110	156	1
173	174	2
73	77	1
48	49	1
108	175	1
37	180	1
94	94	3
101	103	1
171	172	3
26	26	2
151	181	2
38	55	1
166	196	1
161	173	1
51	196	2
38	118	2
34	42	2
143	179	3
172	196	1
85	85	5
187	191	1
131	146	2
195	196	1
9	29	2
125	141	1
42	42	2
153	163	2
132	132	3
123	177	2
50	193	1
100	134	1
163	175	1
45	48	1
146	177	2
96	97	3
136	187	1
120	160	1
193	194	1
98	113	1
88	112	1
93	93	2
158	160	1
112	124	1
180	181	3
1	2	2
40	40	1
128	130	2
163	172	2
56	136	1
123	123	1
138	165	1
4	4	2
149	192	1
61	69	3
130	135	1
129	133	1
26	28	3
86	177	1
117	154	1
43	44	3
38	38	1
86	94	2
61	64	1
189	190	1
56	130	1
80	82	1
88	100	1
116	192	2
63	72	3
185	194	2
101	125	1
167	190	1
60	133	1
55	56	3
9	58	2
167	174	1
51	54	3
98	165	1
62	62	4
90	168	2
81	112	1
69	71	1
131	135	1
37	74	1
107	111	1
77	189	1
38	60	3
129	136	2
149	168	1
130	139	1
12	14	3
5	6	1
70	85	1
116	128	1
74	96	1
118	186	1
183	187	1
124	126	1
22	76	1
176	197	1
161	177	1
12	59	1
65	73	2
7	36	2
196	196	3
148	151	1
53	53	2
2	27	1
88	89	3
113	113	1
157	179	2
158	169	1
56	112	1
128	151	1
53	81	1
130	148	1
71	73	1
12	13	1
75	79	1
185	186	2
167	172	2
101	110	1
69	72	1
113	115	1
75	75	1
146	178	1
111	163	1
69	115	1
2	3	1
41	87	1
105	106	2
76	128	1
50	66	1
170	174	1
93	101	1
33	63	1
77	77	3
175	178	2
0	21	2
96	134	1
127	141	2
80	110	1
104	164	1
136	163	2
51	51	1
128	170	1
65	136	1
69	153	1
152	164	1
100	100	2
61	70	1
9	16	1
42	88	1
15	64	1
97	121	1
194	195	1
118	169	1
96	147	2
165	181	1
185	189	1
50	63	1
174	179	1
46	46	4
112	113	1
175	185	1
54	76	1
58	80	1
12	33	1
137	142	1
47	51	1
2	4	1
149	169	2
112	118	1
100	102	1
18	29	1
188	195	1
138	184	1
108	109	1
22	23	1
121	147	1
142	164	1
99	100	1
2	14	1
25	118	1
60	71	1
98	142	1
54	55	1
25	40	1
3	8	1
169	183	1
130	131	1
56	76	1
16	37	1
61	62	1
67	67	1
114	117	1
130	146	2
43	63	1
38	71	1
172	177	2
11	15	2
158	179	1
59	89	2
32	42	1
113	120	1
34	34	2
63	63	1
152	154	1
11	13	1
66	140	1
18	193	1
4	13	1
101	157	1
0	22	2
33	34	1
170	172	2
39	59	1
120	137	2
61	61	2
49	78	1
125	176	2
117	119	1
189	193	1
136	159	1
173	175	1
187	193	1
93	137	1
180	180	1
70	155	1
102	183	1
114	141	1
64	130	1
148	152	2
44	55	2
23	26	1
151	152	2
166	186	2
32	133	2
12	186	1
36	37	1
76	78	1
120	125	1
112	166	1
145	149	1
98	115	1
66	114	2
70	82	1
113	114	2
44	45	1
0	7	2
151	151	2
15	18	1
112	153	1
35	95	1
172	186	1
67	153	1
160	179	1
96	100	1
22	67	1
166	167	1
56	58	2
147	177	1
174	192	1
11	11	1
90	133	2
37	40	1
88	88	1
106	127	1
50	50	1
161	168	1
115	121	1
161	163	1
64	71	1
67	84	1
49	57	1
7	19	1
10	12	1
104	147	1
190	196	1
152	185	1
25	47	1
40	65	1
82	85	1
17	18	1
61	68	2
126	127	1
42	52	1
80	80	2
168	171	1
71	89	1
177	178	1
21	34	1
81	134	1
137	143	1
86	144	1
138	140	1
94	97	1
170	193	1
105	110	1
16	17	1
37	41	1
21	36	1
161	180	1
76	190	1
105	163	1
136	138	1
16	155	1
10	23	1
180	196	1
189	191	1
97	100	1
5	31	1
163	165	1
159	184	1
3	12	1
23	24	1
158	186	2
86	178	1
20	22	1
17	36	1
59	61	1
102	108	1
41	186	1
28	29	1
77	185	1
27	89	1
1	159	1
171	175	1
179	181	1
11	24	1
147	147	1
31	31	1
94	131	1
121	185	1
59	69	1
120	154	1
9	13	1
131	151	1
107	174	1
171	183	1
3	28	1
163	163	1
85	97	1
95	167	1
71	80	1
98	111	1
97	111	1
38	67	1
