28	78	4
101	101	8
38	38	7
93	94	2
50	50	11
98	100	2
114	114	6
19	54	2
86	96	1
33	33	10
77	77	16
61	62	1
49	49	2
40	71	1
54	54	3
20	21	6
25	27	8
63	63	5
52	52	20
36	36	5
47	83	2
106	106	13
46	46	13
91	91	4
56	57	6
45	45	15
83	84	4
98	98	10
74	74	13
79	79	6
91	111	4
56	56	2
99	99	11
25	25	6
63	66	4
46	48	9
107	108	2
30	30	4
76	76	14
89	108	3
55	56	3
103	105	5
43	44	2
48	49	1
102	102	7
37	39	4
61	61	6
86	111	4
96	99	5
80	81	3
21	21	28
66	76	1
99	101	2
52	95	2
84	85	3
104	104	20
48	48	5
97	97	10
86	86	1
41	42	3
58	58	9
84	106	3
45	46	5
20	20	5
28	29	4
31	32	6
75	96	2
89	96	4
24	39	4
73	73	10
81	83	2
47	47	11
73	74	4
26	26	14
19	19	2
111	111	8
32	32	18
28	28	11
97	98	4
78	78	2
22	79	3
22	22	13
74	75	11
88	89	11
64	94	2
100	100	4
35	35	8
100	101	3
56	60	2
57	57	10
89	110	2
75	75	8
44	59	4
95	95	10
66	66	6
49	50	3
67	67	6
91	108	5
91	93	2
29	29	13
53	53	8
87	99	1
53	54	5
101	104	2
72	72	10
93	93	2
105	105	8
42	43	6
56	88	5
105	106	3
95	96	3
23	28	1
76	107	2
31	42	6
73	95	5
31	31	6
43	43	3
108	109	5
98	99	3
44	44	1
70	71	2
51	52	2
37	37	5
40	40	6
62	62	3
42	44	2
96	96	3
92	93	5
110	110	5
37	61	3
99	109	4
76	77	10
80	80	6
83	107	3
43	74	1
58	86	2
113	114	1
85	85	2
90	91	2
26	28	1
102	103	1
71	71	5
48	50	3
42	45	3
41	41	5
30	31	4
90	111	5
30	41	2
100	106	3
98	108	2
58	59	1
87	89	1
42	81	10
69	69	10
25	26	1
59	59	3
97	99	4
44	100	2
60	61	2
32	41	1
54	72	2
73	108	1
112	113	2
106	107	3
81	81	3
77	79	1
77	78	1
53	57	3
65	65	4
87	87	3
52	57	1
34	34	2
61	68	3
58	83	1
78	79	2
27	27	4
26	103	2
81	86	1
30	40	1
71	72	1
88	111	2
42	42	3
92	94	1
39	40	4
88	108	2
112	112	2
109	109	2
67	92	1
78	81	1
71	113	2
99	100	1
24	30	3
111	112	4
91	92	2
89	90	1
34	63	1
24	24	1
113	113	4
36	65	1
83	87	2
70	70	1
44	45	1
51	73	1
23	23	3
107	107	1
60	60	2
59	101	2
87	108	1
94	97	2
84	102	3
79	92	1
64	64	1
96	97	2
24	44	1
22	23	1
22	40	1
57	90	1
51	51	1
34	35	1
51	53	2
67	111	2
38	39	1
46	84	1
22	41	1
42	55	1
60	113	1
103	103	1
94	94	1
115	115	1
95	113	1
82	96	1
90	90	1
