114	115	3
25	25	3
25	28	1
193	193	8
11	12	2
160	160	8
167	168	4
55	58	5
10	10	21
99	99	12
145	146	6
62	62	7
160	161	2
122	122	8
34	34	12
0	1	4
123	124	1
163	163	3
151	151	10
105	107	3
45	45	17
52	55	1
44	50	4
190	191	5
71	71	9
128	128	12
136	136	20
84	84	4
52	85	2
81	82	5
147	147	26
129	129	15
114	114	15
42	44	3
142	144	3
85	85	5
196	196	5
18	18	7
164	164	8
180	180	13
163	175	2
113	113	11
175	175	25
97	97	14
162	162	3
85	89	2
72	72	13
79	80	4
23	25	6
5	9	3
32	32	10
162	163	7
96	96	8
179	179	9
107	109	2
28	29	12
124	146	4
49	49	8
128	129	6
179	187	2
50	53	2
155	156	10
75	79	2
101	105	3
127	127	15
152	152	5
37	37	14
34	120	1
143	144	1
161	161	10
3	5	3
39	40	3
63	63	14
97	101	4
177	178	7
97	157	3
100	155	1
184	184	15
33	34	6
146	159	1
8	9	5
108	108	14
29	29	8
146	146	6
11	11	7
148	154	1
28	28	7
24	31	5
22	26	2
134	134	12
93	97	6
135	135	6
174	175	2
44	44	16
191	192	6
1	1	5
89	107	5
19	19	8
134	135	10
183	183	16
112	115	1
65	74	4
107	113	2
27	27	4
10	11	8
100	100	9
96	139	2
62	63	1
39	39	6
4	19	4
76	76	6
120	120	4
82	83	9
190	190	4
172	172	10
52	52	15
69	125	1
18	20	4
23	23	6
178	178	16
31	31	4
48	48	4
139	139	6
123	125	3
124	124	11
54	54	18
145	145	5
98	104	2
33	150	2
103	114	1
163	166	1
117	164	6
148	148	3
166	166	10
107	107	12
187	187	7
101	101	6
78	78	4
150	150	7
59	61	2
73	75	1
174	185	1
165	172	5
170	171	3
55	55	5
33	64	4
22	22	5
58	59	3
52	141	5
0	0	7
65	65	11
152	153	3
109	109	4
87	87	9
98	98	9
83	83	5
103	103	6
181	181	7
81	81	10
141	148	2
106	107	9
73	74	6
47	47	13
59	64	2
157	157	16
16	16	5
4	13	2
189	194	1
186	186	18
174	174	10
60	62	8
106	106	17
135	136	6
140	147	2
95	97	7
110	110	4
80	80	5
194	195	5
131	136	5
95	98	1
153	155	1
112	117	3
155	155	12
105	105	3
158	158	9
76	77	4
169	169	10
69	69	12
182	191	3
82	82	11
5	6	2
166	172	2
102	102	3
76	83	2
67	76	1
65	72	2
119	119	15
70	73	1
161	162	2
58	58	7
75	78	10
136	137	3
170	170	6
117	117	14
140	142	5
61	63	2
165	167	4
195	196	1
131	131	8
168	170	2
118	118	4
113	114	8
48	49	3
50	175	1
111	111	11
80	81	2
73	73	9
18	19	5
82	98	6
49	54	2
125	125	4
69	88	2
3	4	1
63	76	4
59	59	8
70	75	1
128	142	3
189	189	12
174	177	4
182	182	10
102	159	3
59	69	2
88	88	10
142	142	5
31	42	6
172	173	9
111	112	3
50	51	3
144	145	3
168	169	6
126	127	3
95	95	8
95	96	7
106	112	4
147	148	4
160	184	2
20	20	3
17	18	4
176	176	2
68	69	4
84	85	2
126	126	6
68	79	3
98	120	2
88	89	5
53	53	6
119	122	1
35	35	4
168	173	4
128	145	4
36	36	4
189	196	1
58	61	1
73	126	2
104	104	6
153	153	15
112	114	1
37	123	3
14	15	2
13	13	9
103	109	3
2	6	9
173	179	2
47	49	3
36	45	2
29	31	2
169	170	1
27	31	4
51	51	5
97	99	6
4	11	2
17	20	2
140	152	3
156	156	8
4	5	4
165	165	7
156	160	2
96	143	4
41	41	6
132	132	5
57	58	4
8	8	3
154	154	9
65	127	2
137	138	2
50	50	6
112	145	2
5	7	2
184	185	3
10	20	2
33	36	1
171	171	4
119	120	1
173	178	2
197	197	8
159	159	6
165	174	1
168	176	3
24	24	8
133	134	6
15	15	12
78	81	3
72	130	3
70	70	8
19	20	5
173	173	16
166	168	3
21	25	6
4	6	4
170	182	2
126	139	3
90	90	7
86	86	5
45	62	2
180	181	5
57	57	10
154	155	5
194	194	8
177	184	1
49	50	5
11	13	2
138	138	10
122	151	5
89	89	8
3	3	7
123	123	2
118	168	2
66	68	4
64	64	4
20	32	2
135	142	4
146	147	3
43	44	2
94	143	6
193	194	2
195	195	6
4	12	2
47	81	1
192	192	7
101	167	2
106	131	3
13	14	2
103	104	2
174	182	4
133	133	8
0	3	2
115	115	4
51	62	3
178	190	2
46	46	6
37	40	1
32	38	3
32	72	1
10	32	1
98	99	4
152	154	3
96	97	2
16	30	1
68	70	3
137	137	3
60	61	4
35	36	2
94	94	4
159	160	3
191	193	9
180	195	1
17	17	8
146	158	1
39	42	2
101	161	2
20	22	4
48	52	3
112	133	2
156	162	2
55	59	3
124	125	3
112	113	3
106	114	1
109	171	2
104	120	1
79	79	5
33	44	3
74	196	1
31	37	5
26	26	3
69	73	1
2	2	12
56	63	2
61	62	1
99	166	2
33	33	7
66	70	3
7	31	4
21	22	8
24	25	3
123	161	1
122	134	2
125	141	5
189	190	3
64	65	2
14	21	1
122	152	2
120	121	3
110	111	2
188	188	13
167	167	5
119	182	1
5	18	1
43	47	1
164	166	2
44	45	8
46	47	5
109	152	1
72	83	3
181	185	2
7	7	4
77	77	1
179	181	4
66	66	6
46	81	2
158	162	1
6	7	1
42	42	4
13	77	2
103	122	2
130	131	8
187	188	3
185	185	2
151	153	2
65	66	2
6	22	2
159	163	1
63	67	5
3	41	1
33	45	1
77	80	1
43	43	5
5	5	7
29	32	3
19	21	4
9	9	3
109	110	4
52	81	1
174	193	1
158	160	1
173	174	2
7	9	2
55	62	4
173	187	1
149	158	1
148	149	2
89	90	1
46	53	1
157	159	2
5	15	1
70	115	1
155	188	2
0	6	1
168	168	5
163	165	2
177	177	3
149	149	2
53	54	9
40	40	2
166	167	2
14	48	1
31	142	2
41	42	1
109	120	1
102	120	1
191	191	4
158	170	2
56	57	1
52	54	4
142	147	1
61	61	6
188	189	5
64	70	1
77	78	1
64	79	1
104	187	2
140	140	2
95	147	4
93	94	1
80	85	5
143	143	2
190	193	1
125	126	3
98	106	1
125	134	1
113	115	1
65	115	1
38	39	2
40	41	3
97	107	1
97	98	1
76	78	2
47	48	1
21	21	4
56	56	1
36	37	2
34	45	5
12	12	6
14	16	1
63	69	1
72	126	5
142	152	1
104	113	1
24	32	2
152	155	2
95	101	3
14	14	4
35	121	2
143	154	1
21	33	2
163	168	1
19	36	1
75	84	1
163	183	6
99	100	7
122	123	3
88	90	1
99	101	2
7	11	3
117	118	1
140	146	1
17	27	1
116	117	3
18	37	1
109	153	1
94	113	1
133	136	1
39	120	1
46	48	1
6	6	3
39	121	1
162	175	1
60	60	2
185	193	2
179	185	3
58	62	1
127	129	3
196	197	2
95	148	2
138	141	2
59	123	1
57	61	1
118	121	1
1	2	1
175	182	1
32	41	2
108	110	1
81	83	1
45	46	2
20	21	3
54	56	3
8	10	1
188	194	1
116	118	3
176	177	3
185	186	1
93	93	1
4	9	3
78	82	1
4	4	2
30	30	1
83	85	2
21	34	1
1	9	1
185	188	2
3	8	1
147	149	1
138	139	1
109	111	1
29	30	2
120	141	3
56	125	3
11	58	1
169	171	1
116	116	2
38	121	1
48	68	1
43	55	1
141	141	4
16	20	1
159	186	1
20	192	1
130	140	1
164	165	1
79	82	1
118	126	1
32	45	1
67	68	1
54	55	1
15	27	1
69	89	1
120	125	1
69	93	2
151	152	1
162	166	1
100	167	2
117	123	1
2	7	1
101	125	1
2	3	1
160	164	1
161	171	1
74	74	2
189	191	4
143	149	2
52	58	1
155	157	1
138	140	1
21	24	1
119	126	2
144	144	1
24	34	1
167	173	1
97	104	2
73	79	2
150	151	1
102	116	1
154	161	1
38	38	2
23	24	1
155	187	1
187	189	1
193	197	1
121	130	1
34	35	1
158	161	1
110	118	1
55	57	2
104	106	1
47	50	1
51	85	2
167	177	2
188	196	1
119	128	1
169	180	2
35	62	1
145	156	1
131	133	1
94	106	1
168	183	1
60	70	1
78	79	1
19	26	1
17	22	1
131	132	1
100	101	1
30	31	1
169	195	1
113	144	1
181	182	1
142	151	1
