61	66	3
33	34	2
7	7	2
33	33	2
40	40	3
69	69	2
38	38	1
28	28	6
30	31	4
50	51	1
71	71	4
9	19	3
77	77	1
37	37	2
60	60	1
43	43	4
8	9	2
31	32	1
58	61	1
14	14	1
44	44	5
63	64	7
59	59	3
66	67	1
37	38	2
47	47	3
58	58	4
53	53	4
60	63	1
24	24	2
41	43	1
41	41	3
64	64	2
19	19	2
28	72	2
32	32	3
75	75	1
69	71	1
43	44	1
34	34	3
4	4	3
25	26	1
10	11	3
56	57	3
23	23	1
24	25	2
74	75	2
65	66	2
10	10	2
62	66	1
27	27	2
40	44	1
10	49	1
65	65	5
20	20	2
26	26	1
59	60	2
3	3	1
54	65	3
43	56	1
48	48	2
61	61	1
72	72	1
51	51	1
71	72	2
4	5	1
3	5	1
36	57	1
45	51	2
19	48	1
67	68	1
6	8	1
70	71	2
1	3	2
49	49	1
64	65	1
35	35	1
46	46	1
38	39	3
5	8	1
6	6	1
9	9	1
22	22	1
42	42	1
13	18	2
74	74	2
18	48	1
25	25	1
8	70	1
5	67	1
57	58	1
50	70	1
46	47	1
73	73	2
28	30	1
52	52	1
