7	7	2
18	18	1
53	53	6
22	24	2
70	70	1
66	66	4
16	27	5
73	73	2
71	77	2
1	2	1
85	85	4
66	77	2
1	1	2
13	13	1
8	10	5
77	77	3
5	5	3
14	14	3
53	56	1
22	28	2
20	23	1
80	80	2
67	67	5
64	64	1
15	15	1
88	88	4
2	87	1
80	81	2
82	82	4
18	31	1
60	60	2
82	83	2
25	25	2
50	56	1
26	34	4
19	19	2
89	89	3
90	90	2
87	87	2
76	78	3
68	68	5
11	14	3
52	53	1
67	75	1
49	49	3
25	26	1
80	83	3
79	79	1
4	15	1
59	59	5
4	5	2
20	20	4
4	4	5
57	57	3
0	0	3
56	56	4
48	54	3
8	56	1
61	61	2
72	72	1
12	13	3
63	71	2
2	2	3
19	48	3
13	17	1
9	12	1
71	74	1
30	30	3
58	60	1
31	31	2
50	52	2
78	82	1
64	68	1
69	69	1
50	55	1
72	73	1
35	35	1
13	19	2
25	27	4
78	79	1
52	52	3
47	71	1
11	11	4
27	56	1
9	10	1
21	27	1
27	27	1
9	9	2
59	60	1
26	26	5
65	65	1
58	65	3
22	22	2
31	70	1
23	24	2
54	54	3
78	78	2
29	29	1
19	47	1
12	23	1
77	78	2
61	74	1
56	57	2
26	64	1
86	87	1
14	64	1
17	27	1
12	12	2
80	82	3
71	71	2
69	89	1
83	83	2
3	3	2
63	64	1
34	34	1
78	80	1
47	50	1
71	72	1
15	30	1
77	79	1
21	21	1
3	15	1
63	63	2
72	76	1
4	50	1
84	84	1
8	11	1
6	12	1
66	67	2
18	20	1
52	56	1
81	84	1
64	80	1
62	62	1
8	78	1
14	66	1
63	76	2
68	69	1
55	55	1
10	26	1
30	70	1
24	24	1
14	71	1
51	51	1
15	68	1
50	50	1
31	46	1
79	81	1
48	49	1
56	62	1
26	46	1
47	47	1
61	62	1
5	47	1
25	83	1
53	54	1
