167	167	3
152	152	5
175	180	2
124	125	3
6	6	6
165	167	5
152	180	2
157	157	5
175	179	4
74	140	3
14	14	3
134	134	9
114	159	2
120	120	2
52	97	4
52	53	1
28	55	3
105	105	2
4	8	1
60	60	1
156	172	2
24	45	4
19	21	1
18	18	2
170	170	3
14	26	2
126	127	4
90	92	5
10	10	4
145	145	3
73	73	4
12	12	1
60	61	2
102	102	6
19	23	3
109	109	4
139	140	2
135	136	3
2	2	3
10	29	3
95	95	2
62	92	1
85	99	4
150	153	2
87	96	2
42	42	3
114	114	3
86	122	4
56	56	1
106	106	7
11	26	6
117	117	4
55	55	11
138	177	4
71	71	3
8	29	3
73	113	1
127	169	1
3	143	3
55	56	4
157	158	3
171	172	4
38	40	3
155	155	4
51	51	2
153	153	1
66	66	2
72	72	3
17	17	4
59	99	1
137	138	1
164	166	5
75	75	3
104	104	3
151	155	2
107	107	3
100	119	1
50	50	3
105	114	2
14	15	3
89	89	4
11	11	6
137	137	4
59	59	1
116	116	4
163	163	3
108	108	1
6	12	2
105	109	4
42	43	2
9	9	4
5	37	2
75	76	3
178	178	3
108	109	3
22	22	1
134	144	4
67	89	2
45	45	3
57	58	1
44	45	2
15	24	4
34	44	3
154	154	5
41	45	2
156	158	1
160	160	4
86	87	2
8	8	3
4	5	1
168	168	1
59	89	2
138	138	8
65	101	1
154	171	1
91	94	1
107	135	2
43	43	2
179	179	8
87	87	3
53	101	2
57	61	1
27	27	6
106	107	3
128	133	2
120	121	3
26	28	2
76	78	7
159	159	3
117	148	1
60	67	1
81	81	3
119	119	4
104	154	3
93	93	1
97	98	4
142	142	3
67	90	2
150	172	4
166	167	2
2	72	1
99	99	5
174	174	1
52	57	2
12	24	1
11	23	3
16	16	3
81	83	2
173	173	3
39	40	3
71	152	3
118	156	3
59	119	1
57	97	1
91	91	3
114	115	2
24	49	1
78	157	1
40	40	3
16	113	2
64	64	6
51	125	1
62	62	2
90	96	3
141	141	6
130	140	2
66	67	1
22	109	2
100	100	1
79	84	2
50	57	1
87	89	1
175	175	1
63	63	2
126	126	3
105	107	1
167	168	2
29	29	1
164	164	1
104	139	2
154	156	4
35	35	2
151	151	10
88	106	1
35	36	2
61	61	1
136	144	1
59	94	3
37	37	2
139	139	2
135	158	1
3	106	4
140	140	1
31	32	1
171	171	5
97	97	2
80	107	1
1	1	1
77	103	1
41	68	1
148	169	1
89	90	1
76	77	2
14	16	1
13	38	1
103	159	1
65	166	3
10	40	1
144	146	1
34	34	2
130	130	1
98	98	4
104	178	1
112	113	1
123	125	1
122	122	3
144	147	1
160	161	1
102	103	1
41	42	1
127	150	1
16	64	1
75	107	1
77	77	1
27	133	1
173	174	2
31	31	2
112	112	1
18	19	4
15	15	1
67	95	2
24	24	1
52	55	4
104	113	1
112	134	1
53	98	1
39	39	4
71	140	1
36	36	1
24	26	1
67	67	2
124	176	1
74	74	1
162	163	1
53	53	1
149	149	2
140	142	1
127	127	2
80	80	1
94	95	2
70	73	1
155	174	1
140	141	1
75	152	1
21	107	1
19	41	1
13	23	1
50	51	1
165	166	1
78	130	1
128	128	1
78	80	1
61	91	1
8	9	1
103	103	1
114	116	1
61	92	2
31	41	1
28	28	1
