112	112	29
76	81	4
103	118	8
138	138	34
17	17	26
142	142	31
122	122	18
174	174	28
140	140	42
107	108	16
115	115	34
63	63	37
191	191	13
170	171	15
183	183	39
56	56	20
114	119	3
176	177	23
131	131	21
36	53	2
50	50	46
24	24	51
196	196	28
194	195	11
28	28	19
187	189	3
83	83	21
70	70	35
161	162	20
101	101	34
14	14	31
4	5	9
155	155	28
147	160	3
87	87	23
139	139	21
114	114	30
79	79	22
21	21	11
22	24	7
101	102	11
60	61	7
40	41	6
156	156	52
136	136	32
123	123	38
97	97	20
34	34	11
81	81	15
86	86	38
6	6	28
139	145	4
146	161	5
37	37	40
152	152	25
185	189	3
121	122	13
150	150	34
60	60	18
17	125	5
164	164	16
173	173	37
154	156	5
11	34	4
177	178	10
177	189	3
172	184	4
172	172	29
141	142	3
195	195	24
89	89	36
167	167	42
119	119	54
59	59	30
8	8	16
47	47	42
12	12	31
167	182	4
147	147	31
189	189	36
0	0	41
17	21	1
94	96	9
143	143	30
160	160	36
81	180	2
170	170	29
104	104	24
28	74	2
116	118	8
177	177	31
69	69	37
98	154	2
108	112	4
125	125	19
160	164	7
145	145	21
45	45	19
179	183	2
67	67	28
30	30	23
143	144	15
36	36	14
8	12	11
195	197	1
138	173	5
146	147	15
68	68	18
120	120	22
117	117	25
130	130	34
109	109	33
94	94	19
105	188	3
165	165	21
55	55	25
22	22	23
42	44	6
13	13	53
132	132	20
118	118	41
188	188	41
106	188	5
85	85	33
189	190	10
104	114	1
169	170	9
38	38	38
54	55	4
6	77	4
95	95	27
190	190	25
173	174	11
154	155	13
124	124	39
40	58	5
71	71	28
164	167	3
21	22	3
194	194	29
98	151	12
35	35	40
148	163	3
16	17	18
66	68	7
12	13	8
135	135	30
22	26	7
19	19	33
72	72	37
73	73	32
31	32	13
143	145	6
62	62	31
139	140	25
0	105	6
98	116	2
182	182	27
108	108	15
55	56	9
186	186	26
3	3	35
175	175	25
56	59	2
125	126	4
158	166	2
30	31	15
43	43	29
25	25	23
191	193	7
27	68	4
142	143	5
100	100	32
57	57	18
140	150	2
71	72	4
146	146	14
1	1	15
73	85	8
193	194	15
20	37	7
165	166	11
135	136	26
50	51	9
113	119	4
27	78	1
1	2	6
18	20	2
171	171	18
35	43	3
107	114	5
121	121	12
67	120	11
176	176	22
169	169	17
73	86	4
158	159	5
5	5	34
184	184	28
118	119	15
143	171	1
167	168	5
48	48	33
180	182	7
47	64	2
110	110	36
169	174	6
36	37	8
8	106	7
29	31	4
51	59	3
129	129	18
88	90	5
57	61	4
147	148	8
88	88	23
107	107	24
9	9	32
77	169	6
109	111	7
19	22	6
74	74	29
182	183	11
183	184	8
173	177	2
160	161	6
105	105	12
192	192	41
51	51	16
111	111	26
120	150	2
96	96	25
10	10	25
112	113	25
193	193	34
16	33	3
44	58	5
59	60	7
144	145	5
109	110	15
66	67	4
75	75	15
133	157	9
18	18	27
38	44	2
141	141	21
139	141	7
190	191	11
44	44	31
131	132	5
20	22	3
15	15	24
49	49	42
148	148	43
158	158	43
127	127	25
149	150	9
65	65	38
137	137	17
42	45	3
85	166	3
53	54	10
151	151	28
61	62	12
106	106	25
116	116	25
180	189	1
188	189	6
58	59	12
77	77	18
15	39	2
67	68	15
96	153	5
130	159	1
56	57	2
64	64	21
157	158	13
30	33	5
126	126	29
187	188	24
160	181	6
186	188	7
42	42	24
130	158	6
81	82	5
124	125	5
118	141	6
73	75	4
29	30	11
78	81	5
144	144	32
41	44	4
169	171	2
181	182	5
174	176	6
2	3	5
62	65	10
178	178	43
170	172	7
149	149	31
86	87	11
88	89	20
79	80	6
103	148	3
68	76	5
111	172	2
9	10	16
121	127	4
154	154	31
119	157	2
96	97	23
100	159	2
1	174	8
58	58	18
27	27	49
113	150	4
69	72	4
148	160	3
153	153	12
117	118	12
133	133	27
19	93	2
162	162	17
158	168	5
3	34	3
103	103	26
192	195	1
16	16	36
105	106	11
2	2	18
39	40	4
137	138	7
103	122	4
78	78	22
95	97	2
28	30	3
78	79	12
153	154	12
102	102	23
163	163	26
44	60	7
27	43	1
89	153	3
134	134	24
118	156	4
84	84	19
7	7	24
116	120	5
168	169	14
96	146	6
161	161	17
179	194	2
58	63	6
187	187	7
108	109	13
127	129	1
128	128	23
6	7	6
26	26	18
66	123	1
41	41	17
13	39	3
94	138	4
182	187	10
5	78	2
159	160	16
106	164	3
2	145	2
18	93	5
14	146	4
100	101	10
54	54	27
178	179	9
108	182	9
104	105	9
107	187	4
142	151	3
17	18	7
145	146	6
84	85	32
98	98	38
77	78	12
46	46	23
181	181	14
53	53	29
53	56	3
33	33	28
9	12	5
180	195	3
197	197	23
157	157	25
69	71	5
178	187	3
79	167	2
41	42	6
31	31	30
102	158	4
2	75	4
40	40	13
32	32	12
8	35	4
85	86	12
175	176	7
110	111	7
20	93	2
18	34	9
113	121	2
196	197	8
23	23	18
11	12	20
168	168	19
153	189	5
103	104	7
55	178	3
20	25	9
188	191	1
66	66	16
4	4	42
121	149	5
66	73	2
122	124	4
75	77	3
76	76	21
167	175	4
137	144	3
107	112	2
124	150	12
139	150	7
94	144	3
180	181	7
38	39	6
50	66	10
20	20	12
20	40	3
164	171	3
82	99	3
83	84	11
172	173	2
137	152	2
121	185	6
138	158	2
51	67	6
173	185	5
29	29	20
119	120	19
4	11	1
159	159	16
112	119	1
159	164	17
185	193	5
101	103	4
151	152	4
26	28	8
114	115	9
60	99	6
95	100	4
36	40	4
23	68	2
166	166	15
99	149	2
98	99	13
136	183	2
129	136	5
57	63	6
126	127	12
163	164	8
80	80	20
115	177	1
148	149	1
101	156	3
19	20	11
40	45	3
192	193	10
82	88	2
103	147	5
112	151	1
29	74	3
49	51	7
165	167	5
8	14	3
7	8	14
94	95	19
133	139	2
10	12	11
180	180	9
132	134	1
3	7	3
153	175	1
2	82	3
70	71	21
5	12	2
62	63	7
24	25	2
24	30	8
84	159	2
112	121	2
39	39	14
179	180	9
168	183	6
143	149	15
72	93	3
13	14	7
77	80	1
130	137	5
23	31	2
113	113	15
64	65	15
67	70	3
113	114	12
80	81	5
99	99	34
94	166	1
124	149	4
69	76	1
12	136	2
55	63	5
133	140	3
97	100	2
22	23	5
133	134	5
68	69	4
152	153	5
160	186	3
174	175	7
52	140	4
52	52	12
99	116	2
182	185	3
105	186	4
34	43	8
26	35	2
10	13	5
120	131	3
83	85	5
1	193	4
172	174	5
39	43	1
122	123	8
171	172	5
179	179	30
155	156	11
98	102	4
101	158	2
185	186	11
5	6	7
4	13	1
26	42	3
99	101	3
25	27	3
72	73	5
16	39	5
3	4	4
119	150	4
110	172	1
173	194	4
162	174	5
22	41	3
97	154	4
174	197	6
163	173	2
79	144	3
12	183	3
131	137	2
94	100	2
37	39	2
104	117	2
120	149	1
50	64	3
33	59	3
115	178	1
138	170	3
74	76	2
102	140	2
119	142	5
104	109	1
94	159	4
169	173	2
106	107	6
48	50	2
112	150	6
60	98	1
33	34	9
18	40	4
155	181	3
168	171	2
192	194	4
193	197	1
185	185	29
28	29	5
94	172	4
60	177	2
113	115	3
61	61	16
45	58	1
45	46	14
134	159	1
126	134	2
90	151	7
0	4	2
134	153	3
82	83	7
111	113	6
25	26	12
37	38	7
138	157	4
186	187	9
38	62	3
100	102	2
83	100	7
65	66	11
141	150	8
133	148	4
112	124	6
126	129	1
48	52	2
15	16	13
17	134	3
35	41	4
64	74	3
180	183	4
11	11	16
103	111	3
107	111	10
3	65	3
69	117	4
133	172	4
69	118	3
13	16	6
168	174	2
34	35	4
117	123	4
163	189	1
150	151	1
167	170	1
11	13	3
33	61	2
57	58	9
72	90	3
128	129	2
101	163	3
36	41	7
180	194	2
33	64	2
27	28	6
140	176	2
97	152	6
166	167	3
162	164	3
134	158	3
169	180	3
115	117	3
80	178	1
93	93	13
21	26	4
176	178	4
22	97	4
55	58	1
168	181	3
115	116	4
97	147	2
59	149	1
17	20	1
173	186	3
8	9	1
69	141	4
72	171	4
89	142	4
59	61	3
125	127	3
46	53	8
82	82	8
38	40	2
138	139	4
11	112	4
43	44	8
180	197	2
139	170	4
164	172	1
1	106	6
118	154	3
12	14	4
71	73	1
6	134	5
181	189	2
160	163	3
101	159	4
167	174	1
174	195	2
28	66	3
127	128	6
116	117	12
137	142	5
69	74	4
96	143	5
120	122	3
132	160	2
124	128	2
10	107	2
152	155	1
102	116	3
161	163	6
139	158	2
43	97	1
106	189	3
97	146	6
114	179	1
126	158	4
24	48	3
8	68	4
181	184	5
34	36	5
48	49	4
176	190	2
138	140	4
32	33	2
113	179	2
17	26	3
88	140	1
18	19	4
10	11	7
144	148	3
21	28	2
17	22	3
159	189	4
84	86	2
5	81	1
7	158	1
141	146	1
87	88	3
111	131	2
9	112	2
132	133	4
105	189	1
182	186	5
172	195	1
99	176	3
129	130	4
122	128	3
69	70	1
59	99	3
5	33	4
47	48	1
14	15	10
124	127	1
75	81	3
163	172	1
134	142	3
116	155	1
164	165	2
93	94	6
26	27	1
136	137	7
125	138	2
44	59	2
0	39	1
5	7	3
31	58	2
77	81	2
108	110	1
122	125	5
117	180	1
111	123	1
24	26	1
63	64	3
49	50	5
42	52	3
138	153	2
123	124	7
126	128	1
66	70	3
195	196	3
105	172	4
9	11	2
156	158	2
155	157	2
133	158	1
165	174	1
120	128	1
52	58	1
160	166	1
15	104	3
17	34	4
155	158	1
97	158	4
129	131	6
86	145	2
178	189	3
133	138	3
34	46	4
7	81	2
2	144	3
95	96	1
2	81	2
50	63	1
160	165	2
136	155	2
37	51	1
134	137	1
78	82	4
90	143	1
97	101	3
39	102	3
146	148	3
136	145	1
26	66	3
20	28	7
35	36	8
9	68	2
44	45	3
5	8	3
105	114	1
90	90	5
140	170	1
39	45	3
99	100	2
16	18	4
176	181	1
35	37	1
39	42	2
140	160	3
167	181	4
162	163	3
2	5	2
102	131	2
74	75	2
3	35	2
2	105	4
180	193	2
112	171	3
178	195	2
136	139	3
130	131	2
134	136	1
11	27	1
179	181	2
130	132	3
131	135	1
118	150	2
159	166	1
169	172	6
7	26	2
12	68	1
149	151	2
159	161	3
6	33	1
140	142	5
79	85	2
73	74	1
138	166	1
190	193	1
34	66	4
97	98	4
23	24	3
169	194	2
50	72	1
1	39	1
137	143	2
123	127	2
2	143	2
134	135	2
77	79	1
3	144	4
120	157	1
80	168	2
126	138	2
78	80	1
77	142	2
42	43	3
140	141	2
169	179	1
72	88	2
6	80	1
161	164	1
3	6	4
148	164	1
108	121	1
158	189	1
25	58	2
37	40	3
165	168	2
112	155	1
146	152	2
132	136	1
146	163	1
184	186	1
134	141	1
101	162	1
25	49	1
29	34	2
174	180	1
170	184	1
83	95	1
172	185	2
6	19	1
39	196	1
97	151	2
106	163	1
94	171	1
49	73	1
127	140	1
14	27	2
15	102	1
137	139	2
0	18	2
164	166	1
151	153	3
6	68	1
123	125	1
115	179	1
106	115	3
0	1	1
113	173	1
182	189	2
114	116	1
104	107	1
37	101	1
42	51	1
118	140	1
2	146	1
13	23	3
76	78	1
121	123	1
78	83	1
148	150	1
114	178	1
46	47	1
37	45	2
61	63	1
76	77	1
12	34	1
7	106	1
148	162	2
126	139	1
122	127	1
38	101	1
93	98	1
56	58	1
179	192	1
99	158	1
60	62	1
8	135	1
115	171	1
17	40	1
102	160	1
164	185	1
70	74	1
44	47	1
4	9	1
142	184	3
176	186	1
75	76	2
112	126	1
66	72	1
19	21	1
46	49	1
17	39	1
74	175	1
186	189	1
