3	45	1
63	63	3
47	47	5
11	11	4
66	66	5
120	120	4
130	131	1
44	92	1
33	34	1
74	74	6
9	118	1
79	91	2
121	121	1
87	102	1
111	111	5
61	62	3
11	12	4
126	126	3
112	112	3
127	127	1
77	77	8
104	126	2
32	32	4
0	0	3
122	127	1
70	71	1
47	48	1
114	129	2
73	74	2
91	92	1
130	130	2
21	22	4
78	78	3
94	94	2
75	75	2
45	45	2
64	64	4
3	3	1
95	102	1
113	113	1
86	101	2
2	2	2
97	98	1
27	28	2
25	26	2
10	10	5
92	92	4
79	79	3
100	100	3
125	125	3
118	119	1
120	125	1
110	110	2
7	7	2
61	61	3
1	1	1
4	5	1
74	121	2
34	44	1
56	57	2
56	56	1
27	27	3
6	8	3
107	107	4
28	33	1
16	17	2
87	90	1
95	95	5
81	82	4
112	114	1
84	85	3
43	125	2
66	76	1
124	124	2
22	32	1
40	41	1
25	31	3
109	109	1
39	39	2
4	47	1
14	14	3
29	29	3
85	85	2
61	118	2
108	108	1
18	18	5
35	35	2
101	104	2
131	133	1
123	124	2
46	47	2
59	68	1
42	42	1
101	105	1
29	31	1
22	22	3
9	34	2
73	121	1
7	27	1
59	59	3
96	131	1
6	6	1
132	132	1
12	17	2
110	131	3
38	103	1
15	15	1
27	49	1
34	35	3
43	44	1
96	97	1
114	116	2
124	126	2
39	122	1
36	39	1
42	43	2
6	9	2
96	96	5
79	93	1
119	119	2
103	103	1
8	46	1
95	96	1
43	43	1
91	91	1
73	73	1
32	34	1
77	78	1
115	131	1
83	83	2
117	117	5
6	103	1
41	44	2
35	36	1
38	38	2
92	93	1
22	35	3
47	103	1
114	114	2
4	29	1
90	92	1
75	76	1
84	125	1
23	24	1
106	111	2
1	118	1
94	131	1
16	16	1
22	25	1
19	22	1
106	107	1
112	113	1
68	119	1
43	124	1
95	98	1
25	28	1
30	30	2
33	35	1
60	61	2
9	11	1
105	134	1
110	133	1
72	72	3
34	34	3
81	81	5
118	118	3
79	96	1
74	122	1
25	25	2
133	133	1
116	118	1
2	112	1
94	95	1
99	99	1
72	118	1
129	129	2
83	87	1
107	110	1
20	20	1
41	41	2
9	10	1
113	115	1
131	131	1
29	30	1
6	18	1
134	134	2
114	117	2
63	65	1
123	123	1
79	80	1
56	58	1
38	39	1
106	106	1
86	86	1
77	84	1
83	86	1
21	21	1
23	25	1
84	84	1
13	14	1
125	126	1
72	73	2
62	120	1
130	132	1
98	98	2
62	82	3
67	67	2
78	80	2
87	88	1
33	33	5
37	37	1
88	88	1
32	33	1
12	13	1
71	71	1
76	76	1
24	24	1
99	100	1
45	46	1
34	125	1
10	12	1
80	81	1
17	17	1
83	107	1
39	42	1
116	117	1
92	121	1
30	44	1
78	79	1
128	128	1
70	70	2
13	13	1
71	72	1
57	112	1
38	102	1
32	44	1
85	107	1
58	58	1
103	105	1
80	123	1
102	105	1
57	58	1
60	60	1
59	115	1
44	45	1
104	107	1
79	81	1
25	32	1
18	26	1
31	32	1
4	110	1
5	11	1
