55	55	2
94	95	1
57	57	5
38	39	1
39	49	1
46	49	1
45	46	2
50	51	2
66	66	2
36	36	4
51	74	1
99	99	1
81	82	2
95	95	3
102	103	1
103	104	1
85	87	2
58	59	1
34	34	1
98	99	1
43	44	1
69	73	1
64	64	5
79	79	3
89	91	1
69	69	1
23	23	5
23	55	1
33	34	1
82	83	2
102	102	2
38	63	1
59	60	1
49	49	3
32	32	1
37	38	3
65	65	4
24	60	1
22	63	1
35	35	1
98	98	1
43	68	3
59	59	2
55	56	2
61	61	1
65	66	1
81	81	1
22	23	1
50	50	1
31	31	3
75	75	1
67	100	1
90	90	3
30	60	1
23	27	1
103	103	2
35	37	1
86	87	1
69	70	1
25	38	2
33	33	2
48	48	2
93	93	1
67	67	2
101	101	2
78	78	2
70	101	1
51	51	1
54	91	1
21	21	2
80	82	1
37	37	1
62	83	2
28	30	1
74	74	1
68	68	2
28	28	1
46	46	2
87	96	1
76	76	1
93	94	1
76	77	3
26	27	1
56	57	1
24	24	1
27	27	1
96	100	1
73	73	2
105	105	1
34	36	1
97	98	1
72	72	1
84	84	1
91	91	1
41	41	1
68	100	1
