37	37	29
46	46	31
55	56	6
30	37	3
16	72	3
1	1	29
39	39	27
45	45	46
78	78	37
2	79	2
54	54	62
11	12	14
32	33	21
17	17	51
14	14	23
57	57	24
61	61	35
80	80	20
73	73	41
9	17	13
50	52	6
64	64	22
0	0	27
58	58	43
21	21	23
5	71	3
27	28	11
60	61	9
47	47	31
15	21	4
49	49	30
71	71	33
30	30	39
32	32	35
1	2	13
77	77	18
77	78	15
35	47	3
25	26	5
42	43	13
53	54	6
31	31	36
38	38	34
37	39	6
76	77	14
50	50	23
7	7	40
56	56	31
79	79	16
9	9	17
8	9	5
5	5	30
70	70	21
66	69	2
63	63	32
16	16	26
35	35	29
36	36	31
12	12	24
46	48	3
42	42	59
40	71	2
34	34	14
51	51	23
69	69	30
2	27	3
11	11	31
3	3	20
6	6	24
60	60	30
15	15	19
10	15	1
40	40	38
62	62	32
10	22	5
12	32	3
15	71	4
29	29	26
74	74	32
72	72	43
68	68	18
65	65	33
76	76	47
55	64	13
69	70	7
67	68	13
51	52	2
2	78	2
55	55	33
63	64	8
53	55	2
5	72	4
21	72	4
71	78	8
75	75	27
4	5	4
27	27	27
3	6	6
59	59	18
41	41	36
67	67	14
3	5	6
2	6	7
25	30	2
11	70	5
28	28	20
27	73	3
68	69	19
8	73	4
10	11	11
61	62	6
53	53	26
16	30	1
52	53	2
13	13	14
67	70	1
26	41	2
39	41	5
66	66	43
76	78	3
7	17	1
47	48	7
39	45	4
64	65	7
9	14	4
36	37	2
10	10	31
26	27	10
50	51	19
27	65	1
54	55	4
16	17	14
48	48	40
26	26	14
2	2	16
18	18	12
18	19	3
3	4	16
17	18	2
68	70	7
38	39	2
62	63	7
33	33	30
8	11	11
56	57	8
74	75	10
74	76	9
72	73	11
22	69	4
30	63	3
49	50	13
58	59	4
17	41	1
36	40	5
71	72	6
8	8	16
13	20	1
59	60	15
6	71	4
57	65	4
43	43	6
4	72	5
44	46	3
34	35	6
61	63	2
7	8	3
32	75	2
66	67	8
5	8	6
20	20	21
53	65	3
46	47	10
27	29	3
49	59	2
31	74	3
41	62	4
2	4	6
38	45	3
37	38	2
4	26	1
44	45	9
12	14	3
78	79	4
35	37	2
9	10	5
25	25	3
52	65	3
6	67	5
28	29	4
32	63	3
50	54	1
19	20	6
13	14	1
30	31	3
17	42	3
52	55	3
36	62	3
19	19	8
6	7	2
70	71	2
50	62	5
17	43	2
35	36	2
4	4	19
31	32	17
58	60	3
55	63	6
73	74	4
9	13	3
65	66	4
14	15	8
1	80	3
30	36	1
75	76	6
79	80	2
37	42	1
8	15	7
29	33	4
52	52	6
22	22	2
49	63	2
33	35	1
12	15	2
13	31	3
40	42	1
29	30	1
35	40	5
47	62	3
11	15	2
45	46	3
52	54	5
9	70	2
63	65	4
5	6	4
3	72	2
1	29	1
62	64	2
35	41	2
64	66	1
9	11	2
61	68	1
1	5	1
53	67	1
58	62	1
10	25	2
21	22	4
26	42	2
21	73	3
7	72	1
9	15	1
11	71	1
11	69	1
38	57	6
80	81	1
7	71	3
36	39	2
2	3	2
2	18	2
17	40	1
41	42	2
27	74	1
66	68	2
15	17	2
14	69	3
13	32	1
14	21	2
8	10	3
31	33	3
27	75	1
70	73	1
36	56	2
7	70	1
12	13	2
13	19	2
38	40	1
41	64	1
66	77	1
57	58	2
16	62	1
33	63	2
11	14	3
76	79	2
13	15	1
10	12	2
62	66	1
34	49	1
49	60	2
42	45	1
39	40	1
12	17	1
33	34	2
58	61	2
15	16	2
20	21	1
4	27	2
15	19	1
42	61	1
11	22	2
42	49	1
44	44	1
4	28	1
2	5	1
38	41	1
45	47	1
21	33	1
