136	138	1
2	20	4
52	53	3
120	121	1
95	95	1
104	105	1
6	7	4
52	52	6
117	118	3
25	27	3
82	82	3
90	91	1
117	117	4
49	56	1
137	140	1
34	34	3
156	157	4
112	112	4
117	119	1
106	106	4
85	86	2
11	11	3
35	35	6
25	25	4
42	43	3
164	166	1
142	142	3
85	104	2
163	166	4
22	22	2
55	56	4
43	43	6
159	161	1
38	52	1
135	149	3
133	134	1
39	40	1
24	39	1
14	14	2
109	144	1
159	159	3
150	151	1
46	46	3
7	8	2
45	46	4
162	165	1
73	73	3
68	68	4
68	134	2
164	165	2
43	44	1
36	37	2
19	19	2
130	130	4
128	149	2
133	133	4
24	25	1
20	62	1
70	96	1
143	143	7
122	122	2
0	3	1
56	56	10
53	53	2
87	91	1
118	118	6
116	116	2
164	164	3
114	114	2
85	113	1
72	75	2
138	149	1
27	34	1
113	123	1
85	85	11
144	144	6
40	40	5
123	143	1
108	108	4
160	161	3
111	111	3
11	103	1
146	146	3
155	156	5
2	2	3
159	160	7
75	76	2
117	127	1
151	152	1
53	113	1
71	118	1
125	125	2
119	122	2
77	78	2
135	136	1
147	148	2
114	117	2
54	54	4
18	47	2
142	144	1
115	116	2
155	155	4
96	97	3
91	91	3
26	26	1
121	124	1
105	105	3
161	161	1
105	106	2
87	90	1
158	158	3
123	123	6
166	166	2
69	70	1
141	141	3
98	98	3
150	150	5
45	74	1
36	36	3
74	74	3
26	27	3
65	65	1
37	37	4
90	90	4
109	110	1
134	143	2
101	102	1
46	47	2
73	98	4
128	128	4
140	141	2
80	81	1
122	123	4
148	148	3
64	65	3
44	44	5
117	153	1
149	155	1
169	169	2
77	77	2
41	41	4
120	120	3
103	118	2
69	128	1
147	147	2
100	105	1
78	82	1
97	97	3
83	83	3
151	151	3
119	123	1
72	72	1
106	107	2
91	95	1
102	102	1
41	46	1
82	100	1
97	114	2
55	154	1
40	114	1
39	41	3
66	74	1
12	12	5
104	104	5
17	17	1
107	107	5
117	120	2
50	77	1
90	99	4
23	62	1
144	150	2
55	83	1
113	113	4
144	162	1
46	49	4
5	6	2
40	75	1
15	15	2
108	118	1
124	125	3
96	96	6
156	167	1
26	144	2
70	128	1
20	20	1
23	79	1
127	155	4
49	53	1
100	114	3
50	53	1
2	4	2
88	89	4
134	135	2
118	121	1
10	76	4
137	137	4
93	94	1
63	63	1
124	160	1
144	145	2
73	101	1
3	3	5
27	27	2
78	78	2
101	101	2
139	139	5
38	38	5
70	70	2
96	102	2
132	143	1
57	57	2
57	58	1
18	19	1
130	157	1
97	98	2
160	160	3
152	152	3
157	165	2
121	123	2
8	8	3
147	153	2
15	16	2
136	137	1
126	127	1
41	76	1
163	165	3
111	112	1
91	105	1
40	41	1
135	135	1
100	101	2
157	157	2
97	116	2
69	157	1
103	104	1
153	153	3
124	161	1
23	24	1
53	54	1
113	114	2
151	159	1
155	157	1
89	89	3
115	119	1
86	86	1
138	139	2
5	5	2
79	80	2
133	135	2
51	53	1
87	87	3
126	126	3
80	80	1
72	73	3
5	42	1
121	122	1
90	92	1
154	155	1
49	65	1
21	22	2
36	80	1
84	84	1
48	51	1
148	149	3
81	81	3
149	150	1
129	129	3
13	21	1
24	24	3
44	45	2
19	40	1
11	27	1
132	133	1
138	142	1
45	45	2
47	47	4
36	146	1
124	124	2
100	100	2
93	93	2
33	33	2
21	62	1
142	143	1
91	93	1
87	92	1
38	130	1
114	116	1
49	49	3
6	6	1
17	64	2
9	9	1
69	78	1
128	130	3
119	121	1
143	154	1
63	100	1
82	84	1
51	51	2
62	72	1
66	73	2
79	81	1
163	163	1
50	52	1
50	58	1
127	127	1
35	38	1
152	154	2
134	134	1
126	152	1
136	136	1
98	100	1
67	71	1
4	161	1
160	162	1
53	80	1
8	9	2
94	96	1
78	80	4
0	0	5
154	158	3
106	111	2
145	165	1
66	67	1
119	119	1
75	78	2
84	85	1
96	117	1
142	161	2
108	164	1
131	132	1
18	18	5
2	26	1
94	94	3
159	165	2
109	109	3
46	74	1
145	145	2
9	126	1
149	149	1
79	79	1
106	151	1
48	49	1
0	1	1
75	103	1
7	11	1
62	63	1
4	4	1
66	70	1
4	50	1
25	109	1
13	13	1
77	79	2
92	92	2
23	109	1
68	71	1
56	110	1
3	165	1
9	18	1
76	76	2
69	69	1
85	114	1
155	159	1
12	13	2
35	37	1
9	10	1
151	155	1
132	132	1
67	70	1
90	124	1
162	162	1
110	110	1
130	132	1
37	38	2
10	11	1
69	106	1
75	133	1
165	165	1
116	162	1
133	144	1
88	88	2
64	79	1
38	39	2
51	54	1
47	48	1
121	121	1
128	129	1
64	114	1
122	126	1
66	160	1
5	53	1
21	23	1
161	163	1
70	76	1
75	75	1
108	111	1
6	10	1
99	99	2
22	164	1
133	149	1
88	90	1
73	109	1
98	99	1
100	116	1
154	162	1
39	115	1
139	141	1
54	125	1
23	23	1
73	74	1
66	66	1
37	41	1
66	131	1
101	105	1
42	42	1
168	169	1
140	144	1
82	87	1
143	145	1
64	64	1
157	158	2
103	103	1
167	167	1
3	56	1
21	107	1
117	125	1
125	131	1
120	148	1
100	102	1
67	67	2
41	42	1
129	130	1
103	105	1
146	147	1
1	1	1
10	15	1
2	163	1
89	90	1
123	128	1
7	7	1
39	80	1
71	72	1
