65	65	13
71	71	8
53	53	19
33	33	7
64	65	9
23	23	20
68	68	11
62	62	8
86	86	7
21	21	14
97	99	2
53	92	5
45	45	10
55	56	3
99	100	3
73	73	21
69	70	2
40	40	5
52	52	17
85	85	3
64	64	26
24	24	11
31	32	5
40	73	2
27	27	7
54	54	14
59	59	20
31	31	16
67	67	15
94	99	6
88	89	2
25	39	3
50	51	3
72	72	12
58	58	1
60	60	2
35	35	16
59	60	2
76	76	22
83	83	4
73	96	7
69	69	12
57	57	18
90	90	7
66	66	10
97	97	4
50	50	7
39	39	10
63	63	12
88	88	9
78	81	3
51	51	13
48	59	8
34	34	14
87	87	4
39	42	3
92	93	4
47	47	5
22	31	2
79	79	10
69	94	5
25	29	1
104	104	11
33	93	2
100	105	5
21	75	3
22	22	4
46	46	9
77	77	14
44	44	8
50	56	1
80	81	13
81	82	6
20	20	5
100	100	14
70	70	9
67	68	6
33	35	2
20	68	3
74	74	13
43	44	6
94	94	15
32	32	20
87	88	4
37	39	2
99	99	12
80	80	2
32	34	6
61	62	1
93	94	4
36	45	3
56	56	15
97	106	2
20	21	2
74	75	4
75	75	8
70	71	2
79	81	6
53	54	2
82	82	3
71	94	2
103	103	10
56	69	1
55	55	13
36	36	7
101	101	9
58	99	1
48	48	4
66	69	2
30	30	4
95	95	14
85	86	4
54	55	2
56	64	7
81	81	15
50	105	2
73	74	2
91	91	8
97	98	4
82	84	2
63	64	7
57	64	4
95	96	6
101	105	1
49	49	5
76	93	1
69	76	1
98	99	6
39	45	1
92	92	10
93	93	7
102	103	1
76	77	1
38	38	7
97	107	1
71	76	1
105	105	5
48	85	2
98	98	6
38	45	2
75	76	3
89	98	3
77	78	5
78	78	3
58	59	7
37	37	3
33	68	3
60	69	1
53	91	1
67	95	2
26	46	1
102	102	15
32	33	3
42	43	4
96	96	5
50	89	1
55	77	2
56	57	1
22	82	2
28	28	2
21	78	1
41	41	6
50	57	1
43	43	2
58	95	2
35	36	1
26	27	4
46	47	2
36	74	2
57	58	2
31	60	2
35	103	1
59	63	1
60	61	2
89	89	2
36	37	6
80	87	2
84	85	1
91	92	3
90	105	4
82	87	1
59	64	2
22	24	2
39	67	1
71	87	2
42	42	5
66	75	1
21	82	2
66	92	1
69	92	1
21	68	1
96	97	1
24	35	1
23	99	1
62	87	1
89	90	3
54	71	1
50	52	1
101	104	2
103	104	1
26	28	2
79	92	1
28	29	1
106	106	2
29	29	2
67	73	1
50	90	1
47	88	1
35	77	1
27	28	1
61	61	1
