147	163	5
102	102	3
18	20	2
28	28	7
159	159	9
2	2	7
6	6	10
35	44	3
124	124	4
36	42	5
21	22	5
50	50	9
149	158	4
94	95	4
44	44	4
7	12	2
75	76	3
162	162	5
116	116	3
54	55	4
83	83	5
111	112	2
56	56	8
86	102	7
113	113	2
155	155	13
145	145	11
103	111	2
4	4	8
8	8	3
84	84	6
79	88	1
46	46	4
137	137	2
127	127	8
39	44	1
40	40	6
11	11	4
162	164	3
74	76	2
133	143	3
122	122	4
144	145	5
112	113	1
58	58	2
150	150	4
81	98	2
75	79	4
5	11	3
119	131	2
152	165	4
166	166	4
70	81	2
101	101	8
20	38	3
51	51	5
9	9	3
15	15	12
37	37	6
25	26	2
116	118	3
146	148	4
37	54	1
120	126	4
67	95	4
8	9	5
62	66	4
80	80	4
67	67	3
146	147	2
54	54	5
133	136	3
164	164	12
87	87	9
67	70	3
124	151	3
34	34	6
144	144	6
124	130	4
105	105	3
83	89	3
51	63	2
143	146	3
39	39	2
85	101	3
86	91	6
33	33	1
64	70	4
3	3	4
103	103	3
110	111	3
36	44	2
63	64	5
103	114	2
64	64	5
140	140	3
125	125	10
136	149	2
160	160	2
98	144	4
84	85	4
7	10	1
107	111	2
153	153	3
97	97	4
146	167	4
49	49	5
131	142	3
86	89	2
94	126	3
112	128	4
118	118	2
57	62	2
34	37	1
108	108	3
69	69	6
148	148	4
144	157	3
123	123	4
106	106	1
80	103	3
85	100	3
1	2	3
38	38	8
48	58	3
138	138	7
163	163	2
72	73	4
52	52	6
79	92	3
72	78	3
133	133	1
75	139	3
42	53	3
129	141	3
20	20	4
57	57	6
81	93	3
125	137	2
104	104	4
7	22	1
129	129	5
138	139	2
86	88	1
120	138	3
150	151	2
90	109	4
89	89	4
149	149	4
114	138	1
114	115	4
118	131	5
142	150	1
87	93	2
108	126	1
128	129	1
130	146	2
103	104	2
119	142	3
117	121	3
93	94	1
120	120	1
14	26	2
7	7	3
115	115	6
6	22	1
76	91	1
112	115	1
145	146	5
145	164	4
71	71	3
159	161	2
117	118	2
22	22	1
128	128	3
49	50	1
63	72	3
8	11	1
20	23	3
0	0	4
21	21	1
24	24	2
160	163	1
143	143	1
5	5	2
46	54	1
41	41	1
133	137	5
9	37	2
106	122	3
99	104	3
18	38	1
142	142	1
27	27	1
16	16	1
139	139	2
3	17	1
143	155	1
90	90	2
166	167	2
135	137	1
107	109	2
111	111	1
161	169	2
45	45	4
2	6	2
85	85	2
147	148	1
18	28	1
156	156	2
15	25	1
85	89	1
126	126	1
134	136	1
147	147	3
99	105	1
55	56	1
119	138	3
88	93	1
91	93	1
65	66	1
68	68	1
4	20	3
75	96	1
19	21	2
157	158	1
47	47	1
109	109	1
41	43	1
132	133	1
109	138	1
88	89	1
98	99	1
8	13	3
16	19	2
13	13	1
1	4	1
67	87	2
96	98	1
27	39	1
169	169	1
158	161	1
44	53	2
83	84	1
