156	156	1
117	117	2
170	170	1
227	238	2
107	119	2
11	46	3
215	234	3
178	214	2
184	186	2
34	34	1
180	184	1
183	183	1
22	22	1
96	96	3
179	180	1
93	93	4
69	69	4
177	216	1
225	245	1
180	212	1
51	76	3
51	51	3
116	116	3
46	49	3
96	98	3
144	183	2
10	10	4
66	66	2
209	209	1
155	226	2
107	108	6
37	38	1
50	51	1
227	228	4
81	81	2
118	118	3
41	41	1
191	193	1
60	61	2
30	30	2
43	43	2
50	50	1
9	10	3
208	209	1
65	65	2
150	170	2
49	75	1
18	18	2
166	166	1
48	51	2
55	82	1
163	163	1
95	95	3
11	11	2
46	46	4
98	114	3
21	21	6
165	168	2
245	246	2
241	245	1
225	226	1
63	63	3
66	107	2
60	60	2
97	101	1
23	23	3
206	246	2
204	209	1
169	200	2
198	209	2
65	85	1
190	190	1
77	94	1
224	245	1
201	202	2
175	175	4
235	235	1
77	78	3
206	206	2
32	33	3
52	52	3
248	248	3
244	246	2
33	41	2
100	100	1
168	244	1
150	150	1
28	28	2
40	40	5
178	178	2
226	244	1
62	62	2
217	218	2
154	154	1
71	75	1
194	237	1
192	195	1
13	14	1
65	67	3
246	246	2
161	162	3
6	6	1
144	190	2
202	202	2
186	186	1
164	166	1
113	113	2
220	220	2
189	189	3
54	54	1
188	208	1
97	173	1
232	234	1
175	187	3
52	58	1
191	230	1
151	151	1
243	244	1
94	94	4
50	56	1
227	227	2
182	182	2
196	216	1
87	112	2
160	160	1
192	193	1
57	57	1
200	200	2
165	166	2
216	216	2
76	102	1
207	229	1
173	173	2
99	113	1
198	200	1
98	113	2
210	230	1
195	217	1
176	222	2
176	176	3
64	66	1
197	197	1
91	91	1
193	194	2
15	101	2
118	228	3
198	198	3
78	80	2
199	200	1
230	230	1
56	56	1
47	47	2
54	63	1
32	32	1
199	209	1
224	224	1
163	216	1
103	105	1
184	184	1
73	74	3
29	60	2
229	229	2
4	5	1
164	164	3
170	208	1
97	97	1
54	55	1
226	226	2
6	42	3
115	115	1
152	161	1
152	152	3
147	169	2
49	49	1
223	223	1
179	217	1
186	188	1
201	204	1
159	159	1
109	110	1
92	113	1
80	96	1
53	53	1
228	228	1
193	236	1
53	59	1
80	84	1
67	67	1
168	168	1
247	247	1
29	44	1
57	63	1
29	29	1
4	4	1
88	97	1
116	117	3
188	189	1
27	54	1
239	240	1
23	64	2
238	238	1
102	163	2
36	38	1
6	8	1
157	157	2
81	82	2
232	233	1
108	109	2
19	84	1
7	14	2
46	95	1
72	72	1
44	96	2
15	15	1
177	177	1
55	81	1
172	174	1
45	82	1
210	247	1
179	216	3
95	212	1
208	247	1
160	173	1
154	160	1
28	62	1
75	107	1
232	232	1
82	84	1
184	246	2
101	101	3
171	191	1
145	200	1
60	118	1
204	204	1
194	194	1
240	241	2
169	169	1
151	162	1
189	200	1
67	68	1
185	186	1
190	233	1
169	172	1
211	211	1
153	159	1
176	208	1
208	208	1
144	230	1
73	73	1
221	221	2
154	159	1
229	247	1
201	201	2
161	220	1
42	42	1
46	74	1
165	208	1
49	76	1
65	66	1
4	13	1
120	143	1
155	193	1
174	209	1
145	171	1
179	212	1
90	90	1
37	37	1
174	186	1
188	188	1
219	219	1
159	160	1
108	108	2
76	152	1
45	46	2
98	112	1
77	120	1
231	232	1
169	175	1
151	197	1
9	9	1
53	54	1
66	68	1
160	161	1
112	112	1
26	58	2
180	182	1
156	229	1
7	7	1
114	156	1
79	91	1
228	229	1
165	165	1
97	107	1
87	88	1
