84	84	3
64	64	4
55	55	3
94	94	2
84	86	1
59	59	1
75	75	3
43	44	1
59	71	1
37	38	2
68	77	2
73	74	2
43	43	4
82	94	1
99	99	2
80	80	1
38	38	2
102	102	3
87	98	2
23	25	1
54	54	3
74	74	3
61	92	1
67	68	1
40	40	1
89	90	2
58	58	2
32	94	1
56	56	1
96	96	1
29	29	2
101	101	1
31	50	1
65	93	1
54	56	1
66	66	2
24	24	1
39	39	1
46	49	1
46	60	1
45	45	4
51	51	2
86	86	1
68	68	2
92	92	3
65	65	2
100	100	2
63	95	2
76	76	1
32	32	2
91	91	1
70	70	1
50	52	2
37	48	1
97	98	1
103	103	2
87	97	1
49	52	1
89	89	2
71	71	3
90	90	1
98	99	1
41	45	1
58	61	1
77	86	1
47	48	1
91	93	2
29	30	1
91	94	2
22	22	1
82	82	1
50	50	1
62	63	1
72	73	1
53	54	1
47	47	2
106	106	1
105	105	2
97	97	1
61	63	1
48	48	1
55	73	1
65	92	1
60	84	1
97	99	1
56	61	1
30	30	1
31	31	1
64	65	1
45	60	1
49	62	1
21	82	1
49	49	1
31	55	1
46	47	1
