158	158	8
98	178	5
154	154	8
197	198	6
194	194	5
78	78	5
208	208	9
214	214	2
0	1	4
142	151	5
68	68	1
189	190	6
3	3	5
140	141	3
98	98	11
81	82	6
30	30	8
193	197	7
113	113	1
167	167	1
82	83	6
170	170	15
12	12	8
181	182	2
217	217	6
59	59	10
158	159	9
17	17	4
133	133	6
24	24	12
106	126	3
222	222	11
9	9	5
23	23	11
225	226	3
179	180	2
140	140	9
20	20	19
32	74	3
182	228	2
144	168	3
112	128	1
126	126	4
153	153	15
223	223	11
75	160	1
10	26	2
220	220	8
167	168	4
116	116	3
183	183	10
216	216	7
31	67	2
45	46	1
41	41	2
205	205	6
23	84	6
175	176	7
112	112	4
12	84	4
209	209	6
207	208	5
173	173	7
138	169	4
166	166	7
134	136	4
7	7	3
181	181	15
91	91	5
149	149	4
63	63	4
224	225	6
151	151	14
60	60	6
30	44	9
124	125	6
141	141	6
242	242	8
9	24	3
37	37	11
155	165	4
60	62	2
236	237	3
62	62	5
27	71	2
105	211	1
13	19	1
194	216	7
65	65	8
212	212	6
226	227	5
174	174	12
29	29	5
10	10	3
69	69	13
155	155	1
84	84	13
6	6	4
45	45	6
133	134	9
203	203	9
187	187	4
64	65	5
203	207	4
162	162	3
220	223	3
122	122	4
219	220	1
53	73	6
202	202	12
188	188	2
191	191	3
160	160	7
100	127	2
147	147	5
15	15	12
208	210	1
50	50	6
107	108	5
86	86	9
183	219	3
204	204	7
4	23	4
124	124	8
55	55	11
125	125	5
157	157	4
2	6	3
36	36	7
46	72	5
16	16	4
58	58	5
184	185	3
48	48	10
175	175	7
61	63	8
197	229	3
41	56	2
237	237	3
18	18	2
172	176	5
103	173	3
64	70	6
241	242	2
63	65	4
226	226	3
236	236	6
233	233	16
179	179	14
176	176	14
119	119	6
32	37	1
193	212	6
42	42	10
76	159	5
91	96	3
206	206	4
29	46	2
135	135	7
169	169	6
123	123	9
62	63	2
4	4	7
55	56	3
56	56	4
128	128	8
121	121	10
180	182	5
58	59	7
232	232	13
195	213	1
44	181	3
79	158	2
198	198	4
2	5	2
3	23	1
104	127	2
54	54	6
150	150	1
101	110	1
212	213	1
215	215	9
66	73	1
235	235	12
240	240	3
130	130	7
58	60	3
230	230	4
39	58	1
192	208	5
70	70	8
27	27	6
43	43	11
165	165	1
193	194	1
180	180	10
107	124	1
238	238	13
168	168	8
150	152	3
102	124	3
134	134	6
38	38	10
80	80	6
111	127	5
81	81	5
227	227	5
192	213	6
138	138	7
4	5	4
110	125	7
40	40	3
73	73	3
66	68	3
61	61	3
137	142	2
219	219	4
109	162	1
96	96	6
35	35	4
49	50	6
95	163	1
25	25	9
6	22	1
31	68	1
14	14	4
148	149	4
202	203	1
100	100	7
144	167	9
152	153	1
76	83	2
100	109	6
200	200	7
49	181	5
43	44	2
231	231	3
132	133	3
234	234	4
45	180	1
152	152	2
10	11	3
99	99	9
165	166	3
51	51	5
16	37	2
75	75	7
189	228	1
200	201	1
115	190	1
199	199	10
229	230	10
196	198	2
210	210	1
144	144	6
66	66	4
26	61	5
202	207	2
39	41	5
83	83	2
26	26	11
114	115	2
203	204	5
133	137	3
35	36	1
1	1	6
156	165	3
106	106	4
137	137	2
127	127	4
114	209	1
241	241	3
193	193	2
163	164	2
18	19	1
85	97	4
31	47	1
32	32	8
105	105	3
171	171	3
54	115	1
8	21	3
148	150	5
228	228	7
146	147	3
54	55	4
16	17	4
28	71	7
53	53	3
48	178	2
136	136	7
201	201	5
138	140	4
200	207	9
61	62	3
12	20	5
153	155	3
172	174	2
207	207	2
81	85	1
208	209	4
131	131	4
11	11	4
239	239	6
159	160	2
49	49	5
189	197	5
143	143	3
98	176	3
225	225	5
98	149	3
211	211	3
197	199	2
56	57	4
74	74	3
129	210	4
28	28	4
108	108	2
71	71	1
6	7	3
10	12	3
36	120	1
169	170	3
191	197	3
1	11	5
162	164	1
21	21	1
34	39	3
137	138	1
86	88	1
30	67	4
172	172	3
112	113	1
77	77	3
109	112	2
8	8	1
154	155	2
16	35	2
72	72	1
118	119	2
8	9	4
106	129	1
196	199	1
186	186	7
218	218	4
13	13	2
171	172	3
189	189	2
98	99	4
138	139	3
142	142	4
103	103	2
24	25	2
36	61	3
179	217	2
3	84	1
67	68	3
42	59	1
143	151	1
2	11	1
104	111	3
2	2	3
196	196	2
147	148	1
188	190	1
82	82	3
19	19	1
47	47	1
128	129	3
113	119	2
168	171	1
80	84	1
148	148	6
192	216	1
182	219	1
57	57	6
63	204	2
33	37	1
183	228	4
51	67	6
146	153	3
224	224	4
104	125	1
71	73	2
118	118	2
174	239	2
108	125	6
115	115	2
107	127	1
190	190	2
44	45	2
201	217	1
180	219	1
121	122	2
215	216	2
146	151	1
76	76	1
105	111	2
184	189	1
139	140	1
188	189	1
114	119	1
29	50	2
0	0	2
67	71	1
79	79	2
217	219	1
220	221	2
222	223	1
7	8	1
54	201	1
170	214	2
51	98	1
48	179	2
78	88	1
102	113	1
214	215	1
178	178	3
198	208	1
134	135	2
85	96	3
79	160	1
56	122	3
78	159	1
139	139	2
182	182	5
232	233	3
24	26	1
101	101	2
113	122	2
44	44	2
129	130	2
36	37	1
220	222	1
64	64	3
163	163	1
206	226	2
65	66	1
156	156	1
193	213	1
21	22	1
119	120	1
15	16	1
114	114	1
57	121	1
153	165	1
88	88	1
111	112	3
13	20	1
103	108	1
159	159	2
125	127	1
39	39	1
54	116	1
235	236	1
132	132	1
213	213	1
180	181	1
234	235	2
38	39	2
101	109	1
37	38	1
55	57	1
