41	42	3
68	69	6
4	4	8
37	40	5
6	6	11
56	58	4
74	74	19
13	14	2
72	72	7
35	36	5
57	57	6
47	47	11
25	25	2
46	46	6
7	7	15
1	1	13
51	51	16
39	39	5
30	30	11
36	72	10
8	8	13
38	39	5
41	41	10
72	80	1
11	12	9
42	43	5
29	29	5
73	73	18
55	55	5
9	9	22
27	27	16
64	64	9
40	40	7
54	54	26
10	10	12
2	2	15
55	65	12
29	33	1
9	10	5
78	78	8
17	17	12
80	80	5
42	78	3
45	45	11
47	48	4
37	73	5
7	78	5
61	62	1
42	42	20
38	41	4
53	55	1
19	19	6
26	26	8
48	49	5
75	75	8
9	71	4
2	3	5
58	58	5
11	70	2
37	37	7
63	63	6
31	31	8
5	5	13
76	76	14
65	65	6
33	33	4
63	65	4
59	59	3
40	41	5
48	48	12
10	15	6
10	11	6
4	6	7
67	69	4
11	13	3
49	49	7
39	40	9
53	62	1
38	38	10
27	28	2
46	49	4
52	52	5
19	26	2
50	50	3
60	60	6
53	53	4
15	70	2
0	1	3
8	9	2
73	75	4
34	34	3
36	36	6
33	39	2
16	16	7
61	61	6
33	34	4
72	77	9
79	79	1
35	35	4
13	22	2
63	64	6
62	62	1
13	21	1
14	14	6
72	74	1
18	18	2
11	11	5
30	31	1
78	80	5
45	78	4
44	45	2
77	78	2
67	68	4
3	3	3
20	20	3
43	47	1
46	47	2
45	47	2
8	71	1
13	69	2
56	56	3
21	21	7
52	69	1
37	41	1
3	4	3
6	7	2
68	68	3
66	66	2
6	74	4
9	14	1
32	32	1
70	70	3
31	32	1
11	25	1
55	57	1
54	55	1
53	54	1
62	63	2
15	15	1
2	4	1
71	71	1
57	59	1
