131	131	3
18	19	1
4	8	1
112	112	1
143	145	1
78	78	1
44	44	2
36	36	4
46	46	1
142	146	1
85	119	1
23	24	1
48	48	3
110	110	2
40	40	4
47	47	3
35	36	3
142	143	3
86	87	2
142	142	1
39	42	1
73	73	3
93	110	2
37	149	1
77	77	4
55	56	2
85	85	1
144	144	1
23	23	1
68	68	2
112	114	1
9	9	2
95	97	1
133	133	2
78	79	1
54	54	1
79	93	1
66	66	3
153	153	1
40	130	1
124	128	1
42	43	3
27	145	1
16	70	1
149	149	4
82	82	1
152	152	3
49	49	1
98	98	2
23	110	1
40	41	1
83	86	2
28	28	1
47	51	1
31	31	2
102	135	1
109	110	2
3	4	2
71	102	2
106	106	1
19	20	2
48	49	1
40	44	1
140	141	1
148	148	1
150	150	7
97	97	1
11	12	3
29	29	1
123	123	1
69	152	2
85	88	1
32	136	1
84	85	1
16	19	1
104	104	1
33	149	2
69	69	1
124	145	3
110	111	1
18	18	2
34	35	1
81	81	2
51	52	1
153	154	3
102	103	1
151	151	1
145	145	1
39	44	1
116	116	3
99	100	1
24	24	1
79	81	1
99	99	1
86	86	1
74	75	1
14	25	1
137	137	2
96	97	2
138	150	2
68	69	1
95	95	1
149	150	2
38	55	1
150	152	1
83	83	1
136	136	1
19	115	2
80	80	1
70	70	2
129	133	1
54	55	1
29	30	1
129	129	3
100	104	2
35	151	1
42	42	2
128	128	1
44	46	1
125	126	1
5	5	2
2	3	1
19	19	2
145	148	1
152	153	1
64	66	1
140	140	1
80	81	1
132	132	1
104	105	1
68	131	1
100	100	1
114	114	1
145	147	1
71	71	1
67	68	1
120	120	2
71	75	1
25	26	1
106	128	1
26	29	1
130	131	1
143	144	1
92	98	1
45	45	2
106	107	1
122	122	2
20	20	1
13	13	1
72	72	1
67	84	1
140	142	1
7	20	1
124	125	1
109	109	1
124	124	1
26	26	1
7	12	1
103	103	1
121	121	1
62	133	1
21	21	1
71	73	1
84	84	1
94	110	1
103	104	1
144	145	1
30	30	1
31	114	1
100	101	1
147	148	1
126	126	1
