15	16	3
14	15	1
20	20	3
38	39	1
18	19	1
31	31	2
24	24	6
6	21	2
7	7	4
32	36	1
34	35	3
6	6	4
60	60	2
13	16	2
16	17	1
15	15	4
31	32	3
16	16	6
24	25	2
59	59	4
48	48	2
46	46	4
4	4	4
18	18	2
13	13	5
21	21	5
17	17	3
42	42	5
39	42	2
12	12	9
20	22	1
37	37	1
7	19	1
7	39	1
11	11	3
51	53	2
50	51	2
22	40	1
26	57	2
36	37	3
30	30	2
5	5	3
53	53	3
54	59	2
1	1	3
45	45	1
0	3	2
39	39	2
42	50	4
34	34	4
54	54	5
2	2	2
8	8	2
0	4	1
12	13	2
22	30	2
50	55	1
46	51	1
41	53	1
57	57	3
12	19	2
58	58	8
49	49	5
32	32	6
35	35	5
55	59	1
50	52	2
4	48	2
43	43	5
3	3	4
40	40	3
51	51	4
12	21	1
44	45	2
55	56	5
0	0	4
33	33	3
23	24	1
9	9	4
13	15	1
6	8	2
20	30	4
59	60	1
51	52	1
17	20	1
37	43	1
5	13	1
56	56	4
54	55	1
25	25	1
19	19	2
11	12	2
58	59	4
23	25	1
47	47	3
10	11	1
45	47	2
40	43	1
8	13	1
9	12	1
8	42	1
23	23	1
45	48	1
5	9	1
7	8	2
1	48	1
52	52	3
31	33	1
14	51	1
10	10	3
44	44	1
1	2	1
55	57	1
46	53	1
1	18	1
45	58	1
11	13	1
0	1	1
40	41	1
21	22	1
8	12	1
32	38	1
15	50	1
17	18	1
8	9	2
39	40	1
22	22	1
43	45	1
52	53	1
5	40	1
1	40	1
13	26	1
61	62	1
45	60	1
57	58	1
36	36	1
22	38	1
41	41	1
7	40	1
43	44	1
31	38	1
15	21	1
30	35	1
4	5	1
6	40	2
6	10	1
19	23	2
41	54	1
5	48	1
26	26	1
