19	19	1
96	108	3
117	117	1
93	93	2
36	75	2
11	11	1
36	73	1
10	10	2
134	134	2
87	87	1
26	26	3
135	136	2
74	74	8
21	26	2
84	84	3
17	17	1
18	108	3
132	132	2
110	115	1
109	115	3
16	29	4
15	16	1
34	34	5
72	74	1
71	71	1
88	90	1
93	94	6
18	27	1
136	137	2
77	116	1
131	132	1
113	113	2
19	26	1
15	90	1
81	99	2
7	7	2
19	91	1
123	124	2
89	115	1
20	20	1
7	23	2
8	74	1
121	121	1
35	115	2
89	91	1
24	24	1
37	38	1
0	13	2
22	22	3
20	29	1
131	131	2
31	31	1
83	115	1
19	85	1
113	114	1
27	29	1
130	131	2
120	120	1
90	94	1
26	28	2
78	78	2
1	1	2
110	111	1
137	138	2
109	109	2
124	125	1
138	138	2
79	80	2
112	113	2
75	102	2
125	128	1
85	101	1
30	74	4
95	95	1
37	37	1
135	135	2
29	29	1
21	21	2
126	126	2
97	132	1
23	23	1
25	25	1
72	72	1
90	91	2
107	107	1
119	119	2
27	28	2
75	76	1
26	74	1
74	95	2
96	96	1
36	37	1
109	112	3
73	127	1
77	83	1
84	87	1
120	121	1
84	102	1
11	27	2
9	31	1
38	125	1
82	96	1
2	6	1
104	104	1
107	112	2
104	117	1
105	105	2
75	107	1
31	73	1
12	16	1
90	90	1
22	24	1
138	140	2
78	83	1
3	3	1
128	128	1
17	72	1
27	27	1
16	16	1
122	123	1
118	118	1
4	12	1
35	93	1
127	127	2
79	121	1
108	116	1
82	125	1
