186	186	3
42	54	4
125	125	2
77	77	2
164	164	1
128	128	2
11	12	1
155	156	1
15	16	2
28	58	1
135	135	1
138	139	3
121	122	4
115	115	4
167	167	4
100	141	1
38	38	5
30	30	4
166	166	3
32	33	1
18	18	1
11	11	2
187	190	4
6	56	3
48	119	1
97	98	2
183	183	3
188	190	1
109	109	2
137	167	1
78	79	1
44	58	1
93	93	2
160	160	3
124	124	1
66	66	1
158	158	1
134	134	1
149	149	3
186	187	1
54	79	2
4	5	3
0	4	1
81	81	2
40	40	1
47	48	1
152	152	3
82	83	2
162	162	3
53	53	5
27	27	1
106	106	1
184	184	2
4	100	1
35	35	3
147	166	2
13	13	1
151	154	3
86	86	3
63	64	1
48	49	3
32	32	1
119	124	2
74	75	2
92	92	2
151	151	2
141	141	1
95	95	3
57	78	1
99	99	1
123	123	4
37	37	3
2	3	1
2	2	4
145	174	2
61	61	1
104	189	3
28	29	3
80	81	1
33	86	2
93	100	1
57	83	3
26	27	2
167	169	2
118	118	1
73	73	2
154	154	4
84	84	1
73	115	1
31	31	2
167	168	4
87	88	2
133	135	2
101	106	1
0	0	2
90	90	4
25	77	2
22	23	2
169	169	1
161	161	1
83	83	2
71	71	4
25	26	1
148	157	1
132	133	1
181	181	1
13	21	1
30	37	1
126	129	1
55	55	3
88	140	2
20	20	1
93	99	2
151	165	3
77	78	2
154	155	1
100	103	4
144	144	3
143	143	4
54	54	8
179	179	3
149	167	1
10	11	2
60	66	4
30	31	1
167	173	3
114	116	2
94	94	2
62	62	3
88	103	2
143	150	1
177	177	2
164	165	1
44	45	1
155	155	4
150	151	1
157	157	2
43	43	1
80	80	2
100	100	3
99	108	1
140	140	2
10	10	2
13	16	1
110	110	1
97	97	2
181	183	4
14	22	3
154	156	1
6	6	2
4	4	1
131	131	2
92	93	1
108	108	2
90	105	1
130	131	1
19	19	1
94	146	2
184	185	1
74	74	1
55	57	1
121	121	1
23	24	1
173	173	1
104	104	1
180	180	1
146	146	1
119	119	4
87	87	2
124	125	2
17	17	2
33	33	2
31	34	1
32	180	1
66	67	1
126	126	1
178	178	1
138	138	1
25	25	1
113	124	1
135	137	1
154	162	3
105	106	1
37	38	1
48	48	2
86	185	1
129	129	2
107	107	1
26	26	2
159	159	1
166	168	1
166	171	1
129	134	1
16	117	1
166	167	1
17	120	1
31	37	2
16	22	1
116	124	1
96	172	3
31	86	1
114	114	1
46	47	2
5	5	1
104	106	1
32	86	1
150	150	2
113	113	1
59	59	1
79	81	1
68	68	1
188	188	1
187	187	1
178	183	1
76	76	2
165	165	1
80	82	1
111	112	2
185	186	1
85	85	1
39	40	1
96	99	1
54	55	1
103	104	1
69	120	1
109	122	1
139	139	2
12	12	2
127	136	1
76	77	1
101	101	2
41	41	1
3	84	1
18	19	1
189	189	1
121	130	2
190	190	1
14	15	1
6	7	1
74	78	1
98	98	1
188	189	1
128	139	1
105	189	1
105	105	1
172	182	1
159	160	1
