137	137	4
158	170	1
60	60	8
15	17	1
52	53	2
78	78	1
140	180	1
13	38	1
6	8	1
122	122	4
169	170	1
33	33	2
139	139	6
157	157	2
22	22	1
81	155	1
7	7	6
168	175	2
116	174	3
58	58	4
2	2	4
154	154	3
57	67	1
116	117	1
84	120	1
105	106	1
136	170	2
159	160	1
121	122	1
64	64	2
147	147	6
157	158	2
32	32	1
171	171	1
134	134	4
132	133	1
133	169	1
56	56	3
143	160	1
123	166	1
9	12	2
172	172	4
153	153	4
74	82	2
50	70	2
4	4	2
14	14	2
137	139	1
54	54	4
16	102	1
136	137	1
2	3	3
104	104	2
83	83	3
163	174	2
42	42	2
111	111	3
163	165	1
38	41	1
12	13	1
43	44	1
163	163	6
18	19	1
25	25	4
56	58	1
79	134	2
106	107	3
76	76	5
158	158	6
49	154	1
15	53	1
159	159	2
10	45	1
36	36	1
102	102	6
89	120	1
88	125	1
57	57	7
66	66	3
19	19	5
11	11	2
10	19	1
31	35	1
12	51	1
82	82	2
67	67	1
142	142	1
124	124	4
106	106	3
109	109	2
145	173	1
53	97	1
118	119	1
29	29	3
91	94	2
59	61	2
130	140	2
146	146	4
87	89	1
178	178	6
77	78	2
81	81	1
115	115	3
117	117	3
115	145	2
123	125	1
36	37	1
5	5	2
16	114	1
146	168	1
53	53	5
7	11	1
144	144	2
148	149	2
143	173	2
41	41	1
55	55	6
103	109	1
5	16	1
112	138	1
118	164	2
134	136	1
103	103	5
148	148	1
43	43	7
119	120	1
50	57	1
12	21	1
52	52	3
21	31	1
36	74	1
44	44	3
176	176	3
144	145	3
169	173	2
37	37	3
91	91	2
132	132	4
6	20	1
54	104	1
149	149	3
49	51	2
98	98	2
5	6	2
114	121	1
66	67	2
93	108	1
58	79	1
10	10	1
97	152	1
153	155	1
175	175	1
116	116	3
133	180	1
127	127	1
156	156	2
125	125	2
143	144	2
40	40	2
21	21	4
110	111	1
6	52	1
68	71	1
81	83	2
63	84	2
165	165	2
87	131	2
53	80	1
91	108	1
9	9	3
107	108	2
24	32	2
50	53	2
6	6	6
118	118	3
123	131	1
80	82	2
153	154	1
126	126	3
152	155	1
160	161	2
136	140	1
134	138	2
162	163	2
91	92	1
55	63	1
73	74	1
34	34	2
90	90	2
51	51	1
27	37	2
130	136	1
103	104	6
74	169	1
30	30	2
38	38	2
170	171	1
55	66	1
133	133	2
152	154	2
79	79	1
127	128	2
20	105	2
86	130	1
81	84	1
20	20	2
161	164	1
80	81	2
7	37	1
96	97	2
75	75	4
25	28	1
168	168	2
89	89	1
93	158	1
96	96	3
152	152	2
170	177	1
119	121	1
8	11	1
105	105	1
179	179	2
15	40	1
7	61	1
5	93	1
9	49	1
136	136	2
58	61	1
1	44	2
175	176	2
72	139	1
116	124	1
42	61	1
61	62	1
137	138	2
136	141	2
166	166	2
9	10	1
86	86	2
159	162	1
146	167	1
171	172	2
87	88	2
26	26	2
88	88	1
62	62	1
35	35	5
68	95	1
93	94	1
45	45	2
74	74	1
129	129	1
58	139	1
50	50	1
164	164	2
124	125	1
32	37	2
160	160	1
22	41	1
80	80	1
134	171	1
42	43	1
71	79	2
54	56	1
15	20	2
144	148	2
65	65	3
15	113	1
88	89	2
63	63	1
161	161	1
66	72	1
128	128	1
146	162	1
120	120	4
70	132	1
92	93	1
114	115	3
64	86	1
69	97	1
77	77	4
87	87	3
149	150	1
73	84	1
171	179	1
155	156	1
145	145	1
155	179	1
79	80	2
0	0	1
138	138	2
123	128	3
34	35	1
134	175	1
8	9	1
23	34	1
75	76	1
131	132	2
59	85	1
50	51	1
113	113	1
155	162	1
18	72	1
130	130	1
79	129	1
82	96	1
85	155	1
94	99	1
9	11	2
9	18	1
95	95	1
63	73	1
102	107	2
143	143	1
32	33	1
90	98	1
118	162	1
16	22	1
112	126	1
3	3	1
132	146	1
162	162	1
97	97	1
119	119	1
89	150	1
136	167	1
138	139	1
174	174	2
101	106	1
130	150	1
59	59	2
174	176	1
17	17	1
65	86	1
131	131	1
80	127	1
94	94	1
145	160	1
71	71	2
42	59	1
126	127	1
55	56	1
136	147	2
94	151	1
101	108	1
108	109	1
99	100	1
137	174	1
155	155	1
137	150	1
130	138	1
31	31	1
121	121	2
100	100	2
112	112	1
150	161	1
25	26	1
6	15	1
77	137	1
9	17	1
1	65	1
150	152	1
161	162	1
92	92	1
38	40	1
6	7	1
16	100	1
56	91	1
8	19	1
99	99	1
123	123	1
159	172	1
55	88	1
83	97	1
51	52	1
55	64	1
62	85	1
16	17	1
116	146	1
135	135	1
13	13	1
