102	102	2
93	112	3
10	82	1
26	27	3
85	85	1
10	13	2
94	95	1
98	124	1
136	138	1
78	78	3
127	127	2
27	27	3
112	112	2
108	108	2
21	21	3
91	114	1
86	91	1
3	3	8
71	71	1
107	108	1
8	12	2
83	83	7
86	88	1
96	96	1
78	85	3
131	131	1
12	12	4
92	113	1
5	11	1
36	36	2
89	89	1
5	9	1
105	112	1
37	37	2
16	16	1
84	93	1
6	6	2
123	127	2
8	10	3
32	32	1
2	9	1
29	30	2
82	83	1
107	107	1
7	7	3
121	121	2
109	109	4
10	10	2
12	16	1
81	85	1
14	14	1
115	121	2
113	117	1
122	125	1
7	15	1
92	92	1
73	73	2
104	112	1
88	91	2
126	127	1
80	84	2
97	101	1
33	33	2
0	0	2
24	33	1
128	128	1
77	77	1
29	33	1
74	83	2
76	76	1
81	81	1
22	30	2
72	73	2
34	34	2
80	80	3
90	90	1
103	103	2
72	72	1
96	101	1
18	21	1
123	131	1
115	115	1
37	73	1
1	1	1
136	136	1
137	137	1
82	82	1
36	37	1
4	5	1
19	19	1
24	24	3
2	2	1
113	113	1
79	79	1
124	126	1
118	118	3
75	77	2
87	124	1
71	84	1
78	83	1
102	103	1
134	135	1
107	111	1
100	100	1
73	74	1
134	134	1
81	89	2
11	11	2
20	20	1
105	105	1
13	16	1
12	14	1
118	119	1
85	112	1
80	81	1
95	95	1
23	32	1
90	113	1
23	23	1
91	96	1
87	87	1
1	2	1
3	23	1
25	25	1
88	88	1
120	120	1
17	17	1
