5	5	15
2	3	3
69	69	21
97	97	7
78	78	12
139	148	1
130	130	17
131	132	11
156	156	17
66	133	1
9	9	22
40	45	1
102	102	2
121	125	2
124	124	15
132	132	7
156	157	9
83	83	23
146	147	5
48	48	15
18	18	14
33	33	18
126	126	22
106	139	3
29	29	17
24	27	8
100	100	42
139	139	33
50	50	8
151	151	26
82	82	29
51	51	21
31	41	2
22	24	3
19	19	31
116	134	3
103	103	26
75	75	23
155	156	4
143	143	15
42	42	28
153	155	2
157	157	11
35	36	9
100	101	7
117	144	3
27	27	15
105	105	18
134	134	24
138	139	8
11	11	18
17	18	16
56	67	1
148	148	23
94	94	27
116	116	33
23	23	36
96	96	18
95	139	7
24	24	17
116	157	2
21	21	33
12	13	6
54	55	5
6	6	17
55	129	3
140	140	16
43	47	7
52	52	6
32	129	3
134	135	6
26	26	22
67	67	22
149	149	19
113	136	4
97	102	4
74	74	3
150	150	19
144	144	28
14	15	5
106	107	9
30	30	19
145	149	1
96	97	5
77	78	18
63	63	8
1	1	10
31	31	28
79	79	19
76	76	4
4	4	10
8	8	29
53	54	1
30	39	5
106	106	30
128	128	17
123	123	12
3	4	2
12	12	33
142	142	12
39	39	19
71	71	13
35	35	17
129	129	26
15	15	17
138	138	32
154	155	8
53	53	8
95	95	12
91	91	16
79	80	6
29	30	4
81	81	6
83	84	7
17	17	30
68	69	3
105	106	6
66	97	3
25	25	13
1	8	2
25	29	9
31	44	5
103	122	7
13	14	4
129	137	6
80	80	17
77	77	25
68	68	16
143	145	6
125	126	11
37	62	1
97	98	3
64	64	22
92	92	13
22	134	2
20	20	15
24	25	4
131	131	6
132	133	4
44	100	2
90	90	27
41	41	2
2	2	26
4	103	1
114	115	3
118	119	5
107	107	21
46	46	13
62	64	3
121	121	15
62	62	5
98	98	15
65	65	13
111	111	18
43	43	19
54	54	6
5	8	2
101	101	19
107	108	8
125	125	17
152	152	13
122	123	5
55	55	21
36	36	12
49	51	3
105	107	4
16	16	20
44	44	36
103	120	6
67	68	2
137	137	6
112	112	12
4	54	2
0	50	1
130	132	2
0	0	13
127	127	36
83	117	4
136	136	8
46	47	13
23	25	2
30	40	3
115	116	4
153	153	14
109	109	15
50	67	4
73	73	16
14	17	3
104	104	15
133	133	10
151	156	5
69	71	3
122	122	17
123	124	12
76	82	6
17	19	3
28	29	2
135	136	1
10	99	3
141	141	26
65	70	1
0	57	8
116	119	4
94	95	4
87	87	23
49	50	5
103	104	6
93	95	3
33	34	4
135	135	3
98	103	4
121	141	2
37	37	9
37	45	4
10	10	10
124	136	5
86	122	3
110	110	16
64	66	1
155	155	13
121	128	2
11	43	2
28	28	5
7	7	9
31	33	5
99	99	4
99	102	5
51	52	3
158	158	10
137	138	9
48	49	7
3	32	4
1	2	6
43	44	11
93	94	4
138	140	1
35	99	2
95	96	8
49	49	3
107	140	2
66	67	9
63	86	5
66	92	2
82	83	8
72	72	6
108	109	4
70	70	8
149	150	6
20	96	4
17	20	4
7	8	10
87	88	10
121	122	13
113	113	9
86	86	15
122	150	4
89	112	7
4	31	2
64	88	1
38	38	9
158	159	9
75	76	3
92	134	3
26	27	7
45	46	6
85	85	8
56	56	6
1	6	3
120	120	16
65	66	9
42	122	1
3	3	6
47	47	25
126	127	3
21	23	3
90	147	4
118	118	4
5	98	2
65	107	2
135	139	3
113	141	3
31	46	3
69	93	1
147	147	8
13	13	4
104	105	5
110	136	5
144	145	7
27	28	8
45	45	14
2	6	2
139	140	13
150	151	12
93	96	6
69	133	6
30	36	5
1	29	4
113	134	1
133	156	1
22	23	1
7	38	5
4	98	4
51	64	1
72	73	5
119	119	5
110	111	4
44	45	4
34	50	1
52	53	4
89	89	6
30	42	2
37	46	3
39	66	6
88	89	5
117	117	13
0	1	4
16	17	2
86	87	5
3	5	2
2	103	5
91	92	3
84	85	1
5	96	3
124	142	1
17	21	1
30	35	1
132	134	8
64	85	1
4	50	2
22	22	11
32	90	4
142	144	3
82	150	2
116	142	1
105	134	3
151	152	3
92	138	2
113	158	1
4	19	2
54	105	1
116	117	3
135	137	2
145	146	6
119	121	3
88	88	8
65	92	2
4	47	3
154	154	5
56	62	1
33	68	2
130	131	5
96	105	3
109	110	2
103	137	2
46	68	4
84	120	7
40	46	1
146	146	6
152	156	7
129	130	3
70	158	2
99	101	3
66	66	13
21	24	1
77	126	1
98	133	3
70	71	3
32	32	7
43	45	3
23	26	2
38	50	2
67	102	1
2	47	4
30	31	2
7	26	3
93	153	1
22	97	3
90	91	2
111	120	4
8	9	2
28	130	4
125	127	5
118	142	2
147	149	2
153	154	4
91	134	4
99	105	3
127	128	4
75	140	3
87	91	2
39	40	2
42	45	4
77	79	2
17	56	3
81	116	4
83	85	5
5	7	3
33	50	2
108	108	7
7	51	6
73	110	5
94	96	5
15	53	5
40	40	2
34	34	5
51	121	1
12	128	1
124	125	7
30	101	1
84	115	2
133	134	1
105	155	2
11	42	2
4	5	2
77	139	5
0	35	1
14	16	2
48	91	3
14	14	1
70	92	2
41	122	2
119	142	2
135	155	1
103	156	1
10	11	4
93	93	6
9	10	2
30	131	4
107	129	2
22	44	1
54	106	2
19	20	2
151	154	1
20	45	1
107	122	2
62	63	1
115	115	1
115	117	1
117	141	4
66	95	3
55	56	2
23	27	2
66	94	2
108	142	1
145	155	2
131	144	3
131	155	4
114	114	1
36	37	2
84	116	5
54	56	5
25	26	1
89	113	1
113	118	3
6	104	2
35	39	4
47	51	2
47	67	1
113	115	2
36	38	1
12	38	2
73	134	2
141	144	1
118	120	1
144	147	2
1	102	3
81	82	2
42	104	1
84	84	2
41	43	3
47	50	2
69	94	1
126	139	1
7	10	1
8	25	1
30	43	2
69	70	1
11	128	1
99	100	1
143	144	1
66	102	1
98	99	1
137	154	2
76	77	1
148	151	1
3	49	1
56	57	2
152	153	1
65	151	1
65	97	1
34	67	1
