67	68	1
112	114	3
107	107	2
15	15	3
8	8	1
145	146	5
138	139	3
102	102	5
165	165	5
37	38	2
38	39	3
126	131	1
130	146	1
170	170	3
86	87	2
95	146	2
55	57	1
117	117	5
74	90	2
74	75	2
91	91	4
121	122	2
158	158	4
10	10	3
61	63	2
118	118	2
17	17	5
138	138	5
92	146	1
4	4	2
40	40	5
79	79	7
65	66	1
84	141	1
133	154	1
9	9	3
23	23	1
115	116	3
25	76	1
129	136	1
27	27	5
33	101	2
75	75	4
167	169	1
129	147	1
140	157	1
115	117	1
5	5	2
58	58	2
41	41	3
134	134	5
65	132	1
99	99	2
124	124	7
84	86	1
62	62	2
154	155	2
50	52	2
143	144	3
105	106	2
78	78	7
21	21	3
42	44	1
132	137	2
132	132	2
138	148	1
103	104	1
73	74	1
36	36	6
28	28	3
49	50	1
62	137	1
108	153	1
169	169	1
93	93	3
139	141	1
104	105	2
71	168	1
135	137	5
26	28	1
74	74	1
86	94	2
101	101	1
165	179	2
172	172	7
162	164	3
39	41	1
45	111	1
148	148	2
115	115	3
116	116	2
85	114	2
97	97	4
90	91	2
64	64	2
120	120	8
14	16	2
20	25	2
25	27	1
56	56	2
54	151	1
63	130	1
81	81	3
37	37	2
174	174	4
153	153	11
161	161	2
59	71	1
88	88	6
98	100	1
164	165	1
22	22	1
101	106	1
30	30	2
63	63	5
53	53	6
139	139	6
108	127	1
136	136	3
147	147	2
29	29	3
62	63	1
71	71	5
55	55	3
162	162	4
40	42	2
130	130	3
14	14	2
176	176	1
50	50	2
29	30	1
171	171	9
133	133	4
5	6	3
42	42	4
60	74	1
92	159	1
110	113	1
166	166	1
11	13	1
175	177	1
87	87	1
158	159	2
59	67	1
10	14	2
100	101	2
24	25	1
61	62	2
159	160	3
89	89	4
180	180	2
168	169	1
113	114	2
177	177	2
38	38	2
122	122	6
85	115	1
45	46	2
121	126	1
146	147	3
35	54	1
66	66	2
155	155	3
80	139	1
25	25	2
117	133	1
106	154	2
154	154	2
168	178	1
74	81	1
119	120	1
53	71	1
124	125	1
156	156	2
70	71	1
116	117	4
128	128	1
127	170	1
58	64	1
110	110	3
106	107	3
1	1	1
7	27	1
140	140	2
21	24	2
39	39	3
93	135	1
123	123	1
140	147	1
60	60	3
112	112	6
147	150	1
121	162	2
175	175	1
155	162	1
44	45	1
16	27	1
1	4	1
66	67	2
114	115	1
4	7	1
152	152	3
143	143	1
83	86	1
112	121	1
90	93	1
16	16	5
154	157	1
39	40	2
112	126	2
33	33	4
127	158	1
96	97	2
151	152	1
105	144	1
54	55	1
95	95	2
167	168	1
173	173	5
127	127	1
7	7	3
0	54	1
168	168	1
31	87	1
86	86	3
72	73	1
175	176	1
52	53	1
26	26	2
132	153	1
80	80	1
76	76	3
92	92	2
45	45	2
77	79	2
106	106	3
131	156	1
72	72	5
31	31	5
92	93	3
57	82	1
13	16	1
163	174	1
156	160	1
110	143	1
170	171	1
127	128	2
61	61	2
18	41	1
87	135	1
18	18	1
107	112	1
73	73	2
102	143	1
169	173	1
90	90	6
150	150	2
52	52	2
89	91	1
82	82	1
45	86	1
171	179	3
50	81	1
83	83	5
151	151	2
125	126	1
118	119	1
99	100	1
107	108	2
116	133	1
51	52	1
141	170	3
72	75	2
103	145	1
104	107	1
144	144	2
169	170	1
111	147	1
9	14	1
94	95	1
6	6	3
78	79	3
7	8	1
18	64	1
58	59	2
11	12	1
12	19	1
93	94	2
145	159	1
163	164	1
56	87	1
92	96	1
91	146	1
62	65	2
45	51	1
50	54	1
94	94	3
60	61	3
158	161	1
137	137	3
28	29	2
54	54	2
61	74	3
113	113	1
3	3	1
43	43	4
100	100	1
137	153	1
53	137	1
77	77	3
12	21	1
68	68	1
130	131	1
123	124	1
135	136	1
149	150	1
24	102	2
155	156	1
28	35	1
3	4	1
18	19	1
63	77	1
133	139	1
11	11	1
25	26	1
165	167	1
96	147	1
35	35	2
74	77	2
96	132	1
26	74	2
72	74	1
104	159	1
67	67	1
4	6	1
19	21	2
74	134	1
125	146	2
141	141	2
128	129	1
91	92	1
149	149	6
166	172	1
83	94	1
126	179	1
148	153	1
163	163	2
151	166	1
22	24	1
61	64	1
96	98	1
113	120	1
157	157	3
146	150	2
122	158	1
141	154	1
65	65	2
102	103	1
102	152	1
52	83	1
145	145	1
126	127	2
2	42	1
73	75	1
27	32	1
35	51	1
161	162	1
178	178	2
93	100	1
108	108	2
157	162	1
85	158	2
139	140	1
89	98	2
44	44	3
57	57	3
13	13	1
103	122	1
111	111	1
124	151	1
32	32	2
108	117	1
173	174	1
166	167	1
164	164	2
108	109	1
50	51	1
59	65	1
136	159	1
26	27	1
125	125	2
155	159	1
19	20	1
36	37	1
36	110	1
76	79	1
27	29	1
85	109	1
19	54	1
103	103	2
20	20	1
77	156	2
109	109	2
88	89	2
106	160	1
119	119	2
84	85	1
1	38	1
63	135	1
9	11	1
59	59	1
142	143	2
24	24	1
34	34	1
57	64	1
107	122	1
179	179	1
104	104	1
132	154	1
136	152	1
56	57	1
146	146	1
150	163	1
12	12	1
19	19	2
140	142	1
50	114	2
82	116	1
37	44	2
68	86	1
79	156	1
32	40	1
164	167	1
87	114	1
8	9	1
43	111	1
114	114	2
15	16	1
35	39	1
46	51	1
72	86	1
4	37	1
64	65	1
43	44	1
141	142	1
70	70	1
13	18	1
59	156	1
82	84	1
121	121	1
111	112	1
