23	25	2
2	2	7
54	55	3
31	57	1
60	62	1
64	65	2
52	52	4
79	79	13
80	80	6
71	87	1
50	50	10
73	73	9
4	4	11
74	74	7
86	86	6
66	79	1
77	77	7
27	27	7
6	10	1
89	89	3
86	89	2
25	26	2
14	14	7
49	49	5
22	23	2
20	20	5
25	25	4
31	31	6
1	2	2
53	54	3
78	78	5
3	3	5
77	79	2
6	6	5
7	7	8
72	73	5
50	51	4
20	52	2
12	12	10
19	19	7
1	5	1
79	81	1
17	24	3
1	1	4
81	85	2
13	84	3
54	54	7
84	84	10
20	50	2
18	24	1
18	32	1
51	51	3
66	66	9
19	20	6
23	26	1
8	11	2
85	85	13
82	82	4
13	13	9
29	29	3
58	59	4
62	62	9
68	68	3
48	48	5
16	16	5
8	9	5
70	70	8
49	52	2
78	79	8
23	23	10
58	58	7
23	24	4
5	5	4
57	58	6
79	80	2
53	57	1
0	23	1
85	88	3
64	64	8
16	17	2
5	6	6
14	15	3
10	10	6
59	60	3
24	31	1
72	75	3
59	59	5
10	73	3
76	77	4
17	18	2
87	87	5
51	52	5
47	47	11
71	72	1
53	53	3
46	46	6
3	4	6
15	33	1
9	11	2
23	30	2
50	52	1
71	74	1
77	78	1
75	75	1
60	73	2
84	85	4
83	83	8
7	8	2
9	9	3
55	55	4
7	80	2
11	11	9
47	48	2
67	67	4
76	76	5
1	29	1
51	53	2
49	50	2
80	82	2
47	50	1
7	65	1
8	10	1
70	71	2
17	20	2
34	34	5
0	0	5
72	72	4
29	31	1
66	67	1
27	51	1
65	77	1
28	67	1
88	89	3
63	63	8
15	18	3
80	81	2
18	84	2
72	74	2
65	65	8
71	71	5
15	16	2
63	64	8
63	66	3
74	86	3
85	86	2
76	78	2
64	82	2
6	12	2
14	49	2
57	57	7
73	83	2
6	7	1
8	13	2
61	61	2
84	86	1
15	15	5
63	81	2
56	57	2
53	84	1
17	17	3
66	75	1
58	60	3
10	12	2
2	11	1
19	23	2
81	81	6
52	53	2
69	69	4
27	46	1
86	87	2
31	70	1
81	82	3
60	60	4
69	80	1
13	82	1
66	87	1
76	84	1
81	83	2
8	8	5
48	55	1
52	54	3
56	56	4
5	8	1
22	22	1
5	17	1
1	4	1
73	74	3
64	83	1
9	13	1
78	80	3
26	26	4
82	83	2
59	61	1
56	58	2
80	85	1
29	30	1
31	32	1
50	53	2
49	53	1
24	25	1
19	25	1
48	49	1
60	63	1
66	80	1
46	47	1
2	89	1
10	31	1
26	33	2
3	69	1
4	31	2
9	10	1
25	27	1
4	5	1
5	13	1
88	88	5
63	65	1
79	86	1
7	20	1
81	87	1
65	66	2
16	76	1
55	60	2
53	55	1
78	82	1
71	83	1
0	8	1
59	62	2
29	53	1
35	35	1
21	21	1
67	71	1
68	87	1
61	77	2
84	87	1
55	67	3
57	81	1
73	76	1
27	31	2
27	33	1
51	61	1
62	63	1
58	62	2
83	84	1
34	75	1
49	51	1
64	73	1
47	74	1
85	89	1
26	27	1
52	59	2
72	77	1
0	1	1
73	86	1
6	9	1
19	31	1
33	63	1
7	17	2
28	68	1
33	34	1
11	12	1
46	55	1
20	26	1
5	11	1
5	12	3
24	24	3
6	20	1
58	61	1
17	48	2
30	51	1
4	28	1
3	11	1
12	29	1
67	84	1
7	10	1
76	83	1
17	26	1
7	21	1
47	49	1
22	32	1
12	13	1
11	14	1
74	75	1
59	82	1
55	56	1
61	82	1
66	68	1
