8	8	7
42	42	13
167	167	14
6	26	1
143	143	13
168	168	3
165	165	8
117	117	4
3	3	8
174	175	4
59	59	2
96	97	6
181	182	9
172	172	2
123	123	2
122	138	2
126	126	6
138	139	6
175	180	2
126	129	3
186	186	5
96	98	5
170	171	5
144	169	2
169	169	7
17	17	9
0	9	3
66	66	11
19	19	6
41	41	14
93	97	3
187	187	8
150	150	6
90	90	14
128	128	13
114	114	4
95	95	6
54	54	22
170	170	20
62	62	7
155	155	11
40	40	8
94	97	4
91	91	8
109	113	3
151	151	12
148	148	5
134	138	9
56	56	6
83	83	2
156	156	15
104	104	6
77	77	18
76	76	13
141	141	7
115	115	7
28	28	4
40	89	1
106	145	2
180	180	6
136	136	9
150	151	6
58	58	4
80	81	3
171	174	3
185	186	7
47	47	10
70	70	9
41	89	3
179	180	6
181	187	2
0	3	6
153	153	4
55	56	10
105	105	12
78	79	5
57	58	2
148	151	2
71	71	9
108	108	13
106	106	8
26	26	9
85	86	7
167	168	5
130	130	8
28	29	3
53	53	10
33	33	11
38	38	18
127	128	6
174	180	1
84	141	2
97	97	3
34	34	2
76	77	3
53	82	2
90	91	1
106	115	2
78	89	4
43	44	5
173	173	14
24	24	12
111	122	1
5	5	6
174	174	16
78	84	2
104	110	5
147	148	3
16	47	2
188	189	7
181	181	6
12	16	2
78	85	4
185	185	10
145	145	8
117	128	3
122	122	5
75	75	1
123	125	3
116	117	2
155	156	6
32	32	9
174	182	4
102	102	12
34	36	2
166	167	7
142	145	2
88	89	5
164	164	10
171	171	2
46	46	13
85	87	1
61	61	13
93	96	3
48	48	17
124	125	3
21	35	3
77	78	9
125	125	10
125	126	12
100	100	11
189	190	3
10	10	2
28	30	2
12	12	6
137	137	11
133	139	8
103	103	17
84	84	6
13	13	15
8	66	4
5	6	6
64	65	1
85	85	19
29	30	2
75	76	8
62	63	11
157	158	4
162	162	3
18	18	4
164	187	3
8	26	2
139	141	4
4	34	5
183	183	3
117	119	4
162	169	5
153	155	5
123	124	3
84	85	8
31	31	2
0	48	2
92	99	4
189	189	4
11	11	3
178	178	13
138	153	3
33	34	4
20	42	2
131	131	1
149	149	6
88	88	12
75	118	1
99	99	10
182	182	11
37	38	9
40	41	1
184	184	21
168	169	2
184	185	3
140	151	4
74	106	5
107	107	7
143	170	4
146	150	1
124	124	7
92	92	2
187	188	2
143	144	3
110	110	10
74	74	6
139	139	4
41	42	3
14	14	5
140	141	9
154	165	1
1	1	8
107	108	9
134	134	1
152	152	4
6	6	7
86	86	6
158	167	6
2	2	8
134	156	6
135	135	4
166	166	6
68	68	8
79	79	3
154	155	2
15	16	4
114	119	1
144	167	1
152	153	10
22	22	2
31	32	3
38	90	5
16	17	2
186	187	3
11	12	6
34	88	5
187	190	2
99	100	1
25	26	4
179	179	4
142	143	9
147	147	6
91	101	2
121	121	6
95	96	1
142	142	8
27	30	1
129	140	4
111	111	11
10	11	1
133	133	4
12	15	1
155	157	1
138	138	12
0	0	5
81	91	1
113	114	6
158	158	8
83	85	2
164	166	1
129	129	12
160	160	6
124	126	2
82	105	4
103	104	4
8	11	2
77	84	2
190	190	3
162	173	1
94	94	1
81	83	6
87	89	2
63	63	4
20	20	5
87	87	6
32	33	5
143	145	4
57	57	3
119	119	5
55	55	6
45	46	1
39	44	2
145	147	1
135	143	5
35	36	1
78	78	6
80	80	4
112	120	2
18	19	2
159	160	1
151	152	3
61	62	2
145	150	3
144	144	7
23	44	2
120	144	2
180	181	2
140	140	7
67	77	3
132	135	3
37	37	4
183	185	3
20	21	5
118	118	7
82	82	7
130	131	3
60	61	5
154	154	2
74	75	2
109	110	2
39	39	9
35	35	1
98	99	1
121	167	1
4	4	9
15	42	1
110	121	4
16	16	5
162	163	2
160	163	1
146	146	1
181	183	1
114	129	1
93	95	1
159	159	2
171	172	1
162	170	3
114	117	2
89	89	4
187	189	2
30	30	3
46	47	5
67	67	4
16	45	3
120	120	4
120	121	2
121	142	1
93	93	2
56	83	2
36	38	4
174	177	1
119	120	6
10	49	2
129	133	6
165	170	1
101	102	5
43	43	3
81	82	1
113	113	1
176	176	1
23	24	2
17	116	1
13	17	2
25	39	1
59	60	1
156	157	1
24	42	4
149	150	3
110	111	1
177	178	3
3	4	4
20	24	1
112	112	3
114	115	2
81	81	1
79	81	2
132	132	1
164	170	2
25	25	3
67	68	6
133	136	1
122	123	5
30	33	4
118	119	2
143	149	2
101	101	6
102	103	4
83	84	4
36	36	2
13	43	1
183	184	1
111	115	4
52	54	2
77	85	4
22	23	4
142	155	1
178	180	1
23	23	1
177	177	2
171	173	2
110	112	2
164	165	2
73	73	1
128	130	1
27	44	1
58	59	1
139	140	3
148	153	2
63	67	2
23	42	1
105	119	1
24	90	1
164	190	1
83	106	1
104	120	2
188	188	3
140	142	2
65	65	2
39	41	1
7	8	1
78	93	2
13	15	1
39	40	4
112	114	1
59	64	1
56	57	2
10	12	1
64	64	2
27	27	3
56	84	1
116	119	1
7	7	3
54	82	1
82	147	1
184	186	1
141	142	1
134	137	2
42	44	1
19	115	1
86	118	1
127	127	6
76	78	1
15	15	2
100	101	1
21	22	1
152	154	2
48	56	1
4	5	3
144	150	1
56	76	1
12	13	1
119	122	1
37	42	1
89	90	1
181	186	1
126	127	1
9	9	1
