78	86	1
86	93	1
43	43	7
19	25	1
18	18	4
93	93	12
112	116	2
105	132	1
22	24	2
115	126	1
48	48	7
62	62	5
68	68	6
126	127	2
128	130	1
124	125	4
76	76	4
84	85	10
36	37	3
16	16	9
98	98	8
14	15	2
55	100	1
6	6	5
118	118	11
86	86	8
3	3	2
5	19	1
104	122	2
12	12	4
57	57	8
59	60	6
30	30	17
105	106	1
87	127	2
125	125	5
47	47	11
63	63	3
33	34	5
7	19	2
103	103	12
9	9	7
95	95	11
113	113	10
108	108	9
6	7	3
114	116	2
94	97	1
16	19	1
104	104	7
106	106	14
26	106	1
15	35	3
130	130	5
27	29	2
32	32	12
11	11	11
46	46	2
75	76	7
122	122	9
57	82	1
44	85	1
40	40	6
109	109	14
38	38	13
68	69	5
92	92	7
4	4	5
51	55	1
39	40	2
129	129	10
19	21	1
106	108	2
112	113	3
104	107	2
91	92	4
24	25	3
11	82	2
8	9	5
1	65	1
11	15	1
81	81	8
58	58	9
103	115	1
117	117	7
101	104	1
60	63	1
42	42	9
16	35	1
25	25	5
31	32	3
10	13	2
20	21	9
7	7	9
31	109	1
6	11	1
112	112	7
5	39	3
123	124	4
61	118	1
80	80	9
7	8	2
88	88	4
121	121	12
8	32	1
80	101	3
64	64	7
119	119	4
104	132	2
26	26	12
110	110	4
21	21	11
5	6	3
100	101	6
5	5	5
116	121	2
41	41	4
74	74	4
22	25	1
16	76	1
2	3	1
40	41	2
13	82	5
36	40	2
2	60	2
102	104	2
77	78	6
58	59	2
85	128	1
70	70	3
13	27	2
65	65	9
35	42	3
56	57	4
26	43	1
101	102	5
84	84	11
119	120	5
84	91	4
5	40	1
45	45	7
104	106	2
125	126	1
111	113	1
7	25	2
42	43	6
60	60	5
27	27	7
15	15	6
10	11	2
85	85	11
125	130	3
77	77	12
71	71	12
14	81	1
13	13	3
61	116	1
90	93	2
129	130	2
99	99	7
124	124	8
133	133	5
119	121	1
95	96	5
107	108	3
13	23	1
19	19	7
23	23	5
111	111	6
11	40	1
15	16	5
23	101	1
57	108	1
36	43	1
33	33	7
39	41	2
61	65	3
48	49	3
93	100	1
120	122	2
73	74	1
127	127	6
120	120	2
38	39	7
107	107	8
113	129	1
62	85	2
62	68	1
74	85	2
122	124	2
78	78	2
101	130	1
76	119	2
117	125	1
21	22	2
79	79	7
34	34	6
67	67	5
8	19	2
126	126	2
104	105	3
15	17	1
75	75	4
75	86	3
123	123	4
12	24	1
110	111	3
26	27	4
23	27	1
34	109	1
58	89	2
101	101	13
31	35	1
60	100	2
29	29	10
56	131	2
44	44	8
106	107	2
0	3	1
15	42	2
57	59	2
59	59	7
133	134	3
102	107	3
56	56	3
93	94	1
24	24	4
95	117	2
92	100	1
120	129	1
120	123	3
51	54	1
83	83	5
90	91	3
73	73	4
91	91	8
27	43	4
87	128	1
112	131	1
37	38	3
96	100	1
9	20	1
72	73	3
8	61	2
114	115	3
131	132	6
47	55	1
94	95	2
5	48	1
17	22	1
121	122	6
45	46	2
94	94	4
98	99	6
22	22	8
29	56	1
43	47	1
55	55	6
116	117	1
115	115	4
18	19	3
12	13	2
17	17	7
82	82	4
87	88	3
29	38	1
78	80	3
39	39	6
30	32	2
114	114	2
132	134	1
115	116	3
11	12	5
12	16	1
43	86	3
8	8	8
28	43	1
30	31	1
76	77	3
99	102	1
66	66	5
59	108	2
89	89	1
128	129	2
41	42	4
90	90	5
15	86	1
83	86	1
28	28	3
37	37	3
134	134	2
36	38	1
22	42	4
27	28	3
14	14	6
79	80	3
111	112	7
32	33	3
20	123	3
0	67	1
79	115	1
11	16	1
35	35	6
9	10	2
29	86	1
102	102	3
97	98	6
101	103	1
65	119	1
100	100	3
90	92	4
102	123	1
10	10	4
34	35	1
92	133	1
56	91	1
102	103	2
58	124	1
28	104	1
62	63	3
105	105	2
116	118	3
20	22	3
116	116	4
77	125	1
20	20	3
129	132	2
68	73	1
97	111	1
13	28	1
87	90	1
19	24	2
17	18	1
13	107	1
82	83	3
123	126	3
7	22	1
17	23	1
38	40	1
89	94	1
47	48	3
124	129	1
72	72	4
16	17	2
21	37	1
23	24	1
18	58	1
13	42	1
2	2	3
96	96	3
74	110	1
126	133	1
122	123	2
13	83	1
69	69	5
103	123	1
87	87	6
86	88	1
48	107	1
127	129	1
109	110	4
128	128	4
117	124	1
61	61	1
31	31	8
82	100	1
28	41	1
124	133	3
23	32	1
103	104	3
121	124	3
18	47	2
123	125	2
92	94	1
43	49	1
55	131	3
6	87	1
96	99	1
82	84	1
15	40	1
5	86	2
3	60	1
69	101	1
92	93	4
114	126	1
37	40	1
83	92	2
110	123	1
88	89	1
83	84	4
7	20	1
127	134	1
46	48	1
77	124	1
28	30	2
57	125	1
46	47	4
63	66	1
35	109	1
113	133	1
38	109	2
7	18	4
5	36	2
43	46	1
81	82	1
58	95	1
29	55	2
104	115	1
98	100	1
86	87	1
89	102	1
106	132	2
65	68	1
56	72	1
8	31	1
35	36	1
132	132	2
77	79	1
4	91	1
59	110	1
37	39	1
56	59	2
101	106	2
108	134	1
36	36	4
3	12	2
22	110	1
3	34	3
96	97	2
5	30	1
13	14	4
4	35	1
80	81	1
17	29	2
35	43	1
44	97	1
109	115	1
118	122	1
15	78	2
78	79	2
35	41	1
48	101	1
13	88	1
43	44	1
37	110	1
22	23	2
109	113	4
24	32	1
22	31	1
58	102	1
119	133	1
57	89	1
29	30	2
75	87	1
104	123	1
60	61	1
28	122	1
106	133	1
12	34	1
99	100	3
40	42	1
1	1	1
3	4	1
97	97	1
4	6	1
113	114	1
17	25	1
27	30	2
8	12	1
91	93	2
69	73	1
80	82	1
64	85	1
35	47	1
28	35	1
126	130	2
103	106	1
60	85	2
111	127	1
113	122	1
0	1	1
15	18	2
108	119	1
28	39	1
55	56	2
107	109	1
48	59	2
6	37	1
21	123	2
44	45	1
40	55	1
118	125	1
47	59	1
62	120	1
18	34	1
83	99	1
81	93	1
28	88	1
15	39	1
60	102	1
36	46	1
10	112	1
58	111	1
19	125	1
7	16	1
57	92	1
16	25	1
63	117	2
116	124	1
32	36	1
63	85	1
108	109	1
61	111	1
58	81	1
6	19	2
55	57	1
59	107	1
16	18	1
121	131	1
131	131	2
61	109	1
45	47	1
72	98	1
94	116	1
66	85	1
71	73	1
18	35	1
127	131	1
6	45	1
68	76	1
88	92	1
21	26	1
32	38	1
28	56	1
105	107	1
16	125	1
79	102	1
89	90	1
127	128	2
74	76	1
28	29	1
43	95	1
14	77	1
61	62	1
126	129	1
102	108	1
56	58	1
0	15	1
6	9	1
74	75	1
26	29	1
0	0	1
31	107	1
61	64	1
15	23	1
