35	80	1
84	86	3
76	76	5
41	41	3
31	31	8
44	44	6
80	80	3
92	92	5
60	60	7
40	40	11
75	75	5
44	46	2
33	33	2
81	81	3
88	88	4
38	38	11
53	54	5
97	100	1
47	47	5
42	77	2
79	79	5
32	63	1
81	83	1
29	29	2
74	101	1
59	60	4
31	37	1
78	79	2
97	97	8
63	64	4
99	99	1
72	72	6
77	77	5
43	71	1
25	25	5
35	35	4
31	35	2
52	83	2
24	25	2
53	55	1
82	83	4
68	69	4
53	53	8
89	105	1
52	53	4
48	48	6
55	103	1
104	104	8
100	100	5
96	96	2
68	68	6
98	98	7
28	46	4
105	105	3
65	67	3
60	92	1
57	60	1
73	73	10
74	74	3
55	62	1
37	37	3
20	25	1
51	51	5
89	89	8
85	85	5
101	101	3
88	90	2
39	92	2
99	100	1
47	48	1
83	84	1
42	42	8
35	36	2
27	28	1
64	72	1
90	90	6
65	99	2
67	75	1
57	58	1
84	85	3
97	99	1
58	71	1
46	46	2
28	29	2
51	77	2
82	84	2
44	54	3
55	61	1
51	59	2
78	78	1
22	22	5
50	50	7
21	21	7
29	30	3
36	36	3
54	54	6
52	52	5
55	55	3
78	81	1
94	95	1
39	89	1
40	76	3
57	102	1
42	44	1
60	61	3
38	46	1
56	57	3
40	41	1
61	64	1
45	46	1
82	88	2
33	34	2
42	43	2
61	61	4
33	64	1
32	32	6
90	91	1
87	87	6
79	89	1
103	103	3
45	45	3
47	79	1
65	73	1
95	95	2
102	102	1
69	96	1
27	27	2
30	30	2
49	81	1
40	84	1
93	95	1
62	82	1
56	56	3
71	71	3
95	96	4
58	58	4
59	61	3
61	62	2
93	93	2
84	84	4
64	78	1
39	39	6
25	50	1
83	83	4
71	72	1
42	92	1
90	92	1
21	99	1
94	94	2
63	66	1
72	77	1
45	49	1
66	67	2
95	98	1
67	67	4
39	83	1
106	106	2
75	76	2
34	34	5
32	37	1
102	103	3
23	23	1
35	54	1
88	89	1
25	26	3
79	80	2
77	82	1
62	65	1
42	97	1
25	29	1
71	73	1
66	66	3
64	64	3
62	62	2
50	51	1
75	77	1
69	69	2
62	63	1
49	49	4
76	82	1
34	89	4
38	86	1
30	31	2
30	35	2
63	63	2
38	83	1
34	100	1
100	101	1
19	49	1
86	86	1
27	57	1
31	32	2
34	71	1
73	74	2
20	23	1
76	77	2
94	103	1
39	87	1
32	34	1
43	45	1
97	98	1
26	27	2
78	84	1
49	52	1
20	20	1
40	77	1
96	97	1
24	78	1
59	94	1
39	72	2
58	69	1
54	55	1
29	31	1
40	42	1
46	55	1
32	33	1
38	39	1
64	93	1
68	99	1
37	88	1
85	86	1
40	80	1
93	94	1
28	28	2
68	73	1
91	92	1
81	82	1
51	52	1
38	70	1
20	21	1
87	98	1
35	72	1
49	50	1
53	60	1
