130	131	1
77	79	13
12	13	6
57	57	23
149	150	4
147	157	11
150	150	21
84	84	11
181	181	20
19	35	3
26	28	4
186	187	4
184	184	21
99	99	9
10	11	1
26	27	5
159	161	2
133	134	5
182	182	6
103	103	6
26	71	1
18	19	5
169	179	5
86	122	8
7	189	2
15	17	4
4	15	11
17	17	5
108	108	8
142	142	8
47	47	22
193	194	6
156	156	7
177	190	4
44	44	20
179	179	15
3	7	3
145	185	3
159	159	19
88	89	4
33	33	11
16	16	12
188	188	22
117	130	9
164	164	12
78	79	1
12	12	13
145	168	5
74	74	12
145	146	3
185	185	13
162	162	11
4	4	16
69	69	25
137	137	11
72	72	13
76	117	3
110	112	2
75	76	8
31	46	5
30	31	23
112	112	5
196	196	22
186	186	26
5	5	9
169	169	18
7	194	3
105	106	4
49	49	24
176	182	13
143	143	6
129	129	5
46	47	9
124	124	15
167	168	8
118	132	4
103	106	3
135	136	13
113	113	6
185	196	4
45	45	14
53	53	8
156	157	1
19	42	4
7	8	10
173	174	4
64	64	11
3	3	5
173	173	8
70	70	8
139	139	17
119	119	10
96	96	18
64	144	3
60	78	2
151	151	13
54	56	4
140	140	5
0	1	2
194	194	4
30	30	1
123	123	18
162	163	2
132	132	8
4	182	4
178	179	7
9	10	8
145	145	11
193	193	15
11	12	10
28	29	9
104	104	7
192	192	8
166	166	10
60	60	18
170	170	12
124	140	4
60	73	3
183	183	9
15	155	3
11	56	1
120	120	12
155	158	3
70	78	4
122	122	25
8	8	5
80	82	3
114	115	6
23	28	2
160	161	3
82	90	2
36	36	16
148	148	17
121	132	5
109	110	3
157	167	5
141	150	2
107	107	6
97	97	14
166	169	1
48	48	19
35	37	6
115	133	1
42	42	15
135	137	1
98	98	12
15	16	2
95	100	1
19	29	2
48	49	2
129	132	5
62	65	7
150	151	6
75	77	4
128	128	13
41	86	5
113	170	3
51	51	23
71	71	22
39	39	10
88	88	21
55	55	8
0	2	8
79	79	2
19	21	9
43	43	7
27	27	7
53	56	4
151	166	5
100	100	12
73	75	1
22	39	2
143	148	3
133	179	7
171	182	3
84	101	1
106	106	3
107	108	7
161	164	6
186	189	3
175	177	3
102	104	6
66	66	15
175	175	9
134	135	11
89	89	10
78	78	12
126	126	13
58	58	8
59	59	10
65	154	1
142	143	4
146	159	7
122	129	5
52	52	14
14	14	5
148	157	2
158	158	9
123	124	1
40	42	2
136	136	7
95	95	10
6	7	8
176	179	3
145	165	1
74	75	6
53	54	7
37	37	12
5	182	2
161	161	18
149	149	10
154	155	8
187	188	6
176	176	5
37	39	4
197	197	10
185	189	3
65	65	6
178	178	8
7	97	1
66	68	4
155	156	5
140	146	4
38	38	13
139	150	2
175	181	5
145	156	6
195	195	10
185	186	5
40	41	7
191	192	2
0	8	2
25	26	5
95	99	8
35	44	2
191	191	7
10	126	8
14	15	8
7	188	8
61	61	7
82	108	3
142	168	5
24	25	3
177	177	8
133	133	13
75	75	12
138	138	18
15	15	6
83	88	1
5	7	3
185	194	2
110	110	2
96	97	1
101	107	6
32	33	1
4	7	1
15	67	3
27	28	6
174	174	10
34	36	5
23	23	21
115	115	10
20	23	5
61	79	1
50	50	16
86	88	1
171	171	7
39	82	6
66	67	7
39	40	2
62	62	7
163	165	2
135	135	12
95	110	5
146	163	8
101	101	7
32	32	15
73	74	2
56	56	13
147	147	1
3	6	3
134	138	3
54	55	4
121	121	1
87	87	8
139	192	6
129	130	5
80	119	1
172	186	1
144	144	10
116	128	4
29	31	3
126	127	6
151	160	1
164	165	3
0	34	3
20	21	7
162	191	2
60	133	5
76	76	4
22	22	6
172	173	10
160	196	2
18	18	6
98	166	6
65	144	4
11	125	2
54	57	3
130	130	5
176	178	4
127	127	10
0	23	1
85	86	1
118	133	2
50	51	8
73	73	5
180	185	2
165	165	5
26	26	9
157	188	1
109	109	2
10	13	6
116	123	2
43	44	2
37	84	7
180	180	6
19	19	4
0	39	1
144	196	2
190	191	4
154	160	3
155	155	5
155	168	2
120	152	2
7	7	7
134	183	1
63	67	1
144	145	2
81	83	7
124	127	1
190	190	7
40	86	3
136	137	2
46	46	10
116	116	6
2	3	5
62	76	2
181	191	3
141	141	7
5	6	5
29	29	6
134	134	7
174	190	2
40	87	7
13	13	13
118	118	12
95	101	2
94	95	4
141	142	3
78	81	2
125	126	2
133	165	2
125	125	8
23	32	4
135	177	5
1	1	5
187	187	9
63	63	7
70	71	5
11	15	3
140	166	3
89	90	1
157	158	3
194	195	3
28	28	8
3	4	2
165	166	1
142	164	3
18	41	4
153	153	7
86	86	8
131	131	7
68	68	8
161	163	1
169	170	1
59	117	2
185	188	1
163	163	2
143	157	4
118	119	8
117	122	1
82	83	5
103	104	5
16	68	2
102	102	2
16	44	1
174	189	2
168	168	1
154	154	6
34	39	2
95	127	3
163	164	1
158	159	2
38	39	7
160	162	3
196	197	6
101	116	4
182	183	6
139	193	1
41	41	3
28	183	3
49	50	3
2	36	1
84	107	1
10	68	4
140	192	1
95	165	3
167	167	10
60	61	2
153	186	1
42	43	2
9	9	10
56	58	5
1	10	2
60	80	3
23	24	3
71	118	1
12	67	1
54	54	10
24	24	4
33	87	4
85	129	1
101	132	2
145	149	3
6	6	7
171	185	4
37	126	1
13	16	2
94	94	2
134	166	3
20	20	8
101	150	3
38	67	2
102	162	4
124	125	3
41	42	5
181	189	1
77	77	4
139	166	1
21	21	6
85	89	8
34	34	3
113	119	3
120	122	2
140	149	1
155	157	1
116	125	4
140	143	2
117	117	1
2	2	3
180	184	5
81	88	4
146	191	2
146	146	5
72	73	2
60	79	1
115	118	2
13	15	3
159	160	2
31	32	10
83	97	4
36	39	1
53	57	2
42	44	5
21	29	2
166	192	5
120	131	3
36	41	1
122	132	6
83	83	3
77	78	2
64	70	3
98	99	3
37	38	3
121	130	1
9	13	3
58	61	4
127	160	2
165	167	2
35	147	1
114	128	3
127	155	2
127	166	4
79	81	2
148	168	2
27	30	1
112	113	1
10	37	1
157	157	1
9	44	4
186	197	1
146	192	2
63	70	4
80	81	3
179	183	2
57	58	6
111	111	3
33	36	1
140	191	1
170	171	2
45	46	4
21	28	1
98	125	2
81	84	2
15	183	4
106	107	1
74	77	1
142	144	2
82	130	4
133	144	2
34	35	2
83	84	2
119	149	2
195	196	2
65	137	5
87	108	1
78	80	2
104	106	1
100	116	1
63	64	5
58	117	1
31	31	4
20	25	2
145	161	1
172	178	1
40	40	2
112	114	2
189	189	1
115	171	1
154	159	1
94	98	3
82	88	2
117	123	3
152	153	2
128	129	6
171	180	2
100	107	1
143	155	1
175	176	4
147	159	1
39	42	2
158	186	1
122	123	2
135	163	3
62	63	1
59	60	1
71	115	2
103	107	1
15	156	1
19	34	1
155	160	1
151	152	1
70	116	1
157	168	1
80	154	2
139	140	1
127	142	2
17	154	1
138	177	3
22	28	1
144	148	2
138	150	2
39	55	2
61	197	2
25	25	1
180	182	1
87	101	2
184	185	2
77	183	1
158	188	2
23	30	3
189	190	3
55	63	1
166	167	1
27	46	1
13	194	2
105	105	4
138	175	1
61	62	1
35	87	2
172	172	2
127	128	1
176	177	2
8	36	2
11	11	2
140	168	1
8	192	1
35	36	1
95	96	2
170	184	1
0	18	2
47	51	1
160	160	2
40	44	1
145	152	1
21	27	1
52	53	1
142	148	1
105	107	1
9	14	2
12	48	1
21	22	1
16	17	1
123	126	1
80	80	1
115	116	1
93	95	1
11	124	1
66	154	1
1	33	1
99	123	1
82	82	1
4	5	1
