57	57	2
21	54	2
36	36	4
54	58	1
50	52	3
70	70	2
33	33	1
56	56	4
37	37	8
56	57	1
41	41	2
1	1	4
40	48	1
19	19	1
64	64	5
80	81	1
27	60	1
75	75	5
32	32	4
73	74	1
2	2	3
59	59	4
7	7	8
4	5	1
51	51	1
0	10	1
35	35	1
10	11	3
78	78	3
77	77	7
55	60	1
9	32	1
42	42	2
36	37	1
13	13	2
46	46	3
48	56	1
59	73	1
36	47	1
60	60	5
11	49	1
40	57	2
47	47	7
30	30	4
4	4	5
73	73	6
65	65	4
15	15	2
16	19	2
44	44	2
26	26	3
12	14	2
58	59	2
30	53	1
25	38	2
48	49	2
79	79	9
68	70	1
10	13	3
76	76	3
7	11	2
38	39	2
20	20	2
29	29	2
39	53	1
7	8	2
58	58	1
0	0	6
4	17	1
18	18	1
66	66	7
41	74	1
63	63	1
75	79	1
8	8	4
0	16	2
74	74	3
27	31	1
68	69	2
12	12	3
77	78	1
63	64	2
28	28	4
73	80	1
55	55	4
10	32	1
52	52	2
65	73	1
10	25	1
14	25	1
11	15	1
37	48	1
7	9	1
31	69	2
37	41	1
40	66	1
5	5	1
67	67	2
49	50	2
17	17	2
50	66	1
39	39	5
21	51	1
19	20	2
30	32	2
38	40	1
48	48	3
45	45	4
49	52	2
27	28	1
3	3	5
0	2	1
80	80	3
31	32	2
31	31	3
53	68	1
54	54	1
7	10	1
27	27	3
9	10	2
29	32	1
38	48	1
62	62	2
61	61	4
50	55	1
6	6	1
51	53	1
19	27	1
33	36	1
38	38	3
79	80	1
74	75	1
12	40	1
6	7	1
52	72	2
35	42	1
26	27	1
33	34	1
28	29	2
14	14	1
6	26	2
75	78	1
34	34	1
13	14	1
9	9	1
76	77	1
38	45	1
7	73	1
53	54	1
17	18	1
50	50	1
27	32	1
40	58	1
31	33	1
21	46	1
72	73	1
69	69	1
71	71	1
41	72	1
15	16	1
56	60	1
11	11	1
49	49	2
16	16	1
15	25	1
10	10	1
26	43	1
11	13	1
29	30	1
8	9	1
64	65	1
31	40	1
45	56	1
