47	109	2
96	96	8
45	116	1
105	119	1
54	54	6
4	5	2
78	78	4
19	19	3
80	80	7
13	14	4
114	114	2
74	74	2
15	16	2
62	106	2
45	46	2
4	7	1
58	59	2
78	80	3
10	10	1
8	8	2
133	133	3
123	123	7
13	13	3
63	107	1
64	66	1
71	71	9
119	119	2
87	88	2
6	6	8
50	80	2
82	83	2
103	103	7
109	109	4
43	43	5
45	67	1
126	126	8
20	20	2
71	72	3
30	32	2
127	127	4
20	23	1
101	102	7
108	110	2
33	33	3
122	122	3
87	87	4
106	106	3
14	96	3
127	128	2
39	76	1
115	117	3
57	58	2
102	103	2
27	30	2
53	53	4
89	90	2
123	127	1
27	27	5
46	79	2
77	77	7
33	35	2
6	7	3
1	115	1
34	34	4
125	125	4
67	68	2
121	121	9
104	105	2
82	85	1
46	115	1
17	18	1
1	1	5
13	25	1
113	114	1
75	75	4
49	49	5
64	64	2
105	106	5
59	59	5
102	102	1
58	58	4
50	71	2
68	68	5
0	0	3
110	110	7
131	131	4
71	98	2
13	93	1
132	132	3
56	56	6
85	86	3
92	92	5
56	58	1
32	33	2
26	31	1
62	62	10
7	7	5
22	23	4
64	65	1
36	54	2
90	92	1
125	128	1
50	50	7
19	25	1
8	9	2
53	55	3
93	94	3
47	51	1
90	90	6
16	16	3
107	110	2
4	4	5
88	89	2
65	65	1
125	126	2
30	30	3
4	30	1
71	77	1
135	135	4
82	82	5
3	39	2
128	128	4
101	101	7
111	129	1
106	107	4
67	67	3
134	134	2
100	101	2
27	61	2
62	102	1
76	76	2
4	31	1
49	50	3
46	46	1
100	100	5
112	112	4
128	129	3
89	89	3
11	11	1
61	108	1
116	116	3
105	105	5
121	122	6
85	85	5
122	134	2
42	42	4
15	99	1
79	80	2
72	72	4
42	131	1
1	134	1
10	34	1
3	3	5
55	55	1
132	133	4
86	86	3
97	99	1
25	56	1
5	11	2
22	22	4
4	84	3
72	73	4
60	60	4
9	10	1
48	48	2
113	113	3
68	106	1
94	94	3
28	28	3
43	86	4
79	79	4
5	5	2
59	60	5
8	13	2
49	79	2
47	72	1
124	125	5
9	93	1
110	111	1
23	23	4
46	103	1
122	124	2
52	85	1
123	125	1
18	18	4
90	94	1
108	130	2
43	82	1
97	97	3
29	29	3
66	69	1
16	100	1
36	96	1
23	24	1
43	44	1
7	11	1
24	26	3
120	124	1
116	117	1
66	68	1
93	93	3
66	66	3
65	66	1
107	107	1
19	22	1
99	99	1
52	54	2
53	92	1
88	88	2
2	47	2
91	92	2
95	95	5
59	61	1
19	24	2
28	29	1
82	110	1
45	72	1
60	62	2
69	69	4
65	68	1
68	71	1
26	26	4
92	95	2
14	14	5
12	14	1
123	124	1
33	34	2
47	47	1
52	53	1
80	81	1
75	77	2
24	24	1
36	37	1
17	17	2
79	132	1
25	25	2
34	36	2
25	27	1
27	29	2
77	78	2
84	84	1
85	88	1
62	63	2
73	73	1
45	45	6
69	105	1
71	91	1
68	69	2
4	86	1
35	35	2
60	110	1
113	115	2
115	115	3
49	78	1
122	126	1
59	81	1
21	21	2
59	79	1
31	99	1
2	2	3
32	105	3
73	74	2
5	117	2
83	83	5
74	77	1
61	78	1
21	24	2
28	79	1
73	122	3
42	129	1
32	32	5
53	54	5
38	72	1
130	133	2
108	108	2
50	107	1
120	125	2
36	36	2
82	115	1
57	65	1
123	126	2
108	111	1
107	133	1
57	117	2
14	15	3
2	5	1
125	130	1
47	48	2
42	82	1
50	108	1
81	81	2
59	101	1
49	80	1
70	87	2
13	96	1
70	70	1
10	11	2
20	22	2
13	19	1
67	69	2
26	27	1
111	111	2
80	82	1
31	103	1
121	124	1
114	116	2
57	57	4
55	58	1
13	28	1
45	70	1
98	98	3
53	56	2
122	123	2
76	77	1
12	12	1
44	44	2
15	15	1
19	20	2
82	84	1
35	37	3
58	66	1
54	55	2
65	69	2
86	87	4
23	26	1
37	37	3
130	130	2
35	97	3
36	87	1
95	96	3
18	93	1
16	18	1
23	30	1
2	29	1
3	36	1
126	127	1
23	62	1
112	132	1
48	52	1
117	117	2
55	57	1
42	130	1
114	133	1
124	128	2
28	31	1
107	108	1
63	63	2
48	110	2
38	113	1
120	120	1
109	131	2
1	27	1
63	68	1
50	132	1
9	29	1
70	71	1
129	134	1
21	22	1
119	120	3
121	125	1
115	133	2
92	94	1
27	54	1
124	124	1
131	132	1
96	97	3
43	50	2
131	134	1
11	12	2
3	30	1
104	104	1
91	91	2
72	74	1
129	129	2
74	75	1
16	30	1
36	38	1
3	84	1
63	64	1
12	13	1
45	88	1
112	113	1
122	125	1
47	81	1
49	110	1
3	4	1
59	62	1
70	105	1
118	120	1
11	131	1
3	28	1
52	80	1
22	101	1
44	57	1
44	45	1
112	115	1
23	92	1
116	118	1
105	132	1
7	8	1
58	77	1
111	112	1
15	24	1
