48	48	3
27	31	3
99	100	6
66	66	10
9	13	2
70	70	12
113	120	4
89	90	12
83	83	5
45	45	12
87	87	7
11	11	15
84	84	8
134	134	17
65	65	19
84	95	2
105	105	16
86	86	7
31	32	1
40	40	2
47	47	6
113	113	2
60	60	5
102	102	11
5	28	4
74	74	8
90	92	4
21	31	3
76	76	2
112	120	2
64	65	6
83	85	2
120	120	10
41	43	1
67	67	11
109	109	6
123	123	7
11	31	5
94	95	1
112	112	2
98	98	6
108	108	5
106	106	8
122	122	7
116	116	22
23	23	8
72	72	5
125	125	4
17	31	4
2	31	2
118	119	7
23	24	1
20	20	5
103	104	8
45	49	3
91	127	4
68	68	3
127	133	4
104	104	6
16	42	1
109	132	6
108	109	6
43	68	4
50	56	4
91	93	3
80	93	1
87	102	3
113	119	3
77	77	3
21	87	4
43	43	11
119	119	6
38	38	11
132	132	4
115	115	8
78	79	5
96	96	10
90	91	3
44	44	6
74	75	5
22	22	2
73	83	6
124	131	2
41	62	2
111	111	9
82	82	8
91	126	2
72	79	4
40	82	2
113	114	7
15	16	7
91	112	3
7	7	11
62	63	9
29	30	5
111	114	2
43	44	9
71	71	4
69	70	3
68	71	1
63	63	4
90	90	3
18	18	3
29	29	5
55	56	4
60	110	2
50	60	2
91	91	8
130	132	2
87	88	2
118	118	15
66	67	3
0	10	3
101	101	5
12	13	4
20	23	2
88	88	6
35	36	3
33	34	4
10	39	1
64	64	6
118	128	1
129	129	9
128	128	5
10	62	4
88	130	4
6	6	5
33	38	6
12	12	6
89	89	3
110	110	2
101	103	3
60	80	4
62	62	10
127	129	1
88	131	2
41	48	1
60	112	1
82	111	7
26	26	5
19	19	5
27	28	5
113	117	2
127	132	2
57	82	2
130	133	5
125	126	1
76	77	4
19	34	4
115	124	2
93	111	2
130	130	3
126	127	4
93	115	1
124	124	7
88	91	2
36	37	4
114	118	3
88	100	2
126	126	2
33	33	6
49	49	7
82	83	4
16	16	6
42	71	3
97	97	9
12	28	4
15	30	1
75	75	6
56	56	12
89	107	2
2	3	4
36	58	1
73	93	3
59	60	2
120	123	5
28	28	7
0	0	7
20	32	1
47	118	1
70	72	1
50	50	10
131	131	6
79	111	1
32	33	2
31	31	3
95	95	4
76	119	2
5	5	4
75	81	1
35	35	4
58	63	3
45	56	3
6	129	2
100	109	3
69	69	6
11	16	1
5	6	3
113	124	3
59	59	14
40	57	3
2	2	4
122	123	5
4	4	3
13	13	5
5	7	2
35	57	5
1	1	6
73	73	4
118	122	4
92	114	1
88	129	3
47	48	1
58	60	3
27	27	7
25	126	2
123	125	2
91	124	3
41	41	4
103	103	3
19	31	1
129	130	1
90	116	6
125	127	3
12	16	2
7	14	1
95	96	6
124	127	2
109	116	3
59	79	3
79	108	2
80	81	2
112	113	4
78	112	1
54	55	2
104	132	1
94	121	2
84	85	2
15	42	6
93	123	1
91	97	6
17	17	3
46	46	3
68	72	4
20	22	2
78	125	4
133	133	2
17	71	2
56	94	3
55	62	2
55	55	5
44	48	2
5	130	1
96	97	1
100	100	3
115	116	4
56	57	2
94	124	1
124	126	1
13	31	4
51	60	2
79	79	4
15	15	2
7	124	2
73	119	3
92	92	2
101	118	2
79	80	1
8	8	5
106	133	1
55	70	2
37	40	3
8	41	1
49	50	1
16	23	1
61	61	3
10	13	2
37	37	3
103	106	1
29	40	3
101	102	2
34	34	2
68	70	1
3	3	3
27	125	3
106	107	1
121	121	2
33	65	2
105	134	3
41	42	2
75	110	1
39	40	1
0	1	1
59	64	1
89	97	1
108	123	2
65	69	1
126	133	4
19	83	2
117	117	1
85	85	1
86	132	1
42	42	2
83	93	1
9	29	2
128	129	2
111	112	3
91	114	1
88	90	1
114	114	2
88	123	1
39	93	3
17	29	3
10	10	2
80	80	2
80	126	1
24	24	1
94	94	3
44	45	4
96	120	1
100	102	1
119	128	1
109	110	1
8	11	1
2	27	1
16	22	1
4	9	1
36	36	2
75	125	1
48	50	2
93	109	1
90	127	1
127	127	2
24	68	1
22	25	2
1	24	1
6	7	1
9	9	1
11	15	1
110	122	1
92	125	2
1	2	1
81	81	1
23	25	2
21	29	2
98	128	2
95	98	1
55	68	1
104	105	1
16	25	1
19	62	1
30	30	1
81	83	1
123	131	1
94	97	1
70	71	1
25	27	1
39	39	2
15	28	1
14	14	1
