48	77	1
46	48	2
58	59	3
56	56	7
7	24	2
21	22	5
52	54	3
52	52	3
10	10	1
51	54	1
24	24	6
47	48	4
49	55	1
22	22	2
9	9	7
67	83	2
84	84	2
15	16	1
53	54	3
6	26	2
59	60	2
28	30	2
75	75	3
71	81	1
74	75	3
64	64	1
77	77	7
14	14	10
25	25	4
23	24	3
74	74	1
83	84	2
51	51	2
23	23	2
68	86	2
82	82	4
4	5	2
7	7	2
80	80	5
1	1	2
22	23	4
19	19	6
83	83	3
57	58	6
48	48	1
69	69	5
63	85	1
25	27	1
66	70	1
75	77	2
66	66	5
59	59	4
73	73	3
72	73	4
60	61	1
54	55	4
18	18	2
90	90	1
60	60	4
48	49	3
68	69	1
27	27	3
8	10	1
4	66	1
25	81	2
8	8	2
79	80	2
87	88	2
58	60	1
67	67	2
71	71	1
29	30	2
54	54	3
21	21	2
27	33	2
47	47	3
87	87	1
20	20	2
57	89	1
67	68	2
6	6	1
13	14	1
5	10	2
79	79	1
10	11	1
81	86	3
85	85	4
71	75	1
81	81	1
5	11	2
49	87	1
25	31	1
68	82	2
46	46	2
78	79	1
53	53	2
65	65	2
63	63	2
63	66	1
50	50	1
65	83	1
3	3	1
75	76	1
12	13	1
7	17	1
72	72	2
30	30	2
11	14	1
89	90	1
59	63	1
20	23	1
29	29	1
68	68	1
88	88	1
62	62	1
70	70	1
50	52	2
23	25	2
10	13	1
62	66	1
18	19	1
28	29	1
20	21	3
28	28	1
15	28	1
70	71	1
64	78	1
86	86	1
62	63	1
49	54	1
61	61	1
31	31	1
6	24	1
13	13	1
31	33	1
5	12	1
10	12	1
5	25	1
