73	76	3
79	79	8
85	86	7
50	54	2
61	61	15
45	45	7
64	65	7
86	88	2
28	34	2
70	71	9
80	94	3
74	75	3
73	73	9
72	78	2
48	48	8
38	38	2
75	76	2
92	93	5
78	78	12
31	70	1
102	102	1
47	93	2
101	101	2
63	63	12
66	66	15
69	71	1
76	77	3
52	59	2
40	40	5
90	90	9
35	44	2
73	75	3
51	52	4
66	69	1
56	57	3
55	98	2
86	87	6
44	44	8
77	85	2
77	77	9
20	22	3
43	44	1
75	75	11
80	80	7
76	76	13
50	90	1
59	59	5
42	43	1
84	84	4
47	47	4
43	43	2
60	61	3
73	74	7
69	69	5
92	96	1
65	66	2
45	60	2
51	51	8
74	83	2
70	76	2
62	62	3
60	60	8
89	89	6
50	50	3
88	89	5
58	60	3
67	68	9
60	86	4
94	94	5
53	53	2
87	89	1
85	85	6
95	95	4
31	34	1
83	83	6
80	81	3
93	98	1
85	90	3
80	86	2
67	67	11
80	82	1
64	64	13
74	74	7
53	88	1
47	49	2
97	98	3
82	82	4
51	80	3
72	72	16
41	41	6
65	65	14
88	88	7
26	27	2
55	55	10
71	71	10
37	37	5
49	49	4
92	92	2
81	82	2
96	97	2
89	98	1
24	97	2
54	56	1
35	36	1
58	58	6
41	42	3
91	92	1
31	31	4
52	95	1
76	81	3
91	91	6
42	88	1
42	42	12
39	39	2
56	56	2
87	88	5
39	40	2
57	57	7
86	86	4
33	33	4
92	101	4
53	55	2
96	96	3
47	48	3
90	91	1
26	84	1
34	36	2
74	85	1
70	70	4
40	101	1
68	69	1
27	27	3
73	101	3
43	69	1
86	89	6
24	96	2
65	91	2
52	52	3
30	37	1
52	79	2
66	67	2
49	85	1
98	99	2
77	78	3
78	83	2
34	72	1
83	92	1
30	30	2
50	91	1
51	90	1
62	64	1
87	99	1
50	56	2
27	47	3
36	37	1
61	100	1
61	62	2
23	23	2
54	54	2
46	47	1
97	97	3
24	46	1
25	99	1
36	36	3
54	98	3
64	66	6
72	83	1
76	83	2
64	75	1
87	100	2
56	79	1
46	53	1
70	88	1
29	29	4
91	94	1
72	75	4
60	62	1
54	55	2
71	72	3
39	53	1
57	62	1
47	51	1
63	64	3
68	68	6
49	53	1
93	94	4
26	99	1
84	85	1
32	33	2
58	87	2
68	71	2
58	99	1
24	25	1
72	85	1
44	59	1
65	69	1
34	34	2
86	100	1
49	51	3
78	81	2
81	81	6
44	65	1
85	93	3
90	96	1
82	91	1
37	83	1
30	74	2
99	99	1
86	99	2
93	93	4
59	62	1
89	90	1
98	98	2
26	97	3
95	97	1
66	95	1
24	24	2
38	98	2
50	51	1
56	58	3
68	76	1
73	79	1
88	102	1
88	100	3
22	26	1
87	87	2
25	25	1
72	77	1
63	74	2
57	78	1
75	79	1
73	81	2
22	86	1
57	59	1
56	64	1
72	73	1
26	26	1
24	47	2
37	39	1
86	90	1
95	96	1
89	97	1
51	62	1
67	85	1
84	86	1
53	87	1
55	56	1
28	39	1
65	72	1
40	44	1
100	101	1
24	26	1
72	74	1
48	49	1
54	97	1
83	99	1
46	46	1
23	93	1
35	63	1
48	50	1
90	99	1
32	32	1
22	28	1
100	100	1
30	81	1
63	99	1
