22	24	6
28	30	4
158	160	2
46	54	5
236	238	3
163	214	3
205	205	10
42	42	21
66	66	18
36	95	5
94	94	18
220	220	28
7	8	4
45	45	14
221	221	5
150	150	12
231	232	2
69	102	4
197	197	4
195	195	5
200	200	15
108	108	14
32	32	15
225	226	2
165	165	10
151	151	13
55	56	5
55	55	14
27	27	14
145	145	22
105	105	12
199	199	17
9	10	7
151	153	5
10	11	6
86	86	11
210	210	5
203	203	24
59	60	7
200	204	5
178	178	15
182	182	12
36	40	1
17	17	15
65	65	26
95	95	13
211	211	15
96	97	7
173	173	6
212	212	19
172	172	4
219	228	3
194	194	13
44	44	18
225	225	19
248	248	4
11	11	21
4	4	13
183	183	7
104	105	5
24	24	10
160	160	7
174	184	3
16	16	7
83	83	4
96	96	7
104	104	2
67	68	9
232	232	21
224	224	8
218	219	7
241	241	8
51	51	12
150	151	5
25	25	10
237	237	11
161	238	1
215	219	3
40	40	19
163	163	7
64	64	10
181	181	7
93	93	3
238	239	10
10	10	14
185	188	6
1	1	9
7	7	12
48	60	4
175	176	1
223	223	6
52	52	7
204	205	4
75	75	4
194	195	9
219	219	7
167	167	16
208	208	8
160	161	12
109	109	9
71	71	18
111	244	2
13	14	5
92	92	9
119	153	6
69	69	17
159	159	10
103	104	1
29	29	12
215	217	3
238	240	6
75	76	8
32	33	3
119	119	11
201	201	14
15	15	10
85	85	13
247	247	9
191	236	2
164	166	3
85	86	6
198	198	7
52	54	1
6	20	1
218	218	15
116	116	17
61	61	8
8	8	19
15	16	10
23	23	13
71	72	9
176	176	12
176	181	11
39	44	1
214	226	4
208	209	4
38	38	11
180	180	15
97	172	2
171	181	3
243	243	4
80	80	6
5	54	3
187	187	6
116	120	2
168	174	4
78	78	14
171	171	8
230	234	5
33	35	5
174	175	7
206	208	3
99	100	6
185	185	7
47	47	15
226	227	4
50	50	8
226	226	8
231	234	4
196	196	7
155	155	20
37	38	5
112	112	13
14	15	10
187	188	5
185	190	1
65	66	2
171	173	5
230	230	16
197	200	3
180	181	3
89	89	10
31	31	19
242	243	4
26	26	8
161	162	6
34	34	12
74	92	3
232	235	2
77	78	3
115	115	7
113	153	8
152	164	6
188	188	4
45	63	2
191	215	1
26	27	3
114	116	4
43	43	7
76	76	10
231	233	4
102	102	6
225	236	2
235	238	5
224	225	4
234	238	2
49	51	9
214	218	1
54	54	7
111	114	4
21	21	16
169	172	7
231	237	5
112	158	2
233	245	2
90	90	6
114	114	13
186	186	21
36	37	8
77	79	2
214	214	13
228	231	8
157	157	5
175	183	3
204	213	8
237	239	6
240	240	6
209	210	6
113	113	10
117	118	8
237	238	4
167	171	2
12	12	5
161	161	13
7	12	4
52	53	11
67	67	7
236	239	2
33	33	10
235	235	14
118	118	5
61	62	4
230	231	4
203	212	4
32	36	2
114	117	8
64	67	6
207	207	8
157	166	1
81	81	9
33	34	6
2	26	3
113	114	3
31	32	20
222	222	2
103	103	6
188	190	3
239	239	10
76	104	5
83	100	4
41	41	10
66	71	1
70	84	4
96	102	5
82	82	5
174	174	12
210	229	1
192	192	5
41	43	4
239	247	4
168	168	12
245	245	13
6	8	4
11	12	6
8	11	9
64	110	1
238	238	12
160	179	1
11	47	5
189	189	13
12	15	2
19	20	3
63	68	5
168	176	6
175	175	21
222	223	7
176	177	3
209	209	4
62	62	8
38	39	6
191	191	4
105	106	2
8	45	2
72	72	5
6	6	6
101	101	8
61	67	3
217	218	7
154	154	13
145	227	2
207	208	5
164	164	22
221	248	1
164	219	6
89	105	3
185	194	2
41	48	1
166	166	5
75	77	1
158	161	3
9	9	10
214	222	1
77	77	9
37	37	14
183	184	2
63	88	3
182	183	5
210	212	1
195	210	6
158	158	7
56	56	5
204	212	6
33	41	3
18	22	3
215	216	2
91	91	4
57	57	7
104	109	7
169	170	9
39	40	12
68	70	3
32	37	2
193	195	3
95	108	2
108	110	6
110	110	7
150	153	2
236	245	4
62	104	3
70	70	10
3	3	9
177	177	10
20	20	1
59	108	5
215	215	8
88	88	10
163	169	2
190	190	3
154	184	9
51	52	2
12	13	4
80	81	3
216	216	8
242	244	3
197	201	3
88	89	3
201	212	1
39	39	4
14	37	1
170	182	3
19	19	11
204	204	10
220	222	2
98	99	2
95	101	5
49	49	8
59	77	3
120	120	3
156	171	3
229	229	12
181	215	2
3	4	3
79	80	4
239	242	3
156	157	5
206	230	1
239	240	3
247	248	3
201	207	1
241	242	4
22	35	4
170	170	6
113	117	2
93	100	4
184	184	7
110	111	1
96	101	3
201	208	5
102	103	9
15	40	2
57	58	4
46	46	3
154	157	1
233	233	3
236	236	10
195	196	4
202	202	9
48	48	8
205	211	4
68	68	12
37	40	2
153	153	10
229	230	2
244	244	9
231	231	6
221	223	10
53	53	3
36	36	11
5	5	6
100	101	3
190	191	8
27	28	3
213	213	6
84	84	4
4	6	2
157	158	1
227	228	3
178	179	1
74	86	6
82	83	1
86	88	3
152	153	3
166	173	3
177	178	12
17	18	4
43	44	2
58	59	6
203	204	7
167	172	1
84	90	3
158	159	3
116	180	3
205	206	3
200	245	2
35	36	3
75	82	3
86	87	4
94	95	1
235	246	3
91	93	3
172	173	8
19	31	5
156	156	16
34	47	1
179	180	1
175	178	1
189	190	9
104	106	4
214	220	2
60	63	4
241	245	1
228	229	4
73	73	3
170	175	4
236	240	3
195	218	2
154	180	6
14	14	7
186	195	1
160	169	4
164	165	3
192	213	2
8	27	3
11	49	1
82	86	1
1	2	3
59	63	3
35	37	2
47	51	5
170	172	1
178	182	3
18	24	4
4	5	4
4	34	2
35	35	3
149	149	1
52	180	1
235	240	1
186	197	2
79	79	5
30	31	4
168	190	3
99	99	8
173	174	3
74	74	6
76	91	2
41	94	1
98	98	8
20	21	2
23	24	6
222	242	2
18	18	10
111	111	5
117	117	13
217	219	4
227	227	6
207	212	3
153	161	2
60	60	4
217	217	8
242	246	5
115	116	3
155	156	3
50	59	1
90	91	1
96	104	2
33	112	1
18	20	1
87	87	9
192	193	4
2	2	3
6	7	6
55	99	2
193	193	1
157	167	3
20	22	1
28	29	1
107	107	1
5	22	2
118	119	6
17	19	1
21	22	4
190	192	1
201	209	1
108	109	3
234	234	4
198	199	1
184	209	2
23	113	5
17	21	2
56	119	4
154	161	2
196	197	1
206	206	5
209	212	3
168	169	4
169	169	5
153	154	1
196	218	2
151	152	2
32	53	3
204	210	2
193	198	3
118	173	2
114	154	5
60	61	2
47	56	3
227	235	2
213	214	2
195	222	2
191	210	2
8	13	1
65	107	4
160	205	1
211	212	2
22	23	3
163	164	4
18	19	1
10	40	2
74	95	1
22	22	2
60	62	5
30	30	3
43	47	2
214	219	2
115	120	1
201	210	3
58	58	5
212	213	3
186	189	1
75	107	2
9	16	1
51	97	3
44	45	1
50	56	9
73	77	1
53	62	3
152	152	2
79	89	3
229	232	2
151	165	2
38	110	2
171	178	2
73	74	3
74	78	3
95	109	1
64	65	1
0	1	1
192	195	4
43	50	2
191	219	1
76	77	2
97	97	4
2	3	1
197	199	2
240	242	3
245	246	3
210	242	2
92	103	1
100	100	3
16	63	2
59	64	1
54	110	3
57	59	2
50	55	3
213	219	2
201	203	1
3	5	1
195	211	3
202	203	3
219	229	4
162	163	2
47	48	1
194	197	3
8	9	1
223	224	2
34	39	3
246	248	2
174	213	2
185	186	1
36	43	1
246	246	1
167	170	1
201	202	5
228	228	2
174	177	5
95	96	1
25	26	5
92	93	1
89	91	2
200	207	1
68	69	1
208	234	1
186	187	1
26	202	1
114	115	2
56	101	2
97	98	1
179	225	3
54	55	3
213	216	3
82	84	2
50	52	1
27	33	1
27	243	2
100	188	3
44	106	3
204	219	2
0	0	2
200	209	2
3	37	1
18	23	1
199	200	3
58	65	4
72	73	2
6	33	1
205	224	1
24	26	1
200	201	1
181	182	5
82	92	1
153	157	2
230	232	2
238	241	2
91	92	3
84	85	1
117	120	1
194	223	4
101	102	2
116	229	3
183	190	1
45	46	3
232	233	1
63	63	2
66	108	1
162	164	3
191	192	2
106	106	6
94	96	1
47	54	1
63	65	2
243	244	2
160	167	1
42	43	2
46	53	1
6	154	2
214	216	1
246	247	1
22	30	1
62	100	1
116	117	3
75	105	1
182	184	1
173	186	1
70	71	4
6	45	1
165	166	2
4	30	1
184	187	1
247	249	1
178	212	1
1	7	1
186	191	1
53	55	1
69	73	1
214	215	1
94	103	1
49	108	1
193	197	1
14	18	2
113	145	1
67	69	1
47	65	1
101	105	1
42	44	1
191	218	1
212	223	1
93	101	1
35	39	1
197	198	1
55	57	1
55	64	2
207	234	1
4	18	1
211	220	2
43	109	1
89	90	1
92	174	1
149	177	3
158	194	1
41	42	1
233	234	1
244	245	2
181	183	1
205	209	1
29	30	1
29	31	1
73	75	1
71	73	1
54	100	1
14	33	1
235	236	1
73	76	1
81	84	1
28	28	2
4	14	1
3	31	1
86	98	1
154	179	1
23	30	1
58	111	1
163	165	1
153	169	1
159	161	1
110	119	1
157	165	1
13	13	1
