98	98	10
27	35	1
23	23	3
68	68	2
44	44	2
103	103	6
54	54	4
88	88	3
92	92	5
38	40	1
62	62	4
43	57	1
59	59	6
71	71	5
57	59	1
43	44	5
80	81	2
28	30	1
50	50	8
75	99	1
47	47	1
33	35	3
32	33	3
20	25	1
48	48	1
21	21	3
31	31	5
102	102	7
89	89	2
69	69	5
86	87	1
23	36	2
55	55	5
65	65	3
72	72	7
53	53	3
79	79	7
42	43	3
48	55	1
85	89	2
40	45	2
41	44	1
77	81	1
28	28	5
97	99	2
104	104	4
73	74	1
98	100	2
92	94	2
87	87	4
60	61	3
39	42	1
84	85	2
36	37	1
50	58	1
25	82	1
20	27	1
94	95	1
32	32	5
57	57	1
74	74	3
78	82	1
56	56	3
62	63	3
20	23	2
47	48	3
49	49	2
34	39	1
58	61	1
86	86	2
43	43	2
62	96	2
63	63	3
43	54	1
74	90	1
28	29	3
54	55	3
63	64	1
66	66	3
53	59	3
82	83	2
64	64	3
43	100	1
81	86	2
45	45	5
60	76	1
52	60	1
101	102	6
40	79	1
95	96	6
66	76	2
40	88	1
106	106	2
95	95	2
35	40	1
67	69	3
76	81	1
46	63	1
33	48	1
58	90	1
78	78	6
35	35	4
90	91	1
25	25	1
75	75	5
31	32	3
77	80	1
63	73	1
36	36	2
66	75	1
36	56	1
68	79	1
78	87	1
38	44	1
69	70	2
44	49	3
22	70	1
55	74	2
50	51	2
28	60	1
84	87	1
51	64	1
31	38	1
46	49	1
68	70	1
93	93	3
61	79	1
91	102	1
40	64	1
100	101	1
31	73	1
51	92	1
74	75	1
24	96	1
23	71	1
75	82	1
82	84	1
61	62	2
85	100	3
74	93	2
34	34	1
76	77	2
61	63	2
46	57	1
26	29	2
40	41	2
52	53	2
95	99	1
31	34	1
59	63	3
98	101	3
26	33	1
105	107	1
95	107	1
21	22	1
76	76	2
43	46	1
79	80	1
25	33	1
73	73	3
26	64	3
30	30	2
67	78	1
81	81	1
20	42	1
45	102	3
46	47	1
37	53	1
22	22	1
43	49	2
29	34	1
39	41	1
90	93	1
82	86	1
42	42	2
21	24	1
89	90	3
19	49	1
80	80	3
56	60	1
58	60	2
104	105	1
48	54	1
77	77	5
24	38	2
29	70	1
94	94	1
71	76	1
59	79	1
88	89	1
36	54	1
86	89	1
65	68	1
65	83	1
51	52	3
24	24	2
66	67	3
35	36	2
61	61	1
41	45	1
78	88	1
69	73	1
43	45	1
23	24	1
56	59	1
81	97	1
96	97	1
70	70	3
80	86	2
82	82	4
94	96	1
75	76	1
49	67	1
40	40	1
71	72	1
66	72	1
79	81	1
97	98	2
69	71	1
87	88	2
102	104	1
55	56	2
35	84	1
97	97	2
85	85	2
82	85	1
91	91	1
41	70	1
35	57	1
76	78	2
39	39	1
32	58	1
29	29	3
59	60	3
105	105	2
72	80	1
67	67	2
50	52	1
20	54	1
100	100	1
23	25	2
101	101	1
58	58	4
51	51	1
22	60	2
60	60	2
85	91	1
78	79	1
90	90	2
25	27	2
35	37	1
53	54	3
20	20	1
24	25	1
57	63	1
80	89	1
90	100	1
47	99	1
52	52	1
27	27	1
41	84	1
94	97	1
38	46	1
97	100	2
39	76	2
30	37	1
31	75	1
44	45	2
72	74	1
31	63	1
56	65	1
29	61	1
31	41	1
25	31	1
37	37	1
46	46	1
93	99	1
30	31	2
71	97	1
88	90	1
92	93	2
65	86	1
84	84	2
91	94	1
44	78	1
83	83	1
28	38	1
26	49	1
25	29	1
37	39	1
22	26	1
69	74	1
23	69	1
38	54	1
70	82	1
33	33	1
103	104	1
49	66	1
21	51	1
98	106	1
95	97	1
45	89	1
31	36	1
75	78	1
