78	79	10
59	79	1
104	106	1
24	114	1
22	29	2
107	111	3
53	53	5
31	31	3
39	80	2
39	95	2
80	82	1
75	75	8
23	23	1
74	75	4
49	49	5
30	53	3
104	104	2
75	81	3
62	62	8
80	80	10
71	71	3
85	86	3
100	103	2
61	61	15
99	99	6
54	112	1
28	28	1
79	79	9
73	81	1
38	39	3
112	113	1
51	51	4
108	109	4
92	92	7
30	30	10
43	55	3
88	91	1
54	55	7
107	107	10
109	109	2
108	108	6
35	35	7
77	77	6
90	93	1
86	96	1
82	112	1
98	98	6
57	57	6
94	94	5
100	100	11
42	44	2
84	84	9
69	69	4
79	102	1
52	52	2
26	31	1
67	71	2
39	40	4
73	74	8
33	96	1
37	37	5
89	89	6
64	64	8
53	55	2
25	25	10
27	27	8
34	34	6
43	44	3
90	94	1
96	97	6
73	73	6
40	41	7
71	97	1
58	58	7
88	88	4
42	42	7
48	48	8
71	72	6
69	70	3
110	110	4
96	96	12
24	32	2
95	95	5
105	105	7
70	71	2
23	24	4
65	65	4
64	79	3
103	104	4
102	102	2
26	26	5
39	71	1
59	59	6
88	89	9
81	87	1
24	26	1
26	27	2
107	108	3
91	92	2
35	40	2
90	102	2
66	67	4
78	78	4
32	42	2
72	72	5
79	85	2
74	97	2
89	90	2
63	63	6
77	79	2
60	61	3
82	82	8
46	47	1
32	32	7
69	75	1
69	102	3
83	83	3
29	29	5
84	107	2
51	112	1
36	36	5
36	95	1
45	62	1
98	108	1
81	81	7
91	110	3
23	113	2
87	91	2
114	115	2
45	49	2
71	73	2
26	49	1
38	43	1
37	65	1
41	42	5
22	63	2
75	89	2
40	43	4
39	41	1
58	68	2
56	58	1
52	94	2
31	33	1
60	71	3
36	37	2
40	40	8
76	77	6
74	81	2
31	32	3
25	28	1
52	60	2
39	39	6
85	85	5
34	39	1
105	106	4
102	111	2
21	23	2
82	83	2
83	89	1
72	73	4
42	43	3
97	97	9
104	105	6
37	54	3
35	44	1
37	38	5
41	41	3
101	101	1
54	54	7
60	86	1
32	43	1
59	63	1
19	33	1
59	60	2
43	97	1
48	66	2
111	112	2
61	76	2
44	46	1
91	91	3
86	86	4
49	50	6
89	91	2
74	99	1
60	62	3
37	39	1
55	55	3
45	46	2
24	25	2
23	32	1
72	76	1
76	79	3
47	50	2
85	113	1
81	82	3
103	103	3
24	24	5
58	100	4
55	79	4
70	70	1
53	114	1
68	68	5
53	71	2
39	52	2
67	67	5
81	109	1
63	66	1
74	76	1
19	22	1
32	33	1
42	111	1
48	67	1
47	47	2
91	114	2
65	72	1
44	44	4
31	48	1
65	66	3
87	110	3
35	55	1
68	69	4
50	51	1
93	93	4
47	48	4
57	60	2
20	20	1
80	103	2
28	91	1
42	97	1
97	112	1
83	84	1
43	49	1
68	93	1
109	110	4
110	111	1
35	60	1
32	41	1
28	29	3
79	83	1
95	96	3
87	109	1
96	113	1
27	66	1
33	33	4
55	61	2
80	109	2
27	29	1
94	95	1
60	60	4
62	63	1
39	102	2
58	59	1
39	94	3
56	108	1
47	51	1
48	51	1
78	111	1
25	29	2
80	102	1
77	78	3
22	52	1
98	100	2
66	66	5
107	109	2
25	26	2
74	74	6
66	68	4
45	50	1
63	86	1
75	76	3
61	62	1
80	86	2
103	105	5
72	81	2
56	57	3
78	93	1
106	106	2
41	51	1
57	75	1
39	48	1
45	48	1
55	62	1
38	38	1
31	51	1
48	49	2
80	88	1
90	92	2
90	90	2
63	64	1
20	21	3
25	27	1
100	110	2
41	60	1
82	92	1
27	28	1
32	72	1
19	19	2
87	87	2
76	102	1
71	74	2
71	101	1
55	56	1
30	31	1
92	105	1
50	50	3
113	113	1
94	96	1
34	72	1
54	57	1
44	47	2
39	72	1
40	42	1
106	107	1
105	109	1
37	91	1
54	58	1
29	61	1
31	34	2
28	80	1
80	81	3
59	61	3
64	67	1
53	94	1
87	90	1
86	88	1
94	98	1
22	23	1
42	86	1
43	43	1
33	95	1
20	23	1
38	83	1
104	111	1
92	97	1
96	98	1
31	44	1
23	25	2
36	44	1
67	70	1
26	65	2
86	87	1
51	52	2
34	36	3
32	86	2
64	65	1
90	99	1
94	111	1
32	39	1
52	54	1
99	113	1
42	87	1
52	98	1
46	46	2
29	30	1
88	90	1
89	106	1
39	111	1
23	73	1
55	59	1
62	70	1
40	94	1
21	21	2
92	113	1
19	79	1
98	101	1
93	94	2
99	100	1
96	102	1
44	67	1
45	45	3
78	101	1
65	102	1
38	62	1
47	49	1
23	69	1
97	98	1
39	62	1
50	52	1
76	97	1
35	38	1
84	97	2
79	84	1
36	51	1
93	108	1
65	92	1
91	96	1
26	38	1
60	65	1
44	75	1
23	75	1
88	109	1
58	62	2
103	108	1
111	111	1
98	103	1
75	79	1
51	53	1
85	91	1
94	100	1
73	75	1
67	72	1
91	93	1
92	93	1
103	111	1
58	63	1
103	110	1
84	104	2
83	95	1
54	61	1
22	22	1
57	61	2
65	81	1
56	56	1
43	54	1
32	113	1
56	83	1
66	73	1
96	111	1
28	32	1
112	112	1
47	56	1
69	71	1
