118	118	17
0	0	8
54	57	2
105	105	8
82	83	3
2	2	15
127	131	11
66	66	18
68	68	12
55	57	11
116	117	11
52	52	24
127	129	2
31	31	17
85	85	7
108	108	12
4	126	1
90	90	14
12	12	9
43	101	3
62	62	5
14	14	15
13	13	7
95	95	5
6	6	16
121	121	11
25	25	5
80	99	5
45	45	8
86	86	6
107	107	10
68	83	3
102	103	2
103	103	9
66	67	3
74	74	7
19	20	2
105	111	2
115	123	1
126	133	3
37	37	9
109	109	9
63	63	13
120	120	14
55	55	18
61	61	9
32	36	11
23	37	6
98	99	8
5	122	13
3	3	11
76	76	27
94	94	14
117	117	5
45	51	5
34	34	9
69	72	3
15	15	12
21	21	5
49	50	4
22	22	11
122	125	1
98	100	3
125	125	26
90	91	8
80	80	25
77	78	1
57	66	1
20	29	2
25	27	5
96	96	12
4	4	10
81	81	10
118	124	3
111	111	7
58	58	5
36	37	3
16	16	5
89	89	9
75	75	15
114	115	4
102	102	12
123	123	4
122	123	9
87	87	8
4	5	9
111	117	5
27	27	6
120	123	4
11	11	4
82	82	14
55	65	8
128	128	5
45	49	6
106	118	6
21	22	5
126	126	9
18	18	1
130	130	6
116	116	15
33	34	2
48	52	1
93	94	6
24	25	5
112	112	5
130	131	2
26	26	5
88	88	7
71	71	16
75	76	3
70	88	1
94	95	16
32	32	7
17	17	12
69	69	10
78	78	6
110	131	5
131	133	5
54	71	1
23	23	3
112	126	2
57	58	4
1	1	12
22	23	11
68	69	3
95	97	4
83	91	5
60	63	1
10	11	3
114	114	21
87	88	4
87	93	4
29	35	3
1	14	7
70	73	3
92	126	1
19	19	7
8	54	4
67	68	1
54	54	20
28	28	4
92	96	4
128	129	6
94	97	3
53	53	15
120	121	11
62	83	1
70	71	4
122	122	8
86	107	1
97	97	7
112	113	5
65	65	11
54	56	8
92	92	9
8	8	6
124	124	3
50	64	5
61	69	3
18	25	2
111	113	2
8	20	2
2	14	2
6	25	1
111	131	4
50	50	1
7	7	8
72	72	11
108	117	3
83	111	3
121	122	10
44	117	2
109	130	5
123	124	8
4	8	5
104	124	1
64	64	7
48	48	2
18	28	3
16	28	10
9	10	5
98	98	6
73	73	10
11	119	3
24	26	8
67	69	6
91	98	3
70	70	5
30	32	3
82	85	2
1	10	1
50	78	2
88	89	1
93	95	8
115	116	8
17	28	2
29	29	7
57	57	3
43	43	4
117	122	2
44	79	2
59	59	13
93	93	2
113	114	4
132	132	3
59	131	1
62	64	6
134	134	4
104	104	7
113	124	3
67	67	17
44	45	5
80	103	1
86	96	2
100	100	11
67	75	2
6	7	8
91	92	1
65	67	6
79	81	1
44	47	2
131	131	6
66	69	1
30	31	3
115	115	13
81	82	4
118	120	4
110	125	3
43	44	2
55	84	3
63	64	7
30	36	3
79	79	10
24	24	8
58	69	1
99	99	4
33	33	2
99	109	2
101	101	8
5	5	7
28	29	3
87	98	2
115	124	4
42	84	3
1	4	4
101	102	1
30	30	7
10	10	2
110	117	4
20	21	1
77	98	3
19	22	2
108	121	2
16	25	2
5	121	1
96	104	1
73	74	2
107	113	6
31	35	3
119	119	4
23	25	2
84	84	5
1	13	2
83	83	7
106	107	2
135	135	3
20	20	3
76	86	2
129	131	1
9	9	9
55	56	7
76	81	3
56	57	2
91	91	5
127	128	2
102	104	2
90	121	5
99	101	3
117	119	4
109	131	2
47	47	2
58	82	4
109	126	4
114	116	1
104	129	3
105	121	2
7	32	1
113	115	2
106	106	1
91	95	5
120	122	4
3	7	3
108	109	2
94	98	2
108	113	1
33	35	1
101	134	2
91	93	4
17	26	2
15	19	2
23	27	1
77	97	1
19	38	3
26	27	4
89	90	1
133	135	2
11	13	4
114	117	3
93	96	2
5	21	1
5	106	3
4	10	2
52	84	3
129	129	1
4	115	2
79	98	2
4	9	2
60	69	2
61	118	3
53	77	3
19	32	2
105	122	3
27	28	5
94	96	1
91	135	2
110	110	3
107	135	3
83	84	5
130	133	1
8	14	1
132	133	4
57	67	2
79	80	5
49	49	3
78	97	1
17	22	1
119	125	2
89	92	1
99	105	2
29	36	1
35	35	4
46	46	7
44	44	1
60	68	2
127	127	4
70	72	2
13	31	2
4	14	1
63	83	3
129	133	4
109	114	1
60	61	1
72	73	4
59	70	2
38	38	2
110	113	1
65	79	3
19	27	2
64	65	2
50	82	1
4	122	1
30	121	3
87	97	1
104	131	1
104	105	2
88	98	1
9	11	1
22	25	2
12	13	4
13	14	3
30	38	1
60	110	2
126	127	2
113	113	5
98	106	2
45	50	1
118	119	2
86	97	2
107	131	1
44	50	2
133	133	5
128	134	2
92	128	2
61	75	1
128	130	2
60	75	1
60	112	1
108	114	4
52	71	1
36	36	1
11	20	1
89	100	1
106	113	1
56	56	1
123	130	1
110	118	2
92	95	2
109	121	1
122	131	1
126	130	2
20	28	2
0	12	3
126	128	1
46	47	2
5	7	1
2	3	1
9	20	2
101	104	1
3	4	1
18	20	2
19	26	1
130	132	1
17	19	1
0	14	1
7	33	1
56	58	2
98	101	2
108	125	1
94	126	2
12	16	1
7	16	1
84	133	1
125	129	1
34	36	1
31	32	1
19	30	2
77	99	1
42	47	1
60	66	1
85	102	1
