66	66	2
219	220	2
115	117	4
52	52	3
27	27	6
220	220	5
223	225	3
43	43	3
14	17	1
201	201	9
60	60	4
49	49	6
221	227	1
36	37	3
44	44	4
101	101	2
149	150	3
115	115	3
147	149	1
30	31	1
239	241	2
166	205	2
230	233	2
17	17	9
217	217	3
221	221	2
98	98	1
22	22	2
181	234	1
189	189	8
115	137	3
107	108	1
78	82	1
28	28	5
162	162	4
170	170	6
42	42	4
24	81	1
186	186	4
226	226	6
208	208	5
196	197	2
178	179	3
195	198	3
62	62	5
163	183	2
103	103	2
70	70	2
81	100	1
216	216	9
143	143	6
166	166	3
56	57	2
145	147	2
200	200	5
63	64	1
3	14	2
117	117	5
144	144	2
42	43	3
202	232	1
190	190	3
114	115	2
193	193	5
195	203	2
37	38	5
210	212	1
205	205	5
118	119	1
26	38	1
68	68	6
160	160	3
176	182	1
54	68	3
72	77	2
140	152	1
61	61	5
173	173	3
191	191	6
31	32	1
174	175	3
123	128	1
205	239	2
81	83	1
143	212	3
55	57	1
69	71	2
108	129	2
156	209	2
223	223	4
212	228	1
133	133	4
214	214	3
215	219	2
51	52	3
100	101	3
12	12	4
122	122	3
209	231	1
27	57	1
71	72	1
163	163	1
138	138	3
54	57	2
191	198	1
178	178	6
48	48	6
97	100	4
197	200	1
182	182	11
213	213	6
234	234	5
65	65	5
154	206	1
225	226	3
108	113	1
194	198	1
38	38	2
40	51	1
235	235	2
118	118	4
205	206	2
218	220	1
210	211	6
133	136	1
232	233	2
9	10	2
104	104	2
66	67	1
124	137	1
161	171	1
217	220	3
88	88	1
185	186	1
58	58	9
222	226	4
55	64	1
77	77	9
76	76	1
51	51	1
184	184	5
151	151	10
204	212	2
191	209	2
4	18	1
150	161	2
181	181	4
194	194	6
83	83	6
12	13	1
109	109	3
52	53	3
0	0	3
177	178	1
8	8	4
188	188	5
142	142	6
151	167	1
102	102	6
23	84	1
27	30	4
48	49	1
143	145	1
20	23	4
23	23	3
236	237	2
203	204	2
217	218	4
58	71	2
239	240	2
212	213	1
49	50	4
190	197	2
3	24	1
53	63	3
6	8	1
116	117	4
136	145	1
123	124	3
168	201	2
101	103	2
185	201	1
182	183	1
128	180	3
143	167	1
146	155	2
39	39	7
32	32	7
222	232	1
140	142	1
234	235	4
116	123	1
128	128	4
184	191	3
116	116	4
208	212	2
101	105	1
40	40	2
242	242	3
31	31	2
143	144	4
25	26	3
218	223	2
136	138	1
20	21	2
9	9	2
184	197	1
173	174	3
212	212	2
13	28	3
107	107	3
195	195	2
136	140	1
135	135	8
228	228	6
176	176	1
212	225	2
151	161	2
154	158	2
73	73	2
162	163	2
104	115	2
18	23	1
149	207	1
228	234	2
157	157	7
140	141	3
187	188	2
102	108	1
193	194	4
206	206	4
188	203	2
48	62	1
82	86	4
17	20	2
130	130	1
163	166	2
203	203	6
81	86	2
30	30	11
101	102	1
160	167	1
224	224	3
41	48	1
211	213	6
134	137	1
229	231	2
6	12	1
16	17	1
139	139	4
46	46	1
204	206	1
73	100	1
120	125	1
23	24	3
199	199	3
105	105	3
165	165	4
37	37	9
45	46	1
233	233	7
67	67	2
78	78	7
82	83	2
49	62	1
230	231	2
140	140	3
10	10	2
203	208	1
139	148	2
192	192	4
185	185	2
166	167	2
190	195	1
47	47	3
201	216	1
207	210	2
15	15	4
152	152	5
97	98	3
125	167	3
74	74	4
136	136	2
164	170	1
152	171	1
49	54	1
232	232	3
146	146	2
158	158	4
164	166	1
38	41	2
222	222	3
204	204	5
18	18	4
124	126	1
193	195	2
65	70	1
208	216	1
138	139	7
187	187	4
167	167	2
151	152	2
138	142	2
144	155	1
218	218	3
176	177	4
237	237	3
63	63	4
54	55	4
28	33	1
60	133	1
134	173	2
171	172	6
82	142	1
127	128	1
145	168	1
150	151	1
182	188	2
170	171	2
103	127	1
192	194	2
180	181	3
80	81	4
149	149	4
15	24	2
188	189	1
135	180	1
106	106	2
80	83	1
156	156	4
86	86	2
165	172	2
220	222	1
28	38	1
128	140	1
171	171	4
223	224	2
186	187	4
174	174	1
35	38	1
169	190	2
78	79	1
167	169	2
34	55	2
178	182	1
171	174	1
17	203	1
202	216	3
185	191	3
164	165	1
33	33	2
209	209	1
239	239	4
109	114	1
198	220	1
55	55	2
219	238	1
69	69	3
208	210	1
24	27	1
1	1	2
5	31	1
47	70	2
36	36	7
190	192	3
238	238	6
126	127	4
120	121	2
196	211	1
165	166	1
226	239	1
35	37	2
193	207	1
79	82	2
82	88	1
65	68	1
112	113	2
153	163	1
152	156	1
27	37	1
53	54	2
148	148	2
229	233	1
24	82	1
44	45	1
150	212	1
50	56	2
29	30	2
21	22	2
112	112	1
134	139	1
38	55	1
197	203	1
39	48	1
134	134	4
164	164	3
64	78	1
41	52	1
171	195	2
226	227	3
65	67	2
203	205	1
69	98	1
49	58	1
10	65	1
50	53	1
89	89	2
99	99	4
119	155	1
168	168	1
109	110	1
179	180	2
128	143	1
223	238	1
195	204	3
189	190	1
20	20	3
40	42	1
227	227	5
81	82	3
16	18	2
143	162	2
79	79	2
62	86	2
5	5	1
152	202	2
144	154	1
4	6	1
156	167	1
171	181	2
58	59	2
230	241	1
44	46	1
49	60	4
148	168	1
73	77	1
45	45	2
76	77	1
64	64	2
23	76	2
23	75	2
113	113	3
182	185	2
182	235	2
138	144	1
108	108	1
113	114	1
208	209	1
140	150	1
26	29	1
165	169	1
185	217	1
142	160	2
10	11	1
60	62	1
24	48	2
196	196	1
59	60	1
181	182	2
160	182	1
97	97	1
161	161	3
231	232	1
171	192	1
154	157	1
191	192	1
200	203	2
221	237	1
224	232	1
47	51	1
207	208	1
146	163	1
147	148	3
59	65	2
11	17	1
104	112	1
33	35	1
86	170	1
158	188	1
11	11	1
155	155	2
50	202	1
166	173	1
126	155	1
157	191	1
104	126	1
156	157	2
240	240	4
124	127	1
151	213	1
134	140	1
20	22	1
125	125	3
211	211	3
160	162	1
6	26	1
230	232	1
183	234	1
195	196	2
155	165	1
4	4	5
75	75	3
175	175	3
207	207	4
228	233	1
25	25	2
232	234	2
175	176	1
201	202	1
85	86	1
181	198	1
14	14	1
12	66	1
67	75	1
133	145	1
198	213	1
2	2	1
84	85	1
67	74	1
7	21	3
224	225	3
164	172	2
50	62	2
39	55	1
13	55	1
19	19	2
73	76	3
133	177	1
165	168	1
53	62	1
172	203	1
95	96	2
14	15	3
20	25	1
16	16	1
128	130	1
198	199	1
231	231	1
7	69	1
165	192	1
190	194	1
152	211	1
62	64	1
224	231	1
211	212	2
225	228	1
238	239	1
3	4	1
159	165	1
213	215	1
122	125	1
153	154	1
166	184	1
197	198	1
38	40	1
17	27	1
60	65	1
63	72	1
82	82	1
85	100	1
103	118	1
64	65	2
240	242	2
128	148	2
173	184	1
120	120	2
72	72	1
148	149	1
126	210	2
71	80	1
180	206	1
22	75	2
10	18	1
148	157	1
114	124	1
54	69	1
139	140	4
55	56	1
219	219	3
39	41	2
32	33	2
104	118	1
116	118	1
193	197	1
71	73	1
180	207	1
109	170	2
145	154	1
162	168	2
196	199	2
173	178	2
114	116	1
26	37	1
121	121	1
145	158	1
173	181	1
154	154	1
181	188	2
202	202	1
157	170	1
70	76	1
84	84	1
39	42	1
153	153	1
26	26	3
22	24	1
145	145	2
54	54	2
20	55	1
156	180	2
60	71	2
6	6	1
64	72	1
49	203	2
196	202	1
195	211	1
177	191	1
75	77	1
64	233	1
124	135	1
134	148	1
179	179	3
181	218	2
198	198	1
131	173	1
42	54	2
172	172	3
236	236	2
184	185	3
231	242	1
177	177	4
17	68	1
62	203	1
122	172	1
146	154	2
183	184	1
169	169	3
50	169	1
217	219	1
2	67	1
57	57	2
212	231	1
39	53	1
161	162	1
3	3	2
199	200	2
43	46	1
40	48	1
192	196	1
210	231	1
85	85	2
196	201	1
74	76	1
132	133	1
155	156	1
42	53	1
184	186	2
142	148	1
119	119	1
146	149	1
34	34	1
144	159	1
46	47	1
189	191	1
136	137	1
60	61	1
59	59	2
123	185	2
210	210	1
7	13	1
39	50	1
134	142	1
39	49	1
26	45	1
150	154	1
32	43	1
151	209	1
214	216	1
53	53	1
35	42	1
146	153	1
163	164	1
49	86	1
50	61	1
120	126	1
211	214	1
33	42	1
153	159	1
0	1	1
24	24	1
203	206	1
29	29	1
69	70	1
24	37	1
85	96	1
75	86	1
63	78	1
22	30	1
113	135	1
159	160	1
233	240	1
38	43	1
146	147	1
189	218	1
109	119	1
41	41	1
57	58	1
226	230	1
155	166	1
180	193	1
19	34	1
215	215	1
154	161	1
6	30	1
9	70	1
172	174	1
112	120	1
30	35	1
5	15	1
183	183	1
153	161	1
187	190	1
