40	42	2
110	111	6
84	84	4
85	85	2
72	76	1
159	159	7
33	37	3
21	23	1
88	88	9
9	13	1
113	113	7
77	82	2
102	102	5
58	71	1
45	45	8
163	175	2
36	37	1
108	121	1
70	70	8
96	96	6
162	164	3
188	192	2
7	7	11
167	168	2
148	158	1
107	122	2
196	196	7
124	124	4
62	124	3
150	169	1
21	21	7
185	185	5
47	47	6
15	16	2
62	70	3
189	190	2
149	150	1
63	63	1
73	73	4
130	160	3
125	125	8
134	135	4
12	12	4
161	161	9
32	32	2
25	81	1
87	90	3
109	109	3
153	167	1
36	36	4
123	124	3
114	114	4
121	121	1
17	17	6
77	77	8
145	145	4
89	90	3
142	143	4
7	19	2
149	191	2
96	97	3
117	117	3
136	138	3
190	190	1
29	80	2
135	136	3
2	7	2
103	103	2
160	168	1
164	165	1
144	179	1
113	114	3
34	34	11
175	175	2
19	19	4
131	131	2
122	124	3
67	67	2
139	140	2
18	139	1
59	67	1
44	44	4
168	171	1
175	176	2
149	149	11
158	158	3
120	121	3
34	35	1
23	23	3
180	180	3
25	26	3
15	15	8
75	75	2
116	116	2
182	182	5
33	33	8
136	181	1
3	3	6
141	144	1
38	38	3
33	57	2
6	6	4
174	174	5
18	19	5
61	62	3
1	4	5
26	30	2
106	106	2
95	98	1
156	156	7
85	86	5
72	73	1
129	129	2
0	3	1
51	51	2
99	111	3
88	89	4
141	142	3
169	169	2
151	167	2
81	81	5
15	26	2
98	107	1
183	184	6
87	98	1
101	102	2
67	68	1
87	89	1
116	117	1
46	46	3
147	166	1
170	171	2
162	174	1
148	152	1
105	105	3
0	9	2
176	177	5
87	87	5
132	160	1
98	108	1
162	162	4
39	39	6
66	74	1
138	138	5
50	51	5
151	153	1
100	152	1
131	183	1
108	109	4
73	77	3
69	69	4
58	58	3
166	166	5
4	17	2
189	189	5
24	24	5
157	172	1
60	61	3
167	176	3
72	83	1
146	146	6
30	30	3
141	141	3
74	74	1
89	89	3
62	62	2
168	168	10
68	69	3
187	194	1
7	8	3
40	118	2
111	122	2
127	129	3
191	192	5
150	150	5
121	128	1
78	86	1
153	153	5
18	28	2
32	169	1
76	77	3
174	180	3
78	83	1
81	84	3
69	70	2
78	79	2
54	55	2
57	57	3
49	54	1
194	195	3
161	180	2
119	119	6
184	184	3
9	18	2
150	151	3
163	174	1
33	36	1
188	188	2
18	18	3
127	127	2
150	170	2
34	76	2
135	143	1
44	45	2
155	156	2
99	148	1
102	111	2
66	67	4
14	51	1
29	42	4
86	86	6
187	188	4
167	172	1
181	181	2
55	55	5
192	193	2
181	185	1
25	25	4
94	96	3
140	140	5
3	6	3
53	53	3
122	122	7
41	41	3
192	192	5
147	156	1
185	190	2
106	107	3
65	65	4
70	71	2
9	12	2
51	79	1
50	52	1
24	25	1
144	146	2
11	14	1
149	173	3
190	192	3
134	153	3
160	166	1
135	141	2
7	10	1
18	22	3
40	41	1
118	119	3
48	48	2
154	155	4
96	98	1
44	47	2
172	172	2
71	71	4
43	44	2
23	116	1
0	73	3
1	21	2
53	54	1
99	102	2
161	166	1
156	158	1
79	79	2
16	17	1
122	127	2
115	115	3
28	30	2
59	59	3
135	135	2
5	65	1
142	145	2
56	68	1
182	183	2
156	157	2
193	193	2
72	72	5
101	101	4
29	31	3
168	170	3
123	123	4
27	28	2
27	27	3
159	173	1
178	178	3
181	182	2
130	159	1
111	111	1
121	122	3
35	35	1
188	189	2
179	180	1
12	51	3
8	9	3
146	148	4
42	42	3
4	4	5
77	79	3
94	94	4
178	179	1
148	164	2
194	197	2
162	163	1
84	86	1
159	164	2
163	163	3
1	1	8
188	193	1
94	112	1
29	29	5
171	173	3
146	192	2
165	169	2
157	169	2
61	64	1
168	197	1
47	48	2
165	166	3
1	34	2
94	97	1
146	149	1
186	188	1
128	129	1
12	15	2
79	80	2
181	183	2
102	120	1
137	137	4
61	71	2
130	130	3
191	191	3
174	175	1
104	104	5
147	179	2
84	87	1
163	164	2
56	65	2
37	37	6
145	146	1
189	191	4
76	85	3
78	78	5
143	147	3
11	11	2
30	31	3
140	178	1
95	110	1
23	32	1
2	2	3
1	2	1
146	147	1
151	166	1
118	121	2
79	82	1
21	22	2
14	14	1
98	100	1
124	144	1
147	149	1
134	134	2
100	102	1
2	6	1
171	176	1
102	110	2
128	128	4
170	170	3
105	143	2
7	27	3
134	179	2
71	79	2
42	57	1
90	98	2
157	158	1
29	34	1
152	152	2
141	194	1
50	57	1
49	50	3
98	99	3
139	139	1
30	40	1
61	84	1
34	38	1
169	179	2
105	113	1
82	82	1
143	150	2
97	97	4
73	74	2
55	64	1
69	97	1
167	167	3
20	25	1
133	134	1
56	56	6
49	49	1
109	111	1
173	173	3
185	186	1
108	108	3
194	194	4
174	182	2
28	32	2
12	123	1
59	60	3
80	86	1
60	87	1
104	106	3
152	153	1
65	70	1
37	38	1
169	170	1
103	104	2
36	49	1
17	38	1
129	130	2
117	119	2
2	3	3
26	26	2
6	18	1
144	148	2
80	82	2
62	63	2
194	196	1
176	176	4
0	74	1
33	39	1
46	47	1
83	83	1
16	64	2
140	141	1
140	144	1
76	81	1
187	190	1
20	54	1
163	172	1
89	111	1
16	16	3
124	134	2
146	151	1
50	50	1
95	101	1
40	64	1
117	128	2
173	178	2
4	9	1
84	85	1
28	28	2
151	152	2
65	66	2
142	142	1
195	196	2
20	96	3
112	112	2
154	154	5
16	18	1
131	179	1
4	19	1
143	145	2
36	38	1
172	176	1
72	74	1
4	6	2
26	27	2
1	22	2
169	172	1
160	160	4
197	197	2
33	38	2
158	159	2
83	89	2
100	100	2
167	181	2
98	98	2
21	26	1
87	88	3
164	166	1
48	53	1
172	193	1
45	64	1
64	70	1
4	76	1
5	5	2
28	29	1
33	34	1
115	124	3
20	21	2
155	158	1
112	122	1
186	187	4
137	150	1
154	179	2
172	178	1
154	172	1
100	106	2
39	40	1
183	183	4
57	58	3
74	86	1
112	117	1
45	50	1
86	89	1
19	25	2
187	187	2
37	62	1
83	88	1
113	115	1
79	84	1
177	177	2
179	193	2
51	72	1
7	20	1
69	75	2
134	195	1
179	179	2
167	169	1
81	103	1
147	147	1
174	177	2
12	26	1
52	52	1
126	127	1
166	167	1
10	64	1
11	13	1
133	133	1
123	196	1
128	134	2
60	68	2
56	140	1
68	68	1
32	47	2
145	149	1
143	143	1
155	168	1
94	103	1
114	134	1
136	136	2
68	85	1
31	32	1
144	145	1
160	167	3
95	96	1
165	167	1
40	44	1
126	130	1
9	9	2
22	35	1
46	61	1
137	138	1
93	94	3
39	119	1
103	105	2
14	16	1
93	93	1
17	97	2
127	159	1
175	197	1
126	126	1
119	121	1
172	174	1
61	63	1
66	68	1
130	137	1
118	118	2
115	116	3
14	29	1
90	90	1
155	155	2
76	76	1
144	176	1
134	163	3
103	106	1
126	129	1
146	150	1
39	113	1
127	139	2
93	112	1
97	99	2
110	110	1
121	123	1
69	77	1
0	0	1
98	111	1
99	99	1
23	26	1
153	163	1
8	17	1
2	5	1
125	143	1
99	132	1
7	15	1
8	8	1
52	60	2
132	132	1
157	157	1
42	66	1
136	137	1
19	20	1
154	174	2
10	15	1
15	117	2
54	56	1
71	78	1
180	181	1
131	133	1
144	144	1
80	84	1
93	97	1
104	178	1
116	118	1
147	157	1
67	74	1
104	177	1
89	158	1
179	196	1
148	148	1
126	139	1
1	19	1
7	9	1
9	15	1
44	153	1
79	81	1
132	133	1
1	33	1
130	131	1
112	142	1
131	193	1
24	42	1
182	186	1
0	71	1
170	172	1
114	121	1
196	197	1
104	105	1
120	120	1
15	62	1
161	192	1
176	185	1
