153	160	10
32	33	5
87	89	4
111	111	14
119	119	6
154	161	5
65	65	14
121	122	8
133	133	7
118	122	6
165	165	13
68	68	11
89	89	36
134	134	8
169	173	4
58	62	3
136	136	19
80	80	12
177	177	2
76	168	2
72	165	7
52	53	4
112	126	5
23	25	6
44	45	5
113	162	4
11	11	4
85	86	9
58	58	4
0	0	10
94	97	1
154	160	7
35	35	3
11	16	6
127	127	21
29	29	18
172	172	8
117	117	6
73	140	11
32	32	9
81	142	4
75	75	29
131	131	19
40	42	11
96	142	4
72	141	2
158	158	4
117	162	2
163	170	3
104	104	3
140	140	10
79	79	16
102	111	6
146	146	9
15	15	6
137	138	2
23	23	8
81	82	10
97	97	18
9	29	3
96	179	3
5	23	3
118	118	8
179	179	1
12	13	8
147	147	10
53	162	2
10	39	5
67	67	2
167	167	8
14	15	5
145	146	9
145	145	9
93	94	11
111	144	2
55	55	17
132	132	11
49	49	5
124	169	7
14	14	16
139	139	17
18	19	6
2	2	13
22	22	8
102	107	8
120	121	7
10	11	7
88	88	25
65	66	2
66	66	4
160	176	7
60	62	3
78	78	16
108	108	9
170	170	16
72	72	25
31	31	18
125	125	12
134	135	8
13	13	23
18	18	19
162	174	1
56	62	3
60	107	1
178	178	14
84	84	8
68	137	6
91	91	8
1	1	9
150	150	10
162	162	12
163	169	4
90	180	3
63	63	13
128	128	6
151	151	11
24	153	8
96	99	3
81	150	6
74	131	3
166	166	7
74	74	11
118	169	3
116	116	10
142	145	7
148	148	4
75	76	5
102	109	1
100	100	12
145	157	2
121	121	15
64	64	14
53	53	3
9	9	11
16	16	6
62	62	4
179	180	3
96	97	13
153	153	5
90	92	1
174	179	4
142	155	4
54	54	6
168	168	7
80	155	3
160	160	15
132	155	3
112	114	4
63	91	4
120	120	11
99	121	3
135	135	14
155	156	5
143	148	7
112	112	15
129	174	6
51	159	5
51	136	4
50	50	9
42	42	10
117	125	1
125	126	7
73	73	20
59	59	24
149	149	13
173	173	10
57	131	4
77	169	1
88	89	12
13	14	4
72	154	3
159	159	5
38	38	4
23	24	5
36	36	10
125	127	4
42	92	2
17	39	6
143	143	11
9	91	3
86	86	8
144	144	9
176	176	8
180	180	1
3	3	16
156	160	2
109	109	8
103	103	10
17	17	15
93	93	10
106	106	19
53	58	1
78	139	7
97	110	8
132	172	4
45	45	8
4	4	8
114	146	8
124	124	2
27	29	2
144	145	9
41	41	8
99	101	5
18	20	1
146	157	6
99	119	3
33	33	7
86	131	3
24	24	11
52	52	10
77	77	14
164	164	12
141	142	4
84	85	8
85	85	5
54	145	6
24	38	2
24	130	3
44	140	1
26	41	2
135	137	3
31	37	6
168	170	4
148	149	3
102	103	5
21	21	15
67	129	3
29	130	2
56	56	5
90	90	6
113	161	3
166	167	5
115	115	5
114	115	6
50	179	1
92	92	4
167	169	4
6	23	4
76	171	5
44	54	3
49	129	7
5	6	2
169	180	1
92	93	3
169	170	3
156	156	6
160	163	1
42	44	2
28	31	2
17	45	4
137	137	2
154	154	2
11	12	7
130	130	6
6	177	1
7	7	8
50	178	3
59	61	3
17	22	5
54	55	13
100	178	2
105	106	1
51	51	4
61	62	3
8	8	7
162	163	1
98	102	6
115	118	6
3	4	3
44	57	6
107	107	2
77	139	2
103	106	1
142	142	10
122	122	14
22	23	6
6	6	7
28	33	4
135	136	5
37	38	10
2	6	2
81	154	4
79	80	7
8	16	5
129	129	4
113	145	3
167	179	7
153	158	7
22	89	3
117	123	2
87	87	6
123	123	8
97	101	12
2	4	3
74	86	1
78	168	2
77	179	2
99	99	10
130	171	2
147	156	1
81	81	5
19	19	9
110	110	7
62	91	4
10	30	2
106	107	1
16	35	3
143	145	6
136	137	5
20	20	3
39	80	3
114	114	11
95	95	1
171	173	1
95	96	2
116	171	4
25	28	3
6	36	4
30	170	2
177	178	3
64	65	1
27	28	5
39	41	7
163	164	9
170	175	3
3	6	3
163	166	1
122	123	1
43	43	5
82	82	4
152	153	2
62	90	1
174	178	3
147	149	2
126	128	4
83	84	1
52	67	1
39	90	2
66	87	1
104	107	6
71	74	1
168	169	6
120	128	3
72	84	4
142	143	4
105	107	3
56	58	1
151	153	3
116	117	1
24	26	1
100	101	2
163	163	7
105	105	2
40	40	11
101	111	7
54	109	2
149	151	2
5	10	2
50	87	4
37	37	8
120	126	6
57	172	5
44	59	1
94	140	2
5	5	11
171	171	6
62	63	3
60	132	3
16	17	3
57	156	7
160	161	5
73	74	4
164	166	3
113	114	8
118	119	5
71	137	1
73	83	3
13	20	1
28	42	2
154	155	5
74	84	1
101	102	2
22	33	3
114	170	6
67	161	2
157	157	9
113	143	3
76	76	6
178	179	2
156	157	3
92	117	3
40	86	3
66	67	2
138	138	13
113	113	1
140	159	3
40	44	3
4	6	2
155	172	7
155	155	4
110	111	6
142	149	5
9	36	2
76	139	2
101	101	1
75	140	6
10	10	10
44	92	2
115	125	4
97	111	3
34	34	3
12	12	4
30	30	6
53	54	4
118	121	6
126	126	7
126	166	1
83	83	5
171	172	5
159	173	3
51	160	2
125	129	1
147	151	3
79	171	4
162	175	1
9	19	3
117	140	5
71	83	1
114	145	1
129	130	3
95	162	2
28	29	4
86	129	4
80	81	1
169	175	1
77	123	4
50	159	1
9	30	1
28	28	6
115	123	3
67	83	2
109	110	6
98	111	4
41	92	1
71	71	5
161	163	3
67	84	3
148	156	2
141	170	5
43	54	1
157	162	3
9	35	2
95	161	1
8	10	3
29	30	2
171	174	2
17	18	2
50	173	2
96	113	2
14	16	2
102	102	3
124	167	1
70	70	3
88	90	2
146	147	1
91	92	2
157	158	2
154	164	2
19	20	5
146	174	6
49	53	1
141	168	1
90	136	4
67	151	1
95	158	2
114	143	2
37	85	1
60	60	5
62	126	2
0	1	6
63	67	1
130	131	2
68	129	5
63	64	1
82	159	3
53	55	5
30	174	1
78	119	2
19	36	2
9	50	1
76	167	2
99	179	1
149	156	1
27	30	2
25	180	5
115	157	1
159	161	2
161	173	3
25	25	2
128	157	2
170	171	1
109	111	2
72	74	3
169	169	1
23	28	1
39	42	2
130	154	2
97	98	1
98	100	6
84	86	3
132	176	2
87	88	1
10	92	3
125	165	1
89	90	1
81	158	1
119	121	4
12	16	4
13	23	1
49	118	1
127	137	3
58	59	3
5	7	2
44	44	4
9	27	3
92	116	2
172	177	1
24	29	2
49	130	1
101	179	1
9	10	2
92	98	1
62	136	3
130	151	1
57	162	1
115	170	1
57	147	1
96	98	1
26	26	6
74	132	1
39	39	4
43	93	2
30	38	2
22	26	2
3	21	1
56	59	1
75	83	1
38	56	2
30	31	3
131	176	2
154	158	1
71	72	1
1	9	1
43	77	1
45	74	2
51	129	1
4	22	2
82	153	1
149	150	1
163	179	1
51	128	1
60	61	2
124	125	2
59	60	1
167	171	1
108	109	1
81	153	1
73	75	1
117	159	2
4	5	1
27	27	1
141	141	1
163	180	1
123	124	1
174	177	1
118	158	1
31	32	1
90	159	2
50	117	1
9	40	1
147	148	1
175	175	1
54	143	1
51	52	2
174	174	1
30	43	1
83	140	1
61	61	2
107	120	1
172	173	2
118	129	1
170	180	1
78	81	1
6	38	1
94	95	1
55	58	1
98	98	1
133	155	1
64	85	1
