68	75	1
51	51	1
68	68	2
65	65	10
104	104	3
91	91	3
73	73	6
49	50	1
107	107	5
98	99	1
29	30	3
66	66	5
28	29	3
33	33	3
80	111	1
111	111	4
41	46	4
22	22	6
61	61	3
71	96	1
38	55	1
25	25	3
81	82	2
83	84	3
99	99	2
39	40	5
61	95	2
74	83	1
70	70	2
88	89	1
54	54	5
42	44	1
23	23	2
45	45	6
94	98	2
70	71	4
30	47	3
81	81	1
44	44	4
78	79	2
46	46	2
102	103	4
39	96	1
59	59	2
88	88	5
98	100	1
65	104	1
52	80	2
84	84	6
109	109	5
61	67	1
101	101	6
90	103	1
71	71	2
55	56	8
95	95	3
20	20	8
99	100	2
86	87	1
67	95	1
36	38	1
28	49	1
41	41	2
27	27	7
24	51	1
33	36	1
32	113	2
88	106	1
76	78	1
93	94	2
60	96	1
20	42	2
64	73	1
45	46	5
31	60	1
90	90	2
78	78	4
75	76	1
103	108	3
31	33	2
48	48	2
53	54	3
80	88	1
21	39	1
72	77	1
26	60	1
53	53	1
77	77	3
98	103	2
65	69	1
102	106	1
113	113	1
52	52	5
96	97	1
98	98	4
20	21	1
70	72	4
53	79	1
73	76	1
56	56	2
86	94	2
73	74	4
47	48	3
74	74	3
72	72	2
106	106	3
94	112	1
98	101	2
110	110	4
37	37	5
92	107	1
75	75	4
22	30	1
44	57	1
79	85	3
47	47	2
71	72	2
82	82	3
24	24	2
72	78	3
45	62	1
92	92	4
32	40	1
88	103	1
100	105	3
83	104	1
107	109	3
64	67	1
58	63	1
28	28	5
35	41	2
56	57	2
105	106	3
65	95	2
108	109	3
60	61	2
103	103	4
108	108	2
85	92	1
43	43	4
41	43	1
100	101	3
60	60	3
94	96	1
41	45	5
26	27	1
44	96	1
38	38	2
102	102	5
38	49	1
60	87	2
59	86	2
92	93	1
84	98	1
78	81	1
22	52	2
43	44	1
34	34	1
93	97	2
63	84	1
81	99	2
101	103	1
32	37	2
105	105	4
42	42	5
38	43	1
26	26	1
30	30	3
75	90	1
31	32	2
47	49	1
31	31	4
76	93	3
35	35	1
68	101	1
22	57	1
65	107	2
96	96	2
22	51	1
86	86	5
66	67	5
21	58	2
57	58	1
45	81	1
21	51	1
45	52	1
64	64	1
75	80	1
26	100	2
39	39	1
22	37	1
37	38	2
40	41	1
80	110	1
38	51	1
42	82	2
75	107	1
84	85	1
94	94	1
97	97	2
79	79	2
99	113	1
74	103	2
34	35	1
29	57	2
89	89	1
100	100	2
109	112	1
93	93	2
76	76	4
22	48	1
97	98	1
58	80	1
63	72	2
53	80	1
54	56	1
55	55	3
62	76	1
97	110	1
80	81	1
77	82	1
112	112	3
48	51	1
26	40	1
25	99	1
63	64	1
63	63	2
28	42	1
34	36	1
65	66	2
24	89	1
63	104	1
23	31	1
53	55	1
49	49	1
90	109	2
68	84	1
49	51	3
92	102	1
69	69	2
100	102	1
31	49	1
33	48	2
83	83	1
58	58	1
71	76	1
40	40	1
77	86	1
82	83	1
85	85	3
62	62	1
108	110	1
55	70	1
72	73	1
59	61	1
21	25	1
104	105	1
57	59	1
36	87	1
44	78	1
81	100	1
103	105	1
82	106	1
43	45	1
67	75	1
99	104	2
82	112	2
52	53	1
87	87	1
58	91	1
84	110	1
45	47	1
114	114	1
60	62	1
25	28	1
54	58	1
56	59	1
36	36	1
95	99	1
21	21	1
32	32	1
90	107	1
21	37	1
