34	38	2
15	16	5
35	35	4
58	58	6
12	22	1
53	54	4
8	12	2
32	52	1
16	16	7
9	11	4
42	42	14
24	24	7
40	44	3
1	39	2
48	48	7
19	22	2
45	46	1
54	54	7
21	22	4
1	1	8
49	49	10
8	9	8
25	25	3
16	19	3
1	11	2
16	17	5
12	26	2
33	33	9
31	31	10
12	13	4
4	40	6
2	2	9
1	2	3
4	4	8
54	59	1
34	61	1
12	12	11
36	37	5
0	0	12
15	29	1
37	37	8
51	52	2
33	40	1
18	37	2
14	14	4
6	9	3
5	5	4
6	7	4
7	7	15
15	15	4
13	13	2
31	39	4
30	30	5
30	32	2
4	5	4
59	59	4
17	35	1
32	32	6
4	41	2
17	17	12
62	62	5
36	36	10
40	53	1
55	55	5
40	41	1
32	33	3
19	20	8
14	37	1
51	53	3
34	35	5
52	57	1
6	19	3
44	52	3
32	35	2
39	39	6
6	24	3
6	6	2
36	47	2
44	45	2
43	43	7
40	40	6
49	54	1
18	19	5
61	62	2
43	44	5
60	61	1
10	10	5
57	57	10
14	16	2
41	41	4
24	25	3
3	4	1
50	50	5
11	36	1
9	19	1
29	29	1
44	44	4
37	39	1
38	38	2
61	61	2
3	3	2
40	54	1
40	57	1
46	50	3
41	57	1
49	57	2
36	45	3
58	61	1
42	43	5
9	9	3
49	59	1
56	57	3
11	12	2
47	47	3
23	24	1
12	38	1
52	53	1
20	22	2
20	20	7
46	47	2
19	19	2
52	52	7
23	23	6
43	53	2
18	26	1
17	20	1
37	42	1
53	58	2
22	22	5
54	55	1
55	56	2
10	14	1
43	49	1
34	34	3
56	62	1
51	55	1
0	6	1
5	22	1
11	11	8
47	48	2
15	18	1
18	42	1
32	40	1
5	44	1
14	15	3
10	52	1
45	45	7
46	46	9
56	56	3
21	21	2
38	41	1
7	8	3
10	12	1
30	33	2
52	54	1
14	17	1
51	51	6
5	6	2
37	38	1
24	42	2
49	50	1
13	36	1
56	58	2
32	39	2
5	7	3
60	60	5
39	40	1
12	14	1
37	40	1
9	18	1
21	24	1
11	14	1
32	36	1
24	41	2
30	31	2
50	52	2
0	1	2
55	61	1
6	11	1
15	42	2
8	8	1
5	45	1
17	26	1
3	34	1
30	52	2
10	13	1
7	25	1
34	49	1
21	25	1
6	20	1
14	24	1
52	61	1
22	23	1
2	3	1
9	10	1
35	50	1
29	42	1
53	53	2
58	60	1
31	35	1
54	58	1
7	10	1
18	18	6
10	11	2
48	49	1
2	33	1
32	45	1
35	49	1
50	51	1
53	59	1
2	5	1
13	21	1
19	39	1
58	59	2
4	11	1
32	42	1
7	9	2
13	14	1
17	18	1
57	58	1
17	19	1
22	38	1
31	38	1
33	50	1
1	9	1
55	60	1
6	50	1
25	31	1
37	41	1
51	57	1
29	36	1
38	39	1
1	10	1
38	60	1
19	24	1
41	58	1
51	61	1
6	25	1
30	61	1
39	41	1
38	40	1
0	39	1
31	34	1
