47	49	1
38	38	7
51	59	1
52	56	3
88	89	5
96	133	1
29	54	4
116	119	1
2	2	4
141	142	1
121	122	4
18	72	2
4	13	1
11	11	3
9	9	4
39	39	7
131	131	8
101	102	3
134	134	1
76	78	2
92	92	7
133	133	3
71	73	2
27	42	1
68	69	3
111	111	4
88	88	2
18	18	5
130	130	4
110	110	5
57	57	4
101	141	1
28	28	9
13	13	6
76	77	2
103	103	4
41	41	4
93	93	4
122	123	1
61	98	1
16	16	8
123	123	2
124	125	2
109	109	6
26	27	2
136	136	6
15	16	1
16	18	2
140	141	3
83	83	7
85	85	4
132	132	3
67	68	2
33	35	1
104	104	6
93	94	1
113	113	4
42	42	2
107	107	6
51	52	7
39	40	3
69	69	3
99	100	3
38	63	1
98	102	4
53	57	1
134	135	4
47	47	3
79	79	4
72	73	5
77	121	1
76	76	3
139	139	4
89	94	1
116	117	4
14	15	3
100	100	3
63	63	3
114	115	2
24	24	4
52	52	7
10	11	1
33	33	2
70	72	3
23	24	2
55	56	2
96	96	7
135	135	5
19	21	3
47	131	1
79	82	2
8	8	1
142	142	1
69	124	1
82	135	2
35	35	8
59	60	3
82	84	2
22	59	1
73	73	4
29	29	5
6	37	3
47	53	1
65	69	1
31	33	1
68	74	1
6	74	2
37	37	2
89	89	6
17	17	2
136	137	3
71	71	10
117	117	4
59	82	3
84	88	1
127	130	2
70	70	2
58	59	7
19	19	6
20	20	1
118	118	6
101	101	8
70	76	1
40	40	1
84	84	4
131	132	2
81	82	3
61	68	1
31	34	1
115	115	4
56	82	2
62	66	2
10	37	2
4	34	1
121	121	7
64	66	1
60	125	1
70	78	2
138	138	1
102	102	3
108	130	2
77	77	5
16	17	3
1	10	1
107	108	4
96	107	1
4	14	1
75	76	2
80	133	1
5	5	6
80	116	2
88	90	3
110	111	2
66	88	1
31	36	1
103	116	1
31	31	5
77	79	3
105	108	1
75	75	1
4	35	2
137	138	1
65	66	2
49	49	8
48	58	1
86	136	3
25	25	5
79	109	1
30	33	3
138	139	1
81	81	2
129	135	1
52	72	1
84	85	2
51	51	2
105	126	3
105	105	6
3	3	5
72	75	1
4	53	2
126	126	2
91	91	7
86	86	2
30	30	2
130	131	1
107	120	1
49	50	2
8	12	1
127	127	3
109	123	1
129	130	2
6	6	2
91	92	3
57	77	1
116	116	7
79	90	2
2	3	3
9	22	1
64	64	3
36	48	1
88	111	2
119	119	3
74	74	3
10	10	1
16	90	2
70	81	1
68	68	4
3	13	2
56	81	1
70	71	2
128	128	4
8	125	3
111	114	1
75	122	1
18	25	2
111	112	2
144	144	2
35	36	1
25	96	1
65	65	2
130	133	3
21	70	1
122	122	2
26	42	2
75	77	2
27	37	1
60	65	1
108	108	5
128	138	1
56	71	1
62	62	7
97	97	2
40	41	3
37	57	2
117	118	1
97	98	2
51	74	1
55	55	4
118	119	2
117	130	1
59	59	5
97	105	1
99	124	1
116	139	1
54	54	2
57	60	1
104	105	3
0	117	1
60	60	4
96	122	1
6	8	1
113	115	1
87	93	1
110	133	1
25	102	3
10	15	2
73	83	2
76	124	1
48	48	3
113	114	1
54	80	1
131	143	1
41	93	1
60	61	2
95	112	1
91	96	1
102	103	2
124	124	2
112	112	2
1	5	2
1	42	1
35	40	1
96	97	2
23	23	1
24	112	1
119	129	1
146	146	3
122	124	1
25	34	1
126	128	1
49	52	1
52	53	5
21	21	2
140	140	4
71	105	3
16	42	1
31	32	4
137	137	1
43	135	1
121	138	3
106	108	1
28	98	1
38	39	1
108	122	1
62	63	1
53	53	4
94	94	5
85	86	2
81	134	1
67	67	7
114	114	5
47	48	1
7	31	1
0	0	1
112	113	2
125	135	1
119	120	1
14	14	4
18	20	1
55	81	1
66	109	1
66	106	2
65	83	1
62	64	1
41	109	1
17	18	1
83	127	1
97	104	3
61	61	1
106	106	1
15	18	1
21	57	1
90	90	2
66	102	2
28	38	1
95	95	2
110	114	1
93	108	1
20	21	1
58	58	2
25	26	2
68	125	2
69	71	2
50	51	2
11	14	2
92	93	1
92	94	5
75	79	2
132	133	3
88	118	1
16	24	1
33	34	1
115	116	3
128	129	1
126	127	1
129	137	1
100	101	1
71	78	1
124	132	1
114	132	1
1	48	1
98	99	1
128	131	1
127	128	1
115	131	1
47	66	1
125	129	2
68	70	2
77	105	1
57	58	2
74	120	1
26	59	1
15	90	1
56	56	3
83	84	2
2	41	1
118	123	1
15	15	1
99	99	2
1	1	2
81	135	1
5	113	1
3	10	1
111	116	1
69	70	4
34	34	2
36	39	1
117	131	2
126	129	1
95	96	2
37	47	1
27	28	2
141	141	3
22	26	2
1	26	1
80	80	1
53	126	1
68	79	2
87	94	1
100	139	1
124	126	1
77	82	1
26	108	1
117	123	2
130	140	1
42	115	1
98	98	1
96	104	1
32	86	2
5	18	1
56	57	2
120	120	2
105	129	1
66	66	2
48	53	2
4	4	2
2	40	1
73	74	2
108	117	1
0	13	1
28	36	1
127	132	1
43	55	1
4	5	1
30	96	1
12	13	1
53	121	1
62	67	1
72	101	1
56	77	1
32	34	1
16	40	1
19	135	1
133	135	1
9	10	1
50	50	1
91	116	1
105	107	1
74	116	1
19	20	1
16	37	1
110	112	1
29	30	1
27	27	1
139	140	2
28	29	1
75	81	1
48	54	1
57	59	1
5	6	1
64	65	1
68	137	1
74	75	1
82	82	1
61	62	1
5	111	1
82	83	1
15	24	1
42	117	1
