1	1	14
40	40	26
100	101	7
114	115	7
64	67	3
106	106	14
188	188	14
196	196	28
180	182	4
108	108	26
141	171	3
111	111	20
36	130	7
133	133	34
72	72	22
181	181	10
22	22	14
108	111	3
161	162	9
135	135	16
17	40	2
195	195	23
161	161	25
139	139	24
77	78	7
81	81	27
95	104	7
42	42	15
42	43	7
76	76	19
108	109	11
52	52	36
195	196	10
105	106	3
53	53	13
15	123	5
171	171	18
163	171	7
123	123	17
170	182	2
48	49	5
122	122	22
189	189	14
95	112	1
17	38	1
11	11	35
167	167	10
123	140	1
25	26	3
8	34	5
50	50	28
23	24	6
0	0	9
162	162	17
180	180	16
70	70	23
65	65	6
113	113	16
172	174	1
168	168	37
11	28	2
87	87	11
15	16	3
48	48	14
72	73	8
192	193	3
192	192	27
175	175	18
186	186	28
11	15	2
99	99	19
17	17	38
41	42	5
136	136	15
23	32	2
18	18	18
83	85	2
47	47	24
142	142	26
188	192	5
6	7	5
164	164	5
95	95	25
54	54	26
28	28	18
57	59	6
60	60	27
49	49	26
133	134	3
170	170	13
183	183	29
9	9	24
124	124	26
127	127	13
166	182	3
149	149	35
190	194	1
132	132	21
6	6	2
105	111	5
101	103	1
6	8	5
3	65	1
29	87	6
33	33	28
101	139	5
156	156	33
144	144	30
182	187	1
140	140	8
122	123	6
83	83	6
186	187	3
69	69	21
129	129	24
34	34	17
106	110	6
115	116	2
110	126	6
176	176	26
33	36	3
23	23	29
57	57	17
4	4	13
75	76	7
129	156	5
78	78	15
176	177	11
84	94	3
35	35	19
121	121	15
139	140	6
194	194	24
13	14	8
58	58	16
105	160	2
151	151	7
94	94	27
109	127	1
150	150	32
11	73	9
186	194	2
164	184	2
24	24	32
3	4	5
157	157	16
170	171	5
114	118	3
31	31	14
9	16	4
144	145	7
99	116	2
134	135	4
8	8	20
26	26	18
184	184	19
4	32	9
125	126	3
190	193	8
85	85	12
171	186	3
8	38	1
74	75	5
120	122	6
74	74	16
15	15	22
55	55	21
126	126	11
179	179	34
114	114	35
30	30	24
112	112	17
27	88	2
97	97	12
73	73	28
137	137	21
121	139	3
80	80	24
54	66	3
70	171	5
78	88	1
13	15	2
32	32	18
12	12	29
165	165	11
121	122	6
39	40	3
153	154	1
123	179	3
40	41	6
48	67	5
70	71	6
88	88	9
182	196	5
102	102	6
38	38	36
78	118	6
174	174	24
100	100	17
119	119	34
114	124	1
144	168	1
29	29	13
154	157	3
4	21	2
24	87	1
56	56	21
134	134	11
147	148	2
120	120	14
69	97	2
20	20	20
37	38	4
6	88	2
163	163	10
193	195	9
169	169	10
162	164	6
87	88	12
154	154	18
39	39	11
46	46	18
153	153	10
187	187	16
105	105	13
101	101	15
145	145	31
2	17	1
82	82	7
62	72	4
128	128	18
13	13	27
118	118	11
184	195	6
184	189	2
27	27	17
71	71	24
67	67	10
134	137	3
173	178	3
41	41	15
160	160	15
41	151	2
143	146	2
177	177	20
190	190	24
35	66	2
57	58	6
172	172	23
56	57	7
173	173	16
175	195	7
42	60	3
51	51	10
178	179	6
2	2	12
43	58	4
159	159	19
147	147	5
170	186	3
10	10	19
127	129	2
116	118	2
99	100	7
169	170	4
104	105	5
69	70	5
77	77	25
129	184	3
88	137	2
59	59	3
63	63	11
43	44	7
187	193	5
63	64	13
185	185	14
165	171	2
4	31	4
27	29	3
61	61	21
163	165	3
55	56	11
84	84	9
32	33	4
62	64	1
151	163	4
4	39	5
20	21	11
42	152	2
44	60	1
189	190	4
125	125	15
99	138	2
146	149	4
148	148	15
191	191	9
107	155	4
139	143	2
136	138	3
166	166	6
11	12	5
79	79	13
126	139	2
89	89	24
193	193	11
158	174	2
95	96	2
14	14	13
31	39	2
17	152	4
197	197	11
129	139	3
109	110	9
73	74	7
98	114	3
70	124	2
131	131	22
109	150	4
55	65	2
124	125	8
28	90	3
147	164	2
117	132	3
32	58	2
98	99	1
80	83	2
150	181	1
10	15	1
113	116	4
159	170	2
188	189	11
55	59	3
16	16	29
83	84	7
138	138	7
107	108	3
76	77	12
103	104	9
179	180	7
193	194	9
7	7	11
180	181	4
120	139	4
61	78	4
155	155	18
141	141	11
69	87	2
190	191	4
167	168	4
151	159	3
14	15	8
81	141	1
16	73	1
110	117	4
37	37	6
187	188	6
7	42	3
116	117	6
12	23	3
80	81	6
122	124	3
32	192	2
196	197	7
36	36	17
127	145	2
136	150	3
2	3	3
64	65	6
53	112	1
46	58	2
110	110	18
66	66	21
158	158	8
181	192	2
56	63	3
109	109	6
82	86	2
105	121	4
175	176	3
191	192	2
5	34	4
63	66	3
103	103	8
169	196	8
44	172	2
86	86	3
131	143	4
104	104	18
88	89	14
146	148	2
63	168	4
44	49	6
184	185	6
173	180	4
115	133	1
143	143	10
25	25	18
170	197	1
4	65	1
64	82	2
182	182	6
127	128	5
168	169	4
96	96	8
14	24	2
68	69	10
161	171	4
184	193	7
126	128	3
187	190	3
115	115	19
20	39	3
47	166	5
98	135	4
175	194	1
24	27	5
23	42	4
156	157	2
59	60	7
171	172	2
5	9	2
99	110	3
172	173	4
109	140	2
69	81	4
191	194	2
60	61	7
125	183	1
12	39	2
132	133	12
187	189	1
152	152	10
44	46	1
107	107	6
127	130	2
112	114	5
3	8	2
9	25	5
124	183	2
71	119	2
12	52	2
59	61	1
76	78	1
0	1	2
182	183	3
45	45	10
103	133	2
43	43	12
51	160	3
2	67	4
3	39	5
148	149	10
117	120	2
99	101	4
112	113	8
159	165	6
139	148	3
107	150	2
113	114	4
9	26	2
72	81	4
146	147	7
35	37	7
22	43	2
5	43	4
140	141	8
96	114	1
49	50	9
115	117	2
99	108	4
145	146	3
47	104	5
119	120	9
21	21	16
10	12	1
159	167	2
174	176	3
165	185	1
23	31	3
170	173	6
40	43	1
159	160	5
84	85	5
141	143	6
28	29	8
0	2	2
22	23	2
108	133	1
56	156	2
50	70	2
30	31	10
110	122	1
66	68	2
151	161	4
148	164	2
44	50	2
8	89	3
143	144	5
68	68	12
25	27	1
109	122	3
31	32	3
98	98	11
30	35	5
61	62	7
74	121	1
151	152	2
64	64	10
56	60	1
152	162	2
7	8	2
110	111	4
49	51	4
9	170	1
25	49	2
124	135	1
6	9	1
0	41	2
151	188	2
57	169	3
122	131	1
36	131	1
60	70	2
66	67	2
56	59	2
5	40	3
1	3	1
158	180	3
16	138	3
19	19	5
124	197	1
130	132	1
81	82	6
2	24	1
32	71	1
77	114	4
190	192	4
130	130	8
107	111	1
183	185	4
141	142	10
17	21	4
117	117	13
0	22	4
163	164	1
140	185	3
155	157	3
109	123	3
70	154	3
67	88	2
102	103	8
33	37	5
68	88	2
11	13	2
22	26	3
169	171	7
149	159	1
43	156	2
1	2	5
51	161	2
137	141	1
17	18	5
82	112	4
126	127	3
62	62	19
44	44	13
58	66	2
34	35	2
86	131	3
164	165	2
33	34	4
70	86	1
131	132	7
59	64	1
162	163	2
71	72	1
79	112	3
11	14	7
132	135	3
173	174	8
10	38	1
177	182	2
120	136	3
38	51	1
131	144	2
70	84	3
93	93	5
71	84	3
138	139	10
157	158	10
0	137	1
165	166	3
69	89	2
170	183	2
176	182	3
19	40	1
18	19	1
97	113	2
178	178	6
140	169	5
159	161	4
70	126	3
44	45	4
108	114	1
75	116	2
115	124	1
116	116	14
139	168	1
24	29	5
162	188	1
60	171	2
132	152	1
167	172	1
181	193	1
83	184	3
46	100	1
4	5	3
123	127	6
2	4	2
53	54	3
1	26	3
152	155	1
31	192	4
94	108	2
125	171	5
17	155	1
2	18	1
137	140	1
98	113	3
138	170	1
166	177	1
13	54	2
125	141	3
4	17	1
104	144	4
128	165	2
96	97	3
154	159	1
64	79	3
108	122	2
160	161	4
20	165	3
42	129	1
49	58	1
16	40	1
113	118	7
5	8	2
58	60	2
39	126	1
13	39	3
22	45	1
25	28	3
56	74	4
68	72	2
78	81	2
5	37	1
111	114	3
5	33	2
46	47	4
179	181	3
141	193	1
50	51	3
65	66	2
4	18	1
20	35	4
3	3	2
146	146	12
4	64	2
131	138	1
58	59	4
76	87	1
45	46	2
160	183	1
93	94	1
188	193	1
156	171	1
32	66	3
16	70	2
20	30	2
76	83	2
37	45	2
37	57	1
108	112	2
139	141	2
10	39	3
47	48	6
176	194	2
104	106	1
79	80	4
39	88	1
141	167	3
157	169	2
48	64	6
71	124	1
117	118	5
88	138	1
15	141	3
78	79	5
34	36	2
172	175	4
141	149	1
54	55	8
137	138	5
136	137	1
130	133	2
27	193	2
142	148	2
111	126	1
154	160	1
162	192	2
105	107	1
9	58	1
154	155	3
172	192	1
115	121	3
128	140	1
58	62	1
153	182	6
118	165	2
83	112	1
75	121	1
42	166	1
153	155	2
80	112	2
154	175	2
24	45	2
174	175	1
118	139	1
13	52	1
76	117	2
50	71	2
21	35	2
28	87	2
70	170	4
83	134	3
63	82	1
181	182	4
9	46	2
48	72	1
1	35	2
168	170	2
116	125	1
75	75	1
158	182	2
68	80	2
111	125	2
61	77	2
30	33	1
157	159	1
89	90	4
5	5	4
56	69	3
60	123	2
59	124	1
0	36	1
86	87	1
53	113	3
122	126	1
159	178	1
134	136	3
20	22	1
60	156	1
62	63	1
47	50	1
155	170	1
122	136	1
65	76	1
10	34	1
98	102	1
15	44	1
124	176	1
128	129	4
151	162	1
85	86	3
18	31	1
77	88	2
62	171	2
23	29	1
60	119	2
119	150	1
179	182	1
127	141	1
124	127	1
65	69	1
4	69	1
141	183	1
51	52	2
60	124	1
192	194	2
61	63	1
68	89	1
42	44	3
35	36	2
15	22	1
42	128	1
52	54	1
150	151	2
149	150	1
130	137	1
168	187	1
191	193	2
56	157	1
47	54	2
77	85	2
151	168	1
52	151	2
70	155	1
93	105	1
106	107	1
81	96	1
194	195	3
42	48	1
46	62	1
135	148	1
163	182	1
40	130	1
132	134	2
112	119	1
33	69	1
128	146	1
155	156	3
50	52	1
5	6	2
40	45	1
25	43	1
96	115	1
60	122	1
113	122	1
12	13	2
82	84	1
15	77	2
24	120	1
83	97	2
67	68	1
4	24	1
97	98	1
27	28	2
17	30	2
9	42	1
62	89	1
182	186	1
81	142	1
18	26	1
124	149	1
51	122	1
3	19	1
111	124	2
32	46	2
29	47	2
10	14	1
83	86	1
174	178	1
62	124	3
9	17	1
150	182	1
161	183	1
93	101	1
57	72	1
4	33	1
119	123	2
37	71	1
185	197	1
122	173	1
122	128	1
33	66	1
28	34	1
56	121	1
83	145	1
40	56	1
5	45	1
139	170	1
124	171	1
99	135	2
71	98	1
52	53	2
90	90	2
148	165	1
83	113	1
9	10	1
135	136	1
45	138	1
14	39	1
