122	122	5
61	62	2
21	35	1
101	101	6
39	39	6
54	54	4
112	113	4
18	27	1
101	103	4
98	98	9
74	74	8
115	115	5
48	57	1
18	19	1
51	96	2
81	81	5
53	53	10
135	136	2
117	118	4
126	126	14
55	113	2
127	127	6
125	127	1
1	46	2
117	130	3
10	10	5
127	128	2
5	5	8
104	104	9
117	117	4
13	33	1
91	91	10
59	59	15
90	90	6
94	97	1
118	118	13
96	96	9
120	120	13
70	70	3
121	121	7
143	143	10
119	119	12
65	69	2
30	30	15
53	57	2
93	94	2
66	66	7
6	16	1
52	73	1
106	107	3
32	33	4
118	119	5
9	11	1
99	99	4
37	37	7
53	73	1
102	104	2
87	87	4
145	145	4
27	33	1
144	144	9
31	32	2
11	16	2
133	133	14
88	88	7
110	110	10
17	17	4
84	84	11
52	72	1
120	139	1
47	47	5
20	20	13
42	91	1
69	88	1
34	34	14
124	124	7
82	82	14
15	28	2
105	105	2
24	24	4
114	115	3
20	41	4
65	65	4
104	124	1
10	16	1
123	123	11
125	125	10
94	94	6
2	20	1
143	144	4
25	26	2
128	130	2
62	63	13
67	71	1
138	138	7
39	86	1
34	43	3
124	125	4
3	3	6
51	51	8
95	98	1
85	85	7
16	16	4
134	135	5
50	50	8
24	27	1
128	129	2
123	140	1
58	66	1
53	56	2
78	78	5
15	15	5
141	141	9
92	92	2
81	82	4
125	138	2
113	113	5
135	135	8
100	100	4
13	14	2
131	131	4
21	21	10
73	73	7
79	118	1
110	112	1
86	87	2
12	13	5
121	124	1
82	133	1
22	22	7
21	61	2
22	38	5
64	65	4
77	77	6
80	90	2
85	86	2
75	77	1
119	120	3
14	15	5
68	72	1
96	143	1
72	75	2
89	89	6
103	104	3
63	63	10
70	76	1
125	128	1
75	75	7
52	55	2
50	51	3
42	42	8
13	13	7
114	114	3
65	66	4
34	36	1
103	103	7
14	14	6
33	34	2
107	109	1
10	28	2
30	31	1
68	70	1
126	136	1
103	117	2
24	26	6
23	23	14
67	89	3
71	71	7
32	32	8
109	110	4
90	109	1
109	109	9
111	111	7
49	51	3
69	70	4
27	27	5
125	126	2
95	139	1
126	143	2
95	95	4
60	60	4
20	39	3
133	134	5
13	17	1
24	70	2
56	111	1
96	97	1
23	28	1
71	82	1
34	65	1
92	94	5
122	146	1
22	37	2
70	93	3
114	117	1
99	102	1
127	133	1
97	99	3
131	134	2
42	53	1
25	25	4
112	112	1
70	75	3
8	19	1
141	142	1
94	99	1
69	71	3
25	73	1
123	128	1
98	103	2
59	60	4
20	21	2
25	71	2
13	40	2
66	67	4
32	96	2
80	80	4
27	29	2
68	71	1
108	108	6
137	137	5
61	61	7
6	6	6
90	131	1
49	73	1
48	48	4
37	53	2
79	79	4
69	69	7
53	54	2
1	10	2
79	80	5
14	19	1
94	123	1
136	136	14
4	36	1
93	93	5
43	46	1
136	137	3
67	67	8
55	55	4
29	29	6
62	62	9
49	50	2
140	140	8
97	97	8
129	129	6
19	40	2
4	23	1
116	117	4
102	102	5
104	142	1
99	114	1
28	30	3
107	107	6
19	23	2
25	99	2
4	104	1
136	140	1
49	52	1
111	112	2
118	123	3
74	121	1
18	18	3
68	68	6
93	110	2
122	123	2
86	86	2
107	108	4
21	41	2
105	125	2
99	121	1
2	2	5
4	105	2
31	31	1
67	79	1
122	125	4
105	107	1
33	33	10
26	26	3
52	52	7
101	102	3
90	91	3
134	134	5
99	101	2
122	127	1
2	4	3
124	145	2
128	128	3
91	92	2
106	106	4
99	100	3
132	142	1
36	39	1
49	49	3
87	133	1
76	77	3
53	62	1
33	58	1
51	106	2
19	19	8
113	114	4
126	128	2
49	57	1
119	121	1
35	35	7
40	74	1
123	125	1
56	70	1
23	24	3
37	99	1
71	80	2
95	97	5
51	56	1
67	72	2
29	65	1
60	85	1
25	27	3
72	76	3
131	135	2
3	22	2
60	105	1
136	139	1
83	111	1
64	68	1
33	48	1
9	9	6
47	107	2
60	69	1
116	118	1
132	132	13
50	85	1
70	71	4
37	38	1
40	41	1
31	66	2
29	31	2
80	87	3
0	1	2
18	28	1
93	111	1
36	36	6
38	38	4
104	106	1
25	80	1
128	132	1
11	11	6
19	42	1
22	23	1
76	76	6
137	141	1
41	41	4
80	81	2
83	84	2
26	29	1
20	99	1
56	56	5
50	52	4
101	138	2
31	52	1
82	104	1
6	7	2
76	88	1
97	122	1
118	136	1
36	43	2
36	40	1
132	133	7
60	61	1
92	93	2
54	55	5
63	65	1
34	35	3
8	8	2
54	62	1
72	72	3
139	139	3
4	4	2
135	139	3
47	50	1
53	113	1
38	39	2
93	96	1
99	115	1
70	74	1
7	40	1
39	40	4
16	29	1
126	134	1
125	139	2
88	91	1
120	129	2
50	55	2
100	146	1
9	14	1
76	81	2
60	82	2
37	40	1
28	29	1
35	96	1
3	4	4
58	59	1
19	22	1
4	5	1
140	142	2
129	130	3
61	102	1
6	22	1
119	125	2
21	37	1
81	103	1
36	53	1
118	121	2
27	65	1
57	97	1
83	85	2
61	82	1
115	117	3
126	127	4
105	132	1
69	83	1
116	116	3
142	143	1
28	28	4
1	1	3
1	2	4
35	36	6
38	40	2
15	17	4
128	131	5
75	93	1
41	62	3
81	85	1
112	117	1
71	72	1
61	64	1
132	136	1
125	145	1
5	6	2
57	58	3
4	16	1
56	57	4
26	67	1
37	42	1
33	51	2
134	146	2
0	18	2
2	39	3
47	48	2
119	136	1
61	103	2
21	29	1
123	135	1
8	11	1
0	3	1
3	21	1
47	73	1
59	61	2
130	130	2
79	85	1
52	90	2
82	84	1
61	104	3
9	10	1
110	131	1
0	16	1
57	57	2
129	131	2
101	104	1
76	79	1
71	86	1
124	128	3
120	121	4
110	113	1
37	112	1
12	14	1
135	137	1
119	122	2
4	6	1
55	56	4
40	54	1
79	129	1
74	103	1
53	74	1
5	43	1
129	132	2
53	107	1
1	8	1
19	43	1
2	47	1
69	79	1
110	111	2
144	146	2
43	43	3
34	96	2
67	68	3
36	37	1
68	91	1
68	74	2
95	125	1
104	105	3
36	38	1
32	59	1
9	48	2
2	9	1
69	87	1
54	71	1
20	57	1
54	70	2
8	9	2
55	66	1
19	36	2
112	122	1
59	98	1
102	103	1
18	63	1
26	27	1
120	126	1
57	60	1
61	63	1
24	25	1
1	48	1
69	72	2
67	73	2
126	139	1
70	72	1
51	57	1
69	77	1
90	139	1
118	122	1
58	58	1
144	145	1
100	143	2
94	119	1
47	57	1
124	136	1
115	116	2
52	68	1
50	107	1
39	85	2
104	110	1
58	65	1
113	130	1
42	43	1
13	16	1
137	138	2
25	81	1
85	87	1
52	56	1
72	89	1
123	136	1
96	137	1
47	69	1
146	146	1
56	66	2
83	83	2
77	80	1
133	146	1
84	85	3
90	95	1
34	48	1
57	96	1
109	113	1
11	36	1
78	79	1
139	140	1
85	97	1
97	142	1
5	34	1
40	62	4
142	142	1
116	131	1
62	95	1
103	106	1
141	144	1
96	140	2
31	35	1
26	33	1
90	107	1
78	96	2
101	120	1
67	70	2
29	30	1
90	92	2
24	112	1
15	30	1
100	106	1
139	142	1
65	79	1
33	97	1
89	91	1
86	98	2
137	139	1
109	111	1
56	64	1
82	117	1
75	79	1
101	127	1
1	71	1
34	39	1
69	74	1
6	15	1
94	135	1
100	119	1
130	131	1
65	144	1
97	98	1
113	115	2
37	50	2
88	89	1
72	73	2
120	141	1
32	54	1
125	131	1
95	96	2
37	52	1
128	137	1
58	61	1
64	64	3
17	18	1
13	39	2
105	106	1
81	116	1
103	134	1
112	129	1
18	125	1
121	123	2
23	25	1
87	88	1
6	8	1
24	72	1
86	90	1
87	89	1
7	41	1
92	111	2
80	85	1
77	79	1
81	84	1
135	143	1
32	58	1
20	36	2
0	10	1
93	109	1
55	57	1
125	134	1
119	140	1
26	82	1
82	83	1
66	69	1
4	8	1
40	40	1
121	136	1
74	81	1
