52	52	1
19	19	6
34	36	2
9	9	3
20	21	5
40	55	1
7	7	3
2	37	2
48	49	1
36	53	1
38	38	2
42	43	2
50	52	2
39	40	1
41	41	2
8	8	1
24	24	2
15	16	5
34	34	3
44	44	4
34	48	2
53	53	2
60	60	3
58	58	1
33	48	1
48	48	1
52	53	1
16	20	1
2	2	1
3	3	2
6	43	1
22	22	2
39	39	5
42	49	1
51	51	4
14	14	2
45	56	1
45	45	3
10	10	2
40	57	1
15	17	1
37	37	1
5	5	3
61	61	1
40	41	1
56	57	1
1	1	1
59	59	2
1	2	3
23	35	2
12	13	5
9	11	3
6	7	2
10	11	2
15	15	1
3	4	2
13	18	1
30	55	1
0	0	2
17	17	1
6	6	2
50	50	3
56	56	2
8	9	1
37	38	1
21	22	1
36	36	1
41	56	1
24	25	1
35	62	2
17	19	1
59	61	1
21	21	1
32	32	2
37	39	2
1	51	1
18	19	1
44	45	2
46	48	1
24	38	1
1	5	1
2	22	1
30	31	1
13	14	1
57	57	3
32	38	1
38	54	1
12	12	1
44	46	1
0	1	1
30	32	1
19	20	2
40	42	1
55	55	1
33	47	1
2	4	1
29	38	1
17	20	1
55	56	1
6	39	1
23	31	1
56	58	2
38	39	2
49	50	1
54	54	1
9	10	1
22	24	1
40	40	1
45	57	1
