19	19	3
36	76	2
49	49	6
35	35	5
52	53	2
16	16	5
80	80	3
5	5	2
12	13	4
53	55	4
28	28	7
60	60	2
66	68	1
15	15	2
10	67	1
15	16	2
27	27	8
35	36	1
5	52	1
58	58	3
10	11	2
53	59	2
30	30	1
46	77	1
48	48	1
73	73	1
9	50	3
4	7	1
29	30	1
51	66	2
25	25	1
42	43	3
6	6	3
65	65	4
39	39	2
51	51	5
13	13	4
41	41	2
29	74	1
25	26	1
34	34	1
14	14	4
34	40	1
0	75	1
78	78	4
29	57	1
4	4	5
66	67	1
42	42	1
39	77	1
54	54	2
38	38	3
32	32	1
38	47	1
12	15	1
46	46	2
52	52	2
55	55	1
33	33	1
14	50	2
10	10	2
7	35	1
63	63	4
72	72	2
77	77	2
53	53	3
78	79	1
64	64	1
2	2	2
61	61	2
6	54	1
21	21	3
1	73	1
69	69	5
43	43	1
47	47	3
51	52	1
45	45	4
63	78	1
5	12	1
57	57	2
51	53	2
9	52	3
8	11	1
31	31	3
13	14	2
28	29	5
12	12	4
7	7	1
16	32	2
65	67	3
50	50	3
70	71	1
6	33	2
8	8	2
26	28	1
75	75	1
67	69	1
48	49	1
67	67	5
20	20	1
62	62	2
66	66	1
54	55	1
37	38	2
68	69	2
75	76	1
55	57	2
30	35	1
26	26	2
71	71	2
50	52	1
3	3	2
20	21	1
12	14	1
8	66	2
50	56	2
16	72	1
71	75	1
60	61	2
4	34	1
29	29	2
41	42	1
40	40	1
18	18	2
8	9	2
64	69	2
9	9	2
12	50	1
39	40	1
55	63	1
49	51	1
31	67	1
54	56	1
68	68	1
1	3	1
21	70	1
11	11	2
14	20	1
58	59	1
