37	38	6
12	12	8
21	54	1
2	6	2
55	56	10
14	24	6
49	49	23
4	4	19
45	45	25
53	55	5
48	48	21
39	39	6
0	0	17
8	10	2
7	9	3
5	6	5
20	22	6
31	36	3
28	29	5
21	21	9
52	52	13
48	50	5
33	34	4
19	19	16
0	2	3
41	41	19
38	39	1
53	53	7
9	16	1
40	40	9
34	34	16
5	5	9
36	36	20
31	32	4
44	46	4
1	1	23
14	15	5
9	9	10
38	38	22
32	32	10
8	13	8
12	21	10
39	42	3
29	29	2
42	42	9
14	14	15
11	49	2
34	38	4
54	54	13
28	28	9
15	15	13
56	58	4
13	15	7
7	8	3
50	50	12
1	3	10
46	46	20
49	51	6
11	11	8
16	17	5
52	54	7
7	7	10
20	24	4
46	48	6
34	52	6
18	18	20
9	11	3
16	16	17
58	58	19
13	24	5
47	47	12
57	57	7
9	13	6
32	33	2
40	41	8
55	57	8
17	18	12
46	49	3
11	12	3
30	37	6
30	30	7
3	9	2
8	8	4
13	14	4
1	2	3
13	13	13
51	53	8
0	3	3
12	14	4
17	17	13
2	7	2
42	49	1
9	18	7
12	13	15
56	59	1
2	3	4
7	17	2
51	52	6
33	33	6
57	59	3
10	10	17
52	56	9
29	31	3
6	7	11
12	53	1
45	46	4
44	44	4
35	35	16
43	43	5
30	31	1
3	5	3
39	43	1
40	44	4
54	56	2
10	11	3
6	6	9
55	55	10
49	50	5
9	40	1
52	53	8
46	47	2
42	48	2
10	17	2
43	44	8
48	51	1
2	10	3
31	31	4
6	14	3
35	54	2
12	52	2
52	57	2
45	49	5
6	8	4
0	1	6
45	47	5
32	34	2
1	10	2
6	9	1
4	5	6
8	11	2
2	2	10
56	56	3
54	55	2
35	44	1
47	48	1
34	41	1
42	45	3
0	9	1
46	58	2
20	20	5
47	55	2
3	3	14
40	46	2
8	12	1
53	54	2
36	45	3
59	59	4
30	32	4
51	51	7
31	39	2
33	48	2
3	4	2
0	52	2
21	55	3
49	52	1
39	40	1
50	51	2
0	7	1
20	57	1
32	35	2
10	18	3
19	38	3
9	45	4
37	42	2
24	24	3
16	20	2
12	15	1
42	43	4
12	17	4
41	49	1
31	33	5
32	37	1
35	36	1
37	37	2
18	41	1
36	44	4
33	38	1
11	16	1
56	57	3
19	22	1
13	20	2
9	37	1
16	19	1
36	51	1
43	51	1
31	35	1
2	4	2
29	30	1
2	11	1
41	42	1
32	46	1
32	41	1
10	21	2
40	42	2
31	38	1
9	23	1
34	54	1
27	29	2
35	52	1
40	51	1
