27	27	2
15	15	2
15	28	3
43	43	4
22	22	4
15	75	1
63	64	1
122	122	4
84	106	1
7	15	1
48	48	2
46	46	2
108	108	1
75	75	1
126	126	4
74	79	2
61	61	3
30	30	3
42	44	2
29	29	2
94	112	2
57	110	4
111	112	1
69	102	1
15	55	2
125	125	3
60	65	1
74	74	3
46	47	1
79	107	1
70	70	4
7	100	3
65	71	1
107	107	5
0	0	3
24	24	2
31	32	1
32	33	1
23	24	2
68	101	1
105	105	2
10	10	3
6	6	1
97	102	1
33	42	1
28	28	2
77	78	1
11	11	1
95	95	1
86	86	4
50	50	3
90	91	2
125	132	2
122	123	2
117	117	1
18	18	3
34	34	2
49	95	3
67	100	1
4	4	3
56	106	2
128	128	2
110	110	4
1	1	1
74	75	1
115	121	1
67	67	3
113	113	1
44	49	2
72	72	2
82	82	1
110	113	1
2	58	1
106	107	1
131	132	1
25	25	3
92	92	1
16	16	3
54	88	2
26	26	1
113	125	1
54	106	1
31	31	3
118	118	3
104	104	1
108	114	1
8	10	1
77	103	1
6	11	1
83	83	1
88	90	1
3	4	1
24	30	1
77	77	1
18	19	2
102	102	2
60	61	1
38	38	1
115	119	1
12	15	1
19	26	1
0	63	1
59	59	1
11	60	1
75	76	3
121	122	2
79	81	3
55	106	2
100	100	1
1	2	1
68	112	1
87	87	2
41	42	2
47	47	1
116	116	2
20	20	1
76	76	3
76	77	1
114	114	1
28	29	3
54	101	1
30	31	2
45	47	2
3	63	1
120	121	1
7	7	1
24	31	2
51	51	1
12	12	2
93	93	2
86	105	1
84	89	2
121	121	2
68	68	1
105	106	2
106	106	1
129	129	1
11	12	2
63	63	2
93	94	1
70	74	1
58	58	1
13	13	1
39	105	2
123	123	1
14	14	1
115	115	3
88	88	1
76	103	1
18	51	1
66	66	1
50	82	1
111	111	1
73	74	1
78	78	1
113	114	2
62	63	1
79	84	1
106	109	1
120	120	1
89	90	1
127	128	1
96	96	1
104	116	1
44	44	2
39	39	1
29	46	1
88	95	1
11	61	1
42	48	1
21	21	1
96	98	1
52	53	1
80	80	1
47	48	1
39	40	1
130	130	1
122	124	1
80	84	1
