43	47	1
83	83	5
82	87	1
79	80	5
44	45	3
71	71	3
57	58	4
73	74	1
97	97	8
92	92	3
20	39	1
64	64	6
69	69	5
85	94	2
61	61	1
32	69	2
102	103	3
29	30	1
99	99	6
26	48	2
27	27	1
45	45	4
60	61	4
24	24	2
34	34	3
30	79	1
81	81	1
48	49	4
89	99	1
45	50	1
68	68	4
63	64	3
25	25	3
31	31	5
95	95	3
104	104	3
87	88	2
26	77	1
24	31	1
58	58	4
22	25	2
103	103	6
82	83	1
63	85	1
78	78	6
25	33	1
61	75	1
50	50	4
40	40	2
43	46	1
63	65	1
39	39	3
94	95	5
101	101	3
56	58	2
102	104	2
98	98	6
53	60	1
80	88	1
46	51	1
77	77	4
83	85	1
54	54	6
71	72	1
52	52	2
59	62	1
43	43	3
33	34	3
29	31	1
89	90	1
83	87	1
76	76	4
105	105	1
56	56	3
61	79	1
67	67	3
39	64	1
34	35	2
29	29	2
33	33	2
96	96	3
23	52	1
33	57	2
61	70	2
66	66	4
78	89	2
42	42	4
34	36	1
50	97	1
53	53	4
40	45	2
65	66	2
31	59	3
35	36	3
72	72	5
33	90	1
59	60	1
85	85	2
60	60	5
23	30	2
29	48	1
55	68	1
20	21	1
87	87	2
85	86	1
43	44	1
52	53	3
94	94	7
40	42	1
83	84	3
73	73	4
76	79	3
89	91	1
100	100	2
55	55	4
56	57	3
41	50	1
46	47	2
22	22	1
51	51	2
102	102	2
88	88	4
103	104	2
68	69	1
66	67	3
35	51	1
45	46	1
60	73	1
48	48	2
75	79	1
85	99	2
36	36	2
38	43	1
96	97	3
75	75	1
61	86	1
75	76	3
30	30	4
45	71	2
70	70	6
59	61	2
56	68	1
21	21	3
44	50	1
39	42	2
76	77	2
63	63	2
40	43	1
89	89	1
26	27	1
22	23	1
50	51	3
32	32	1
81	83	1
74	76	2
59	59	1
78	84	2
30	31	1
35	35	7
55	57	1
80	80	1
22	30	2
50	69	2
31	32	2
32	33	1
91	105	1
90	90	1
35	103	1
62	63	1
60	67	1
70	95	1
79	79	1
78	103	1
25	26	2
21	22	1
93	93	1
40	44	1
38	38	3
93	94	1
85	90	1
61	62	1
84	84	4
63	76	2
51	103	1
65	65	1
91	91	1
88	106	1
34	81	1
58	59	1
31	76	2
24	25	2
37	37	1
46	46	1
84	85	1
79	82	1
86	86	1
93	103	1
47	48	1
57	57	2
34	55	1
100	101	2
50	65	1
52	70	1
31	58	1
64	91	1
47	47	1
26	78	1
75	77	1
84	88	1
51	53	1
