28	29	1
101	101	1
10	18	2
27	27	7
86	87	3
103	103	2
6	6	3
135	145	2
125	125	3
116	116	2
50	50	3
112	128	1
142	142	7
12	12	2
80	80	3
92	95	1
58	59	3
80	83	2
10	25	2
23	25	1
91	92	3
116	117	1
80	85	2
78	113	1
96	97	1
49	50	4
79	79	4
108	132	1
35	35	3
15	28	2
88	88	2
126	141	3
62	63	2
35	36	2
92	92	6
3	4	1
98	98	1
106	111	1
2	3	2
53	55	2
123	124	2
52	53	3
110	123	1
1	4	3
40	41	2
57	58	1
73	73	3
39	43	1
105	110	2
136	137	4
0	2	1
12	15	1
140	140	1
64	131	3
36	41	3
99	105	1
43	43	3
81	81	4
126	140	1
18	19	2
118	129	1
113	113	3
64	66	4
24	26	1
9	18	2
56	56	1
6	18	1
69	69	1
112	120	1
4	4	3
96	102	2
55	65	1
130	130	3
32	34	5
53	60	1
26	30	3
116	128	1
61	61	2
134	134	3
143	146	1
20	21	2
23	41	1
83	110	1
26	27	1
8	8	4
133	133	5
125	127	2
10	23	1
100	100	3
77	78	3
2	40	2
56	66	1
60	116	1
114	114	4
26	26	5
10	24	1
99	102	1
90	91	2
134	137	2
100	111	1
135	141	1
77	77	3
9	9	2
85	85	3
109	109	3
143	143	4
121	122	2
117	120	1
36	36	2
137	137	2
10	11	1
102	102	1
8	24	1
15	16	3
81	90	2
53	54	2
75	76	2
87	87	2
94	95	1
113	116	2
142	146	2
49	54	1
106	106	2
87	88	1
48	48	2
57	57	4
91	91	3
6	25	1
118	118	5
111	113	2
144	144	4
118	120	2
1	35	1
1	1	5
58	58	5
40	40	3
119	119	3
129	131	1
69	70	1
63	143	3
68	68	2
114	123	1
59	67	2
65	65	4
0	5	1
30	31	4
54	54	3
38	40	1
138	138	2
2	11	1
72	72	3
120	131	2
89	89	2
125	126	4
126	126	4
99	100	3
30	30	2
105	106	1
110	110	2
38	39	1
127	133	2
30	56	1
70	71	1
140	144	1
18	27	1
133	134	1
29	29	4
51	52	3
21	24	1
128	129	1
41	41	2
37	37	4
1	5	1
38	53	1
88	91	1
120	124	1
22	24	1
134	136	1
10	10	1
13	13	2
83	84	2
27	39	2
41	42	2
25	25	2
68	69	2
18	18	1
33	34	3
81	82	1
32	32	1
95	95	1
34	43	2
17	17	1
62	145	1
69	86	1
5	5	2
29	104	1
112	113	1
116	119	2
52	76	1
88	126	1
0	19	1
92	110	3
15	131	1
124	125	3
118	128	1
80	124	1
76	76	1
70	81	1
25	107	1
1	36	1
53	53	3
33	33	3
120	121	1
83	88	1
55	59	1
104	107	1
128	141	1
22	27	2
16	38	2
94	97	1
28	28	2
32	33	1
108	113	1
67	68	1
30	109	1
120	125	1
86	96	1
74	74	2
96	98	2
56	57	1
24	25	1
66	66	2
25	41	1
41	48	1
27	37	1
50	52	2
87	90	2
25	31	3
64	65	1
58	61	1
22	22	1
15	15	3
65	66	1
14	14	2
14	15	1
4	5	1
17	34	1
126	137	2
91	94	1
24	31	2
99	99	1
55	110	2
141	141	2
106	108	1
92	94	3
40	42	1
47	47	2
63	63	2
23	27	1
107	108	1
108	114	1
131	131	1
55	73	1
55	56	2
11	54	1
122	123	2
127	127	2
119	121	1
55	55	3
31	31	3
90	92	1
97	97	2
47	51	1
97	98	1
79	83	1
76	78	2
73	75	1
27	29	1
63	64	1
11	30	1
22	34	3
38	38	3
120	122	1
59	59	2
2	5	1
112	115	1
130	140	1
17	19	1
26	37	4
128	132	1
85	139	1
21	23	1
37	38	1
56	84	2
56	88	1
54	55	1
110	111	1
2	4	1
84	110	1
49	49	2
49	53	1
96	131	1
96	100	1
23	23	2
67	71	1
121	127	1
134	135	1
84	84	1
39	41	1
62	67	1
122	122	1
72	111	1
42	42	2
117	117	1
82	82	2
73	82	1
79	80	1
118	119	1
95	100	1
101	132	1
0	1	1
0	0	1
49	76	1
51	54	1
34	34	1
85	87	1
1	8	1
60	63	1
107	107	1
95	96	1
2	119	1
26	32	1
106	107	2
93	93	1
54	57	1
120	120	1
140	142	1
121	121	1
1	3	1
135	135	2
30	57	1
21	21	2
8	13	1
50	55	1
115	115	1
70	70	3
6	19	1
100	101	1
70	74	1
9	29	1
112	114	1
118	131	1
78	84	1
11	11	1
17	26	1
124	127	1
3	9	1
57	62	1
87	107	1
28	84	1
82	86	1
69	77	1
72	74	1
129	130	1
80	82	1
64	64	1
126	135	1
2	2	1
132	135	1
6	117	1
98	102	1
12	14	1
136	138	2
131	135	1
117	118	1
78	79	1
47	50	1
101	117	1
62	62	1
133	135	1
51	53	1
102	103	1
39	39	1
113	120	1
