19	19	12
93	94	4
119	119	8
116	116	20
131	141	2
68	70	4
1	2	5
57	57	15
73	73	10
128	129	3
6	6	8
29	29	10
70	71	3
33	33	4
80	81	4
111	113	2
63	63	14
62	63	5
78	78	13
86	90	1
99	100	3
127	127	17
141	141	5
80	80	29
82	82	16
55	140	1
68	68	9
125	125	12
121	121	15
20	20	4
68	130	4
103	103	15
95	142	3
13	13	4
78	79	2
73	94	10
87	91	3
111	111	11
100	100	6
92	92	16
35	36	8
73	138	5
31	31	26
108	109	3
56	63	2
67	67	8
111	112	7
76	76	13
14	16	3
91	91	9
135	135	10
4	4	5
95	95	11
17	17	13
99	99	10
28	28	7
63	73	1
108	108	29
65	76	4
68	131	4
30	30	16
69	133	2
75	75	23
21	37	2
79	79	21
83	83	8
70	70	20
14	15	5
112	112	17
51	52	5
64	64	19
101	132	1
26	26	12
106	106	3
52	52	9
139	139	7
27	28	2
88	88	13
38	39	4
56	56	17
32	32	14
42	42	2
140	140	11
14	18	6
0	0	4
32	33	3
18	18	23
89	89	13
89	95	4
1	1	2
133	133	6
30	33	1
34	34	18
22	23	12
117	117	5
25	26	8
85	86	3
9	9	8
62	62	6
50	50	10
21	21	15
24	25	2
57	63	5
136	138	7
103	105	4
136	137	1
2	13	4
54	54	22
16	19	4
131	131	14
53	53	11
10	10	4
145	146	6
32	132	4
142	143	2
134	141	3
10	19	5
134	134	12
10	11	1
18	19	3
28	30	2
101	101	12
36	36	4
85	85	2
110	111	6
58	59	4
66	66	2
111	117	2
23	23	3
20	25	1
136	141	3
60	60	5
10	21	4
124	125	6
117	135	4
54	55	6
146	146	2
71	75	5
23	24	6
37	37	10
107	108	3
145	145	8
116	117	6
142	142	14
108	122	2
127	128	4
137	137	13
26	34	2
109	109	20
79	80	4
104	104	14
61	61	18
129	129	15
105	105	6
27	43	2
136	136	16
107	107	8
115	115	10
24	36	1
69	69	19
49	50	4
55	56	9
98	98	8
114	114	5
11	11	9
50	51	3
76	140	5
97	101	1
132	132	8
103	141	6
41	41	10
106	107	2
89	93	2
49	52	4
71	80	2
27	30	5
39	39	8
132	133	14
128	128	1
99	104	4
40	40	8
8	8	4
98	139	3
48	48	10
86	87	2
72	133	1
87	87	5
65	65	12
59	59	14
83	90	1
48	69	2
57	124	2
3	50	4
130	141	2
100	101	4
123	123	14
126	126	11
89	94	2
42	43	7
71	126	5
68	69	5
12	12	1
143	143	8
88	115	1
53	56	1
58	127	2
124	124	11
120	120	8
122	123	5
38	38	13
71	71	16
139	140	6
144	144	7
135	136	1
102	102	4
66	67	5
118	118	7
4	5	5
63	67	1
120	142	3
74	74	7
77	78	3
22	25	1
113	113	12
121	123	1
77	79	5
68	108	1
65	66	3
5	5	10
34	36	9
22	22	10
19	130	3
52	53	6
110	110	7
16	16	5
24	33	2
120	121	3
130	131	7
57	58	3
94	94	5
16	48	6
102	130	2
82	83	3
126	127	4
59	82	3
88	89	8
104	106	2
43	43	10
56	64	3
122	122	4
70	139	2
118	142	1
67	120	2
19	21	5
69	91	1
131	143	1
100	102	1
68	79	1
30	31	6
64	65	9
25	25	8
73	127	1
2	2	1
87	88	4
23	33	2
93	93	3
94	95	2
103	121	3
16	53	2
96	99	1
134	135	3
106	137	6
37	38	2
58	58	9
19	20	1
109	113	3
129	130	2
24	24	7
15	15	4
12	131	4
64	123	4
15	16	1
16	18	2
10	20	2
143	144	2
39	40	2
95	97	6
77	93	1
25	33	1
48	49	4
47	48	1
132	135	1
25	34	4
16	17	2
141	142	3
55	55	4
13	130	2
54	134	1
98	99	3
14	36	2
138	138	2
64	82	1
2	3	3
0	1	3
30	53	2
90	90	4
84	84	5
13	19	3
19	30	1
51	51	5
130	130	3
59	60	4
69	121	3
8	9	6
8	37	3
113	114	4
134	138	3
55	134	5
77	77	4
81	81	10
49	49	4
0	35	1
23	41	1
67	131	3
72	91	1
93	140	2
96	96	3
69	89	1
21	34	1
87	102	2
48	54	1
62	64	1
106	141	1
99	102	2
47	47	6
107	119	1
85	87	3
50	52	1
97	97	2
18	36	4
14	14	1
105	132	1
115	117	5
117	118	1
112	113	4
102	103	1
48	68	1
138	141	1
21	23	1
81	85	1
96	103	2
73	74	1
59	61	1
0	139	1
33	35	2
95	96	4
112	115	2
82	85	3
96	97	3
78	101	3
101	130	3
26	27	2
65	69	1
4	23	2
94	104	3
81	82	3
23	25	3
1	5	2
27	27	5
66	137	1
128	137	1
57	59	1
71	72	4
116	118	1
60	131	2
75	78	1
73	92	1
64	124	2
8	34	2
35	35	2
40	42	1
105	134	1
95	99	1
90	92	1
62	75	1
74	91	1
67	68	1
92	109	1
86	86	1
121	122	2
107	120	1
43	132	3
102	114	1
115	116	2
40	41	1
83	84	1
19	34	1
103	108	1
133	134	1
3	20	1
67	102	2
19	38	1
104	105	2
83	137	2
55	124	2
13	47	1
31	32	2
18	20	1
98	100	1
1	22	1
18	21	1
100	138	1
98	102	1
68	109	1
11	37	1
66	68	2
107	118	1
114	115	1
76	78	1
87	101	1
88	109	1
20	21	1
135	141	1
84	85	1
54	63	1
140	143	1
0	20	1
67	75	1
66	75	1
135	140	1
21	22	1
37	39	1
87	90	1
