92	100	1
41	42	1
98	98	1
40	41	1
110	110	2
63	90	1
43	43	4
53	84	2
49	52	2
61	82	1
113	113	4
23	23	2
34	38	2
33	99	1
79	88	1
82	84	2
54	61	1
71	71	4
84	108	2
96	96	3
108	108	2
23	90	1
68	68	4
21	24	1
21	95	1
107	111	2
80	81	1
107	110	1
61	68	1
93	95	1
27	70	3
104	105	1
75	81	1
63	67	1
39	39	1
47	47	1
39	40	2
69	69	2
65	65	1
64	70	3
74	79	2
68	75	1
45	55	1
35	37	3
75	75	2
58	70	1
21	67	3
65	74	1
86	86	1
76	76	2
75	76	3
31	31	2
28	50	1
33	33	2
78	78	3
42	103	1
67	68	1
25	25	4
51	51	2
88	89	3
58	59	4
94	94	1
65	66	2
93	93	4
24	24	3
92	95	1
44	44	2
103	103	2
70	71	1
25	27	1
31	68	2
102	102	4
80	80	3
65	68	1
82	82	2
55	77	2
63	63	4
80	91	2
52	52	2
76	77	2
72	72	2
58	58	1
56	61	1
114	114	1
83	87	1
104	108	1
21	21	1
77	78	1
56	88	1
46	47	1
49	50	1
50	51	1
29	99	1
20	26	1
109	109	2
20	111	1
59	59	1
27	31	1
31	32	2
82	103	1
92	92	1
20	20	1
27	27	1
62	62	1
95	99	1
108	111	1
78	81	1
62	63	2
61	74	1
82	90	1
64	65	1
95	96	1
83	84	2
30	115	1
20	84	1
99	99	1
70	70	2
95	100	1
77	86	1
101	101	1
89	101	1
34	35	1
22	31	1
97	97	1
77	80	2
84	85	1
72	73	1
21	47	1
108	113	1
100	104	1
106	107	1
95	95	1
33	36	1
86	87	1
34	34	1
28	28	1
98	99	1
61	61	1
57	60	3
73	73	1
53	54	1
42	64	1
40	40	1
66	67	1
49	49	1
58	80	1
