52	56	4
46	48	1
40	40	4
4	4	7
22	40	1
38	38	1
53	53	5
16	16	2
38	41	2
13	13	8
36	36	2
22	22	3
6	7	2
24	25	1
11	11	5
52	57	1
20	22	1
5	11	1
44	57	1
14	14	4
37	37	3
46	47	2
39	59	2
18	18	5
58	59	2
59	60	1
34	34	2
7	25	1
34	35	2
54	54	2
35	35	2
7	24	2
1	2	2
20	20	3
30	50	1
34	44	1
39	39	2
52	52	2
44	62	2
57	57	1
15	16	3
8	9	1
29	37	1
3	4	2
1	1	4
37	51	1
21	30	1
30	30	4
1	8	1
45	49	1
7	7	2
31	31	3
7	12	1
19	21	3
38	58	1
8	44	3
48	48	6
3	3	2
47	47	1
56	56	4
37	58	2
49	49	1
1	7	2
47	48	1
4	25	1
12	12	5
38	39	1
42	42	4
11	15	2
13	15	1
39	52	1
51	53	2
0	6	1
62	62	1
3	32	1
58	58	3
29	32	2
11	12	2
0	0	2
32	33	2
11	31	1
20	21	1
38	42	1
23	24	2
21	21	3
45	45	3
38	52	1
12	14	1
37	39	1
48	59	1
53	59	1
5	8	2
32	32	3
50	50	2
39	40	2
43	43	2
38	40	1
14	56	1
5	9	1
53	54	3
24	40	1
6	15	1
46	46	1
52	53	1
53	55	1
33	33	2
41	58	1
15	24	1
44	45	1
43	45	1
6	10	2
25	25	1
44	44	1
1	21	1
7	8	1
46	49	1
5	58	1
45	51	1
5	20	1
6	9	1
59	59	2
18	38	1
4	18	1
56	62	2
55	55	1
8	10	2
51	51	2
56	57	1
8	8	1
16	23	1
41	41	1
8	26	1
40	51	1
9	12	1
2	2	1
55	56	1
10	10	1
