16	28	1
29	29	2
31	39	1
16	43	1
10	40	1
31	36	2
35	35	6
45	45	2
38	45	3
23	34	2
47	47	6
23	25	2
46	46	3
31	31	4
32	32	5
20	26	1
24	24	9
30	32	4
23	24	1
22	29	1
41	42	1
19	19	4
41	41	1
31	32	4
40	40	2
33	33	4
44	44	5
30	30	3
27	27	1
27	28	1
28	28	2
37	37	3
36	37	1
30	31	3
36	36	1
48	48	1
46	47	1
20	20	1
34	37	1
27	29	2
43	44	1
38	38	2
23	23	1
20	21	1
22	23	2
15	16	2
29	40	2
30	44	1
33	38	1
23	36	2
15	15	1
19	22	1
35	39	1
16	22	2
24	43	1
21	21	1
18	35	1
39	41	1
34	34	2
26	27	1
18	18	1
16	16	1
22	22	1
29	31	1
43	45	1
26	26	1
18	21	1
38	39	1
