110	110	12
88	88	16
101	105	1
69	69	3
102	102	6
45	160	8
22	22	6
96	96	3
4	4	6
128	129	3
105	106	8
17	17	3
137	137	4
127	127	2
150	151	1
118	118	2
14	19	5
83	83	8
26	42	2
138	138	6
92	92	3
143	143	4
119	120	7
95	96	2
118	149	1
25	25	8
74	74	7
98	116	1
41	41	6
167	167	6
20	20	4
153	153	6
56	168	1
33	34	2
145	145	5
44	44	7
146	162	6
13	14	5
65	65	7
10	11	4
21	21	2
96	101	4
111	111	6
34	34	7
36	37	2
99	99	9
55	55	1
169	169	7
102	103	4
168	168	1
166	166	2
9	10	1
52	52	4
122	122	1
151	151	4
88	89	2
15	16	5
37	37	11
6	9	3
43	43	3
73	73	9
115	115	1
147	148	3
38	39	3
55	157	2
42	43	2
89	89	4
76	77	9
152	152	5
45	45	2
132	132	7
80	80	4
112	112	6
130	131	2
87	87	5
0	0	2
41	42	2
71	72	3
119	119	5
23	24	3
57	57	4
147	149	3
14	16	1
97	100	3
164	164	9
126	126	1
39	39	4
5	5	2
124	124	1
90	90	4
62	62	3
72	72	1
42	42	5
95	95	6
24	25	3
54	156	3
154	156	2
147	147	1
26	41	4
9	9	6
156	156	3
155	157	3
111	139	6
8	9	5
56	56	5
66	123	3
163	163	5
91	91	7
35	166	3
155	155	1
125	139	5
50	51	2
109	138	3
90	91	6
139	140	3
11	11	4
157	157	4
98	98	2
17	44	3
56	57	3
11	12	8
94	95	1
150	150	3
86	88	3
45	161	2
52	159	3
137	140	3
103	104	4
62	63	6
12	12	5
2	2	3
64	159	4
64	66	1
40	40	2
70	128	2
170	170	1
22	23	3
152	153	2
84	84	1
66	139	2
106	107	2
116	116	1
0	1	2
35	150	1
63	166	4
63	164	2
38	38	1
109	139	1
108	108	2
18	18	2
70	71	2
3	3	1
106	106	1
140	140	4
167	168	1
112	113	2
123	123	3
148	149	2
78	79	1
57	169	1
144	144	3
1	1	2
26	26	2
140	141	1
122	131	2
108	139	1
3	157	1
17	18	1
5	159	1
142	142	1
27	27	2
110	111	2
45	46	1
33	33	2
118	144	2
51	51	2
36	164	1
141	166	2
111	112	1
18	26	1
35	35	1
39	40	1
