33	34	2
60	60	2
95	95	2
65	66	1
29	31	5
29	29	2
55	76	5
52	55	2
35	35	4
42	96	2
106	106	3
31	32	2
38	66	2
34	34	3
24	26	2
63	69	2
108	108	4
75	77	1
23	32	1
43	43	5
91	92	2
29	113	1
38	39	2
110	110	2
87	87	5
81	82	1
40	40	3
58	61	1
52	52	6
53	60	3
64	65	2
100	100	2
93	94	4
105	105	3
72	72	6
80	80	4
87	90	5
22	23	1
101	101	1
40	46	1
88	89	2
47	74	1
74	74	2
74	75	1
99	99	3
114	114	2
79	79	2
56	57	2
25	25	2
90	90	1
50	51	3
52	71	1
26	27	2
109	110	3
83	83	7
85	86	5
30	30	4
70	70	2
91	91	7
24	24	3
98	99	4
47	47	3
97	97	4
60	62	1
100	101	1
88	88	1
29	30	2
84	84	3
113	113	2
53	55	2
49	50	4
21	45	2
53	61	2
38	65	1
22	22	2
61	62	2
25	26	2
31	37	1
106	107	2
23	24	3
26	26	4
45	45	4
28	28	2
103	103	1
60	72	1
104	104	1
21	46	1
78	79	4
88	90	1
86	86	5
77	78	2
105	108	2
19	109	1
24	25	3
72	88	1
79	80	2
51	52	3
34	35	1
66	67	1
112	112	2
101	108	2
67	67	2
45	93	1
80	81	1
72	74	1
65	70	1
68	69	3
52	60	1
58	58	2
109	109	1
56	56	1
45	46	2
41	41	2
34	45	1
43	90	1
101	102	1
91	96	1
31	31	2
64	64	6
68	68	3
76	77	3
53	53	2
47	51	1
73	84	2
77	82	2
60	61	1
32	32	1
54	54	4
51	51	3
36	36	2
77	77	1
58	63	2
48	49	1
84	86	1
56	72	1
60	63	1
33	35	1
47	49	1
19	105	2
113	114	4
42	97	1
65	65	1
43	95	1
62	62	2
102	102	3
21	32	1
43	44	1
19	104	1
42	42	1
85	85	2
87	88	2
34	36	1
33	33	2
73	73	1
44	44	1
69	88	1
98	98	2
89	89	1
62	69	2
67	69	1
52	53	2
36	37	2
40	41	2
35	45	1
57	57	3
50	50	1
48	51	1
27	28	1
75	78	1
79	81	1
59	63	2
80	88	1
37	38	1
95	97	2
74	88	1
32	109	1
61	61	1
110	111	1
42	44	1
93	93	1
41	97	1
71	72	1
49	49	2
76	78	1
104	105	1
38	70	1
55	60	1
39	40	1
54	55	1
66	66	1
107	107	1
42	43	2
98	108	2
55	56	1
30	31	1
101	107	1
82	84	1
96	96	1
59	70	1
94	95	1
55	57	1
75	75	1
73	75	1
33	36	1
20	20	1
111	111	1
38	38	1
59	59	1
105	107	1
