0	21	2
111	111	12
26	26	4
34	57	1
66	66	9
129	129	4
66	117	1
126	126	3
12	12	5
7	7	5
18	34	3
77	77	7
61	77	1
73	73	7
79	79	5
97	99	5
55	78	1
38	39	2
102	102	5
126	127	1
56	56	4
119	119	5
41	60	1
126	132	1
85	106	3
88	105	1
6	39	3
58	60	1
40	40	3
112	112	4
61	73	1
11	23	2
91	104	1
22	22	7
34	34	6
16	16	2
93	98	1
65	65	6
83	106	3
67	67	4
71	75	1
127	132	5
115	116	1
120	121	5
94	94	5
29	30	4
132	132	3
120	122	3
82	82	6
113	113	2
37	37	5
128	128	3
70	131	1
82	83	1
121	121	7
130	131	2
125	130	2
1	11	1
57	57	4
9	16	1
82	92	1
47	47	1
19	19	6
69	69	4
99	104	1
41	41	2
5	11	1
3	3	2
109	109	4
72	72	11
62	64	3
87	112	2
121	122	3
77	78	2
19	34	1
106	108	2
7	110	1
107	109	3
108	108	8
119	120	2
5	5	4
81	82	1
10	10	10
5	6	2
86	86	6
109	110	1
96	97	2
130	130	3
98	99	4
99	99	2
118	118	7
13	14	1
36	36	4
20	36	1
87	88	1
50	50	1
83	107	1
45	45	8
2	24	1
116	116	1
130	133	4
12	95	1
23	26	2
120	120	7
67	107	1
122	122	3
25	25	5
20	20	3
71	71	2
6	6	3
35	55	2
75	108	1
70	72	1
129	131	1
63	63	10
62	68	1
107	107	4
21	21	4
68	68	2
2	2	4
15	36	1
27	27	5
31	31	1
20	78	1
132	133	2
107	123	1
124	125	1
88	109	1
26	27	2
18	18	8
125	125	8
57	106	1
118	119	3
69	70	1
14	14	4
81	81	5
1	1	2
8	8	5
117	117	11
101	102	2
16	36	1
56	57	2
92	92	2
123	123	6
6	14	1
6	115	1
9	10	2
16	100	1
4	6	1
93	93	2
20	42	1
18	22	2
86	88	2
6	34	1
61	68	3
7	40	1
128	129	2
40	59	1
33	33	6
38	38	3
43	43	6
122	125	1
15	17	1
31	48	2
33	46	1
42	47	1
114	114	3
89	91	1
114	115	3
131	131	2
105	106	1
92	105	1
78	79	3
59	131	1
6	8	1
35	71	2
73	74	4
20	26	2
35	35	7
11	11	8
87	94	1
121	134	1
82	112	1
124	124	5
87	87	6
83	109	1
83	83	6
4	5	3
76	77	1
13	13	5
16	29	2
27	56	1
90	90	3
48	48	1
81	86	2
5	19	2
57	64	1
125	126	4
10	11	1
15	27	1
20	21	4
36	37	2
125	128	1
70	70	5
29	42	1
21	79	2
7	10	1
6	120	2
15	15	4
8	10	1
93	95	1
133	133	7
115	115	6
76	76	3
64	64	7
7	21	1
120	128	2
100	100	2
17	23	1
91	91	2
75	75	2
59	60	1
5	10	1
110	111	1
20	96	1
76	98	3
74	79	1
82	101	1
31	88	1
32	55	1
67	68	1
4	19	1
69	82	2
30	30	4
61	86	2
79	83	1
95	95	3
75	76	2
97	97	2
66	119	2
115	119	1
35	36	3
32	32	2
59	59	5
91	109	1
32	86	2
69	72	4
9	9	4
91	92	2
57	71	1
112	113	2
108	109	4
15	49	1
65	81	2
60	121	1
79	80	3
41	55	1
96	100	2
37	39	1
134	134	4
61	61	4
97	103	1
103	103	2
84	107	1
106	107	1
66	67	2
96	98	1
18	19	2
0	13	3
95	134	2
16	17	2
71	76	2
10	12	1
32	44	2
112	123	2
17	17	3
14	15	1
14	28	1
17	25	1
69	77	1
14	44	1
89	92	1
82	93	1
38	40	1
58	58	2
82	94	1
60	60	4
47	48	1
126	131	3
101	101	1
103	108	1
111	112	2
90	92	1
61	124	1
44	45	3
69	85	1
104	109	1
83	86	1
30	31	1
89	90	1
34	35	3
96	96	4
5	37	1
27	45	1
89	89	1
19	20	1
62	119	1
5	8	2
126	134	1
71	119	1
19	29	1
78	100	3
62	62	3
74	74	11
84	84	2
121	126	1
11	12	2
98	98	1
24	24	3
20	60	1
113	115	2
36	45	1
4	4	4
27	28	1
32	33	3
130	134	1
24	28	1
1	2	4
113	114	2
114	116	2
108	114	2
81	83	1
75	98	1
62	63	4
85	97	1
30	42	1
22	23	1
42	43	1
83	123	1
69	110	2
95	96	2
47	84	1
36	38	1
31	37	1
40	41	1
10	70	1
102	111	2
102	103	3
12	40	2
69	73	1
46	48	2
71	95	1
97	113	2
72	118	1
8	9	5
131	132	1
55	93	1
110	115	1
43	44	1
21	29	1
93	104	1
13	100	3
88	91	1
75	116	2
2	3	1
78	114	1
63	64	2
22	110	1
133	134	2
114	128	1
23	23	3
104	105	1
96	113	1
85	85	1
5	45	1
132	134	2
72	83	1
61	66	1
121	128	2
88	88	2
97	104	1
97	122	1
65	66	1
77	84	1
7	35	1
70	92	1
7	8	1
123	124	1
99	101	1
86	107	1
33	49	2
84	106	1
112	133	1
60	77	1
64	81	1
44	44	2
33	34	1
2	17	1
42	101	1
97	100	1
26	54	1
118	130	1
68	69	2
64	70	1
13	26	1
46	47	2
17	32	1
9	39	1
115	117	1
91	108	1
80	102	1
86	87	1
85	95	1
60	61	1
4	18	1
119	125	1
9	84	1
127	127	1
94	128	1
78	124	1
94	101	1
4	10	1
111	116	1
80	81	2
80	80	3
46	46	1
110	132	1
102	104	1
39	39	1
25	26	1
27	30	1
90	91	1
55	67	1
23	25	1
98	112	1
106	106	2
90	105	2
119	133	1
43	48	1
105	105	1
77	79	1
94	95	2
79	81	1
106	132	1
74	75	1
87	124	1
103	104	1
26	51	1
100	102	1
92	93	1
83	111	1
46	119	1
75	117	1
109	134	1
81	84	1
61	108	1
23	24	1
127	128	1
81	112	1
24	25	1
0	0	1
71	72	1
85	109	1
56	104	1
131	134	1
72	107	1
66	80	1
49	106	1
11	29	1
47	94	1
88	106	1
21	26	1
37	38	1
105	122	1
