188	188	7
56	57	3
58	58	1
190	190	3
1	1	4
87	89	2
4	5	3
86	86	6
170	170	3
62	62	2
102	102	3
6	8	2
135	135	4
137	146	1
174	187	2
149	156	2
31	31	4
192	192	8
81	81	1
127	127	6
180	180	1
108	115	4
110	157	1
103	103	8
24	33	2
127	130	2
118	118	2
119	119	4
17	17	4
177	180	2
44	48	2
181	181	1
50	64	1
34	42	1
83	84	5
185	185	5
179	179	10
34	43	1
125	132	1
163	171	4
1	4	1
121	180	4
128	128	5
68	68	4
195	197	3
132	132	8
157	157	5
14	31	1
138	140	1
174	176	1
26	26	7
116	117	6
6	6	5
49	50	2
33	181	2
67	77	1
51	57	1
78	78	4
134	134	8
123	124	3
50	65	1
108	108	3
183	193	1
103	107	4
105	105	3
52	154	2
186	195	2
96	96	4
50	58	2
122	124	6
13	14	2
101	104	1
36	36	3
112	113	2
114	116	1
2	10	1
105	106	4
22	22	4
36	37	5
12	19	2
72	74	1
2	22	1
55	55	3
134	136	2
148	148	3
93	93	2
169	169	3
79	80	3
46	50	2
100	102	1
154	160	2
137	137	5
123	131	4
19	19	6
113	121	2
23	23	3
166	166	5
168	168	4
28	30	1
116	123	3
103	104	2
1	6	1
186	187	1
34	35	3
130	130	3
87	87	4
166	171	1
30	186	2
150	150	4
1	15	1
97	97	2
147	148	5
81	84	2
176	176	4
11	15	2
39	42	4
144	144	5
176	183	5
75	75	7
122	122	2
24	25	1
42	42	5
73	75	3
160	163	2
3	10	1
159	159	2
194	195	2
187	187	5
40	41	1
150	151	1
155	155	2
33	35	2
182	191	1
18	38	1
16	16	7
3	3	3
158	161	1
172	172	3
63	138	1
110	111	3
116	116	3
66	72	1
121	130	1
167	167	6
112	112	6
126	126	3
163	164	3
23	24	8
18	25	1
190	195	1
129	130	1
157	158	1
63	110	5
109	120	1
195	195	4
175	175	2
173	174	1
38	150	1
132	133	1
179	180	1
45	70	2
25	27	3
51	51	2
66	77	1
174	177	2
194	197	3
99	102	2
151	151	4
182	182	3
82	82	4
111	122	2
70	78	2
34	37	1
49	49	2
84	84	4
130	131	4
148	149	4
0	3	3
44	47	1
83	83	2
193	193	6
52	52	2
39	41	4
120	120	1
111	123	2
160	167	1
70	71	1
66	73	1
117	117	9
122	126	1
60	60	2
5	8	2
68	75	1
8	19	2
4	6	1
115	116	4
112	158	2
99	103	1
130	132	5
20	22	3
103	109	1
38	38	5
59	59	2
33	33	2
25	32	1
197	197	3
97	101	1
72	72	5
42	44	4
183	183	3
64	106	1
36	41	1
67	76	3
41	134	1
1	186	1
50	51	1
10	19	1
64	65	3
12	13	2
139	139	2
102	103	2
88	89	1
39	40	2
46	47	1
189	197	2
32	39	1
125	126	3
142	149	2
104	104	6
18	18	1
33	42	1
182	187	1
33	34	2
94	95	1
169	175	1
54	55	3
149	150	3
151	154	2
32	32	4
188	189	2
139	140	2
176	178	1
119	150	1
13	17	1
68	157	2
23	30	2
182	192	1
23	43	1
25	25	6
108	113	1
189	192	1
66	70	1
85	86	1
111	111	2
26	29	1
141	154	1
10	13	2
186	189	1
149	149	4
49	55	2
85	88	2
164	164	6
145	145	5
39	43	1
163	179	1
127	131	1
19	27	2
99	99	8
154	164	1
183	192	1
9	10	2
69	84	1
117	122	1
28	29	3
43	128	1
166	173	2
173	175	1
63	68	1
119	120	3
156	194	1
43	48	2
124	124	2
58	59	2
80	80	3
196	196	4
148	151	1
70	72	1
2	30	1
146	164	1
79	79	3
98	102	1
158	159	1
69	74	1
148	156	1
71	72	2
37	180	1
101	101	4
37	37	1
165	166	2
127	133	2
5	5	4
165	165	2
57	57	1
89	90	2
3	9	1
53	57	1
10	74	1
37	39	1
12	12	4
108	109	2
70	70	2
78	79	2
32	33	1
65	65	5
160	160	3
80	100	1
36	97	1
152	152	2
10	16	2
2	5	1
56	62	1
68	77	1
66	66	5
47	53	1
161	161	3
138	145	2
0	7	2
177	177	6
26	68	1
109	109	2
104	155	1
52	67	1
55	64	1
121	122	1
34	34	5
183	188	2
100	109	1
21	21	4
78	80	1
45	45	3
21	22	1
163	163	6
107	110	2
162	162	6
133	133	2
62	65	1
106	106	8
97	100	1
48	48	5
161	190	1
161	162	1
187	188	2
112	117	1
161	163	1
147	147	4
37	97	1
129	153	1
115	115	4
35	36	4
171	181	1
153	156	1
17	18	3
2	2	4
27	29	1
136	143	1
143	159	1
60	62	1
0	0	1
4	4	2
120	153	1
53	55	1
140	140	4
128	132	1
132	134	2
103	110	1
41	49	1
2	7	1
146	148	2
60	65	1
94	107	1
58	65	2
118	131	1
191	194	2
172	174	1
50	171	1
142	145	1
63	63	2
113	113	3
136	142	1
95	102	1
183	191	1
126	129	2
170	171	2
84	96	1
76	82	3
70	76	1
95	98	1
27	30	1
4	27	1
38	39	2
191	191	2
86	104	1
190	191	1
53	58	1
44	45	2
76	77	1
19	22	2
119	122	2
75	84	2
124	125	7
9	15	1
67	68	3
61	61	4
13	13	3
63	106	1
138	138	1
60	61	2
85	114	2
130	133	2
104	105	3
3	7	3
67	67	4
131	131	2
152	153	4
37	47	1
145	150	4
43	43	1
175	187	1
160	176	1
133	137	1
45	53	1
2	3	2
60	183	1
112	116	1
136	146	2
95	95	4
149	162	1
56	65	1
192	195	1
185	187	1
164	166	2
13	19	2
171	171	2
154	154	3
117	118	3
154	158	1
7	7	4
85	90	1
15	17	1
102	112	1
93	94	1
134	149	1
155	156	1
39	125	1
1	35	1
168	175	1
168	170	1
65	66	2
38	42	3
180	182	1
173	187	1
106	107	4
140	142	1
171	183	1
41	41	2
167	168	2
19	20	1
8	10	1
57	62	2
135	137	1
150	153	1
67	74	2
159	165	1
11	11	1
174	174	3
81	82	1
32	38	2
31	36	1
96	97	4
59	64	1
43	44	1
114	114	1
1	2	2
52	53	2
73	73	3
118	120	2
57	58	1
141	148	2
130	139	1
2	23	1
40	50	1
131	132	3
85	85	2
136	151	1
31	46	1
142	142	4
119	121	2
39	39	1
191	193	1
167	181	2
56	56	2
173	182	1
87	88	2
100	100	3
83	95	2
127	128	1
11	12	1
71	71	2
64	64	4
2	33	1
0	2	1
151	152	2
188	191	1
156	157	1
96	100	1
81	88	2
40	42	1
83	85	1
181	182	2
69	71	1
33	36	2
101	102	1
98	98	5
139	148	3
195	196	3
104	110	1
22	25	1
82	83	1
156	156	3
73	152	1
114	119	2
117	146	1
49	56	1
13	15	2
166	167	1
95	97	1
179	187	1
102	106	2
138	148	2
126	133	2
100	107	1
158	162	2
43	45	2
120	134	1
30	30	1
189	189	2
49	52	1
20	20	3
178	180	1
120	129	2
123	123	2
118	128	1
58	61	1
40	40	1
153	180	1
6	77	2
30	41	1
108	110	2
107	152	1
35	39	2
133	148	1
37	38	2
194	194	2
38	41	1
114	115	1
62	68	1
93	101	1
98	101	3
141	141	1
119	152	2
109	117	2
189	191	3
21	48	1
106	122	1
47	47	1
41	43	1
143	144	1
116	120	1
107	107	2
23	28	1
0	8	2
180	190	1
55	122	1
61	64	1
99	104	1
14	22	1
10	14	3
100	101	2
153	153	1
107	111	1
53	53	3
44	134	1
171	172	2
35	189	1
172	177	1
74	76	1
153	165	1
110	110	2
8	18	1
118	119	1
162	181	1
124	126	1
105	108	1
35	35	2
167	180	1
153	154	2
80	82	1
51	60	1
29	185	1
188	193	1
134	135	2
118	152	1
164	165	1
50	53	1
186	186	2
37	40	1
50	50	1
124	129	1
75	96	1
16	17	1
87	90	1
98	140	1
41	42	1
129	176	1
172	173	2
9	9	3
52	62	1
22	26	2
61	76	1
104	106	2
141	149	1
179	182	2
123	125	1
64	136	1
15	25	1
160	168	1
5	180	1
182	183	2
10	10	2
94	101	1
60	63	1
76	80	1
12	171	1
95	107	2
35	41	2
94	94	1
50	57	1
135	136	1
77	81	1
6	7	1
126	131	2
129	131	1
21	23	1
93	95	2
20	30	1
53	54	1
20	21	1
115	118	1
189	190	1
31	32	2
38	44	1
191	192	1
129	129	3
1	3	1
34	166	1
126	136	1
151	165	1
73	76	1
127	172	1
146	147	1
131	134	1
90	90	1
175	177	1
59	60	1
121	124	1
171	178	1
99	110	1
18	28	1
159	162	1
18	31	2
94	96	2
6	27	1
133	141	1
22	33	1
56	120	1
102	108	1
168	177	1
23	184	2
88	88	1
31	186	1
178	189	1
121	141	1
137	138	1
145	146	1
192	193	1
12	18	1
71	73	1
102	104	1
157	159	1
8	12	2
146	158	1
58	185	1
90	96	1
158	169	1
25	185	1
44	67	1
153	155	1
146	146	1
36	151	1
70	74	1
59	63	1
14	23	1
100	149	1
0	16	1
89	105	1
46	46	1
118	121	1
26	28	1
99	111	1
54	54	1
104	129	1
99	126	1
111	156	1
109	110	1
3	4	1
191	196	1
25	38	1
30	34	1
89	89	1
71	74	1
32	42	1
81	83	1
19	31	1
196	197	2
58	121	1
19	23	1
61	62	1
82	96	1
144	147	1
103	117	1
74	84	1
184	187	1
101	109	1
30	64	1
71	79	1
42	46	1
133	135	1
106	116	1
141	144	1
15	16	1
61	182	1
17	28	1
139	143	1
147	162	1
75	83	1
97	108	1
182	186	1
162	163	1
28	28	1
