16	16	11
61	61	6
41	41	9
26	27	5
38	38	5
6	6	10
77	77	12
30	30	6
58	63	3
64	64	14
12	19	5
35	55	4
49	49	8
48	48	14
42	42	7
9	9	5
3	3	15
20	20	5
56	56	13
52	52	5
80	80	7
53	53	9
1	1	11
5	5	2
58	59	6
14	14	3
36	73	1
27	28	4
17	17	11
8	8	7
28	28	4
55	56	7
7	7	11
14	15	4
69	69	12
13	25	3
33	34	2
37	38	5
27	27	8
37	37	6
33	49	2
3	4	4
78	78	10
59	59	4
60	60	6
9	14	1
39	39	10
47	47	3
36	36	5
46	46	6
51	51	4
25	26	4
74	79	2
12	22	3
63	72	1
75	75	11
33	33	3
45	45	6
66	66	8
35	35	5
25	25	3
78	79	4
12	12	7
8	17	1
71	71	6
73	73	6
74	74	9
64	65	2
40	40	5
1	29	1
65	65	4
14	16	2
55	55	3
63	68	1
63	64	2
54	54	3
32	32	4
53	71	2
0	18	2
29	30	1
58	58	6
11	11	3
4	4	3
48	49	1
50	50	2
52	53	4
76	76	1
44	45	2
57	57	2
8	14	2
64	73	4
33	50	3
14	19	3
67	68	1
60	61	1
8	11	3
68	68	4
30	60	1
21	21	2
2	2	5
20	21	2
2	8	1
45	46	1
19	19	5
29	29	7
79	79	5
51	52	2
26	26	1
10	11	1
13	13	2
63	63	3
5	13	4
39	40	4
31	32	1
70	70	4
7	8	1
48	53	1
62	62	2
30	36	1
9	10	2
75	76	1
14	76	1
40	41	1
32	33	3
15	21	1
50	52	3
15	15	1
18	18	1
30	31	2
17	21	2
57	75	1
64	72	1
0	0	6
40	42	1
34	34	1
68	71	2
20	29	2
12	13	1
13	14	1
39	48	1
49	53	1
72	72	1
62	63	1
32	39	1
