131	131	3
12	102	1
11	12	5
82	82	5
103	103	3
116	116	3
95	95	4
88	88	7
114	114	6
14	14	1
109	109	10
105	106	3
25	25	4
94	105	1
35	35	9
119	123	3
115	115	4
96	96	6
20	20	10
106	107	5
30	30	2
86	92	2
22	23	5
18	20	2
121	121	9
139	139	4
112	112	4
106	106	7
23	23	1
118	118	4
71	71	5
125	125	8
89	89	5
15	15	2
84	84	4
92	92	3
126	126	2
85	85	3
22	22	2
91	91	3
87	119	1
1	1	5
20	118	2
78	78	7
34	124	1
92	93	3
88	89	2
97	97	5
83	83	10
28	28	11
4	4	8
7	9	1
99	99	4
95	96	2
76	79	3
29	29	3
33	33	3
10	11	2
81	107	1
82	85	1
7	86	1
133	134	1
35	125	2
2	9	1
7	7	4
24	26	1
94	94	2
92	97	1
11	11	4
109	122	2
81	83	2
33	34	6
119	119	2
79	111	2
27	29	4
21	22	2
82	109	1
124	124	5
73	73	5
120	120	2
5	29	2
113	114	2
75	75	7
121	122	3
6	101	1
6	6	6
140	140	3
134	134	3
104	104	3
129	130	1
92	94	1
9	37	3
114	120	1
108	108	2
36	36	2
23	25	1
80	110	2
82	83	5
30	32	3
26	26	8
81	82	2
129	129	7
79	79	3
80	80	7
79	81	5
84	85	8
74	81	2
137	137	2
19	19	5
98	127	2
113	118	3
77	77	2
98	99	1
111	114	2
74	74	3
102	102	2
29	30	1
80	86	1
26	27	4
15	16	3
0	1	1
78	93	1
35	36	3
105	105	6
85	86	3
5	5	5
123	123	2
3	3	3
116	117	2
12	13	1
94	122	1
117	117	8
108	123	2
88	95	2
102	111	1
88	100	3
98	98	5
20	23	1
90	92	1
127	127	4
115	125	1
130	130	4
17	18	3
127	128	1
86	86	2
37	80	2
21	21	5
104	109	2
17	19	1
100	100	1
101	101	3
97	98	4
138	138	2
24	24	4
31	31	3
128	128	6
19	26	3
26	38	1
2	3	2
107	107	5
76	76	4
72	72	10
34	132	1
104	106	2
17	17	4
32	33	2
114	117	3
5	125	3
122	122	2
13	14	1
13	30	1
8	10	1
2	12	1
28	116	2
136	136	4
18	18	5
4	5	3
120	121	1
37	37	3
8	8	6
126	127	2
74	78	2
90	91	2
72	97	1
103	110	1
15	20	2
81	84	2
19	114	5
16	18	2
135	135	1
93	122	1
7	35	1
107	108	2
10	20	1
124	127	1
1	2	2
2	2	2
72	73	3
125	126	1
127	130	2
115	117	3
13	13	5
8	11	1
20	26	4
112	127	1
118	119	1
10	12	1
79	120	1
112	113	1
102	112	1
100	109	1
109	121	4
29	32	4
22	32	1
78	80	1
86	89	1
124	128	1
136	137	1
37	38	1
13	25	2
116	120	2
82	116	1
87	87	4
34	34	1
22	31	1
131	132	2
19	21	1
13	22	3
87	88	1
139	140	1
104	105	1
19	98	1
74	80	1
101	119	1
26	118	1
22	73	1
5	128	2
109	117	1
77	79	3
127	129	1
9	9	2
4	86	1
102	116	2
79	89	1
32	32	1
30	31	1
25	33	1
34	37	1
36	125	1
84	114	1
81	86	1
76	77	4
38	38	3
109	110	1
86	93	1
3	126	2
16	17	1
16	16	2
74	75	5
110	115	2
18	34	1
15	17	1
80	82	1
99	100	1
10	19	1
107	118	1
104	107	1
8	24	1
23	31	1
114	116	1
6	16	1
71	78	1
3	90	2
27	76	1
112	114	1
13	83	2
28	114	1
74	106	1
18	29	1
134	135	3
17	28	1
4	10	1
103	106	2
27	27	1
101	102	1
93	93	1
81	81	2
95	103	1
84	86	1
80	92	1
5	98	1
38	123	2
78	88	1
25	26	1
125	130	2
71	73	1
107	109	1
99	111	1
15	23	1
121	123	1
100	126	1
19	109	2
88	112	1
2	18	1
88	102	1
113	120	1
32	91	1
96	97	1
102	120	1
73	79	2
113	115	1
126	130	1
21	23	1
132	132	2
136	138	1
113	122	1
7	19	1
89	116	1
92	95	1
93	114	1
79	80	1
0	0	1
27	113	1
26	36	1
6	75	1
112	122	1
133	133	1
20	22	1
76	119	1
95	123	1
127	131	1
77	94	1
110	111	1
