22	22	1
53	53	2
72	72	1
61	61	2
70	70	3
51	53	1
85	86	2
65	65	5
87	87	5
90	90	3
69	69	3
95	96	2
79	80	5
91	102	1
68	68	4
45	60	1
77	78	2
24	24	2
74	74	1
51	55	2
72	74	2
71	71	1
51	51	1
73	73	1
58	58	1
99	99	1
45	45	2
64	64	3
63	68	1
89	89	1
55	55	1
53	70	1
31	31	1
38	38	1
57	73	1
57	57	1
66	67	2
100	100	2
36	55	1
44	44	3
73	74	2
97	97	4
78	78	1
81	82	3
68	69	1
25	25	3
47	48	1
33	50	1
72	75	1
54	54	3
94	94	1
47	47	1
93	94	3
80	81	1
46	49	1
62	62	2
73	76	2
44	60	1
43	45	1
93	97	1
43	43	5
67	70	1
62	63	1
82	82	2
75	76	2
37	38	1
25	33	1
33	34	2
86	90	1
84	89	2
80	80	2
36	40	1
77	77	1
44	59	1
92	92	2
46	46	2
56	56	2
96	96	1
27	27	1
67	68	1
79	79	1
41	41	1
78	79	1
29	30	1
66	76	1
68	71	1
33	33	1
41	51	1
40	40	1
33	47	2
49	49	1
50	50	1
39	39	1
55	59	1
91	92	1
20	21	2
52	52	1
28	28	1
22	87	1
95	95	1
64	76	1
83	84	1
72	73	1
53	54	1
67	67	1
63	64	1
86	86	1
