168	168	28
85	85	50
155	155	46
31	31	6
144	144	7
73	73	45
61	61	22
104	105	5
64	152	5
64	64	60
72	72	18
34	35	10
40	41	7
216	216	39
181	188	5
187	187	20
182	182	35
1	1	14
74	74	28
218	218	24
75	75	18
107	107	57
62	63	17
191	193	5
248	248	29
156	181	3
210	210	31
218	219	31
233	233	29
242	243	9
152	153	12
30	30	19
175	175	42
106	107	9
195	196	18
234	234	39
59	59	31
90	90	49
98	98	48
183	184	18
3	3	19
193	193	29
76	76	35
242	242	18
214	215	18
95	95	35
186	186	26
100	101	23
238	238	32
91	91	11
16	16	20
94	94	43
89	90	13
46	147	8
202	246	1
59	60	30
4	5	2
49	49	46
147	147	15
188	188	32
160	160	27
54	55	12
199	199	22
47	48	27
158	182	1
175	176	31
82	83	10
183	183	35
179	179	12
201	201	69
239	239	28
30	31	13
60	60	73
97	98	20
65	65	47
231	231	12
174	174	22
67	67	29
70	70	32
47	50	10
23	23	26
19	19	23
7	7	18
221	221	35
77	77	57
41	41	34
178	178	40
69	69	32
66	66	35
176	176	18
115	157	4
14	14	14
198	212	1
55	55	30
200	200	25
241	241	23
12	14	1
106	108	5
20	21	9
101	101	33
215	215	31
214	214	49
220	220	40
35	35	17
152	152	27
93	100	2
62	212	7
224	236	11
201	212	5
39	40	6
22	22	28
20	20	25
109	109	34
184	184	30
33	33	30
153	196	2
48	48	26
207	207	42
110	110	11
158	158	63
79	117	1
80	82	9
20	24	8
223	223	26
167	167	27
87	88	23
88	111	3
119	120	2
66	67	8
156	157	8
47	47	28
208	208	35
210	211	14
87	89	9
51	51	26
203	203	24
49	186	4
78	78	30
185	224	7
85	163	4
92	93	13
38	39	21
46	113	4
100	100	23
165	165	36
157	158	3
46	46	26
19	20	9
50	50	40
192	197	1
75	163	5
45	45	19
76	158	4
46	47	9
91	92	14
161	161	19
156	156	53
199	232	2
164	164	34
56	57	8
170	171	11
246	247	1
157	157	28
27	27	21
211	211	26
173	173	33
229	229	20
145	145	16
80	81	6
237	237	28
185	186	8
31	33	2
194	195	9
231	232	15
173	174	25
88	89	14
216	219	3
62	101	7
197	197	33
68	68	44
53	53	34
48	69	2
99	99	33
232	241	3
180	180	28
60	101	3
180	181	12
187	194	3
54	54	23
239	240	6
165	187	16
198	198	61
71	71	32
8	8	26
206	206	20
69	70	10
115	115	40
56	56	52
118	118	15
117	117	45
80	89	8
25	25	16
112	112	32
35	37	2
168	169	12
92	103	3
195	195	23
235	236	10
34	34	14
232	232	37
88	92	2
212	212	24
209	209	21
79	79	45
17	17	6
28	235	3
22	154	2
84	85	16
224	224	24
195	223	8
55	56	3
181	181	29
65	216	4
167	168	5
65	72	9
233	234	5
57	58	6
104	104	36
32	32	31
230	231	3
96	97	11
187	188	10
7	33	7
199	200	17
96	96	30
153	153	17
237	238	9
79	84	3
82	82	16
53	226	2
44	62	1
205	205	24
101	102	3
173	175	6
42	42	25
227	227	8
159	159	37
62	73	4
6	6	3
50	217	1
163	163	38
25	26	8
78	105	3
11	11	16
114	114	16
191	191	29
97	97	30
58	58	30
5	5	12
85	87	5
184	185	6
210	223	5
105	105	39
44	61	8
217	217	21
113	113	26
10	22	7
82	102	2
49	193	4
240	240	46
65	153	4
174	176	11
85	86	4
245	246	20
172	186	3
181	182	7
82	84	10
60	61	6
53	54	15
98	177	1
27	205	3
188	189	8
76	162	5
150	167	8
27	28	5
44	46	6
226	235	5
86	115	2
211	224	1
41	43	6
189	189	23
190	195	8
191	194	6
68	71	14
22	155	5
81	116	8
55	214	5
105	106	25
245	245	40
79	86	7
25	42	2
77	104	11
108	108	13
80	106	4
45	46	8
117	157	4
244	246	1
55	57	7
174	175	7
66	68	1
37	37	18
41	115	1
207	235	4
49	51	3
77	84	4
194	194	23
177	181	7
112	119	5
71	107	4
219	219	31
44	44	19
4	4	14
179	181	3
161	162	6
169	179	2
105	108	5
169	170	4
93	93	16
204	204	14
72	73	11
192	192	40
1	2	2
81	81	42
71	162	2
25	41	6
228	229	2
42	43	3
151	151	30
87	87	14
0	0	4
244	244	22
166	166	24
160	161	4
189	191	4
67	68	7
185	185	25
57	57	13
90	98	10
52	68	4
177	177	25
198	199	19
47	170	6
190	191	10
82	86	6
3	37	1
216	217	18
106	106	23
93	103	9
67	69	9
68	70	3
116	116	39
248	249	8
222	223	19
39	39	20
13	13	8
104	107	8
52	52	10
10	15	2
63	63	34
103	103	11
222	222	23
215	249	5
63	65	1
79	104	3
246	246	10
190	190	18
43	43	23
50	192	8
232	233	10
225	226	5
56	233	3
10	10	7
84	87	5
40	40	21
63	173	3
166	170	5
242	244	4
83	84	2
236	236	34
166	171	3
107	108	38
228	228	16
39	193	3
184	190	4
116	117	8
75	153	2
169	171	5
172	173	11
32	36	4
193	246	5
204	205	6
15	19	9
44	45	4
67	74	7
192	193	5
68	69	13
76	108	6
41	51	3
111	111	27
153	154	2
194	208	3
196	208	9
89	89	28
154	154	14
150	150	16
201	243	3
61	152	2
170	170	13
12	12	7
195	208	5
76	77	15
75	166	4
189	218	3
230	230	21
217	218	18
171	171	22
247	247	23
17	18	9
73	74	13
102	102	21
26	26	7
86	86	17
229	230	15
162	162	24
201	202	4
80	83	6
244	245	13
178	179	19
84	163	2
78	103	1
78	80	5
9	9	4
84	84	19
147	231	4
18	19	4
172	172	37
175	177	6
118	157	3
3	5	8
206	211	3
192	246	4
209	210	2
171	182	5
74	163	11
151	202	3
37	38	11
223	224	8
46	182	4
241	242	8
217	219	3
59	101	4
197	218	5
206	207	8
90	94	4
247	248	2
151	160	7
75	76	11
64	167	1
216	218	13
158	159	5
28	28	8
209	234	1
110	146	1
164	165	11
237	239	5
208	209	17
169	169	21
237	240	2
164	170	2
197	210	4
197	198	6
184	189	11
43	45	5
236	238	5
76	84	1
62	153	7
243	244	2
36	36	26
174	194	5
58	101	1
54	61	3
236	237	11
234	238	9
226	228	4
51	52	8
219	220	4
2	2	10
91	103	2
110	111	7
83	83	12
195	248	4
213	213	21
192	220	5
119	119	15
51	66	5
98	176	2
74	75	7
21	21	7
116	157	1
32	228	3
30	226	3
74	106	6
76	159	3
31	32	11
53	212	3
80	80	16
172	182	2
41	110	4
165	171	5
240	244	6
207	215	2
163	164	3
61	195	9
60	65	5
120	160	2
108	157	4
29	29	13
65	66	7
45	168	8
79	100	9
208	210	1
203	204	21
77	78	1
215	218	3
177	178	3
149	150	3
79	83	4
63	186	2
92	92	25
176	177	14
24	25	4
23	42	2
224	225	7
103	104	6
212	215	11
182	183	7
165	167	2
114	115	6
18	18	4
116	120	6
184	245	3
164	187	2
62	72	4
15	15	8
158	190	5
201	205	5
152	154	4
83	116	3
185	196	7
67	192	3
80	102	5
11	46	2
45	62	1
152	162	1
173	177	3
235	235	18
84	86	5
231	242	5
29	30	4
234	235	10
7	20	2
49	106	3
79	99	5
24	24	12
9	10	3
46	48	1
57	70	2
151	168	2
150	151	7
4	7	2
165	166	9
28	205	3
85	106	5
64	65	5
197	211	3
193	198	4
118	120	3
61	62	12
63	153	6
158	181	6
221	222	9
48	49	4
10	11	10
61	73	3
16	17	5
67	202	4
231	241	6
195	207	3
191	248	3
111	112	9
196	196	16
25	203	4
172	187	3
71	72	12
195	206	3
6	32	1
146	147	4
221	223	5
62	62	13
14	22	2
16	38	3
90	91	7
117	118	3
65	73	5
243	243	8
211	223	7
79	81	4
157	181	3
226	227	4
201	213	7
144	162	2
151	155	3
205	225	1
211	212	6
249	249	2
108	109	4
109	150	1
202	204	9
152	186	4
38	38	8
185	189	3
226	226	22
2	3	3
154	155	4
120	120	4
156	179	3
49	71	2
211	217	4
226	229	4
43	94	2
103	165	4
215	217	2
194	223	2
51	63	2
90	92	2
112	160	1
43	183	2
91	102	4
186	193	2
52	53	3
196	248	3
83	106	1
225	225	8
223	225	6
70	71	3
82	87	2
118	119	6
149	149	2
8	9	2
112	115	2
79	80	1
210	215	1
66	177	3
197	248	4
19	21	4
185	207	5
221	233	1
168	179	3
59	69	7
77	159	3
215	216	2
94	95	7
66	216	3
107	157	1
32	33	5
74	105	2
214	217	3
79	114	3
202	202	11
60	100	3
93	94	6
118	158	4
64	66	1
151	186	2
49	50	2
58	59	6
219	221	2
61	77	3
78	79	2
166	167	6
184	206	2
110	160	2
113	114	3
98	99	1
236	239	1
211	215	8
44	57	1
48	51	5
187	193	2
88	88	10
6	34	1
94	100	2
189	190	2
18	37	3
79	119	5
115	118	2
47	164	3
234	236	2
156	158	6
23	24	6
3	26	3
195	200	3
49	67	7
76	163	3
65	217	2
81	82	4
214	246	3
53	55	2
224	226	4
112	113	6
174	187	6
182	185	2
14	15	1
77	107	2
73	77	2
159	188	3
167	187	4
159	181	3
62	102	1
97	175	4
51	67	1
193	194	6
26	28	3
26	72	1
169	182	1
80	84	1
111	115	2
108	110	4
28	39	2
85	105	4
31	153	3
74	76	1
172	174	11
86	87	1
52	202	3
195	249	2
25	31	1
166	188	1
227	228	2
15	16	2
62	71	3
167	169	1
110	120	1
151	169	1
190	221	4
213	214	4
77	108	7
56	247	3
78	92	1
212	213	3
165	168	2
174	188	3
6	35	1
73	75	2
95	96	6
109	116	2
108	116	1
21	229	2
186	187	7
222	241	2
52	67	2
50	216	1
221	248	3
56	241	2
231	244	3
90	103	5
212	217	1
44	63	2
144	146	2
23	91	2
61	196	2
71	73	2
195	247	5
3	4	1
211	219	5
84	160	1
34	38	1
102	103	3
202	205	3
78	112	2
117	121	3
207	211	2
11	12	1
26	29	4
196	211	2
78	116	1
210	249	1
35	38	2
107	109	2
240	241	3
193	228	2
75	168	2
26	27	1
81	101	2
211	216	1
79	87	1
4	37	2
75	85	1
60	71	2
218	220	2
166	187	1
183	204	1
195	219	2
83	102	5
66	153	3
116	156	2
109	110	2
210	239	2
50	51	3
88	108	1
1	18	1
88	93	1
97	177	1
50	66	5
201	241	3
64	153	1
53	235	2
81	87	1
191	221	1
22	23	4
164	186	1
222	225	1
87	118	5
66	74	1
156	169	2
67	71	1
81	90	3
202	203	1
81	85	1
21	22	2
209	236	3
201	221	3
52	54	4
71	108	1
207	246	1
81	89	2
190	192	1
6	7	1
54	235	2
225	227	1
58	247	2
232	242	1
31	38	1
214	223	3
80	91	1
197	212	1
30	35	1
152	161	1
155	248	1
201	242	2
51	217	2
87	108	1
159	169	1
41	42	2
63	168	2
200	201	3
66	72	1
79	82	1
232	235	1
55	59	1
23	25	2
197	219	1
12	45	1
24	42	1
44	58	1
56	99	1
171	186	1
40	150	1
234	239	1
105	107	2
79	103	1
93	165	1
44	180	3
12	15	1
60	62	2
91	93	1
89	115	1
75	77	1
185	187	1
92	102	1
60	72	1
64	161	1
57	99	2
216	247	1
49	73	1
72	75	1
59	71	1
56	58	1
188	192	2
171	180	2
222	239	2
99	100	1
209	248	1
238	239	1
30	43	1
193	197	1
