95	101	1
91	91	3
13	20	1
88	88	2
107	108	2
44	45	3
125	125	2
79	132	1
45	45	3
2	45	2
90	90	2
85	117	1
4	93	1
110	123	2
33	134	1
56	56	3
80	80	2
17	18	1
55	128	1
12	16	1
16	28	1
23	25	2
61	117	1
93	96	1
94	101	1
11	11	1
19	19	3
81	87	3
133	133	1
61	111	2
124	124	4
87	100	1
126	126	1
41	133	2
17	17	3
97	97	4
27	30	1
122	125	1
35	35	1
45	76	1
5	6	1
14	37	1
77	78	3
38	38	1
46	93	5
107	128	2
35	39	1
5	5	1
131	132	1
5	15	3
86	86	3
17	37	1
82	129	1
4	5	1
132	134	3
21	25	1
92	96	1
18	19	2
45	118	1
127	130	1
108	109	1
34	34	3
114	115	2
20	86	2
128	133	1
58	59	1
31	50	2
36	43	1
18	18	1
104	104	1
103	103	2
3	14	1
62	65	1
134	134	1
92	92	2
40	40	1
69	69	1
113	113	5
23	36	1
88	125	1
43	43	1
101	101	1
120	122	1
115	115	2
63	63	1
14	14	2
131	131	2
27	27	2
122	123	3
56	57	1
40	43	1
77	77	1
58	70	1
2	2	2
118	118	3
70	83	1
85	86	1
24	24	1
67	67	1
116	117	2
26	26	1
121	122	1
62	62	2
71	71	3
6	7	2
130	130	2
95	95	2
60	63	1
10	10	1
13	18	1
44	93	1
79	79	1
33	33	1
1	2	2
17	36	2
95	99	2
64	116	1
20	25	1
103	124	1
76	121	1
15	39	1
43	44	2
102	102	1
85	132	2
129	130	1
22	41	1
7	7	1
104	105	1
13	13	2
61	61	1
55	55	1
55	127	1
45	63	1
13	48	1
20	37	1
49	49	1
56	79	1
85	85	1
112	113	1
30	32	1
61	118	1
112	116	1
54	55	1
79	80	1
68	68	2
9	9	1
83	83	1
99	100	2
58	58	1
74	74	1
108	114	1
11	12	1
109	128	1
22	134	1
36	37	1
58	106	2
6	19	1
119	119	1
37	39	1
21	21	1
80	99	1
32	41	1
63	78	1
63	72	1
30	39	1
110	124	1
8	8	1
96	98	1
57	57	1
76	80	1
122	122	1
107	115	1
1	1	1
82	82	1
56	59	1
123	123	1
129	129	1
78	78	1
119	126	1
