134	134	1
135	136	2
0	0	2
110	110	4
6	7	1
22	24	1
98	98	5
26	26	10
125	131	1
74	75	2
30	30	3
116	117	2
113	113	2
126	126	2
75	75	4
127	127	8
72	72	1
131	131	4
124	125	1
101	114	1
14	14	1
78	86	2
38	38	3
87	87	1
91	100	1
85	86	4
96	96	2
32	32	2
110	132	1
85	85	1
99	100	2
90	91	1
117	117	2
8	8	2
18	20	1
8	15	1
13	15	1
20	20	4
16	31	1
80	86	1
95	95	2
5	5	4
117	118	2
91	91	2
14	113	2
7	7	3
4	16	2
9	21	1
137	137	1
83	83	2
34	134	1
6	9	1
100	100	2
101	101	4
120	120	2
23	23	2
112	112	4
93	93	2
99	99	2
88	121	1
2	2	1
71	71	3
82	82	1
9	9	2
37	104	1
97	98	1
94	94	1
22	22	1
81	81	1
88	95	1
129	129	1
19	19	4
119	119	7
92	92	1
102	108	1
101	116	1
128	129	3
130	130	2
28	29	3
15	19	1
3	4	2
122	122	1
84	85	2
25	25	1
76	79	1
107	107	2
17	19	1
36	36	3
87	116	1
11	11	1
3	3	1
79	79	3
0	1	2
128	128	5
12	12	1
23	32	2
27	27	4
107	120	1
82	86	1
80	112	1
109	109	3
12	13	1
6	16	1
73	75	2
111	131	1
35	128	1
93	94	2
88	88	1
123	128	1
80	83	1
19	20	2
134	135	2
103	103	1
92	93	1
116	116	2
16	16	2
34	34	4
10	20	1
104	105	2
130	131	1
120	121	2
21	21	2
106	107	1
7	9	2
19	22	1
12	122	1
77	78	1
111	112	2
88	98	1
98	100	1
13	13	2
78	78	1
18	18	1
139	139	2
7	39	1
123	123	2
83	86	1
136	136	1
127	128	2
114	115	1
138	138	3
116	119	1
108	108	1
105	106	1
13	14	2
10	11	1
115	115	2
125	125	1
24	24	4
31	31	1
3	104	1
97	99	1
83	84	2
118	118	1
12	14	2
34	36	1
73	73	1
113	128	1
29	29	2
124	128	1
138	141	2
17	17	2
81	82	1
99	120	1
21	23	1
76	76	1
1	2	2
37	37	1
80	80	2
100	102	1
98	99	1
6	6	4
124	124	1
88	102	1
21	22	1
101	123	1
114	114	2
17	32	1
95	97	1
17	31	1
102	123	1
5	6	1
115	116	1
89	89	1
15	15	1
17	25	1
103	106	1
93	115	2
72	73	1
35	35	2
76	77	1
81	95	1
16	17	1
12	116	1
82	84	1
1	1	3
100	113	1
114	121	1
0	101	1
36	37	2
3	6	1
34	129	1
4	4	1
111	111	1
4	5	1
140	140	1
15	17	1
77	77	1
122	123	1
135	135	1
30	105	1
16	33	1
0	8	1
35	129	1
131	132	1
86	86	1
7	11	1
18	21	1
136	137	1
22	25	1
38	75	1
