128	130	1
119	119	3
126	126	2
54	54	2
30	30	2
28	74	1
104	105	5
101	101	3
1	31	1
102	103	2
37	90	1
82	82	2
54	78	2
55	70	1
49	49	2
88	88	7
44	44	3
19	20	2
67	67	3
75	106	1
42	69	1
101	105	2
125	131	1
73	73	3
88	91	4
10	10	5
2	4	5
69	69	6
106	107	1
109	110	2
50	76	1
25	99	1
5	21	1
76	84	2
105	105	6
123	123	3
108	108	2
126	128	1
133	133	5
60	60	2
88	92	2
1	20	1
87	87	12
31	111	1
78	93	1
17	17	8
31	31	11
50	50	2
30	31	1
23	24	1
104	131	2
38	38	2
28	28	7
2	38	3
93	93	4
3	3	1
56	56	3
55	66	1
111	112	1
61	61	5
12	12	10
88	100	1
63	64	3
55	56	2
56	122	2
87	90	1
25	25	3
115	128	1
45	45	2
120	125	2
89	93	1
68	68	4
48	49	2
89	89	3
83	84	3
83	83	4
80	80	7
13	16	1
120	120	6
92	92	5
26	94	1
20	20	1
40	41	1
71	71	5
46	48	1
105	106	3
2	88	1
64	73	1
30	40	2
77	78	2
66	84	3
21	21	1
115	115	2
9	10	4
44	114	1
91	92	5
46	47	3
110	110	3
84	92	2
79	88	1
86	87	3
53	53	2
78	79	1
31	32	2
74	74	6
4	4	2
128	128	3
78	78	2
47	47	6
99	99	4
90	90	3
98	131	1
57	57	3
114	118	1
48	48	2
77	77	4
95	114	1
45	129	1
31	51	1
100	100	4
40	40	5
16	71	4
129	129	1
108	114	2
26	26	5
66	66	2
104	104	4
41	41	3
46	46	5
33	60	1
62	62	4
59	59	2
49	93	1
72	72	3
103	103	2
43	44	1
41	88	1
69	75	1
71	74	1
14	15	3
27	27	4
118	132	1
91	91	2
94	94	4
75	76	2
121	121	4
58	58	2
131	131	1
80	83	2
121	123	1
41	46	3
119	120	1
100	107	1
115	117	1
60	61	3
81	86	2
11	11	3
39	39	6
52	54	1
46	63	1
66	70	3
33	71	1
110	111	2
96	118	1
115	116	2
44	46	3
6	6	1
88	90	3
96	96	3
70	70	5
132	132	1
94	120	1
31	42	2
97	99	1
75	99	2
29	30	3
62	102	3
50	56	1
73	74	1
118	118	1
44	45	5
84	84	3
16	17	1
42	42	1
42	94	3
90	101	1
86	86	3
114	114	1
113	121	1
112	112	3
13	13	2
62	63	2
116	116	2
20	61	2
106	106	5
65	65	2
13	15	1
49	112	2
16	16	2
113	114	1
17	60	1
21	32	1
45	112	1
80	101	1
113	125	1
50	95	1
24	24	1
49	52	1
19	51	1
1	109	1
79	80	1
0	0	2
83	95	1
32	32	2
113	122	1
126	131	2
96	100	1
9	9	2
122	122	3
107	107	2
56	64	3
14	14	1
65	66	1
53	54	2
111	111	2
34	71	1
47	48	2
11	73	1
61	75	1
10	11	3
80	106	2
27	30	1
76	77	1
20	92	2
81	81	3
18	18	2
19	19	3
45	54	2
50	111	2
99	100	1
41	58	1
27	51	1
97	97	1
15	18	2
22	26	1
85	85	1
131	132	1
14	67	1
98	98	1
102	102	5
21	22	2
22	23	4
116	118	1
116	117	1
45	50	2
52	57	2
119	126	1
45	108	1
95	95	4
71	72	1
69	70	1
96	97	2
51	93	1
75	80	1
122	123	1
63	63	1
94	95	1
76	101	3
21	62	1
21	26	2
88	89	1
15	16	2
79	79	1
33	51	1
76	76	1
34	72	1
68	69	1
110	112	1
65	70	1
79	81	1
33	34	1
81	82	1
52	58	1
51	51	2
9	53	2
0	8	1
92	115	1
48	71	1
81	83	1
117	117	2
97	118	1
1	1	4
20	26	1
81	105	1
40	62	1
113	113	2
72	73	2
68	102	1
45	46	1
55	55	1
64	64	2
8	10	1
52	116	1
93	94	2
3	4	2
63	103	1
0	1	1
61	67	1
58	61	1
69	90	1
5	5	2
65	83	1
11	64	1
124	124	1
125	125	1
127	127	1
78	132	1
65	111	1
129	130	1
95	96	1
33	43	2
5	43	1
62	76	1
22	22	1
41	55	1
25	26	1
90	131	1
10	111	1
38	96	1
18	19	1
120	121	1
109	109	1
29	29	1
33	33	1
8	9	1
76	79	1
