83	83	4
49	49	4
116	132	3
124	124	8
121	121	5
17	35	1
117	117	8
59	64	2
88	89	1
131	131	7
73	112	1
27	29	2
43	43	6
53	56	2
112	114	3
20	20	3
122	122	4
27	27	4
123	123	6
84	85	3
131	132	3
99	102	2
3	3	2
91	91	11
3	5	3
60	61	5
8	11	1
67	68	3
111	111	6
6	6	4
32	33	6
16	16	3
122	123	4
102	102	7
108	109	3
106	108	3
95	98	3
93	93	4
67	67	6
120	120	8
69	116	1
98	98	6
24	24	4
30	30	3
130	131	6
123	126	1
128	128	4
116	117	3
105	105	9
92	99	2
80	82	3
15	15	4
31	33	1
64	65	3
0	1	1
31	32	3
100	101	3
43	45	1
22	25	2
121	122	2
65	67	2
128	129	5
129	130	1
71	72	4
103	103	4
107	107	4
116	120	3
73	73	5
47	47	2
56	56	9
67	69	1
36	37	4
63	63	5
118	120	2
126	126	8
86	90	1
56	57	1
101	101	4
21	22	3
112	115	2
91	92	2
105	108	1
130	130	4
57	57	4
112	112	4
65	65	5
18	20	1
34	34	1
114	114	3
118	118	9
62	62	6
116	116	1
93	99	1
78	78	7
97	98	2
110	110	4
44	45	1
55	59	1
0	2	3
52	53	1
115	115	3
64	64	3
36	36	7
97	97	4
8	8	5
110	111	4
55	55	3
60	60	3
33	34	3
109	110	4
76	76	8
104	104	1
132	132	4
110	112	2
14	14	2
14	15	1
54	58	1
25	87	2
90	90	6
90	92	2
6	7	3
81	81	2
71	71	5
59	59	4
29	29	6
80	80	2
76	77	5
99	99	8
106	106	5
77	77	4
113	114	1
9	9	3
105	106	2
4	5	2
87	113	1
28	28	2
109	109	2
50	58	1
9	10	3
106	113	2
133	133	7
99	103	1
61	61	6
25	25	4
35	85	1
101	102	3
130	132	1
97	116	1
116	119	1
96	99	1
100	103	1
116	133	2
119	119	5
58	58	2
60	65	1
54	63	1
31	31	1
60	84	2
72	72	7
95	96	1
127	127	4
25	26	1
79	79	3
107	110	1
7	7	2
61	62	4
38	38	2
50	50	4
74	74	6
83	84	4
43	52	2
75	75	4
70	71	1
1	65	1
85	85	3
86	91	2
94	95	2
19	19	3
66	66	2
45	52	2
57	60	1
96	96	3
92	92	3
57	59	2
19	20	1
94	100	1
69	69	3
80	81	1
65	86	1
79	81	1
89	89	3
46	47	2
32	32	1
115	116	4
103	111	1
43	86	1
94	99	1
100	102	1
85	91	1
1	1	1
97	99	3
92	96	1
85	90	2
94	98	1
95	95	7
49	61	1
101	109	3
97	114	1
23	23	3
90	104	1
82	82	3
89	104	1
88	88	6
17	17	1
2	2	1
44	44	1
35	36	2
129	129	1
0	0	3
125	126	1
26	26	3
100	100	5
107	108	3
108	110	1
1	2	2
84	84	4
11	12	1
120	122	2
134	134	2
11	34	1
113	113	4
5	11	1
114	115	5
88	114	3
13	15	1
83	85	1
78	79	1
92	105	1
23	50	1
112	113	1
124	128	1
10	59	2
107	113	2
50	52	1
108	108	3
119	121	1
55	79	1
125	125	1
58	59	2
49	50	2
33	33	2
52	65	1
117	118	1
13	13	1
107	115	1
20	23	1
79	80	4
28	34	1
23	25	1
119	120	1
117	131	1
101	110	2
20	21	1
94	94	3
106	107	1
74	76	1
100	109	1
106	109	1
117	119	1
32	34	1
50	51	1
116	121	1
19	21	4
100	108	2
73	124	2
127	128	1
13	14	1
76	78	1
76	80	1
55	61	1
56	78	1
63	85	2
120	121	2
68	69	2
97	110	1
48	49	4
3	4	4
70	117	1
59	121	1
60	82	1
21	21	3
25	88	1
94	116	1
102	103	1
72	73	2
23	24	2
109	116	1
37	37	1
50	56	1
26	89	1
48	48	1
66	68	2
116	118	1
97	111	1
98	99	1
15	16	1
55	58	1
7	9	1
114	121	1
4	4	5
79	105	1
10	10	1
99	110	2
8	9	1
69	70	1
57	58	1
99	100	1
125	134	3
87	87	2
54	57	1
124	125	1
67	122	1
65	66	1
59	85	2
92	93	1
105	113	2
16	17	1
96	102	1
117	122	1
118	121	1
57	67	1
99	104	1
10	54	1
59	60	1
57	85	1
12	12	1
87	91	1
104	105	1
18	19	1
45	45	1
111	115	1
46	46	1
53	58	1
10	43	1
89	90	1
83	86	1
30	31	1
16	34	1
54	64	1
2	78	1
69	115	1
