6	6	2
57	57	6
14	14	3
40	40	7
17	17	2
13	13	1
34	34	10
50	55	2
3	7	2
34	39	2
18	36	1
4	5	1
10	10	2
55	55	6
44	44	7
43	43	3
16	17	2
3	44	1
15	15	7
28	31	2
10	11	4
37	37	4
15	17	1
8	9	2
33	33	5
46	49	2
50	50	3
9	10	2
56	56	2
52	52	2
11	11	2
41	41	5
51	52	1
9	9	2
10	13	1
28	28	1
58	58	7
39	39	5
56	57	8
3	3	6
17	24	1
14	15	7
15	16	2
32	32	2
31	31	4
54	54	3
9	14	1
21	36	1
8	34	2
0	1	1
51	53	1
5	5	7
48	49	3
42	42	1
5	55	1
22	22	2
45	51	1
2	2	2
16	16	5
3	5	1
5	8	2
17	18	3
29	31	1
35	52	1
31	32	2
48	51	1
34	36	1
12	12	1
41	42	1
1	1	3
44	53	1
46	47	1
20	35	1
19	19	2
9	13	2
7	10	2
30	37	2
22	36	3
33	34	1
21	23	1
47	47	5
3	4	2
59	59	1
23	24	1
33	58	1
54	56	1
11	17	1
38	39	1
22	35	2
36	36	1
45	45	2
55	56	1
7	8	2
4	4	1
51	58	1
45	47	2
7	7	2
32	35	1
32	33	1
13	15	1
20	24	1
46	46	1
37	38	1
31	34	1
32	34	1
44	45	1
9	36	1
34	55	1
