69	81	1
50	51	2
50	50	3
65	65	4
93	93	3
34	34	1
77	77	7
74	74	9
115	116	1
21	23	1
66	84	1
76	103	1
23	79	2
94	96	1
84	84	1
106	106	5
89	89	1
31	31	2
98	98	5
80	80	5
72	72	4
104	104	1
81	81	5
49	49	2
6	7	1
5	129	1
108	108	6
58	134	1
14	18	1
49	96	1
67	67	3
60	91	1
119	119	8
62	62	3
24	24	5
133	133	6
69	97	1
8	25	1
103	103	5
43	43	3
71	72	2
17	17	3
33	33	3
51	114	1
95	95	5
15	34	1
83	84	3
130	131	4
90	93	1
97	109	2
112	113	2
116	117	2
35	36	1
88	88	4
6	33	2
69	69	5
36	37	1
3	73	3
10	10	3
1	2	3
15	15	1
13	14	1
120	121	1
121	122	1
25	53	1
96	97	1
90	90	4
29	29	1
113	113	6
120	120	3
49	65	2
98	107	1
21	90	1
21	21	2
24	25	1
32	33	6
31	72	1
77	90	1
100	112	1
78	82	1
119	120	2
30	30	2
127	128	6
48	48	1
4	5	1
55	55	2
71	71	3
128	128	2
128	129	3
73	74	1
64	64	4
111	125	2
32	35	1
0	135	1
58	58	2
100	100	3
93	94	4
107	129	1
60	61	4
95	128	1
92	101	1
90	114	2
79	80	2
63	80	1
8	8	2
90	99	3
62	75	1
81	111	2
2	2	3
112	112	6
26	26	1
96	114	1
28	93	1
0	0	2
18	18	2
130	130	2
132	132	3
34	67	1
121	121	3
134	134	3
94	95	1
12	13	1
127	129	1
9	80	1
92	92	4
122	124	1
3	62	1
61	82	1
78	86	1
64	86	1
123	135	1
99	121	1
76	79	2
80	101	1
105	105	1
57	95	1
124	124	4
70	70	5
59	59	4
86	87	1
10	39	1
79	79	4
107	107	4
95	96	1
57	126	1
16	16	1
76	76	7
78	78	2
114	114	3
117	119	1
27	27	2
127	127	4
97	97	5
110	111	1
105	126	2
9	15	2
61	113	1
49	50	1
122	123	2
64	67	1
53	54	1
3	17	2
55	58	1
14	15	1
130	133	2
96	96	2
28	28	3
50	53	1
124	125	1
115	127	1
34	94	1
91	122	1
57	118	1
68	97	1
52	52	3
44	45	1
33	34	3
64	83	1
76	78	2
99	105	1
122	122	4
117	118	2
0	63	2
101	112	1
1	62	1
87	123	1
23	23	1
87	118	1
34	35	1
62	64	2
29	72	1
106	108	1
85	85	1
132	134	1
7	7	3
72	73	1
98	100	2
126	126	2
86	86	3
21	89	1
5	5	2
64	122	2
60	112	2
56	56	3
52	60	2
118	120	1
10	11	1
43	44	1
82	85	2
63	64	4
87	87	3
33	36	1
81	82	1
45	45	1
50	52	2
99	99	4
118	122	1
116	120	1
87	121	1
28	64	1
66	122	2
35	35	2
79	83	1
105	121	1
79	98	1
90	117	1
54	54	2
129	129	3
6	6	1
15	20	1
31	95	1
118	118	1
70	79	1
115	115	6
60	60	3
19	23	1
1	1	3
113	128	1
18	26	1
131	131	3
32	32	2
21	22	1
110	130	1
60	81	2
52	93	2
132	133	1
85	126	1
55	57	2
61	135	2
62	63	3
26	31	2
18	46	1
11	11	2
101	101	4
29	30	1
111	111	3
0	34	1
116	116	1
59	88	1
77	78	1
126	127	4
118	123	2
66	66	1
122	130	1
91	92	2
6	106	1
69	75	1
82	83	2
113	114	1
92	94	1
75	95	1
58	115	1
131	133	2
44	56	1
114	119	1
59	64	1
105	108	2
10	20	1
9	10	1
57	78	1
79	82	1
78	90	1
50	135	1
123	123	1
42	42	1
82	82	3
34	44	1
115	117	1
36	67	2
59	99	1
20	110	2
36	36	2
73	73	3
4	28	1
57	109	1
44	97	2
24	38	1
11	12	1
72	102	1
63	65	2
18	19	1
113	116	1
75	79	1
86	92	1
65	81	1
25	34	1
47	47	3
131	132	1
9	9	1
81	132	1
54	107	1
17	29	1
108	109	1
94	94	1
102	102	2
14	14	2
68	68	1
106	111	1
42	43	1
128	131	1
68	130	1
58	133	1
75	75	2
55	56	2
71	73	1
64	121	2
109	109	1
108	110	1
4	4	2
117	121	1
102	121	1
47	49	1
32	46	2
26	27	1
23	24	1
77	83	1
124	135	1
71	104	1
105	106	1
107	120	1
118	119	1
37	44	1
100	106	1
61	85	1
99	100	1
2	25	1
12	95	1
82	99	1
83	83	1
10	15	1
26	56	1
90	91	1
107	108	2
53	53	1
54	108	1
125	125	1
135	135	1
87	111	1
77	130	1
68	69	2
52	53	1
19	21	1
56	57	1
122	135	1
98	127	1
61	79	1
17	73	1
109	110	1
63	63	1
122	131	1
60	79	1
65	79	1
92	111	1
54	56	1
92	95	1
