198	198	1
247	247	2
79	79	3
187	202	1
153	198	1
191	191	5
210	213	1
149	149	1
178	183	1
248	248	1
184	197	2
228	229	2
225	225	1
75	111	2
152	152	3
46	73	1
18	23	1
160	161	1
231	233	2
115	115	4
81	81	3
48	56	1
88	88	2
11	11	3
32	32	1
52	52	1
11	12	2
65	66	3
201	205	2
41	41	3
81	82	1
185	185	2
169	171	2
8	12	2
42	107	2
177	177	4
158	158	6
153	153	3
204	204	3
50	88	3
145	147	1
66	66	2
15	51	1
208	208	10
149	166	1
245	246	3
235	235	1
169	169	3
200	217	1
108	236	1
104	104	2
186	187	2
47	114	1
156	156	7
44	179	2
199	200	1
119	119	3
159	175	1
12	57	1
30	39	1
35	36	1
196	196	1
217	217	1
71	72	1
56	96	1
212	212	2
60	61	1
172	173	3
211	212	1
15	105	1
188	188	4
43	153	2
170	172	2
222	222	2
161	161	4
102	103	1
14	15	4
159	159	2
38	39	1
185	223	1
94	95	2
60	60	2
246	247	2
243	243	4
239	239	4
9	11	2
74	74	2
77	77	4
109	109	3
99	99	4
95	96	1
234	235	3
171	171	5
106	106	1
70	71	2
108	111	6
213	214	3
219	219	1
170	170	3
229	230	2
91	93	1
164	171	2
50	71	1
42	54	1
90	91	4
94	94	7
57	59	2
89	94	2
25	36	1
94	194	2
215	216	3
183	183	2
49	49	2
166	171	2
7	9	1
42	108	2
182	183	3
34	34	1
19	19	2
223	223	4
37	42	1
17	233	1
41	42	2
179	185	2
244	248	1
175	237	3
3	3	2
14	14	2
95	104	2
98	98	1
195	195	2
209	215	1
155	155	5
48	49	2
212	231	1
17	204	1
1	18	4
8	8	4
76	83	1
194	195	1
182	184	2
46	54	1
14	219	1
6	6	1
53	65	1
19	46	1
179	179	3
92	94	1
16	17	2
36	37	1
61	62	1
115	119	1
177	179	1
26	26	2
199	202	2
106	107	1
222	241	2
103	116	1
3	19	4
182	191	2
27	36	1
85	85	5
237	237	2
74	76	2
93	100	1
187	189	1
84	84	1
217	218	1
20	20	5
211	232	2
176	176	1
77	108	1
246	246	2
219	221	2
78	97	1
112	113	2
178	178	4
108	110	2
153	185	4
109	240	1
92	92	6
54	66	3
172	174	1
1	22	1
20	22	3
14	233	1
182	213	1
43	51	1
11	199	1
175	211	1
114	114	2
211	211	5
66	101	2
35	35	3
159	191	1
95	106	1
105	106	2
21	21	3
158	175	1
162	164	1
208	209	1
229	229	3
69	69	1
238	238	1
18	19	6
222	223	3
163	163	2
67	68	1
149	159	1
231	234	1
57	57	3
107	108	1
240	240	1
96	97	1
205	205	3
245	245	5
76	97	1
114	145	2
183	184	5
114	247	1
226	226	1
56	58	2
162	174	1
41	109	1
210	216	1
161	162	2
65	65	3
6	7	2
20	21	1
231	231	4
63	69	1
188	189	1
54	54	3
118	119	3
55	57	1
39	47	1
231	242	1
62	68	1
153	160	2
231	241	3
172	172	3
179	188	1
30	30	2
186	189	1
165	167	1
71	71	1
201	201	3
24	25	1
176	177	1
209	237	1
108	189	1
105	105	2
25	31	2
201	220	1
187	196	1
150	150	1
20	194	2
11	112	1
174	176	1
177	184	2
230	231	2
35	38	1
202	206	1
187	187	1
243	244	1
96	96	3
162	162	4
240	242	1
180	180	2
154	154	3
69	70	1
179	226	1
214	220	1
108	190	1
69	95	1
35	42	1
80	81	1
71	86	1
12	12	1
46	46	2
70	70	1
64	66	1
190	195	1
59	59	1
35	81	3
176	209	1
221	233	1
76	76	2
38	38	1
178	180	1
238	242	4
12	31	1
67	67	4
181	181	2
101	101	1
176	210	1
64	64	2
180	184	2
30	31	1
157	193	2
197	231	1
76	78	1
60	100	2
20	38	3
25	37	1
177	195	4
100	100	4
15	78	1
176	179	1
87	88	1
73	73	4
27	27	1
183	204	2
96	98	1
149	150	1
32	33	1
220	240	1
40	40	1
63	64	1
89	91	2
56	56	2
116	186	1
112	240	1
7	7	1
175	176	1
173	173	1
110	111	1
168	168	1
160	166	2
214	214	3
189	195	1
86	86	1
209	240	3
34	104	4
150	169	2
191	192	1
229	248	1
98	99	2
155	197	1
18	22	1
114	115	2
39	39	2
236	236	2
91	104	1
112	112	1
163	170	2
110	110	2
160	160	2
27	78	1
199	228	1
32	90	1
76	96	2
200	228	1
28	94	1
174	237	1
158	159	2
233	233	2
197	197	2
24	24	1
163	164	2
166	167	2
22	22	1
190	192	1
57	118	1
34	39	1
151	151	3
4	232	1
80	82	1
182	210	1
189	192	1
19	20	2
167	171	2
4	4	1
97	97	2
183	243	1
160	173	1
31	73	1
45	46	4
50	58	1
31	32	2
28	29	1
45	45	1
5	5	2
49	74	1
190	190	2
68	69	1
192	192	1
69	72	1
42	58	1
244	244	2
0	1	2
32	88	1
103	224	1
115	116	1
115	153	1
168	174	1
185	236	2
38	90	1
183	185	1
18	109	1
14	234	1
193	212	1
116	116	1
146	147	1
9	9	3
73	75	1
188	190	1
89	103	1
29	29	2
154	225	1
38	88	1
51	52	1
166	178	1
55	56	1
180	181	1
34	76	2
158	176	1
232	232	1
166	176	1
208	233	1
152	154	1
60	62	1
199	199	1
9	14	1
37	37	2
53	53	1
152	172	1
147	147	1
187	191	1
239	242	1
77	78	1
164	164	3
118	118	1
46	48	1
71	73	1
13	15	2
16	50	1
101	104	1
180	186	1
1	1	2
9	10	1
185	211	1
66	95	1
39	40	1
82	102	1
242	245	1
150	151	1
189	196	1
90	90	2
19	109	1
57	58	2
182	243	1
244	245	1
75	115	1
180	197	1
49	50	1
198	199	1
108	108	2
234	234	2
173	174	1
197	213	1
88	93	1
89	107	1
108	120	1
189	223	1
29	32	1
223	224	1
91	91	1
176	188	1
198	217	1
12	18	2
194	194	1
40	48	1
112	147	1
22	23	1
3	116	1
18	18	2
50	50	1
240	243	1
12	19	1
226	227	1
207	207	1
241	241	1
145	145	1
113	113	1
159	160	2
32	40	1
46	62	1
33	33	1
83	83	2
195	208	1
212	214	1
25	56	1
43	53	1
188	192	1
30	37	1
178	181	1
157	158	1
231	232	1
77	107	2
34	37	1
193	207	1
213	213	1
236	246	1
157	157	1
111	111	1
177	194	1
184	185	1
160	172	2
175	236	2
207	208	1
119	163	1
185	187	1
44	44	1
176	184	1
19	212	1
81	84	1
215	218	1
170	179	1
184	184	2
61	61	1
72	73	1
99	105	1
224	225	1
118	149	1
198	202	1
1	40	1
221	222	1
25	26	1
193	209	1
210	210	4
78	108	1
99	106	1
52	53	1
40	65	1
166	170	1
152	210	1
111	114	1
44	153	1
66	93	1
165	165	1
67	99	1
174	174	2
201	225	1
114	238	1
49	59	1
91	95	1
210	211	1
28	113	1
95	103	1
63	67	1
12	33	1
179	210	1
102	102	1
112	247	1
192	194	1
113	150	1
236	238	1
