56	56	3
85	85	3
87	88	4
79	80	1
43	43	2
53	54	3
78	78	6
51	51	6
92	92	7
42	43	3
73	74	2
85	88	1
38	38	10
58	58	1
95	96	3
47	47	5
100	100	2
56	57	2
39	39	2
55	57	2
97	97	4
44	44	6
57	58	3
82	82	1
52	52	2
63	64	3
36	36	4
44	45	2
34	34	1
76	76	4
32	32	1
42	42	2
100	102	2
88	88	7
46	47	2
40	41	1
45	45	7
65	65	7
71	71	5
50	55	3
68	99	1
59	59	5
22	22	3
63	63	7
60	99	1
48	51	2
75	78	2
95	98	1
40	40	3
89	89	3
46	46	4
49	50	5
101	101	5
42	44	3
90	90	3
38	42	2
54	54	3
54	61	2
77	77	3
48	49	2
33	39	1
63	65	2
69	91	2
89	90	1
48	48	8
65	69	1
58	61	1
87	87	3
65	66	2
35	36	2
86	86	2
49	49	2
27	27	3
98	98	3
26	26	1
74	74	6
75	75	3
91	102	2
62	81	2
39	80	2
66	76	1
22	23	1
35	46	1
81	81	4
67	67	2
72	72	2
60	61	1
59	73	1
69	69	3
40	43	1
81	96	1
41	41	4
97	98	1
92	94	2
88	93	1
24	28	1
69	71	1
37	37	2
99	99	2
23	29	1
84	85	2
66	72	2
39	41	1
66	66	4
90	91	4
64	64	2
41	42	2
81	82	1
79	79	3
67	68	1
79	93	1
31	31	2
79	99	1
29	29	2
73	73	2
91	93	2
80	80	5
92	93	4
61	62	1
91	91	2
101	102	3
58	60	2
84	94	1
37	38	1
20	22	2
72	73	2
74	75	2
85	89	1
84	87	1
26	29	1
55	56	3
30	47	1
37	49	1
36	38	1
71	73	2
39	40	2
52	85	1
33	35	1
29	30	1
69	70	2
50	50	3
86	87	1
79	84	1
45	59	1
27	28	1
50	51	1
33	33	1
70	71	1
61	61	1
68	68	3
68	70	1
98	100	1
78	89	1
51	52	2
51	55	1
91	92	1
88	98	1
94	94	2
48	50	1
27	37	1
100	101	1
79	91	1
90	101	1
86	88	1
34	35	2
83	97	1
62	62	2
62	86	1
54	55	2
45	46	2
68	69	1
76	77	1
94	95	1
35	35	3
93	94	1
59	79	1
77	79	1
48	91	1
48	56	1
57	59	1
25	25	1
38	47	1
69	84	1
53	53	3
79	81	1
45	54	1
62	63	1
55	58	1
54	62	1
99	102	1
23	45	1
33	59	1
64	75	1
70	70	1
47	92	1
