32	43	8
77	77	3
74	74	9
105	106	9
60	60	17
100	102	3
26	26	5
55	55	7
100	100	11
27	32	3
50	50	12
104	106	6
77	78	3
83	86	3
82	82	6
37	37	4
75	76	13
103	107	4
33	40	1
81	86	4
57	57	9
41	42	3
66	67	3
95	100	7
20	20	3
74	79	3
32	32	4
85	85	5
24	26	4
47	47	8
109	109	16
111	113	1
92	92	3
61	61	2
40	40	2
61	91	3
65	65	5
94	94	6
107	108	7
103	104	3
60	73	3
88	91	1
63	93	5
97	97	16
59	59	8
72	72	6
91	91	9
73	73	8
96	96	7
76	76	6
60	89	3
105	105	14
68	94	3
70	70	3
98	99	2
67	76	5
73	74	6
70	71	5
50	53	1
90	90	5
69	69	3
35	35	3
49	49	7
71	75	7
52	52	3
51	51	7
58	62	3
19	19	1
109	110	5
98	109	5
101	101	3
75	75	2
71	71	9
114	114	5
78	78	6
97	101	2
78	79	1
39	39	3
107	107	6
52	73	3
99	103	3
98	102	3
87	87	11
69	70	7
58	58	2
24	25	6
106	106	7
67	67	3
76	77	2
77	92	1
86	87	3
71	74	4
53	55	4
103	108	2
19	35	2
35	36	4
113	113	4
48	48	1
63	64	1
31	41	2
26	29	4
41	41	4
88	88	4
100	101	3
111	111	4
64	64	9
90	91	2
68	69	11
63	63	2
33	34	3
73	75	2
95	96	8
110	110	9
87	88	3
75	77	2
54	57	1
62	63	3
64	65	4
58	59	2
25	25	4
28	28	2
98	98	6
77	101	7
42	44	2
53	64	4
67	68	1
91	94	4
50	51	6
99	109	4
82	89	1
42	42	4
84	84	8
92	109	2
94	106	4
86	86	7
36	39	3
45	45	2
44	44	3
40	41	2
110	112	3
55	57	6
99	99	1
38	42	3
107	109	4
75	78	2
102	102	8
24	24	1
57	59	4
68	68	3
74	75	4
22	22	2
61	62	2
43	43	6
83	83	3
30	30	3
66	66	5
60	66	1
73	76	1
95	97	2
51	110	4
59	61	1
54	54	5
96	97	1
98	108	2
20	22	1
20	23	2
36	37	1
104	104	1
25	41	3
108	108	1
69	74	1
52	110	2
93	93	1
21	21	3
96	110	3
89	90	1
94	105	2
56	76	1
104	105	1
53	73	1
46	46	1
23	24	1
38	39	2
95	95	1
112	112	2
46	47	1
61	79	1
89	95	1
56	56	1
94	108	1
65	66	1
103	103	1
53	53	1
