118	118	8
114	116	1
73	78	1
23	23	6
52	53	12
27	28	3
95	112	3
21	22	5
105	105	9
39	39	9
108	108	2
85	85	9
17	23	1
16	32	2
119	119	6
49	49	9
120	120	5
1	1	9
33	33	6
110	111	2
69	71	4
68	108	1
28	28	8
76	122	3
48	49	2
28	40	1
112	112	9
82	83	4
0	1	5
99	108	1
24	28	1
87	87	6
75	75	3
65	73	3
70	101	2
124	125	2
12	13	4
111	111	2
21	21	10
27	27	5
90	90	7
29	30	4
19	102	2
111	112	2
61	61	3
105	106	5
19	85	2
33	34	2
77	80	1
46	55	1
50	50	9
3	3	4
113	117	2
124	124	12
114	118	2
70	71	5
16	18	2
78	82	1
53	53	10
21	25	1
6	8	3
44	48	1
22	22	5
23	55	2
74	74	9
67	67	4
72	72	8
62	73	1
87	91	3
120	121	3
0	0	3
29	32	1
76	93	1
49	50	3
48	50	1
56	131	1
15	15	9
74	78	2
56	105	1
125	131	1
59	60	1
34	34	1
119	128	1
95	95	6
12	12	5
109	109	5
13	23	1
7	17	1
102	102	6
49	54	1
8	11	1
113	113	11
2	9	1
19	19	6
18	19	2
109	118	1
91	93	2
92	98	2
29	29	4
128	128	4
70	70	8
30	43	1
64	64	6
2	2	4
20	20	6
86	86	9
78	81	1
42	49	1
106	115	1
31	32	2
108	114	2
12	53	1
40	40	7
78	79	4
13	13	9
120	123	1
11	12	3
18	18	4
52	52	10
49	64	1
97	97	5
60	66	1
92	92	3
79	99	1
80	89	2
50	121	1
62	62	4
4	6	1
78	78	10
53	56	1
87	88	1
25	26	4
21	23	1
48	125	1
110	110	7
43	46	3
80	80	6
104	108	1
46	47	3
42	42	3
30	30	7
84	84	6
103	103	2
122	122	3
114	120	2
102	103	6
4	25	1
100	100	5
130	131	2
59	59	7
56	112	1
98	98	5
68	68	4
82	82	8
69	69	3
81	131	4
43	43	3
73	73	4
10	10	2
83	87	2
26	26	10
129	129	7
63	63	6
89	91	1
99	124	3
39	43	1
19	25	3
94	115	2
92	118	1
69	110	3
65	65	5
73	131	1
75	76	7
68	69	3
99	100	3
111	119	2
132	132	4
24	24	2
126	128	3
4	5	3
79	79	5
14	14	7
58	58	4
116	116	11
13	16	1
80	93	1
93	93	5
83	83	4
60	61	4
42	44	4
24	25	4
90	98	1
0	11	5
89	97	1
58	59	3
112	113	1
80	81	6
101	101	7
40	41	6
56	56	4
16	16	2
5	13	1
8	8	2
117	117	6
8	9	1
2	3	2
98	116	1
44	67	3
131	131	6
115	115	6
40	59	1
89	90	2
17	18	1
101	126	1
115	116	3
48	48	6
121	121	5
64	65	2
46	46	7
51	51	5
117	128	1
38	38	3
43	54	1
7	7	1
91	92	4
76	79	1
54	54	4
106	107	1
117	125	1
76	76	4
88	104	1
11	50	1
89	92	1
41	77	1
5	6	2
73	74	3
115	130	2
91	91	5
17	17	3
0	132	1
24	30	1
95	116	1
121	123	1
44	45	1
113	114	4
47	48	4
7	38	1
11	95	1
62	63	2
94	94	7
22	24	3
99	109	1
60	73	2
54	65	1
54	84	1
113	115	1
8	17	1
40	47	1
100	101	1
79	80	1
32	32	10
16	28	1
27	48	3
57	57	4
123	123	5
55	101	1
114	119	2
43	44	1
109	116	1
126	126	6
96	96	3
93	94	1
106	106	4
101	108	1
9	10	3
31	83	1
97	98	1
117	124	1
77	77	4
25	25	3
40	54	1
43	45	2
60	72	1
104	104	7
69	70	3
104	112	1
19	20	2
31	33	5
96	114	2
31	31	1
57	89	1
29	62	2
65	83	1
112	115	1
14	28	2
5	11	1
15	28	1
107	107	4
45	54	1
125	125	3
47	72	1
38	74	1
111	114	1
0	7	1
100	102	3
40	44	1
60	62	1
116	117	4
72	97	1
14	23	2
49	121	2
38	39	2
12	23	1
11	11	5
71	72	1
76	77	2
45	45	8
90	92	1
127	127	5
30	47	1
71	102	1
4	4	4
123	124	1
125	126	1
98	99	2
121	122	3
6	6	1
23	39	1
10	106	1
5	9	1
27	63	1
91	111	2
98	101	1
101	102	1
8	13	1
88	89	5
103	128	1
0	48	1
97	108	2
118	119	1
77	93	1
53	59	1
83	84	2
51	64	1
65	85	1
79	88	1
53	54	2
105	115	1
45	72	1
23	34	1
0	4	1
109	111	1
65	66	1
15	127	1
127	128	1
100	115	1
78	92	1
5	5	3
106	110	1
79	109	1
32	49	1
81	81	2
53	86	1
39	42	1
48	53	1
41	43	1
47	47	3
52	54	1
33	125	1
76	96	1
104	107	1
22	89	1
107	120	1
42	43	1
112	120	1
19	32	1
41	41	1
107	114	1
104	105	2
10	24	1
9	13	1
19	33	1
89	89	2
81	82	1
66	66	2
50	72	1
77	101	1
85	86	1
82	99	2
77	105	1
115	119	1
44	44	4
60	60	3
100	109	1
12	93	1
115	117	2
60	65	2
9	9	1
72	73	4
133	133	2
86	88	1
13	51	2
71	71	4
62	65	1
66	96	1
74	127	2
77	78	1
71	76	1
100	108	2
2	7	1
47	65	1
37	38	2
44	77	1
40	75	1
107	125	1
18	34	1
13	15	2
99	99	3
7	8	1
132	133	1
43	79	1
39	40	1
94	95	2
27	29	1
63	111	1
90	91	1
29	83	3
44	53	1
45	55	1
19	30	1
92	119	1
48	52	1
73	128	1
99	102	1
40	66	1
44	95	1
43	60	2
56	57	1
50	51	1
42	59	2
126	127	2
22	55	1
58	62	1
48	51	1
61	73	1
27	67	1
46	48	2
111	124	1
28	123	1
3	4	1
48	69	1
1	2	1
39	129	1
13	14	2
53	96	1
23	24	1
38	41	2
1	10	1
78	80	1
18	83	1
67	93	1
67	72	1
99	103	1
56	69	1
64	80	1
57	69	1
48	103	1
80	82	1
40	43	1
18	24	1
88	88	1
91	98	1
15	16	3
79	81	1
2	102	1
57	64	1
40	42	1
113	126	1
51	57	1
76	81	1
96	97	1
87	110	1
110	125	2
80	129	1
107	108	1
20	89	1
55	55	1
32	33	1
25	54	1
54	87	1
25	27	1
107	118	1
55	59	1
47	49	1
114	114	1
