37	37	3
53	53	4
39	49	2
92	92	6
60	60	5
21	21	4
95	96	3
83	83	4
47	47	7
48	49	1
71	91	2
76	76	5
43	51	1
75	75	9
102	102	3
83	86	4
49	49	4
104	104	1
45	89	1
39	39	6
90	90	6
31	75	1
77	81	2
52	52	1
85	87	2
102	103	2
38	39	4
97	97	4
61	62	3
61	92	3
64	64	2
34	34	9
21	59	1
98	98	2
47	101	2
50	56	2
42	42	3
75	76	2
86	88	2
69	74	1
58	89	2
74	74	7
50	51	3
55	55	11
71	71	4
101	101	4
85	85	2
100	100	4
39	43	1
56	57	3
78	78	2
90	91	1
23	24	2
60	61	2
27	28	2
48	59	1
56	62	2
99	99	4
66	66	6
67	67	9
62	62	7
44	54	1
29	29	2
75	82	2
105	106	1
82	85	3
41	41	1
105	105	1
95	95	2
26	38	2
82	86	2
23	23	4
65	89	1
57	81	1
22	95	1
59	59	7
56	56	4
54	77	2
84	84	4
44	49	1
51	51	4
50	50	1
82	82	5
87	87	2
68	76	1
65	65	1
94	94	4
40	40	1
98	99	3
69	69	4
79	80	4
100	101	2
101	102	2
77	78	1
42	45	1
57	57	2
68	69	1
76	80	1
27	29	1
41	79	1
24	104	1
62	63	1
26	31	2
70	90	1
45	45	1
32	33	1
34	38	1
48	48	2
81	81	2
35	35	8
62	64	3
61	61	2
22	22	1
81	99	1
36	37	4
41	42	1
83	90	2
73	74	1
41	43	1
38	79	2
56	58	1
28	28	3
76	77	1
52	53	3
83	84	2
59	60	1
30	31	2
33	49	1
79	79	2
39	79	1
69	70	1
31	31	2
26	26	3
72	72	3
57	80	2
79	81	2
40	41	1
84	85	4
72	74	1
96	96	3
45	49	1
91	91	1
24	24	2
89	90	1
97	99	1
67	68	3
39	45	1
64	65	1
103	104	4
63	85	1
28	39	1
63	63	1
82	99	3
20	21	3
40	81	1
58	58	2
83	85	1
28	45	1
103	103	2
96	99	1
58	61	2
22	62	1
54	54	1
80	81	1
46	48	1
104	105	3
30	30	3
66	68	1
94	95	1
63	75	1
63	77	1
92	106	1
38	38	1
47	48	1
62	86	1
54	55	1
82	83	1
81	82	1
71	72	1
33	33	1
25	25	2
78	79	1
74	85	1
23	31	1
57	59	1
25	27	1
73	73	1
70	70	1
64	79	1
86	86	1
