83	84	2
97	98	1
114	115	3
7	19	2
16	16	1
108	108	3
137	137	5
101	102	1
132	132	6
80	92	2
83	83	5
11	11	1
103	103	3
22	123	1
89	90	2
90	91	2
75	77	3
78	79	1
116	116	4
112	117	1
77	78	2
129	129	5
115	115	4
95	95	9
109	109	3
22	26	2
24	25	2
91	91	3
86	87	2
15	17	1
108	122	1
8	19	1
107	112	1
82	87	2
126	126	6
28	28	3
96	97	3
117	117	4
118	118	8
122	123	3
115	116	4
7	7	2
78	80	1
110	125	1
28	29	1
37	79	1
126	127	1
17	19	1
87	93	1
135	135	4
119	121	1
21	24	2
125	131	1
30	31	1
88	93	2
134	136	2
123	123	3
100	100	3
116	127	1
5	6	2
130	130	4
23	72	1
93	93	1
98	98	3
113	113	2
26	26	1
32	32	1
114	114	2
127	127	3
105	107	2
136	136	6
3	3	1
26	109	2
77	77	1
9	9	2
94	95	2
124	124	3
134	134	2
27	29	2
93	94	2
94	128	1
73	73	3
124	125	3
107	108	1
122	122	2
82	82	1
11	12	1
136	137	2
75	75	2
120	120	1
16	20	2
110	111	1
107	107	1
0	1	2
111	112	2
34	34	2
22	23	1
35	35	2
108	111	2
103	108	1
129	130	1
121	121	3
26	100	1
77	81	1
75	76	2
76	81	1
120	122	1
102	102	1
80	82	1
134	135	1
100	107	2
126	131	1
71	122	2
12	12	3
101	101	2
81	81	3
138	138	5
119	119	1
78	78	2
92	94	1
37	37	2
131	131	2
123	124	1
87	88	2
103	109	1
106	106	1
24	24	1
131	132	3
29	99	1
140	140	1
8	8	1
87	87	3
71	72	1
11	18	1
20	20	2
106	107	3
84	103	1
33	72	1
111	111	4
102	104	1
21	21	2
133	133	3
28	132	1
108	109	1
134	139	1
84	86	1
95	96	3
13	13	2
92	92	5
106	109	2
93	96	1
22	22	1
79	80	1
17	18	1
125	125	2
72	72	1
105	105	1
89	89	1
15	16	1
76	76	1
133	140	1
97	97	2
94	126	1
2	11	1
121	122	1
134	138	1
112	112	1
25	26	1
19	114	1
10	33	1
6	6	1
86	86	2
86	89	1
2	15	2
123	126	1
74	93	1
104	104	1
124	129	1
38	38	1
23	23	1
85	86	1
105	106	1
117	118	1
90	90	1
128	129	1
13	14	1
18	18	1
11	14	1
18	21	1
38	85	1
10	11	1
5	5	1
92	95	1
36	37	1
102	103	1
92	126	1
30	30	1
124	128	1
100	101	1
116	124	1
15	15	1
27	27	1
