86	86	1
78	78	2
14	16	1
143	143	4
38	39	3
46	46	5
33	33	2
23	24	7
128	149	1
45	45	4
132	132	2
60	60	1
150	150	4
142	142	1
7	57	1
43	43	3
148	149	2
112	113	2
151	170	1
74	90	1
14	15	1
165	165	1
172	172	3
103	103	3
94	98	1
58	77	2
188	188	3
16	16	2
135	136	1
172	174	2
73	102	1
129	151	1
147	148	3
27	32	2
44	47	2
100	101	2
153	154	1
31	31	3
40	40	3
164	188	1
42	44	2
169	173	2
31	48	1
55	86	1
19	19	2
83	83	2
179	179	1
120	120	3
53	85	1
94	96	1
116	121	1
6	6	1
57	57	1
57	76	1
186	187	2
103	104	1
108	124	2
59	72	3
37	56	1
107	155	1
53	53	1
42	42	2
26	30	2
37	38	1
106	106	2
41	41	2
41	42	2
26	26	3
173	173	3
162	164	2
151	152	4
178	179	2
172	182	1
184	184	4
131	131	1
2	2	3
113	114	1
22	41	1
96	98	1
84	85	2
147	147	1
150	151	4
106	108	2
95	96	1
122	129	2
178	180	1
135	135	1
160	161	3
151	151	2
86	121	2
15	156	1
14	14	2
128	130	1
40	41	4
189	190	1
109	109	2
103	123	1
45	146	1
59	59	1
104	104	5
124	124	6
156	157	4
21	22	1
20	66	1
85	85	2
44	48	2
63	63	2
55	56	2
61	77	1
110	110	5
125	125	5
110	152	1
152	153	4
141	141	2
89	89	1
82	83	2
80	82	1
169	182	1
130	131	2
31	32	2
93	94	2
134	134	5
82	82	1
134	138	2
116	142	1
118	119	1
74	74	1
159	159	1
166	167	2
152	183	1
113	113	1
75	75	2
3	3	1
44	102	1
25	25	1
54	86	1
15	15	1
13	14	1
183	187	1
140	140	1
11	13	2
7	8	1
187	189	2
157	158	1
39	39	1
5	12	2
183	184	1
74	75	2
153	153	3
97	97	3
30	36	1
109	110	2
123	125	1
54	54	3
155	155	3
137	137	1
161	162	1
148	148	3
105	112	1
111	113	1
41	88	1
47	47	3
53	80	1
38	38	3
158	158	1
24	24	1
30	31	1
18	18	3
94	95	3
111	111	1
48	48	1
140	186	1
91	186	1
121	122	2
95	95	3
37	45	1
129	130	1
144	144	1
108	109	1
44	45	1
12	12	1
164	164	4
139	154	2
150	165	2
169	181	1
178	178	3
186	186	1
127	127	2
91	130	1
155	156	1
72	96	2
115	115	1
27	28	2
53	58	1
90	142	1
78	79	2
87	87	1
93	93	1
44	46	3
78	100	1
107	108	1
15	41	2
86	87	1
71	76	1
66	66	1
77	77	1
121	121	1
174	174	1
88	88	1
13	13	1
102	102	1
115	116	2
79	80	1
136	136	1
77	88	2
92	92	4
154	154	2
96	97	2
127	130	1
190	190	1
152	152	1
166	166	1
175	177	1
34	34	2
91	91	1
27	29	1
127	128	1
39	42	1
171	172	1
12	14	2
20	64	1
16	17	2
22	26	1
17	18	1
171	171	1
145	145	3
104	130	1
1	1	1
112	112	1
118	118	1
154	159	2
84	86	1
56	57	1
16	25	2
56	56	1
170	189	1
174	175	3
113	127	3
62	67	1
137	138	1
87	88	1
159	160	1
68	68	1
38	40	1
90	90	1
123	123	4
162	163	3
142	169	1
21	33	1
168	170	3
98	98	2
58	61	1
117	120	1
100	100	2
175	175	1
105	105	1
2	56	1
108	108	1
138	178	1
156	156	1
48	66	1
117	118	1
144	145	1
43	44	2
24	41	1
106	138	1
169	169	1
111	123	1
182	183	1
80	100	1
74	77	1
168	168	3
103	107	1
182	182	1
45	46	1
17	66	1
25	26	1
138	139	1
65	65	1
28	30	1
173	175	1
73	104	1
180	181	1
101	102	1
79	87	1
140	169	1
188	190	1
90	91	1
36	37	1
163	163	1
106	129	1
120	121	1
58	59	1
139	140	2
55	55	1
122	122	1
183	183	1
23	23	2
101	109	1
23	25	1
106	123	1
62	63	1
5	5	1
18	144	1
57	64	1
12	24	1
164	166	1
163	180	1
96	96	1
130	133	1
73	74	1
107	107	1
126	140	1
137	158	1
45	47	1
