74	88	2
43	46	2
47	47	9
8	11	1
70	70	6
76	77	3
61	61	3
81	82	2
52	52	7
15	15	1
5	5	6
86	87	3
18	19	1
41	41	11
49	49	12
105	105	13
111	111	6
23	23	4
32	32	4
58	62	3
7	8	2
65	65	10
133	133	4
74	89	1
31	32	7
44	44	13
56	56	7
23	24	7
69	69	5
29	29	4
16	16	5
48	91	1
111	113	1
48	49	5
42	42	6
3	4	4
9	46	1
94	95	1
19	20	2
9	9	7
22	33	1
4	4	7
12	13	5
40	41	3
115	116	8
73	86	1
120	120	9
130	130	5
7	7	3
114	123	2
16	17	3
71	72	6
114	114	7
57	57	9
55	55	6
47	90	1
24	24	8
108	114	1
53	53	7
124	124	8
41	43	6
64	64	4
13	13	11
122	123	5
55	56	3
33	34	5
48	48	9
54	54	10
45	46	2
81	81	8
83	83	3
105	106	3
4	7	1
15	16	3
66	67	4
77	77	4
59	60	4
92	92	6
82	82	6
38	56	1
43	43	9
80	80	4
99	99	7
93	93	9
9	27	1
72	108	2
42	43	3
46	46	7
73	73	5
102	103	7
14	15	4
118	128	1
98	98	5
100	100	6
119	119	6
84	85	2
1	2	5
110	111	2
117	129	1
59	59	7
116	116	5
69	70	5
59	98	2
50	51	5
76	76	4
6	6	3
99	106	1
127	127	3
38	39	3
95	95	6
39	39	5
90	92	4
11	11	4
103	103	5
113	114	3
51	52	4
120	122	1
23	55	1
117	117	10
90	90	8
112	112	7
126	128	8
2	2	7
72	72	4
21	22	1
45	45	9
49	53	2
61	62	1
120	123	1
45	65	2
39	41	1
29	30	4
114	115	1
81	89	1
70	73	1
71	71	7
124	125	8
82	83	4
17	17	7
86	88	1
88	90	2
99	127	6
128	129	5
77	78	6
68	68	3
20	20	8
22	25	1
74	77	2
98	100	3
53	54	3
59	82	1
95	96	1
11	12	3
97	97	5
115	115	2
78	78	9
91	116	1
132	132	6
63	63	3
2	3	1
60	61	3
93	94	2
62	62	7
43	74	1
25	25	8
72	73	9
18	23	3
59	79	1
104	105	3
107	115	2
88	88	5
96	109	1
66	68	1
60	60	5
91	91	2
83	84	3
64	68	1
3	3	6
125	130	1
79	83	1
21	24	1
30	50	3
82	85	4
115	125	1
106	106	2
1	1	3
89	90	3
131	131	3
110	110	17
111	112	3
81	85	1
22	22	4
51	51	7
79	80	1
59	61	4
103	104	2
91	92	3
80	81	2
79	98	1
8	8	2
66	66	3
125	125	6
106	108	2
118	118	5
24	55	1
109	109	5
28	29	4
126	127	2
117	133	1
70	83	1
94	94	4
26	26	3
79	86	1
58	58	5
120	132	1
87	88	2
113	113	6
46	71	1
60	89	1
10	98	1
54	58	2
52	53	5
50	50	9
101	101	4
83	85	2
91	93	3
1	13	1
3	9	1
29	38	2
5	8	1
18	18	2
89	95	4
67	79	1
27	27	6
121	121	3
74	75	1
74	74	4
6	8	1
67	67	4
79	79	7
118	132	1
25	26	3
52	123	1
60	62	2
40	110	1
42	75	1
130	132	1
77	80	2
91	94	1
0	1	2
128	128	7
40	44	1
105	110	1
71	93	2
87	87	7
94	104	2
39	40	4
8	9	2
121	123	1
129	130	4
109	111	2
12	12	7
65	66	3
51	57	3
102	102	3
79	89	2
40	40	12
26	27	6
100	101	2
108	108	5
15	22	2
91	100	1
89	106	1
85	87	2
100	127	1
17	24	2
25	60	1
99	100	1
54	70	2
10	13	1
27	57	1
75	75	3
84	84	4
127	128	5
33	33	5
65	77	4
44	45	1
25	28	1
55	57	1
126	126	2
46	48	1
5	6	1
92	100	1
77	82	1
98	132	1
30	30	4
43	52	1
49	50	2
43	44	3
14	69	2
101	102	1
112	122	3
97	101	2
125	129	4
10	47	1
84	86	1
43	45	2
18	58	1
86	86	1
20	27	1
86	90	1
61	63	2
97	98	7
47	48	5
56	95	1
92	94	1
12	20	1
106	114	1
0	0	2
104	104	2
42	76	1
14	14	4
10	21	1
17	23	1
60	79	1
71	74	1
98	99	6
29	31	3
41	76	2
17	18	2
16	18	1
79	82	1
107	107	2
78	81	1
22	30	1
46	47	1
89	89	5
124	128	2
70	72	2
28	28	3
62	88	2
96	105	1
90	99	1
25	27	3
117	119	1
84	102	1
70	71	3
10	11	2
129	129	3
71	73	1
47	57	1
77	79	1
26	62	1
20	21	1
31	31	1
85	85	3
122	122	2
113	125	1
1	22	1
58	88	1
114	116	2
65	95	2
38	38	2
13	19	1
62	63	2
95	104	1
58	60	2
124	131	1
125	131	2
93	104	1
123	124	2
65	71	2
14	22	1
10	12	1
9	47	1
5	7	2
55	59	1
108	119	1
13	16	1
68	69	1
125	126	2
64	101	2
67	68	2
76	88	2
6	7	1
102	104	2
50	52	3
96	97	1
34	34	3
38	104	1
47	72	1
69	87	1
30	49	1
88	89	2
101	132	1
104	106	1
1	3	1
10	10	3
39	55	1
80	97	1
78	79	3
116	117	1
112	113	4
123	123	5
93	118	1
100	116	1
19	25	1
129	132	1
122	132	1
64	86	1
73	75	1
58	82	1
98	101	1
106	107	1
72	81	1
62	75	1
93	101	1
56	57	1
9	11	2
81	97	1
119	131	1
112	114	1
12	14	1
30	39	2
39	92	1
32	39	1
96	96	2
42	74	2
92	93	3
4	113	2
59	66	1
45	67	1
97	102	1
99	102	1
53	88	1
102	130	1
11	93	1
49	92	1
101	120	1
41	42	1
75	96	1
130	131	1
88	92	1
131	132	1
119	120	1
109	120	1
118	119	1
48	95	1
18	22	1
55	58	1
2	5	1
52	92	1
42	44	1
55	60	1
11	14	1
87	91	1
82	84	1
77	104	1
54	60	2
32	33	1
29	57	1
15	23	1
62	102	1
64	79	1
46	72	1
58	59	1
7	51	1
89	92	1
24	39	1
39	43	1
75	85	2
57	63	1
125	127	1
14	17	1
104	132	1
120	124	1
71	109	1
31	54	1
68	125	1
39	49	1
45	48	1
113	117	2
48	110	1
64	65	1
54	55	1
108	118	1
15	19	1
68	74	1
13	14	1
