46	46	5
88	94	2
53	53	8
23	26	3
45	102	1
87	101	2
42	74	1
88	88	4
33	70	1
74	74	6
48	49	3
68	68	3
63	63	7
73	73	8
85	85	9
43	44	3
47	47	8
92	101	2
76	76	5
65	65	13
44	48	1
88	91	1
79	83	3
81	81	8
23	67	2
66	68	2
31	32	1
85	92	1
79	80	8
67	67	12
83	83	3
58	60	3
23	23	1
87	97	2
24	25	3
59	59	8
29	30	4
33	35	1
45	49	1
86	86	8
66	67	4
57	57	8
84	84	2
95	95	5
90	91	2
73	74	4
99	99	5
40	41	2
93	93	6
91	91	6
33	37	1
24	24	2
87	88	6
82	82	1
44	44	4
100	101	2
33	61	2
64	65	1
72	72	5
62	78	1
71	71	5
68	69	6
92	94	2
58	77	2
96	96	4
43	43	6
47	48	3
60	60	7
97	101	1
20	26	2
53	54	1
51	55	1
25	25	3
39	39	2
32	52	1
50	52	1
67	68	4
52	89	1
93	94	4
67	75	1
45	45	3
35	37	4
41	41	4
76	77	7
38	38	2
44	46	2
80	81	6
40	40	3
50	50	8
86	87	1
53	95	1
36	36	3
59	69	2
52	52	7
89	89	2
23	34	2
60	79	2
97	97	2
61	84	1
67	92	1
49	67	1
80	80	6
101	101	3
48	85	2
91	92	2
35	36	3
58	59	7
73	92	1
49	49	6
57	59	3
96	98	3
48	48	4
46	86	1
39	40	1
65	71	2
25	28	2
55	101	1
30	30	1
50	63	2
64	64	6
56	67	2
50	73	2
34	34	3
71	72	3
89	92	1
47	54	1
60	61	4
77	77	3
97	98	5
79	94	2
46	91	1
58	58	3
42	43	1
78	78	9
49	51	1
26	26	1
32	32	1
69	70	2
44	45	3
50	55	1
96	97	3
79	81	1
31	31	5
36	37	4
48	51	3
89	100	1
83	86	1
34	61	1
97	100	1
48	65	1
37	42	1
45	52	2
70	85	1
34	35	1
85	96	1
54	54	4
94	98	1
83	85	1
20	20	2
79	79	5
62	62	3
54	55	3
27	27	4
98	98	2
20	22	1
59	60	1
99	100	3
22	22	2
46	48	1
51	71	1
41	85	1
86	89	4
75	75	9
74	75	3
70	70	8
96	99	1
52	97	1
68	101	1
26	80	2
60	74	1
90	90	5
95	97	1
72	73	2
92	92	5
66	66	2
46	101	1
42	42	3
33	51	1
83	89	1
58	61	2
95	96	2
45	51	2
59	64	1
67	70	1
102	102	2
26	28	1
94	94	5
47	86	3
81	84	1
25	26	3
55	55	2
62	77	1
37	55	1
60	80	1
56	56	2
57	102	1
100	102	1
91	102	1
33	50	1
73	75	1
46	54	1
25	54	1
101	102	2
79	85	2
69	69	3
39	86	1
61	61	3
82	84	1
71	76	1
82	83	1
79	90	1
60	90	1
35	54	1
38	39	1
62	63	1
80	82	1
51	52	1
41	52	2
33	33	2
24	26	3
32	60	1
49	50	3
78	102	1
51	51	2
78	81	1
27	28	1
100	100	2
68	92	1
24	27	2
92	93	2
37	37	1
72	74	1
55	56	1
71	75	1
52	58	1
75	95	2
42	70	1
75	76	1
63	78	1
61	79	2
28	28	1
33	34	1
23	27	1
84	86	1
71	81	1
89	101	1
35	89	1
44	71	2
85	86	1
73	80	1
37	46	1
84	98	1
85	89	1
22	25	1
81	95	1
37	94	1
30	31	1
79	101	1
57	60	1
58	69	1
89	90	2
29	29	1
22	24	1
87	87	1
84	94	1
62	84	1
63	68	2
61	92	1
63	74	1
61	62	1
46	47	1
49	99	1
64	72	1
64	66	1
48	99	1
84	96	1
93	98	1
