166	166	3
120	120	4
22	22	1
142	142	1
25	25	3
99	99	4
167	169	1
140	140	2
132	132	3
58	58	2
45	46	2
36	37	2
150	150	2
4	6	2
6	7	2
52	57	1
108	108	2
6	6	5
73	73	1
1	1	7
4	5	2
121	122	1
21	21	1
4	4	8
47	47	2
46	47	1
115	115	4
147	148	7
44	45	1
7	114	1
131	131	3
127	128	4
17	17	9
74	75	2
114	123	3
92	92	5
87	87	1
126	126	4
122	137	2
23	37	1
50	51	4
9	9	4
37	37	5
146	146	2
125	125	3
143	144	1
50	50	3
44	44	4
38	38	5
39	41	2
24	24	5
154	160	1
113	113	1
46	50	1
155	155	4
91	94	3
0	1	1
72	72	3
7	7	6
64	68	1
156	156	1
20	21	1
117	117	2
54	55	1
108	138	2
86	86	2
169	169	2
84	84	4
109	109	2
79	105	1
92	94	1
67	69	1
64	64	3
54	54	3
44	47	3
43	44	2
147	147	2
145	146	1
49	49	3
109	110	1
74	74	3
139	141	2
36	36	3
12	13	1
168	168	2
84	130	1
124	124	2
152	152	1
18	20	1
62	62	3
20	22	1
10	10	6
153	154	1
114	114	2
43	43	7
52	52	3
125	142	3
118	123	4
65	100	2
90	96	3
85	85	3
64	69	2
159	159	3
2	2	2
46	52	4
99	100	1
46	46	1
88	88	3
8	8	3
105	105	2
38	110	1
130	132	1
132	134	1
7	8	4
8	10	1
107	114	1
56	56	2
135	141	3
165	165	2
70	71	1
63	64	1
41	46	3
66	66	5
85	105	1
111	111	4
34	34	1
20	20	4
24	25	2
38	41	1
98	98	1
119	120	2
113	114	1
22	23	7
162	163	1
0	0	2
39	39	5
63	63	1
85	93	1
134	134	3
151	153	1
38	40	3
145	145	1
104	104	1
20	27	1
77	79	1
53	55	2
94	94	1
102	105	2
38	39	3
128	136	1
80	81	1
149	149	3
67	70	1
144	149	4
107	108	1
7	152	1
82	82	3
77	77	3
167	167	1
101	104	1
81	105	1
67	71	1
148	159	3
128	129	1
158	158	2
65	66	2
107	107	4
156	161	2
103	103	1
45	54	2
89	89	2
90	90	4
75	75	3
118	119	2
106	107	2
47	48	1
81	82	2
141	141	1
129	129	1
128	128	1
62	69	2
37	112	2
137	137	2
45	45	3
80	83	1
26	26	1
95	95	2
14	15	3
11	22	1
126	127	1
161	161	1
84	105	1
93	93	1
139	139	1
135	135	2
40	45	1
79	79	1
106	106	1
163	164	1
78	80	1
88	89	1
146	148	1
111	147	1
52	58	2
116	116	2
11	19	1
77	81	1
19	19	2
65	96	1
39	40	4
110	136	2
65	65	1
114	116	1
121	156	1
100	100	1
140	143	2
11	13	2
52	56	1
11	11	3
135	136	1
163	165	1
139	140	1
12	12	2
157	158	1
136	136	2
15	22	3
14	20	1
54	149	1
107	136	1
66	83	2
35	35	1
69	69	1
41	41	1
118	118	2
86	129	1
96	99	1
48	48	1
55	55	1
68	100	1
136	137	1
124	125	1
112	113	1
84	85	1
10	13	1
123	123	2
23	23	3
86	128	1
52	55	1
86	88	1
12	14	1
66	82	1
74	76	1
18	18	2
111	159	1
25	26	1
138	142	1
25	136	1
40	40	1
42	42	1
94	95	1
49	54	1
71	71	1
67	68	1
47	49	1
3	3	1
151	154	2
50	54	1
77	78	2
115	116	2
94	131	1
135	138	1
2	158	1
3	4	1
133	133	1
102	103	1
149	150	1
15	21	1
80	80	1
96	96	1
18	23	1
22	24	1
122	122	1
134	135	1
5	6	1
52	124	1
149	158	1
122	123	1
