74	74	3
22	24	1
24	24	3
72	74	2
95	109	1
61	61	3
28	63	2
31	36	1
22	23	4
97	97	4
86	88	1
74	92	1
98	101	2
77	77	1
105	105	2
63	64	2
29	57	1
73	80	3
30	30	3
56	56	1
102	102	2
32	36	1
31	31	4
104	107	1
28	32	1
55	59	2
83	83	3
48	84	1
62	78	3
26	26	2
76	77	1
46	46	3
78	78	2
65	65	1
48	48	2
65	96	1
105	107	4
88	89	3
105	106	1
64	64	2
104	105	1
52	78	1
54	60	1
97	103	1
100	100	2
39	40	1
91	91	2
51	62	1
102	108	1
21	21	3
67	67	2
78	81	1
29	29	1
62	77	1
43	43	2
31	37	1
73	74	4
43	44	1
72	95	2
104	104	2
22	22	1
87	88	2
57	78	1
83	84	3
32	52	1
87	87	2
95	95	2
34	34	1
112	112	1
37	37	1
47	48	2
55	56	3
27	77	1
20	76	1
20	20	1
68	74	1
25	25	1
53	53	3
71	71	3
92	92	1
33	111	1
72	72	3
72	75	1
23	23	1
76	76	1
69	70	1
49	49	1
66	75	1
50	53	1
97	98	1
82	82	5
33	34	1
63	63	1
38	38	2
100	104	1
47	47	1
110	110	3
69	69	2
53	76	1
85	105	1
59	59	4
56	57	1
94	109	1
41	41	2
31	51	1
40	41	1
55	55	2
101	102	1
98	98	3
30	47	1
81	87	1
63	78	1
90	90	1
33	35	1
84	85	1
30	42	1
40	40	2
20	21	2
103	103	1
91	97	1
96	96	1
29	81	1
48	49	1
42	45	1
68	70	1
46	47	1
98	100	1
103	104	1
19	112	1
29	31	1
96	97	1
62	62	1
31	32	1
30	113	1
64	70	1
58	58	3
65	67	1
36	36	1
31	39	1
54	54	1
65	66	1
45	47	1
29	30	1
84	86	1
89	89	1
64	65	1
44	60	1
20	80	1
70	106	1
101	109	1
99	99	1
33	49	1
32	48	1
88	88	1
57	58	1
81	81	2
86	89	1
78	82	1
74	75	1
75	75	1
39	47	1
