97	97	26
186	187	6
21	29	15
237	237	8
80	80	14
131	131	6
205	206	14
226	226	11
209	210	11
58	60	3
200	200	14
109	110	3
29	30	5
54	55	5
88	88	5
200	202	9
56	105	2
159	159	18
56	56	22
5	22	5
24	144	4
169	169	9
134	134	11
73	75	5
103	104	6
216	216	11
205	205	8
226	227	19
212	213	7
25	25	22
68	74	5
19	19	16
132	137	4
202	205	3
200	201	6
219	219	13
98	98	9
44	47	6
22	22	30
53	53	13
13	13	23
26	27	1
15	15	17
50	53	5
117	120	2
148	150	9
17	18	7
71	72	3
185	185	13
212	212	25
19	49	4
33	39	1
16	177	7
193	196	5
71	71	17
188	204	5
172	193	1
38	39	3
68	89	4
104	104	14
141	177	5
204	205	8
139	139	16
59	59	17
162	162	6
214	214	17
3	3	15
41	41	8
172	172	9
39	39	10
65	65	5
21	22	5
220	220	18
209	209	15
36	36	19
69	70	3
56	57	4
60	60	21
119	119	8
23	23	29
85	85	37
54	54	27
143	143	6
62	62	12
49	49	12
21	21	6
40	40	26
105	105	8
228	229	10
123	123	12
70	70	18
171	171	29
32	32	14
156	157	9
6	6	13
152	156	5
48	60	2
202	202	9
11	11	31
149	149	16
13	17	1
118	119	8
81	84	3
151	151	14
217	228	2
121	121	17
147	151	1
133	133	19
38	38	12
40	41	3
231	233	2
18	20	6
46	46	24
231	231	16
14	14	13
51	52	4
114	114	13
79	83	4
221	223	7
27	27	18
15	19	7
228	228	8
213	213	11
144	144	22
190	200	5
55	55	29
9	9	13
4	4	14
180	180	23
141	142	5
26	26	12
160	175	4
232	232	4
97	98	4
166	166	15
199	200	4
6	8	1
191	192	5
181	183	7
168	168	3
188	201	6
126	126	13
178	178	7
23	24	4
37	37	15
224	230	4
2	2	15
12	16	2
60	108	7
7	23	5
0	0	22
43	43	20
83	83	16
163	163	16
0	1	18
33	33	17
43	47	9
220	221	3
128	130	2
30	37	5
134	139	6
181	182	4
29	29	26
158	159	7
184	184	9
61	61	12
77	77	18
47	47	11
193	193	10
127	127	18
154	163	1
74	74	25
160	161	21
167	167	12
113	114	2
232	234	2
44	44	9
100	100	4
189	190	10
61	62	6
112	112	3
68	68	17
63	64	8
153	153	9
89	89	11
44	45	6
47	60	5
99	101	3
135	136	16
101	101	31
215	215	8
52	52	6
118	118	3
3	12	7
28	28	21
237	238	12
192	195	1
189	205	2
158	158	5
12	12	14
128	128	10
18	22	1
45	46	2
176	177	5
63	63	5
20	20	21
192	193	2
64	64	11
133	143	2
32	165	4
241	241	9
226	228	4
240	240	10
174	174	11
224	225	4
0	111	4
211	225	2
239	239	24
84	84	18
34	36	6
155	157	4
182	182	18
12	37	2
103	103	38
31	39	8
34	34	20
29	31	4
223	224	13
39	56	3
131	171	6
229	229	8
9	10	11
79	79	12
197	197	6
142	144	6
145	145	17
181	181	22
42	42	17
139	140	7
33	36	7
218	218	21
102	102	10
9	32	7
107	107	8
208	208	18
4	131	2
3	23	9
24	40	1
8	10	7
87	87	2
170	172	5
96	98	6
8	8	27
196	201	2
21	33	3
157	157	19
58	58	13
10	23	3
217	217	17
12	15	3
99	99	29
211	221	3
189	189	7
34	35	4
222	222	2
31	31	22
235	237	2
78	79	6
164	164	6
45	70	8
30	30	9
73	73	12
170	170	11
35	36	17
190	190	6
211	212	3
197	199	2
225	225	5
83	84	10
116	116	5
52	53	16
234	234	4
179	179	15
53	54	7
98	109	9
38	56	2
152	173	4
147	148	7
24	24	20
236	237	1
57	58	5
210	210	1
149	150	2
54	75	10
224	224	6
48	59	4
173	174	7
238	238	14
118	120	5
120	120	9
67	67	11
106	106	5
122	128	4
27	38	3
160	160	5
52	54	6
207	207	7
177	177	13
69	69	11
217	218	2
199	199	6
149	181	7
74	76	2
39	45	2
155	158	1
157	159	3
159	214	4
0	158	3
14	59	7
187	187	4
145	147	3
14	16	2
155	156	6
72	86	4
55	82	3
242	242	8
25	44	3
32	33	3
171	172	4
135	138	3
1	1	10
138	145	4
117	118	7
157	161	4
103	108	4
23	60	1
80	110	5
81	81	8
186	186	22
35	41	4
72	72	8
126	127	4
152	152	22
203	204	9
137	137	2
136	137	4
78	78	5
96	97	8
208	211	6
194	194	6
30	31	3
204	204	6
176	176	6
152	153	6
68	69	9
227	227	13
102	130	5
138	139	3
183	184	3
147	147	4
77	78	4
141	176	2
63	226	2
193	236	6
151	154	2
170	183	2
85	88	1
66	66	7
210	212	4
198	198	14
140	140	6
102	175	5
182	186	4
57	57	13
216	232	2
37	38	7
125	195	2
162	163	2
58	74	4
79	80	2
117	117	4
19	20	7
206	206	17
60	100	6
129	129	9
95	95	13
146	175	5
44	70	2
84	85	1
20	23	7
59	60	4
194	212	3
154	155	6
233	233	3
9	15	4
193	194	3
192	192	11
66	67	8
143	145	2
142	142	11
189	201	3
215	216	3
195	195	7
113	113	2
86	86	13
159	160	5
40	206	4
146	174	5
148	148	22
121	129	4
24	32	2
129	130	7
177	198	4
18	18	16
95	100	2
114	115	15
109	109	9
164	165	3
173	173	6
46	58	3
76	76	10
179	180	16
4	102	3
151	152	4
10	10	16
2	3	11
230	230	7
67	75	5
164	218	1
130	130	12
203	203	7
204	206	4
222	230	3
204	211	1
60	66	7
83	104	2
230	231	4
8	11	4
187	188	3
236	236	7
28	29	2
115	115	9
31	48	2
106	108	1
141	141	9
177	179	5
186	214	3
150	154	5
146	146	3
48	48	4
7	8	5
135	135	8
78	107	7
188	189	8
165	165	9
84	99	2
151	153	1
239	240	13
129	134	3
113	121	3
4	5	7
227	228	7
156	156	2
31	32	2
197	200	5
88	89	5
140	166	1
227	230	1
71	73	7
175	176	1
58	59	6
170	179	5
154	154	12
224	228	3
169	199	1
36	37	2
219	227	5
190	191	2
7	7	7
120	129	1
22	48	3
45	45	8
99	100	2
211	213	2
162	169	3
207	208	12
25	27	5
65	144	4
11	15	3
50	75	5
216	217	3
62	63	1
71	105	1
52	59	1
47	58	1
221	221	3
174	175	1
0	2	2
146	152	2
41	42	3
10	98	1
77	81	2
67	68	5
100	103	5
17	17	8
11	148	3
156	158	2
133	134	2
201	201	6
82	104	2
10	100	2
13	29	3
167	168	7
96	96	1
70	71	3
39	75	4
144	145	1
112	113	8
186	216	4
166	208	2
66	71	1
169	178	2
101	109	1
194	211	1
22	23	5
101	104	9
8	9	3
35	35	15
177	178	4
113	126	1
234	237	2
43	44	4
186	198	1
10	142	1
66	68	8
202	204	6
150	150	4
195	199	1
116	117	8
122	122	3
187	200	7
1	3	3
141	143	1
104	105	4
24	28	4
2	102	3
191	191	6
216	221	1
196	197	2
155	155	2
8	16	3
48	61	1
167	199	3
53	84	3
134	140	1
110	110	2
98	130	1
122	123	3
16	19	7
132	138	1
15	47	1
64	72	3
130	131	1
53	57	1
225	227	2
174	182	1
80	81	3
11	13	2
150	152	4
38	59	2
159	179	3
128	129	3
125	125	3
81	82	2
1	2	3
8	21	2
57	69	1
14	15	1
67	85	1
149	155	1
232	233	5
159	215	7
33	35	1
20	21	4
5	102	3
148	149	2
16	178	4
85	86	3
202	203	2
195	198	1
175	175	8
8	29	2
27	28	3
196	198	3
211	211	3
18	19	2
42	73	2
60	105	3
33	40	2
48	58	1
5	5	3
139	142	3
75	84	2
220	223	2
65	103	7
210	211	3
38	73	2
145	146	1
171	173	3
13	57	2
122	127	3
144	183	1
16	16	3
180	181	3
23	137	2
208	209	1
23	29	1
131	134	3
153	154	1
72	100	2
143	181	4
69	81	2
141	151	2
157	169	1
50	50	2
53	69	1
235	236	2
10	26	2
82	82	2
241	242	1
65	73	3
202	206	3
7	21	2
74	75	1
78	80	3
75	75	4
127	128	1
165	184	2
43	52	3
95	96	1
242	243	2
32	48	5
134	135	1
12	13	2
67	70	2
8	34	1
49	50	1
143	144	1
101	102	2
181	186	1
71	137	2
27	37	1
172	173	3
184	185	1
183	183	1
46	47	4
98	99	2
6	21	3
142	143	3
197	198	1
33	165	1
220	226	3
165	166	2
20	29	3
6	7	2
38	55	1
1	12	1
171	193	2
64	66	1
98	128	1
200	217	1
64	65	1
138	138	1
101	144	1
124	124	3
31	33	2
196	196	1
28	135	2
62	72	1
7	19	3
120	121	4
194	230	2
183	208	1
187	215	1
152	154	1
188	188	1
119	121	1
208	214	1
92	92	1
166	180	1
8	23	1
156	161	1
13	16	2
9	98	1
106	107	1
119	135	2
9	62	2
56	79	2
0	157	1
61	109	1
105	106	2
162	168	1
15	16	1
40	46	1
235	235	1
31	165	1
0	159	2
220	224	1
12	29	2
16	231	1
35	50	1
79	107	1
167	216	1
65	66	1
54	144	1
129	162	1
162	164	1
56	82	1
161	208	1
