105	105	15
99	135	4
48	48	11
110	111	13
73	73	12
4	13	2
145	146	3
69	70	1
141	141	8
77	77	3
25	26	2
26	26	11
18	21	4
140	140	8
16	21	1
11	11	8
152	154	7
118	118	2
129	129	22
87	88	3
150	150	8
158	159	7
123	125	4
41	41	6
148	148	5
132	134	5
96	106	3
34	34	5
113	113	8
53	54	6
120	158	5
46	47	5
80	80	8
91	92	5
114	115	4
106	107	16
152	155	2
151	151	8
18	38	4
36	36	10
55	55	8
105	112	3
12	12	9
103	103	11
29	36	4
111	111	1
17	17	15
28	28	6
14	14	13
0	0	23
21	39	8
133	133	4
8	8	8
136	138	5
8	15	5
131	135	2
69	69	3
65	65	8
155	156	7
102	131	2
19	19	5
63	63	3
109	112	3
21	21	7
21	147	5
20	29	3
42	42	6
156	156	8
21	31	1
21	27	3
123	123	16
153	153	10
38	38	12
126	142	7
89	89	4
75	75	11
154	154	9
8	12	3
117	117	8
22	22	14
48	91	2
64	64	16
134	134	7
106	134	4
57	68	2
25	29	7
132	150	4
57	57	4
100	100	10
93	104	1
143	145	3
45	47	2
123	126	4
98	98	4
120	147	6
51	51	11
130	131	3
123	153	2
93	152	3
69	71	3
96	96	6
7	8	6
20	41	3
78	103	1
124	124	8
128	128	8
2	2	15
83	85	2
83	83	6
127	156	4
15	16	6
48	79	3
159	159	5
31	32	12
89	115	3
31	31	26
106	110	5
5	5	14
43	72	3
127	127	4
93	93	12
126	127	12
131	154	4
101	101	10
119	120	1
141	155	3
114	114	3
39	39	10
120	125	4
78	81	5
142	153	3
111	112	1
32	32	12
77	79	8
46	46	6
65	72	3
106	106	4
3	25	4
47	47	6
111	116	3
45	56	7
1	1	8
139	139	8
123	124	12
26	147	6
53	53	4
17	18	2
99	99	7
133	136	3
38	39	3
13	25	4
82	83	3
3	3	12
104	104	9
158	158	6
136	136	6
146	147	7
155	155	13
72	72	2
92	92	11
150	151	6
144	144	10
95	95	3
88	90	7
112	117	4
9	10	2
44	44	10
42	52	3
96	97	3
93	123	7
52	53	10
150	154	4
54	64	4
147	147	16
156	157	5
7	18	1
120	142	3
121	146	4
79	79	4
25	25	6
13	31	12
132	133	6
54	55	3
54	54	11
4	12	5
119	142	7
133	148	2
148	152	2
106	156	5
93	100	3
20	21	1
88	88	8
7	7	6
116	122	1
41	42	1
89	92	6
70	83	3
41	73	4
18	19	3
95	127	3
66	66	7
45	45	3
28	33	3
16	16	7
97	97	4
48	49	5
139	149	4
25	143	6
20	30	4
87	87	14
131	131	10
125	154	5
67	67	4
85	89	6
149	150	1
39	49	12
115	115	3
35	36	6
74	105	1
92	115	2
155	158	1
36	44	4
112	112	4
130	130	10
133	157	4
121	145	3
9	15	2
145	156	3
62	68	3
22	146	3
71	71	3
33	33	3
78	82	3
22	28	2
21	24	1
10	34	4
22	26	4
49	82	3
89	91	3
141	146	3
12	17	2
101	102	3
4	4	4
20	20	5
23	23	8
18	18	9
27	27	4
63	95	3
124	126	2
39	91	2
129	130	4
2	99	4
152	153	1
132	153	1
97	98	2
137	143	6
90	90	9
68	69	5
97	130	7
2	4	2
51	96	7
39	40	3
25	27	4
0	1	3
45	78	1
137	137	1
110	110	9
130	150	2
135	137	3
124	134	2
80	110	2
35	35	1
70	70	1
116	116	6
133	134	1
98	127	2
49	49	12
146	146	10
77	78	1
137	138	4
39	41	4
84	84	2
121	121	5
34	49	2
122	122	3
145	145	4
15	15	3
113	126	7
122	134	3
87	89	2
102	111	2
6	6	5
16	17	5
110	126	4
98	134	1
94	94	5
39	88	1
112	119	2
89	90	3
132	132	5
82	93	2
120	120	7
126	126	2
140	141	5
152	152	6
91	94	2
8	11	3
132	154	3
62	62	3
3	4	2
73	74	2
81	82	5
135	135	8
100	101	3
16	34	2
143	143	2
131	152	3
45	46	3
138	139	3
29	29	3
28	86	2
50	51	2
30	87	1
15	49	1
10	35	2
30	44	1
111	113	3
16	29	1
43	45	1
75	80	2
119	119	2
27	144	1
156	158	1
51	53	5
30	144	1
91	115	2
81	81	4
52	52	4
144	146	2
108	113	3
127	139	2
86	92	2
98	100	1
86	139	5
91	91	1
19	35	1
32	52	1
61	62	2
64	69	2
24	24	3
13	13	1
99	100	3
77	83	3
107	107	4
1	2	7
75	76	2
142	142	3
157	158	2
144	154	2
10	11	1
125	126	3
17	23	3
68	68	1
128	129	2
75	102	1
140	152	3
25	149	1
64	65	1
37	38	2
42	43	1
26	27	2
82	84	3
44	45	2
76	77	1
8	25	2
37	37	3
35	82	4
10	12	2
54	96	1
101	105	1
125	145	3
43	47	3
77	106	2
75	91	3
3	22	1
80	81	2
52	98	1
10	10	2
16	145	1
47	92	1
83	104	1
41	43	1
138	138	1
23	24	2
115	116	3
151	158	2
120	121	1
153	158	1
151	152	1
46	78	4
88	119	1
12	29	1
133	139	2
27	30	2
139	146	1
108	110	1
35	77	1
30	37	1
50	50	1
3	8	1
78	79	1
112	126	1
30	43	1
33	48	1
107	141	1
