102	102	1
65	161	1
105	105	6
27	29	1
72	82	1
101	101	2
53	54	3
14	15	5
61	68	1
120	121	2
149	179	1
119	120	1
182	183	2
136	146	2
44	44	1
47	47	1
88	88	3
78	159	1
3	6	2
32	40	1
187	187	3
130	136	2
67	68	3
4	8	1
38	38	3
149	150	2
79	79	5
35	35	2
174	174	7
26	101	2
83	83	2
17	44	2
177	177	5
164	165	2
43	43	3
175	175	2
40	41	1
111	112	2
138	151	1
161	163	2
2	2	2
33	40	1
108	109	1
81	81	3
153	153	4
137	137	4
104	104	7
1	2	2
184	184	4
99	99	2
140	148	1
142	143	5
113	114	3
135	135	2
138	138	2
116	116	3
60	68	1
186	186	2
167	181	1
172	173	2
176	184	1
81	100	1
82	82	3
78	79	1
72	72	4
167	168	3
140	140	3
8	10	2
23	24	1
183	183	3
107	109	2
152	153	1
11	11	3
60	63	1
127	127	1
157	162	2
21	24	1
122	124	1
11	13	1
170	184	1
100	101	1
42	43	2
62	64	1
160	169	1
41	125	1
125	130	1
57	57	1
162	162	6
6	6	3
149	162	1
4	5	1
173	176	1
28	28	1
65	65	4
26	165	2
47	189	1
130	130	1
121	122	2
59	61	1
20	20	3
154	154	1
24	61	1
96	97	3
21	36	3
106	106	1
140	141	5
52	66	1
0	75	1
109	109	1
108	108	3
84	84	4
48	48	1
161	161	3
54	56	1
110	113	1
75	79	1
28	29	1
111	111	5
22	23	2
27	27	2
183	184	2
75	75	3
36	36	5
92	186	1
148	150	3
16	16	3
164	164	3
85	87	2
189	189	2
86	177	2
146	146	2
66	133	1
39	40	2
71	71	1
62	184	1
23	23	4
83	160	1
60	61	1
104	140	1
100	100	2
123	123	3
17	17	1
156	177	1
25	26	1
125	126	2
84	87	1
0	20	2
0	1	1
147	148	1
150	151	1
169	169	2
185	185	3
121	127	1
155	156	2
138	158	1
33	76	1
146	149	1
105	142	1
150	150	4
24	62	3
97	100	1
147	147	3
94	113	1
107	117	1
143	152	1
111	149	2
20	98	1
37	37	1
5	16	1
174	175	2
3	3	2
142	142	2
27	32	1
87	87	3
155	172	1
86	86	2
141	141	2
156	173	1
122	167	2
39	43	1
107	118	1
101	102	1
132	133	3
85	85	3
99	100	2
40	175	1
0	3	2
66	66	5
46	48	1
46	46	2
119	143	1
26	57	1
36	37	5
80	80	1
24	25	2
93	187	1
74	82	1
126	127	3
133	146	1
128	131	1
19	19	1
165	166	1
74	75	1
4	4	1
89	189	1
95	99	2
88	89	2
65	68	2
176	176	3
30	37	2
190	190	2
62	62	4
12	46	1
174	183	1
83	129	2
134	134	1
14	14	1
2	7	2
29	29	1
79	122	1
58	59	2
63	181	1
34	42	1
81	162	1
105	106	1
178	178	2
73	73	2
12	13	1
16	17	1
89	102	1
39	41	2
42	166	1
128	128	1
163	163	4
146	147	1
131	133	1
159	163	1
155	155	2
156	162	1
7	29	2
19	20	3
112	118	1
42	42	2
125	125	3
31	67	1
10	12	2
90	90	1
156	156	3
127	132	2
58	58	1
67	128	1
130	133	2
151	174	1
6	8	1
5	5	2
95	102	2
89	89	2
110	117	1
73	99	1
110	111	1
131	131	2
59	98	1
63	78	1
21	21	3
63	63	1
154	155	1
172	186	1
46	47	1
124	126	2
8	8	1
13	13	2
42	46	1
57	67	1
151	151	2
23	53	1
27	85	1
117	118	1
104	110	1
7	15	1
131	153	1
21	22	2
16	81	2
128	148	1
166	168	1
57	161	1
92	160	1
12	12	2
173	173	1
156	187	1
103	110	1
58	60	1
53	55	1
118	118	1
63	104	1
140	143	1
170	170	1
31	31	1
10	13	1
73	82	1
162	163	2
46	72	1
136	136	2
18	73	1
74	99	1
89	140	1
124	124	1
37	45	1
84	143	1
171	171	1
114	114	2
127	149	1
94	94	2
79	82	1
181	183	1
115	122	1
74	74	1
186	189	1
33	75	2
1	1	2
167	167	1
170	173	1
116	118	2
67	67	2
157	178	1
80	85	1
107	107	2
45	48	1
30	33	1
38	39	1
81	127	1
127	145	1
104	106	1
119	153	1
6	7	2
85	118	1
106	123	1
78	85	1
53	105	1
179	187	1
67	77	1
151	161	1
152	152	2
77	78	2
134	135	1
62	63	1
188	190	2
80	81	1
80	163	2
60	65	1
141	142	1
113	134	1
120	123	1
18	46	1
143	143	1
133	136	1
145	153	1
96	112	1
117	117	1
83	114	1
103	134	1
166	183	1
32	33	2
31	54	1
125	140	1
95	95	1
7	7	2
41	41	2
90	102	1
64	104	1
98	105	1
96	96	1
131	136	1
130	131	1
31	32	1
70	93	1
172	172	1
116	150	1
114	140	1
92	92	2
71	72	1
33	34	1
63	105	1
71	187	1
165	165	2
33	44	1
61	61	1
59	59	1
101	134	1
113	113	1
26	37	1
56	82	2
54	66	1
11	12	1
11	14	1
0	19	1
140	142	1
60	62	1
166	166	1
75	76	1
92	93	1
64	108	1
106	107	1
168	168	1
119	119	1
93	93	1
114	139	1
126	126	1
147	149	1
160	168	1
4	24	1
27	28	1
24	24	1
29	39	1
102	103	1
72	73	2
17	34	1
93	113	1
145	145	1
176	180	1
150	174	1
29	34	1
101	140	1
131	134	1
184	185	1
28	163	1
57	59	1
84	163	1
1	35	1
76	90	1
0	0	1
79	121	1
