48	48	8
131	131	3
4	7	1
118	119	2
34	35	1
86	86	7
134	134	3
26	92	1
65	65	7
19	19	6
112	113	1
130	130	8
11	11	7
36	39	1
15	59	3
46	47	4
30	30	4
101	101	11
92	95	2
20	21	3
92	92	4
12	13	2
5	5	3
112	118	1
15	16	3
83	83	7
25	26	3
66	66	9
75	75	6
126	133	5
78	82	3
83	124	2
44	44	8
26	27	6
124	124	2
70	70	6
21	85	3
18	19	2
26	26	13
4	11	1
4	5	5
88	89	1
133	133	5
60	61	1
105	105	3
37	83	2
123	124	7
37	37	4
56	57	1
11	26	2
78	78	7
39	39	6
17	18	4
121	121	4
57	57	5
32	59	1
112	112	3
116	121	1
6	6	5
94	94	7
82	84	3
47	47	13
102	102	4
84	84	10
21	24	1
127	127	2
40	42	3
97	101	2
45	90	2
46	46	14
42	42	6
26	47	3
90	94	2
103	103	5
54	56	2
25	82	1
28	48	1
11	14	1
110	110	5
61	62	1
110	111	4
21	21	9
90	90	6
4	116	2
10	10	3
41	42	2
9	9	5
82	82	10
81	82	4
120	120	6
47	57	2
69	69	5
28	34	2
67	67	4
114	117	1
104	105	2
8	46	2
13	14	3
44	45	5
79	79	10
23	25	1
45	45	8
8	21	3
77	77	1
94	95	6
4	6	2
94	102	3
59	59	3
111	111	2
107	107	5
100	100	3
89	89	1
128	128	3
86	102	1
64	64	9
27	93	2
58	60	1
125	126	1
9	10	3
79	81	5
109	110	2
69	70	7
62	62	5
42	44	2
35	36	2
99	100	4
71	121	2
80	80	7
32	32	12
17	24	2
29	29	3
21	58	1
7	7	4
61	61	11
72	99	1
47	92	2
33	33	5
85	85	6
28	49	2
7	8	3
12	12	5
9	33	1
73	73	6
97	97	5
129	129	4
8	73	1
7	60	1
123	125	1
60	60	7
85	100	2
76	76	6
29	94	1
38	38	9
90	95	1
104	104	6
100	132	1
118	118	7
72	72	7
29	98	3
78	81	2
30	31	1
9	11	1
43	43	4
5	45	2
19	36	2
81	96	1
98	98	7
22	125	3
63	73	1
37	110	1
8	19	1
18	40	2
31	32	5
82	85	2
32	85	3
94	97	1
95	96	2
103	104	1
11	93	2
8	8	8
38	80	1
122	122	4
11	92	1
94	100	1
87	105	1
91	91	5
126	129	1
25	27	3
39	41	1
29	32	1
90	98	1
31	31	4
113	116	1
103	110	1
13	46	1
101	102	2
41	43	2
30	100	1
19	20	1
34	34	8
16	16	5
71	71	1
76	79	1
40	40	2
57	58	4
77	79	1
72	74	1
88	88	3
28	30	2
8	23	2
44	78	2
21	40	1
22	22	2
21	22	1
82	126	1
22	29	1
30	128	1
84	86	1
43	44	1
32	33	3
101	132	1
63	63	3
97	98	3
11	13	1
82	83	4
133	134	1
12	71	2
76	77	2
27	27	5
29	48	2
95	100	1
24	35	2
36	36	4
102	111	1
41	41	3
55	56	1
33	34	3
49	50	1
99	99	3
29	30	1
28	80	3
36	37	2
28	29	3
98	99	3
95	99	1
107	108	2
13	74	1
126	126	5
33	35	2
68	68	10
17	17	10
77	102	1
109	109	3
120	122	1
94	127	1
79	80	2
78	79	4
119	119	3
68	69	1
6	7	1
28	28	4
2	2	9
102	103	2
80	83	1
14	23	1
59	76	1
6	8	1
96	97	4
43	57	1
132	133	2
124	125	1
94	105	2
33	83	1
107	109	3
125	125	4
115	127	2
106	113	1
3	3	5
30	79	1
61	63	1
26	31	1
123	123	6
29	49	2
58	62	1
83	96	2
96	100	2
74	74	8
92	93	2
0	63	1
47	48	1
54	54	2
4	4	4
20	20	2
6	66	2
15	15	2
22	30	1
25	75	1
77	78	1
25	25	2
91	92	3
15	23	1
1	67	1
26	93	1
113	114	1
97	132	1
27	78	3
26	61	1
48	77	1
83	84	4
78	80	2
128	129	3
14	14	6
96	96	3
91	99	1
23	26	2
21	101	1
93	98	1
97	99	1
108	108	4
49	96	2
81	132	1
40	41	1
108	109	4
40	43	1
10	11	3
84	85	5
5	44	1
86	87	3
110	115	1
19	21	2
49	49	1
42	58	1
128	130	1
1	2	2
80	81	1
29	47	1
32	37	1
83	85	1
3	6	1
28	83	1
113	113	4
95	101	3
24	24	2
78	83	2
2	61	1
24	25	2
117	118	2
35	35	5
39	40	1
8	95	3
11	78	2
132	132	4
115	115	3
97	100	1
122	123	1
43	75	1
131	132	1
126	127	4
56	56	3
70	78	1
35	76	1
51	51	1
26	79	2
10	30	1
96	98	2
11	32	1
30	32	5
14	36	1
78	114	2
131	134	1
29	90	1
4	18	1
99	107	1
117	121	1
114	123	1
26	48	1
26	94	1
93	102	1
117	117	3
11	30	1
47	64	1
90	91	1
95	98	1
49	101	1
94	96	1
87	88	3
27	34	2
103	108	1
55	55	1
15	19	2
32	80	2
11	12	1
129	132	1
72	73	2
14	21	1
32	83	1
100	101	3
34	60	1
32	35	1
98	100	2
22	36	1
10	75	1
28	78	2
25	46	2
62	66	1
45	70	1
27	45	1
8	34	1
115	116	2
64	70	1
23	49	1
110	113	1
13	13	2
94	126	1
46	61	2
34	78	1
9	61	1
83	87	1
100	108	1
114	114	1
11	29	1
5	6	1
92	100	2
96	122	1
17	95	1
46	95	1
16	36	1
116	116	1
130	131	1
90	92	1
93	93	1
64	68	1
30	36	1
3	4	1
23	74	1
85	86	2
111	112	1
37	39	1
26	123	1
8	82	1
10	61	2
0	0	2
94	98	1
70	77	1
23	24	1
34	86	1
21	36	1
95	95	1
20	38	1
112	117	1
25	50	1
66	67	1
10	13	1
7	12	1
10	68	1
38	39	1
10	31	1
7	83	1
45	46	2
110	123	1
27	98	1
21	41	1
40	58	1
58	58	3
91	96	1
31	37	1
74	93	1
21	37	1
84	87	2
26	87	1
110	112	1
22	35	1
32	36	1
89	91	1
24	41	1
38	41	1
116	127	1
58	59	1
45	76	1
130	134	1
22	23	1
71	72	1
82	97	1
38	43	1
15	93	1
31	78	1
22	37	1
23	38	1
48	89	1
15	39	1
76	111	1
35	74	1
31	113	1
62	63	1
12	90	1
109	128	1
21	42	1
59	60	2
114	115	1
100	112	1
46	66	1
26	91	1
65	74	1
