100	102	3
57	58	2
44	44	2
4	11	2
60	60	1
30	30	6
44	45	2
15	15	5
14	14	2
121	121	1
25	26	3
3	46	2
47	48	1
127	132	2
36	38	2
72	72	8
115	115	1
45	45	5
80	80	2
31	31	3
13	13	4
84	95	1
111	111	2
7	70	1
100	101	2
88	95	1
96	98	3
64	64	7
23	23	2
18	64	1
78	79	2
35	36	5
133	133	3
19	19	3
10	13	1
4	4	3
9	12	1
93	93	6
56	83	1
6	15	1
117	117	1
39	40	1
114	119	2
94	94	5
8	8	3
120	120	3
13	34	2
10	125	1
92	93	1
62	62	3
25	25	3
109	110	2
114	114	3
57	59	2
61	112	1
107	107	1
132	132	2
127	127	2
8	93	1
65	65	9
20	21	2
59	63	1
55	56	2
78	78	6
102	111	1
6	6	5
79	79	6
45	48	1
34	34	1
33	70	1
41	42	2
16	16	2
14	47	1
113	114	3
66	66	4
76	79	1
58	81	1
100	100	2
98	101	3
124	124	3
76	93	1
128	134	1
22	22	1
118	118	2
130	130	1
57	85	1
36	37	2
105	105	1
26	47	1
3	3	4
35	47	1
129	134	1
58	58	3
126	127	4
125	125	2
79	84	1
85	85	5
99	100	1
26	27	6
93	126	1
111	118	1
87	89	2
100	105	1
32	32	2
18	19	2
74	74	1
112	112	2
20	43	1
86	123	1
64	102	1
84	84	5
11	16	1
11	11	8
36	36	2
92	92	1
41	45	1
67	69	2
28	28	3
73	73	3
112	113	2
2	2	4
15	31	2
0	0	1
12	12	4
80	81	1
105	124	2
2	3	1
86	102	1
101	102	3
120	123	1
95	96	2
63	63	3
37	37	2
43	43	2
20	38	1
86	86	3
91	92	1
21	22	2
83	84	1
51	55	1
129	129	4
130	134	2
19	101	1
66	67	2
57	63	1
49	49	1
17	17	2
89	95	1
43	56	2
5	26	1
95	95	1
35	35	1
26	77	1
19	44	1
98	99	2
90	91	2
68	68	2
75	75	2
89	130	1
26	26	2
127	128	2
5	5	1
40	40	3
76	76	5
27	27	3
67	68	2
46	46	9
25	42	1
91	91	1
60	131	2
123	125	2
37	79	1
71	75	3
6	26	1
97	114	2
6	11	1
14	15	1
106	107	1
71	72	3
28	39	1
15	16	2
119	119	3
13	14	1
28	29	1
27	77	1
71	71	1
9	37	1
77	84	2
56	56	2
131	131	1
99	99	2
16	49	1
102	102	2
88	88	1
4	6	2
47	47	5
35	78	1
69	72	2
122	122	2
57	57	1
68	71	1
37	40	1
128	128	2
23	25	1
7	46	1
10	10	2
25	27	1
70	86	1
82	82	2
110	110	1
79	131	1
117	119	2
33	33	1
33	60	1
89	89	1
24	24	2
115	127	2
114	128	1
12	19	1
81	83	1
20	35	1
33	34	1
73	74	1
18	104	1
92	95	1
81	81	1
76	77	1
29	30	1
81	82	1
77	77	1
11	26	2
41	79	1
34	35	3
12	16	1
126	126	2
109	125	1
11	97	1
60	113	1
106	106	1
90	95	1
96	97	1
48	48	1
127	129	1
45	101	1
121	128	1
21	41	1
11	12	1
58	101	1
10	21	1
116	119	1
49	93	1
87	88	2
30	32	1
33	45	1
39	39	1
30	43	1
13	20	1
79	81	2
95	101	1
28	72	1
38	38	2
99	106	1
86	122	1
35	44	1
59	75	1
32	59	1
26	36	1
131	134	1
16	45	3
6	31	1
84	130	1
62	66	1
46	47	1
83	83	1
26	49	1
97	102	1
97	97	2
97	98	2
10	11	1
119	120	2
35	77	1
31	124	1
7	27	1
46	70	1
46	90	1
72	73	1
24	80	1
22	27	1
127	130	1
59	120	1
80	82	1
98	98	1
109	109	2
32	33	2
85	86	1
64	70	1
124	127	1
82	129	1
37	58	1
31	33	1
70	71	1
24	33	1
