67	70	1
66	66	5
67	68	7
32	50	2
71	71	3
16	16	4
70	70	6
57	58	2
7	7	4
63	64	7
6	6	8
33	33	5
38	39	5
3	3	2
76	76	6
60	61	3
47	47	9
1	1	7
31	31	10
62	63	1
46	46	10
28	68	1
62	65	2
34	34	7
31	32	4
10	10	5
55	55	4
58	58	4
4	5	2
57	57	4
4	48	2
2	2	7
9	9	4
41	43	1
39	39	5
73	73	4
18	18	4
17	18	2
78	78	4
30	56	2
72	72	4
29	33	2
27	27	3
15	15	1
26	26	7
12	12	3
45	45	7
3	4	3
6	27	2
70	71	3
53	53	2
13	14	4
48	48	9
54	76	1
20	20	5
72	73	2
11	11	7
30	32	2
19	19	5
56	60	1
17	73	1
10	11	5
5	6	3
74	75	4
32	33	6
62	62	5
25	25	3
13	13	8
69	69	9
20	21	1
60	71	1
64	72	1
45	46	1
65	65	6
27	29	1
35	35	5
79	79	15
30	34	1
8	76	1
29	47	1
80	80	6
75	75	3
58	59	2
15	17	1
37	38	2
38	38	7
51	51	6
14	14	4
28	28	5
50	72	1
69	70	3
8	30	2
40	62	1
17	17	8
56	56	4
26	27	2
10	26	1
25	59	2
74	74	6
53	54	1
63	63	10
42	42	5
17	74	1
42	66	2
17	65	1
4	4	6
52	52	6
61	61	3
58	76	1
49	59	1
67	67	6
0	0	4
21	21	2
15	19	1
37	37	4
41	57	1
64	64	6
33	50	3
44	44	1
29	29	4
8	9	3
49	50	2
7	41	1
62	69	1
41	41	7
40	40	7
59	59	5
8	8	4
39	74	2
5	5	3
5	39	1
32	32	4
57	73	1
30	30	4
56	61	2
60	60	2
18	78	1
48	49	2
68	68	4
54	54	3
50	51	1
22	31	1
53	75	1
35	42	1
9	10	5
35	36	2
75	76	2
34	43	2
22	22	1
29	56	1
70	72	1
76	79	1
21	25	1
59	60	1
21	30	1
6	7	1
17	40	1
51	52	3
51	53	1
67	69	2
42	48	1
42	43	1
18	40	1
18	64	1
64	65	2
15	16	1
55	56	1
14	18	1
49	49	7
19	66	1
36	48	1
10	20	1
68	69	1
56	72	1
29	54	1
38	75	1
5	16	2
11	12	1
8	34	1
76	77	1
37	66	1
32	52	1
46	72	1
42	74	1
35	44	1
11	15	1
42	51	1
77	77	1
6	41	1
54	75	1
38	74	1
65	67	2
1	2	2
9	34	1
4	7	1
73	74	1
41	42	1
25	26	1
36	46	1
2	3	1
48	54	1
21	51	1
66	68	1
17	21	1
41	53	1
56	76	1
76	78	1
36	36	1
