21	21	1
81	141	1
20	37	2
10	16	1
101	127	1
135	135	2
18	19	3
144	144	1
27	86	1
136	137	1
34	34	3
70	70	2
52	52	8
111	124	2
53	55	1
124	126	1
49	49	2
128	130	2
112	112	3
17	18	3
71	71	1
137	137	4
51	51	1
23	128	5
130	130	4
14	14	4
121	130	1
40	40	3
63	74	1
141	141	2
109	110	2
110	110	5
61	76	2
4	85	2
104	104	11
112	117	2
101	102	2
67	67	6
28	28	1
37	37	2
60	60	4
133	136	1
113	126	2
24	39	2
54	68	2
95	142	1
18	80	2
119	119	1
66	67	2
71	72	2
68	72	3
24	24	2
29	29	5
144	145	3
5	34	2
22	27	1
68	68	5
105	105	3
9	9	2
33	35	2
63	63	2
91	112	1
118	118	4
12	13	4
42	42	2
74	82	4
30	40	3
111	111	1
125	125	2
31	31	4
17	119	1
26	26	3
18	27	1
26	27	2
92	93	1
63	66	3
138	138	1
113	113	3
120	120	3
79	80	3
81	81	3
134	134	3
115	116	1
115	126	1
76	136	1
40	64	3
121	123	3
92	92	1
118	119	2
53	78	1
50	51	3
5	5	5
121	122	1
139	140	4
80	80	1
100	100	2
1	126	3
14	15	2
16	63	1
11	57	1
59	59	3
102	103	1
137	138	1
35	35	4
129	130	1
83	84	3
4	35	1
84	84	4
93	118	1
74	75	3
98	106	3
129	129	5
89	90	3
80	81	1
16	16	4
61	74	1
0	127	2
30	31	1
75	79	1
36	64	1
136	139	2
37	38	2
36	52	2
124	125	2
117	121	1
15	107	3
61	61	4
137	139	2
41	41	3
29	30	1
122	122	8
122	128	1
11	31	1
78	79	6
72	73	1
85	85	1
51	53	1
8	55	1
100	101	2
17	55	1
111	112	2
4	4	2
52	79	1
31	36	1
99	141	1
120	122	2
13	134	1
78	78	2
52	142	1
99	100	6
120	123	2
43	43	1
1	36	1
134	135	3
72	75	2
104	105	2
109	130	1
142	143	1
73	73	2
77	78	2
12	12	1
77	77	4
89	89	2
108	108	1
139	139	3
50	50	1
64	66	1
6	6	1
52	54	2
25	36	1
126	127	1
15	15	1
6	30	1
36	36	2
39	39	5
88	88	5
133	133	2
58	59	2
86	125	2
102	142	1
62	63	1
102	123	1
108	111	4
97	131	3
109	109	2
76	77	2
116	116	2
132	138	4
94	104	1
81	118	1
22	23	1
49	96	1
80	94	1
72	74	2
121	121	3
102	102	3
49	78	1
114	114	2
48	48	2
58	104	1
88	89	1
92	142	1
113	120	1
115	124	1
99	99	3
13	16	1
5	57	1
74	76	2
20	21	2
101	101	2
5	33	1
131	134	3
10	11	1
16	17	2
131	131	6
112	113	2
96	105	1
83	83	2
75	75	1
55	55	1
23	24	2
132	137	4
25	25	6
126	142	1
99	101	4
105	122	1
33	33	1
19	59	1
18	18	4
82	83	3
67	70	2
117	118	1
72	94	1
111	143	1
106	134	2
125	127	6
65	65	2
116	117	1
11	55	1
28	29	4
4	6	1
134	143	2
94	95	1
58	64	1
73	84	1
51	68	2
9	34	1
81	82	1
115	115	1
52	69	2
15	34	1
138	141	1
122	124	3
96	96	1
60	61	1
95	95	2
127	127	2
30	30	1
20	20	1
26	36	1
85	92	1
15	16	1
50	52	2
83	88	1
103	103	2
35	65	2
75	84	1
91	134	1
69	69	1
52	75	1
127	140	1
132	136	1
117	117	4
113	114	1
65	91	2
26	29	2
1	27	3
104	106	2
1	94	1
91	109	1
97	97	1
56	56	2
13	14	1
96	132	1
96	97	1
37	57	1
80	119	3
121	137	2
96	104	1
108	109	1
91	108	1
102	141	1
94	141	1
23	37	2
17	17	3
68	70	1
58	98	1
141	142	1
91	125	1
133	135	1
108	110	1
52	82	1
47	47	1
25	29	1
11	56	1
58	58	1
1	56	2
123	135	1
100	125	1
42	50	1
33	36	2
58	63	1
81	142	1
90	139	1
98	98	1
106	111	1
59	61	1
128	129	1
114	116	1
36	37	1
76	80	2
57	58	1
105	106	1
53	53	1
49	50	1
65	80	1
67	68	1
9	48	3
140	143	1
92	94	1
87	89	2
54	54	1
133	139	1
76	79	1
11	35	1
107	107	1
15	17	2
73	74	1
68	71	1
110	111	2
94	94	1
107	111	1
1	43	1
13	15	1
84	85	1
64	65	1
57	57	3
1	63	1
104	107	1
119	129	1
73	75	1
79	79	1
27	27	1
14	55	1
135	138	1
62	64	1
11	20	1
124	124	1
38	38	1
18	79	1
24	129	1
5	6	1
64	64	1
28	59	1
6	35	1
30	110	1
85	86	1
21	26	1
23	23	1
9	10	1
0	64	1
133	134	1
125	126	1
82	89	1
10	10	1
111	140	1
13	55	1
106	106	1
4	10	1
72	72	1
2	4	2
