90	91	1
83	83	3
105	107	5
85	87	3
56	56	2
36	37	4
72	73	4
27	27	8
81	81	10
28	35	1
101	112	2
63	64	1
85	88	2
54	54	2
55	55	5
37	37	3
54	56	1
96	102	2
64	64	4
22	23	2
86	92	1
90	93	2
30	31	1
83	90	3
23	23	3
59	72	2
40	70	1
109	109	5
32	36	3
54	66	3
19	19	3
107	108	6
92	92	3
67	67	5
95	95	9
34	34	3
35	35	5
32	100	2
41	41	1
73	73	4
103	109	3
34	65	1
103	104	1
99	99	4
103	103	4
106	108	3
67	68	6
114	114	4
93	94	5
107	107	6
22	22	5
88	89	6
78	79	5
43	44	1
37	38	4
62	62	2
77	96	1
41	65	1
49	53	1
64	65	1
66	67	4
87	93	2
54	81	1
93	95	5
78	95	1
26	26	5
49	49	4
48	48	4
54	55	1
82	84	2
60	60	3
104	105	3
52	53	3
40	40	3
108	108	3
20	26	2
53	53	4
85	85	7
58	64	1
111	112	1
41	73	1
38	49	3
23	33	1
75	76	3
20	22	2
63	63	1
20	21	1
83	84	3
89	91	5
97	98	3
52	58	3
72	72	6
91	91	3
89	90	3
77	77	2
22	60	1
21	24	1
88	88	4
81	82	3
90	90	3
24	26	1
51	51	2
28	28	8
94	94	7
87	88	1
70	70	7
27	28	2
30	30	2
69	69	6
71	91	1
101	101	2
60	66	1
62	65	1
54	71	1
65	65	9
77	81	1
21	21	2
58	58	3
24	27	1
60	73	1
77	80	1
32	34	1
97	97	2
84	84	3
96	97	4
75	78	1
53	54	1
61	61	4
85	86	4
112	112	3
59	79	1
48	49	1
94	104	1
40	78	1
89	89	4
68	68	5
105	106	2
112	113	1
69	70	2
57	60	1
106	109	1
71	71	7
83	95	1
59	59	1
78	78	5
73	74	4
40	42	1
62	79	1
47	49	1
62	70	2
79	79	2
97	100	2
86	95	1
86	94	2
52	52	3
97	101	4
35	36	2
43	43	2
76	77	2
43	45	1
80	80	3
42	42	3
33	33	2
75	75	2
36	77	1
65	68	1
76	76	4
92	93	2
39	39	1
81	83	1
22	24	1
62	63	1
69	73	1
51	52	1
25	37	2
60	95	1
51	57	1
57	57	2
65	87	2
74	74	2
80	91	1
100	101	1
60	101	1
94	96	1
105	108	1
70	72	1
20	24	1
40	41	2
38	44	1
38	66	1
95	97	1
90	100	3
80	84	3
86	86	2
61	63	1
73	76	1
56	58	2
59	74	2
21	32	1
47	92	1
38	38	1
78	80	1
49	50	1
67	90	1
103	105	2
65	66	3
75	79	1
111	111	3
74	87	1
98	98	1
82	82	1
110	110	2
67	69	1
41	43	1
29	29	3
96	96	1
70	71	2
96	99	2
50	88	1
73	75	2
102	102	2
50	51	1
61	77	2
105	105	1
66	66	1
28	29	1
80	87	1
101	102	1
86	87	2
56	73	1
94	95	1
106	106	1
101	103	1
46	114	1
44	46	1
85	94	1
87	87	1
49	51	1
63	65	1
20	20	3
68	69	1
74	75	1
84	85	1
29	31	1
33	36	1
69	92	1
25	25	1
24	25	1
102	103	2
104	104	1
39	69	2
53	72	1
41	45	1
91	92	1
54	57	1
70	90	1
71	72	1
19	31	1
31	113	1
102	104	1
77	100	1
50	50	1
100	100	1
55	62	1
67	76	1
34	35	2
44	44	1
27	31	1
