25	25	21
152	153	8
26	28	7
5	6	13
85	85	5
164	164	8
25	26	4
104	104	4
176	176	9
66	67	9
75	75	3
37	38	3
155	156	11
155	155	6
61	63	5
152	152	7
152	168	2
121	121	9
15	17	3
151	160	5
13	49	5
115	115	6
108	108	9
83	89	8
109	109	3
172	173	4
92	96	1
139	139	5
24	26	4
12	16	3
31	32	9
96	96	3
110	110	12
53	72	3
140	141	3
15	22	2
8	8	12
143	144	4
134	135	2
165	166	9
9	18	9
133	133	4
33	33	21
43	51	5
126	127	9
10	10	30
18	18	10
92	92	5
73	73	6
161	161	7
13	13	9
159	159	5
16	16	14
73	79	4
17	18	5
154	154	15
119	120	3
57	59	1
127	128	8
124	124	9
9	9	13
79	79	7
153	164	2
68	108	2
27	28	6
16	17	9
0	0	8
31	31	9
52	52	7
148	148	12
171	171	9
20	22	4
6	6	20
14	15	6
26	26	9
87	87	12
24	25	2
8	9	5
56	59	1
4	5	4
14	14	16
10	17	3
98	102	1
32	41	2
152	159	1
4	4	7
6	14	1
154	155	6
32	33	4
23	26	4
11	11	10
120	120	8
51	63	2
77	77	10
105	122	2
66	68	7
105	106	1
178	178	3
62	62	9
10	14	6
70	70	5
19	21	6
180	180	2
88	88	9
34	34	13
99	111	2
144	163	3
11	13	7
94	114	3
128	149	3
22	22	2
45	45	2
101	102	6
41	41	6
24	36	3
101	101	9
131	132	4
124	130	2
43	43	10
105	105	7
150	150	7
80	102	2
82	82	8
40	41	6
63	63	2
111	123	4
104	105	3
142	142	2
44	44	12
21	33	2
32	32	9
149	149	6
123	130	2
35	35	12
132	132	11
0	1	4
40	82	2
142	145	9
28	33	2
59	72	2
42	42	6
170	170	5
10	11	5
97	99	5
160	162	5
30	32	2
85	86	4
167	167	7
121	122	7
34	44	3
168	170	7
89	94	1
73	75	6
64	64	6
61	62	3
51	51	8
60	60	6
157	158	2
91	91	7
72	79	1
143	143	3
111	111	5
15	15	8
15	18	2
33	34	3
6	7	13
142	143	6
44	45	1
39	39	9
56	56	4
79	80	1
162	163	7
140	140	12
3	4	5
161	166	2
165	165	4
74	141	5
74	74	7
106	106	10
24	24	2
27	27	8
1	2	4
81	81	2
19	19	5
7	23	2
14	17	3
2	8	2
129	129	18
159	162	5
30	30	12
41	42	9
121	124	4
152	160	2
169	169	4
2	2	14
59	62	5
166	166	5
81	102	1
15	16	3
53	54	1
157	157	9
116	117	11
26	27	7
12	12	9
7	7	9
67	67	1
9	13	4
3	19	4
23	32	2
143	145	1
172	172	8
98	99	2
123	123	12
38	39	4
52	58	1
99	100	4
125	125	10
3	3	10
61	61	18
37	37	6
68	141	1
27	41	1
106	107	4
30	31	3
73	74	2
62	63	2
95	95	8
36	37	5
98	101	6
21	22	7
126	126	5
119	119	6
107	108	2
17	20	1
137	138	3
36	36	11
5	5	5
26	31	2
55	56	3
112	121	2
94	94	1
42	45	3
122	122	9
83	83	1
64	65	3
90	90	6
15	19	3
93	94	4
90	94	1
103	118	2
118	118	7
179	180	2
59	60	6
160	161	10
93	93	7
29	30	4
97	98	3
161	163	2
173	178	1
8	10	3
71	71	7
21	41	3
151	151	4
71	72	4
141	141	6
54	60	2
95	122	1
124	125	5
8	15	2
60	65	1
137	137	7
35	36	1
174	174	6
119	147	1
50	50	6
27	31	3
20	20	1
161	162	2
80	80	1
38	38	12
58	58	5
12	15	5
116	116	7
52	53	2
105	127	2
134	134	4
109	116	2
30	33	1
116	153	1
147	148	5
145	150	4
67	85	3
121	123	1
88	89	7
42	43	5
145	146	2
24	53	3
113	114	3
114	134	3
135	135	1
156	157	1
97	97	4
175	175	1
39	40	3
2	5	1
17	17	6
107	107	2
98	100	2
81	107	1
103	106	2
120	123	1
129	130	6
39	59	1
28	28	4
103	103	2
127	163	3
116	118	3
57	57	5
168	168	2
128	164	2
144	144	3
12	13	7
89	89	6
144	145	4
25	30	3
110	128	3
156	156	4
122	125	1
13	18	3
36	39	3
74	77	2
169	170	3
67	70	1
101	147	2
155	157	1
147	165	1
162	162	6
23	23	10
35	64	1
74	75	2
141	143	1
92	94	3
173	173	15
82	87	2
112	113	4
28	36	3
55	55	7
87	116	3
135	136	1
153	166	1
163	163	2
140	142	3
82	84	1
80	89	2
71	79	3
8	20	2
179	179	2
113	123	2
84	84	3
76	76	10
158	158	3
63	108	1
127	127	2
85	94	4
173	176	1
113	113	2
161	164	3
54	54	1
31	37	2
17	133	2
93	96	1
121	145	1
151	152	7
72	72	3
78	78	5
138	138	3
131	131	4
172	174	2
131	167	1
130	130	3
177	178	2
86	86	8
53	53	1
113	124	2
128	129	1
22	23	3
17	61	2
121	125	1
43	45	2
139	140	1
80	127	2
148	149	2
88	90	4
81	83	1
145	145	4
29	29	5
105	107	2
166	168	4
117	120	2
136	137	3
6	10	2
76	78	2
129	166	1
30	41	2
37	39	1
170	174	2
1	1	4
113	152	1
147	147	4
144	147	1
53	67	1
123	133	1
23	24	2
8	22	3
12	45	4
19	20	1
14	25	2
112	114	1
62	106	1
22	24	2
72	80	2
128	128	4
56	57	1
3	12	2
22	45	3
45	46	2
84	86	1
115	116	3
21	21	1
10	24	1
114	114	4
16	18	2
120	124	2
50	63	1
28	29	4
153	153	7
113	116	1
26	33	1
58	59	3
50	51	4
91	94	1
68	68	1
5	7	2
134	174	3
78	80	1
79	132	3
33	35	2
103	126	2
19	42	1
2	6	1
31	34	2
33	37	5
79	127	1
160	160	3
74	132	1
35	73	2
122	123	2
13	14	1
118	119	1
35	61	1
38	43	1
37	95	1
4	8	1
147	167	2
98	165	1
120	121	2
127	135	1
54	58	1
14	16	3
49	49	1
9	11	1
175	176	1
18	21	1
127	144	4
136	140	1
7	31	1
87	88	2
10	13	3
103	105	1
67	72	1
81	82	2
80	81	1
112	153	1
145	149	2
9	12	1
108	109	1
96	97	2
22	29	1
111	129	1
122	141	2
54	77	3
76	133	1
158	159	1
108	133	1
163	167	1
77	80	1
100	100	2
83	84	2
162	167	1
90	93	1
25	39	2
36	38	1
110	152	2
98	98	2
110	111	2
111	124	1
112	112	2
88	115	2
51	52	1
59	59	1
96	98	1
75	86	1
100	166	1
85	124	2
21	50	1
60	61	1
99	99	1
2	3	1
39	41	1
40	40	1
23	34	1
173	174	1
154	156	2
7	10	1
2	11	1
78	79	1
32	34	1
