58	92	2
94	102	2
28	28	3
75	96	2
65	65	3
46	46	3
105	106	1
62	79	1
37	37	1
81	81	4
63	75	1
119	123	1
91	91	1
54	54	10
114	115	2
32	32	3
13	14	3
121	121	4
62	62	2
96	96	1
69	70	2
52	53	3
67	67	6
9	9	3
86	86	2
52	69	1
12	12	2
70	71	3
6	6	4
122	123	2
27	27	4
64	64	1
81	87	3
35	35	5
0	1	1
111	111	3
53	54	2
89	90	2
76	76	6
9	10	1
37	38	2
21	21	2
85	85	1
115	118	2
30	49	2
100	101	2
84	84	3
96	97	4
33	34	1
18	19	2
99	99	3
95	95	6
97	97	1
75	104	2
116	125	1
58	58	8
108	108	3
98	98	2
121	123	4
62	70	1
126	126	6
31	31	4
22	24	1
24	24	11
112	112	2
75	75	6
94	95	3
90	90	2
59	60	2
94	108	1
100	100	2
77	77	5
124	125	4
125	126	1
113	113	4
45	45	5
70	74	1
7	22	1
50	53	1
129	129	2
104	104	4
53	53	6
117	117	1
125	133	1
76	99	2
50	50	3
34	34	3
90	95	1
74	98	1
111	115	1
57	57	6
126	132	2
116	116	4
16	17	1
20	20	1
63	64	1
36	37	1
110	117	1
115	115	2
94	94	2
73	75	2
61	61	3
9	11	2
62	75	1
71	74	1
45	73	1
56	56	2
26	48	1
82	82	1
43	43	2
106	130	1
14	14	4
122	122	4
116	118	3
11	11	3
13	13	3
84	93	1
62	67	2
61	62	1
87	92	1
99	102	2
82	83	1
112	125	1
52	52	1
106	106	6
112	119	1
111	129	2
88	89	3
122	124	1
107	111	1
114	114	2
71	82	2
11	12	2
65	68	1
44	48	1
60	60	4
85	86	1
86	97	1
44	45	1
86	94	2
108	110	2
14	15	3
33	81	1
116	117	1
128	129	1
68	68	7
133	133	3
3	4	1
71	71	2
100	102	2
128	128	1
102	103	2
63	65	3
42	42	1
26	26	2
35	36	2
61	78	3
107	108	2
126	133	1
23	23	2
121	124	1
111	113	1
120	120	3
119	119	4
5	6	1
120	132	2
36	69	1
16	16	2
108	109	4
50	52	1
55	55	2
130	130	1
47	66	1
2	34	2
4	5	2
31	135	1
61	83	1
62	63	3
134	134	3
21	22	2
118	118	4
83	83	5
78	80	1
48	57	1
120	121	3
57	60	3
111	125	1
58	129	1
134	135	1
54	55	1
115	116	4
105	105	6
64	68	1
135	135	2
103	103	2
105	121	1
21	100	1
112	113	1
7	7	6
129	130	1
122	127	1
29	29	1
49	50	1
14	30	1
33	33	3
123	123	3
94	134	1
42	43	3
131	131	3
76	115	1
76	85	1
45	85	2
1	85	1
87	95	1
126	131	1
3	3	1
106	111	2
32	134	1
82	84	4
77	78	1
118	119	1
89	94	1
109	109	1
61	68	1
121	127	1
105	131	1
70	70	1
47	47	3
101	101	3
89	132	1
85	97	1
131	133	1
127	128	2
92	93	2
29	30	1
133	135	1
1	33	2
72	73	1
67	68	1
14	31	1
31	102	2
99	100	3
110	110	1
88	88	2
59	59	1
17	18	2
26	27	2
66	67	1
86	87	1
38	38	1
48	50	1
73	98	1
61	63	2
95	101	1
2	94	2
45	47	1
36	36	2
79	80	3
36	38	1
101	102	1
26	49	1
10	11	2
125	125	3
79	85	1
10	10	2
62	64	1
55	60	1
4	4	4
6	7	2
74	94	1
73	73	1
100	117	1
31	83	1
92	107	1
45	60	1
84	97	1
44	44	2
76	91	1
7	9	1
100	123	1
93	93	1
87	87	4
0	0	1
123	124	2
113	128	1
132	132	1
127	127	1
24	31	1
25	25	1
57	58	3
69	93	2
52	54	1
84	85	2
33	35	1
17	17	1
89	89	1
85	98	1
130	131	1
79	79	2
61	126	1
74	74	1
98	101	1
52	70	1
73	81	1
24	99	1
66	66	1
107	107	1
105	125	1
97	107	1
113	115	1
78	100	1
28	29	1
60	61	1
63	63	2
81	124	1
65	67	1
2	3	1
126	128	1
49	49	1
103	104	1
2	2	1
95	97	1
25	26	1
97	119	1
80	81	1
19	19	2
1	1	1
110	113	1
94	101	1
25	50	1
52	55	1
113	119	1
17	85	1
106	107	1
85	122	1
24	25	1
43	48	1
99	104	1
122	125	1
13	26	1
60	69	1
58	79	1
75	76	1
91	117	1
8	9	1
