92	93	2
26	26	2
49	49	6
24	24	1
61	81	2
36	36	2
77	77	3
101	102	3
45	48	2
55	65	1
67	67	8
99	99	6
83	83	3
67	68	3
83	88	1
41	41	3
76	76	5
68	73	1
75	91	3
61	61	2
23	62	1
24	25	2
74	74	1
77	83	2
63	63	7
94	95	1
60	60	5
89	89	3
72	72	4
56	57	3
41	59	1
33	33	3
41	42	3
101	101	4
69	70	2
58	58	4
100	101	1
53	53	6
55	57	1
44	44	7
36	37	2
34	35	2
71	71	1
38	38	2
94	94	4
46	47	4
63	65	3
30	30	3
52	52	3
55	56	1
59	59	7
34	34	3
66	66	2
75	75	2
64	64	7
62	63	1
39	39	6
36	45	1
50	50	6
90	90	3
72	73	3
51	56	1
20	22	4
33	46	3
40	40	2
92	92	2
48	83	1
33	65	2
56	56	1
53	79	1
81	82	1
69	74	2
87	87	2
30	52	2
57	58	2
46	46	3
69	69	3
43	43	2
47	47	4
82	83	1
42	42	1
50	55	3
90	91	5
49	81	1
86	88	1
96	98	3
54	54	4
61	62	2
95	95	4
68	74	1
71	72	1
91	91	4
87	92	1
82	82	2
63	64	1
49	50	4
37	53	2
84	86	2
100	100	3
68	68	2
80	80	2
41	70	2
30	62	1
60	61	3
45	45	2
61	94	2
80	81	1
25	38	2
79	80	2
91	92	1
86	86	4
64	65	2
58	59	2
97	98	6
86	89	1
75	77	1
48	49	1
97	97	4
60	102	1
29	57	1
56	58	1
86	87	2
54	87	1
76	87	1
68	71	1
38	88	1
38	79	1
66	79	1
23	24	1
28	29	1
96	97	2
27	27	1
37	86	1
42	43	2
31	31	1
42	76	2
51	90	1
53	54	1
47	85	2
73	86	2
55	59	1
43	59	1
52	56	1
62	62	2
37	84	2
37	37	2
48	80	1
52	55	1
55	55	1
42	63	1
32	32	1
81	81	1
87	89	1
73	73	1
51	51	1
50	51	3
88	88	1
22	22	1
78	78	1
30	60	1
85	85	1
39	100	1
34	37	1
44	45	1
89	99	1
93	94	1
25	26	1
70	70	1
22	53	1
85	88	1
95	96	1
71	73	1
