21	21	3
50	50	3
62	62	5
42	42	7
4	4	3
57	57	3
19	19	3
43	43	9
58	59	8
59	59	2
33	33	14
16	29	1
61	62	3
45	46	2
45	45	5
5	7	2
0	0	8
48	48	8
23	23	3
9	9	4
55	56	2
34	34	6
30	32	3
41	58	1
38	38	9
19	21	2
53	56	1
58	58	4
51	52	1
13	13	5
8	41	1
44	45	3
55	55	5
41	42	2
0	39	3
44	44	4
8	8	2
37	37	7
10	23	1
18	18	4
24	42	1
36	36	6
59	60	3
41	41	6
5	6	4
6	6	5
1	2	2
60	60	2
13	17	1
7	7	2
31	31	2
30	30	3
40	40	6
40	41	3
34	35	2
50	51	1
12	17	1
49	49	7
54	55	3
49	52	1
25	41	2
23	24	2
0	1	1
55	61	1
24	25	4
2	2	5
30	31	2
32	33	2
35	36	3
56	56	5
37	47	2
35	35	8
51	51	4
24	26	1
14	14	2
37	38	2
22	22	1
12	12	1
56	57	1
53	55	2
53	54	3
53	53	2
19	26	1
41	59	2
55	59	1
37	39	1
54	59	1
30	49	2
15	15	2
10	10	4
18	19	2
6	13	2
16	17	1
30	33	1
24	24	1
21	22	2
13	15	1
6	7	2
44	49	1
38	39	2
46	46	2
3	3	2
39	39	3
20	21	1
31	32	2
42	60	1
39	40	3
10	11	2
52	54	1
46	52	1
55	60	1
49	50	3
61	61	1
44	51	1
53	60	1
54	54	2
1	1	3
30	36	1
36	58	1
2	3	1
6	12	1
50	54	1
51	58	1
47	47	3
4	44	1
12	14	1
32	32	4
60	61	2
1	37	1
20	22	1
33	43	1
52	53	1
52	52	1
5	5	1
22	23	1
12	15	1
