105	105	6
37	46	2
83	89	4
97	99	4
86	86	4
54	62	4
56	56	10
61	64	4
104	104	4
85	86	7
24	24	11
32	33	1
78	78	4
80	80	13
82	83	2
34	43	2
36	36	6
60	60	3
31	31	9
65	67	2
35	36	7
58	59	1
39	39	8
61	62	12
75	75	3
47	49	4
91	95	1
47	47	5
100	100	6
48	48	4
34	36	2
56	92	6
46	47	7
27	27	4
22	22	10
25	28	4
72	73	3
98	98	10
46	50	3
67	68	6
97	97	5
21	23	4
69	76	7
24	53	1
69	69	7
102	102	9
23	23	16
23	24	6
40	42	2
54	54	10
51	51	14
26	28	3
79	80	2
58	58	3
81	82	8
74	101	2
25	25	14
62	62	9
81	81	18
53	53	11
55	59	6
87	87	3
33	59	2
33	48	4
101	101	6
55	55	8
66	78	2
67	67	3
75	76	4
92	92	3
33	33	9
33	35	1
62	63	1
76	76	8
93	93	4
91	91	5
107	107	8
67	89	3
36	38	2
79	79	9
51	54	3
35	42	1
85	87	4
43	98	3
73	73	7
46	48	9
95	96	3
68	69	2
94	99	5
45	45	3
65	66	5
93	106	5
99	100	2
88	88	3
83	83	4
59	59	9
29	29	1
87	88	5
92	93	3
82	93	1
20	20	4
35	35	8
40	40	9
53	77	4
54	61	4
36	37	8
57	59	1
90	90	14
94	94	3
52	79	4
94	96	4
84	84	5
26	26	5
70	70	5
89	90	6
82	82	7
94	95	4
28	28	9
32	32	4
72	72	6
37	39	1
61	61	4
41	42	4
33	47	1
45	46	2
46	49	5
43	55	3
31	32	4
96	96	7
34	51	1
71	71	9
40	41	3
106	106	3
78	105	6
75	103	3
37	37	7
52	52	7
34	34	4
26	27	2
37	38	4
89	89	3
98	99	2
47	48	2
56	57	6
39	40	2
103	103	6
82	88	4
30	30	2
99	99	5
52	55	1
92	95	2
82	85	3
84	85	5
53	81	1
92	97	1
35	37	1
93	94	3
37	63	2
64	65	2
80	88	5
62	65	2
21	21	3
62	78	2
43	43	3
41	41	5
51	53	3
64	64	2
63	63	7
57	57	2
94	97	2
59	60	1
37	79	1
27	52	3
95	95	5
77	77	4
74	100	1
51	52	5
53	55	1
66	66	1
53	70	4
42	44	1
29	31	1
42	43	2
54	55	2
35	38	1
27	28	3
50	50	2
20	99	1
92	106	1
71	72	1
51	57	1
46	46	4
30	96	3
44	44	1
72	78	2
100	102	1
20	26	1
80	81	1
36	56	2
104	105	1
102	106	1
101	102	1
90	91	1
64	92	1
74	74	1
95	99	1
65	65	1
34	41	2
69	72	1
