144	144	7
101	101	11
42	42	9
156	157	7
48	48	16
56	56	9
35	35	8
123	123	9
143	144	5
143	166	2
143	143	6
15	51	5
54	128	4
0	0	8
117	117	10
46	47	5
12	12	17
13	13	13
149	149	13
86	87	5
43	76	1
53	53	16
27	27	6
69	69	7
106	106	10
126	126	25
114	166	1
145	147	1
152	152	10
77	77	9
40	40	15
62	62	11
82	82	8
15	17	5
50	50	9
142	143	5
20	20	8
8	8	9
91	92	4
38	73	3
151	151	9
150	151	1
65	65	14
6	7	3
25	27	2
147	148	9
52	52	30
158	158	10
114	114	4
23	24	3
38	41	6
18	51	8
7	14	3
9	9	12
136	166	4
118	118	16
11	11	20
115	115	13
2	3	12
137	137	14
142	142	4
127	127	8
147	147	3
2	52	5
38	40	3
154	163	2
94	94	4
22	22	14
69	73	5
54	134	2
153	164	4
7	7	18
9	17	2
20	21	5
149	150	4
54	156	1
10	10	11
73	73	9
41	41	15
159	160	5
87	147	5
110	111	15
86	92	5
18	18	16
15	69	4
19	51	2
104	104	8
111	111	19
45	57	3
51	51	6
18	19	3
144	145	8
5	6	4
107	154	4
63	63	14
1	2	7
112	112	10
20	152	1
153	153	3
97	99	2
27	147	1
122	122	6
86	164	2
138	142	3
0	14	4
19	116	6
70	70	7
85	85	9
1	1	13
90	91	9
114	115	4
154	164	2
113	113	6
115	116	23
103	115	5
3	48	4
24	25	7
124	156	3
37	37	5
22	23	9
140	140	2
159	159	7
138	138	5
116	155	2
52	104	4
1	7	1
47	47	8
148	148	2
108	109	7
15	15	22
130	132	4
45	46	5
129	129	3
163	163	7
14	15	5
19	20	3
98	98	14
16	17	5
17	18	4
44	46	2
118	128	2
157	157	5
4	4	8
121	121	9
89	89	12
165	165	5
53	54	13
116	116	3
34	34	8
8	9	1
89	93	1
108	108	17
40	152	3
44	50	1
67	67	5
155	156	4
56	146	3
92	92	5
10	44	6
88	88	8
169	170	5
66	66	7
124	124	6
54	135	5
105	105	1
22	169	6
131	131	13
25	25	4
99	99	6
108	121	2
95	95	4
19	64	3
107	107	12
139	140	6
6	6	11
116	117	5
78	78	1
63	66	7
2	7	2
39	39	13
25	34	1
13	88	6
15	50	2
102	102	4
81	82	2
146	146	4
5	56	2
163	164	6
40	148	1
132	132	7
57	69	4
45	49	3
165	166	2
104	163	2
91	91	2
47	49	2
53	168	8
71	71	8
26	26	5
102	103	2
164	164	21
50	51	3
145	145	4
156	156	12
45	45	8
150	152	1
54	54	7
167	168	3
44	45	9
95	96	1
17	17	12
81	97	3
47	48	6
72	72	11
7	23	2
133	134	1
161	161	3
155	155	5
118	123	2
44	44	3
85	111	5
24	24	24
110	110	9
78	98	1
3	3	6
16	16	14
63	68	1
135	136	2
121	122	3
120	120	8
169	169	6
164	165	3
125	125	6
0	1	5
5	5	11
35	36	5
84	86	5
36	36	12
33	33	7
83	102	1
55	55	3
122	170	2
56	57	1
79	79	2
104	105	1
7	15	6
71	79	2
48	49	6
57	57	10
109	155	3
76	76	3
109	110	4
78	79	3
77	79	2
160	160	8
5	9	2
125	126	3
0	6	1
21	50	3
3	40	3
90	90	6
109	109	3
46	49	5
55	128	3
93	94	2
126	127	1
136	136	10
64	64	5
18	52	1
61	62	2
2	2	3
130	138	2
141	141	8
21	22	3
130	130	5
125	170	6
52	86	3
54	55	4
139	139	4
19	88	3
100	100	11
14	14	5
19	19	5
2	37	4
71	72	3
20	23	4
37	38	1
110	137	4
7	41	1
122	129	1
163	165	5
167	167	5
36	96	1
3	8	4
83	84	2
135	135	4
122	123	2
92	94	2
75	110	2
20	38	1
9	10	1
7	10	4
49	49	3
135	144	5
120	122	2
123	126	6
81	81	7
11	12	8
14	17	2
130	131	4
99	103	5
154	155	1
43	44	2
135	158	5
162	162	3
120	121	5
128	159	2
129	166	2
158	161	6
58	105	1
166	166	6
80	80	5
69	70	1
13	14	3
92	93	5
64	69	2
112	113	6
150	150	10
170	170	2
5	40	4
123	170	1
118	124	3
4	5	4
15	20	1
33	36	4
6	155	6
47	52	3
6	55	4
168	168	2
128	128	2
6	154	1
77	78	2
88	89	4
84	170	3
38	38	6
79	80	3
48	51	3
119	125	1
4	6	1
75	75	5
70	71	3
83	83	3
55	56	4
117	125	1
23	23	6
41	44	3
91	94	3
24	43	2
123	132	2
43	43	12
118	167	1
7	8	2
133	133	1
68	120	1
25	54	2
58	99	1
136	160	5
16	91	2
15	16	1
87	88	1
28	28	2
138	141	2
18	87	1
15	129	1
68	68	2
159	163	1
19	68	3
97	158	2
76	117	2
100	106	1
45	50	1
20	56	1
128	129	1
93	93	2
145	148	1
70	75	3
117	118	1
7	57	3
154	154	1
131	132	3
25	155	1
161	162	1
45	97	1
101	115	2
141	166	1
126	162	1
126	131	1
58	58	2
51	164	1
68	69	1
129	130	3
86	112	2
21	21	2
63	121	1
84	84	1
87	89	1
14	18	1
119	119	1
43	48	1
4	7	2
62	63	1
46	99	2
68	162	1
26	36	2
157	158	1
57	97	1
24	35	1
4	46	2
123	157	2
100	102	3
40	49	1
151	152	1
37	46	1
158	159	1
134	134	2
81	83	1
7	52	1
11	48	1
22	84	1
132	133	1
149	156	1
10	11	2
102	115	1
24	51	1
39	40	1
73	100	1
10	57	1
92	105	1
79	107	1
74	74	1
