37	44	2
53	54	4
4	4	2
42	42	8
32	32	5
40	44	2
13	13	2
22	24	2
51	54	1
17	37	1
54	54	3
9	9	2
23	25	2
15	15	4
40	40	2
2	31	1
5	24	1
43	43	6
47	48	3
8	8	4
36	36	3
42	43	3
54	58	2
6	6	5
56	56	2
50	56	3
50	50	2
42	57	2
33	33	4
14	15	1
46	47	1
50	51	2
48	48	4
59	59	4
43	49	1
12	17	2
51	53	1
45	45	3
37	39	2
16	19	2
42	47	2
21	22	1
18	19	1
45	46	2
31	31	5
54	55	1
2	2	2
39	39	1
4	22	2
0	0	1
62	62	2
35	35	2
48	49	2
42	45	2
4	23	1
61	61	3
57	59	2
7	24	1
59	60	1
10	10	2
30	30	3
18	18	1
44	44	3
36	44	1
56	61	1
15	16	1
58	59	1
54	56	1
47	47	5
22	22	1
50	58	2
9	10	1
52	53	1
1	1	2
0	5	2
4	14	1
47	61	1
5	56	2
3	3	2
53	53	2
32	33	1
29	37	1
38	38	2
20	20	2
43	47	3
51	51	2
8	20	1
37	38	2
23	24	1
6	10	1
43	45	1
38	39	1
54	60	1
24	24	2
18	20	2
58	58	1
31	32	1
31	46	1
49	49	2
34	34	1
45	56	2
43	48	1
2	11	1
31	60	2
16	16	1
37	51	1
38	54	1
8	11	2
56	58	1
46	46	4
37	45	1
5	5	1
15	17	1
21	23	1
57	57	2
55	55	1
35	36	2
14	19	2
31	33	1
2	3	1
0	34	1
20	21	1
16	17	1
37	37	2
34	35	2
36	49	1
19	29	1
42	51	1
52	52	1
