5	6	1
19	19	6
58	58	11
60	83	1
75	77	2
6	20	2
6	13	1
14	14	9
71	71	3
23	23	8
5	5	10
72	72	4
80	80	12
74	74	7
26	59	2
25	25	4
55	56	6
7	9	1
75	75	7
82	86	3
81	81	7
23	27	3
69	69	6
24	58	1
24	24	6
84	89	1
28	28	5
59	72	4
62	62	2
73	73	2
68	69	3
51	51	4
57	67	1
20	21	4
47	47	1
12	12	8
14	29	2
9	10	5
82	82	10
4	4	4
59	59	6
67	68	6
22	22	6
10	35	1
78	79	1
13	13	9
83	83	8
2	2	1
66	67	1
53	55	2
7	8	10
54	80	3
71	72	4
85	85	4
14	15	2
27	28	4
2	3	2
68	68	4
79	79	4
64	65	1
56	73	1
51	52	1
53	53	6
86	86	2
29	30	2
8	8	6
7	7	3
10	10	3
25	74	1
48	49	4
0	0	2
23	24	1
57	57	3
29	29	3
69	74	1
34	34	1
17	64	2
15	15	1
80	81	2
11	12	1
63	64	5
78	82	1
54	84	1
67	67	4
50	50	4
55	55	4
4	5	2
24	46	1
72	73	7
9	35	1
60	60	1
12	22	1
84	84	5
19	20	2
4	24	1
69	71	2
68	86	2
65	65	2
69	70	1
1	1	4
9	24	1
77	77	1
25	27	1
17	19	1
21	28	3
10	12	1
24	26	1
22	51	2
80	83	1
20	20	3
26	27	2
89	89	4
56	56	4
12	13	1
17	17	7
71	74	3
47	48	1
9	9	3
27	48	1
26	46	1
50	51	2
59	60	1
20	24	1
56	57	1
60	76	1
25	46	2
30	57	2
48	48	1
11	11	2
66	66	3
57	58	4
50	54	1
81	85	1
87	87	2
34	35	2
49	52	1
19	46	1
13	14	1
55	59	1
3	3	3
75	76	3
85	86	3
64	64	2
11	18	1
13	23	2
6	6	2
76	76	3
3	4	2
19	47	1
5	13	2
54	55	2
53	56	1
11	27	1
31	31	1
21	22	1
15	25	1
64	83	1
22	23	1
86	87	1
30	30	3
20	52	2
9	12	1
49	58	1
70	70	3
61	62	1
26	26	2
65	66	1
62	63	2
68	75	1
27	27	2
52	52	3
13	22	2
63	63	2
9	81	1
13	27	1
64	66	1
48	50	1
60	62	1
81	83	1
74	75	1
5	7	2
78	78	3
53	54	1
57	75	2
77	78	1
73	74	1
78	83	1
54	79	1
90	90	1
80	85	1
10	16	1
12	28	1
76	81	1
61	61	3
17	18	1
50	73	1
16	17	1
18	19	2
67	84	1
81	82	1
60	72	1
58	59	1
22	50	1
70	83	1
20	25	1
67	80	1
70	74	1
15	16	1
82	83	1
13	28	1
23	47	1
25	47	1
49	49	1
