89	89	4
69	69	9
90	93	1
77	78	2
55	101	3
34	34	5
99	99	8
48	48	5
53	54	1
30	91	1
94	97	3
39	39	6
96	100	3
60	61	2
25	25	8
66	72	1
56	56	6
88	88	6
38	38	9
52	102	3
51	51	4
40	40	6
42	42	14
85	86	3
90	90	8
77	81	3
61	62	5
63	64	2
46	46	8
62	62	8
41	43	1
62	92	1
100	101	4
77	77	2
47	47	9
79	80	3
88	96	2
56	66	1
54	54	8
81	81	6
97	97	3
75	75	9
49	49	6
67	67	9
66	66	7
93	96	2
92	98	1
20	86	2
42	43	3
55	55	3
72	72	4
69	71	2
86	86	6
64	65	1
76	76	7
71	71	7
83	96	2
78	78	5
35	84	1
96	96	3
93	93	1
95	95	4
85	85	9
64	64	6
46	53	2
36	38	2
26	27	2
46	48	2
47	48	3
78	79	3
68	69	1
60	60	6
53	100	4
74	74	4
24	27	2
22	22	1
51	85	1
20	20	1
50	50	5
22	45	1
56	65	1
23	28	3
41	41	10
101	101	3
81	84	1
39	65	2
63	77	1
57	58	6
65	68	3
30	30	1
30	39	1
79	81	2
98	100	3
52	52	5
52	80	1
87	87	6
61	61	4
46	47	2
92	92	3
96	97	3
20	25	2
67	68	4
53	55	1
70	70	11
37	38	2
43	65	1
24	25	2
29	29	2
63	63	5
27	27	5
80	80	5
79	79	4
94	95	2
91	96	1
66	71	2
44	44	8
51	52	1
84	91	1
61	86	1
86	88	2
57	100	1
50	51	4
55	56	3
51	78	1
74	78	1
40	98	1
66	77	1
47	65	1
25	26	4
80	98	1
51	55	1
51	68	2
73	73	2
35	37	4
91	92	5
75	76	3
68	68	5
100	100	5
73	77	2
26	47	1
36	39	1
43	66	1
58	60	1
55	99	1
57	86	2
47	53	1
83	83	2
60	63	1
48	61	1
34	80	1
86	90	1
90	91	1
74	87	2
86	101	1
59	62	1
50	52	3
51	101	1
84	84	3
81	82	1
23	23	2
98	98	2
51	79	1
28	28	2
94	94	5
69	70	3
54	55	2
53	53	4
36	36	6
89	93	3
89	90	4
26	26	6
97	101	1
23	40	1
57	57	6
29	33	2
85	91	3
64	66	3
65	65	2
56	73	2
41	99	1
20	22	1
35	38	1
81	85	1
66	69	2
47	89	2
82	83	1
66	76	2
62	63	1
54	98	1
49	78	2
26	30	2
50	91	1
95	96	2
46	51	1
22	37	1
88	89	1
20	42	1
91	91	3
49	50	2
72	73	2
64	74	1
95	99	1
92	93	2
87	88	2
83	93	1
33	93	1
32	32	1
59	59	2
59	67	1
58	68	1
84	93	1
43	43	5
63	74	1
34	100	1
23	24	1
62	98	1
33	42	1
33	53	1
95	98	1
35	36	3
94	96	1
27	28	1
45	45	4
95	97	1
96	98	2
89	92	1
42	48	1
59	60	1
88	90	2
52	73	2
56	57	1
74	92	1
53	60	1
65	77	1
34	65	1
22	28	1
50	66	1
47	49	1
59	76	1
39	56	1
85	92	1
61	73	2
48	82	1
58	59	1
69	74	1
24	26	2
35	39	1
74	96	1
35	35	2
30	45	1
77	86	2
57	73	1
52	78	1
66	67	1
20	31	1
84	97	1
31	83	1
24	24	1
33	34	1
50	78	1
97	98	1
84	94	1
102	102	2
58	58	1
61	63	1
80	81	1
66	68	2
24	28	1
34	36	1
66	73	2
99	101	1
25	38	2
40	44	1
93	94	1
66	70	1
45	53	1
86	94	1
45	75	2
46	52	1
63	97	1
27	30	1
38	49	1
22	23	1
68	70	1
73	74	1
81	94	1
31	31	1
49	56	1
25	40	1
52	77	1
42	64	1
83	100	1
63	90	1
93	98	1
40	42	1
20	77	1
