5	6	11
178	179	2
63	65	1
22	23	2
61	75	2
86	87	4
14	113	1
19	158	1
89	89	3
123	138	1
14	95	1
177	178	2
169	170	2
162	163	1
12	12	9
109	111	2
169	178	1
0	52	3
44	44	8
26	30	2
32	32	10
147	147	3
167	167	7
7	9	1
158	160	1
106	107	2
118	118	4
88	89	3
116	117	2
120	120	3
60	75	2
13	13	8
91	91	3
14	15	4
1	1	2
32	33	7
111	111	4
26	28	3
161	162	4
60	76	1
21	21	5
150	150	6
6	6	5
28	30	1
35	35	5
30	30	6
139	139	3
13	14	3
149	149	1
29	31	1
22	22	4
18	34	1
144	144	4
116	116	6
49	49	3
5	5	9
50	51	1
132	133	2
116	144	2
108	108	4
12	19	2
165	166	2
121	122	3
159	162	1
59	61	2
125	125	3
173	175	2
117	119	1
31	52	1
157	157	2
141	180	1
127	127	5
166	167	4
27	27	2
142	143	1
39	40	4
25	25	6
3	3	6
41	41	4
29	29	2
45	46	2
158	158	6
36	36	7
26	38	1
138	140	2
27	28	7
114	162	2
133	133	5
66	66	1
38	41	1
26	27	4
128	130	1
100	103	1
12	13	6
64	64	4
27	31	1
109	114	1
52	52	3
54	54	1
37	38	1
168	170	1
77	92	2
11	11	5
0	1	2
96	96	4
152	153	5
28	111	1
146	146	4
15	15	4
14	14	6
140	141	4
17	18	2
136	136	2
23	23	7
150	151	2
108	115	1
104	107	1
33	33	7
81	81	3
170	171	1
178	178	6
172	172	6
19	19	3
84	85	1
140	140	2
57	57	5
53	57	1
61	64	1
173	173	8
15	16	3
60	60	2
122	122	3
4	45	1
79	80	1
88	88	3
65	65	3
18	41	1
93	102	1
132	180	1
67	148	2
98	99	1
24	24	4
17	17	7
168	169	3
25	26	6
7	7	3
62	63	3
75	75	5
163	163	4
177	177	3
43	44	6
81	101	1
78	80	1
101	102	3
16	16	2
4	5	4
102	103	3
87	87	1
96	97	2
169	169	2
43	43	3
155	156	1
113	113	6
78	102	1
2	2	3
175	177	1
29	44	1
178	180	2
79	79	2
9	12	4
134	134	4
112	130	1
97	97	5
7	13	1
126	126	3
28	28	7
0	14	1
143	143	2
56	56	6
34	34	3
153	153	2
135	136	2
55	55	3
4	7	1
100	100	3
63	67	1
72	72	2
37	37	4
131	132	2
103	103	3
176	176	3
108	111	2
26	33	1
31	31	6
34	41	1
138	138	2
10	11	1
44	74	1
18	29	2
49	50	1
112	112	4
91	92	2
9	9	6
100	101	2
179	179	2
8	13	1
32	35	2
169	171	3
63	89	1
79	101	2
130	130	2
174	175	3
24	25	3
129	130	4
74	74	4
8	8	4
105	105	1
160	160	3
107	111	2
120	122	1
35	42	1
27	35	1
133	138	1
135	135	3
6	9	1
31	32	3
165	165	4
148	149	2
112	113	2
166	166	2
61	61	4
28	36	1
35	36	3
91	98	1
0	5	1
110	110	2
131	137	1
156	162	1
45	45	2
16	51	2
11	18	1
28	32	1
115	115	3
51	52	1
76	76	2
3	35	1
141	141	4
44	45	3
42	42	1
153	159	1
14	16	3
117	117	5
109	116	1
114	114	5
22	42	1
53	53	3
0	0	6
80	80	4
80	81	2
77	78	1
18	18	7
24	26	4
3	8	1
148	148	7
54	74	2
12	14	1
0	72	1
1	10	2
31	40	1
90	90	1
130	131	1
16	18	3
124	132	1
145	149	1
132	132	2
30	31	6
14	25	1
26	26	6
108	116	2
107	110	1
115	164	1
72	85	1
49	76	1
145	145	5
119	124	2
90	91	2
56	57	4
99	99	2
160	164	2
16	17	2
123	137	1
103	115	1
27	38	1
3	32	1
92	102	1
131	133	1
107	109	1
66	113	1
126	130	1
110	111	4
8	9	6
127	128	1
14	21	3
49	80	1
59	60	1
28	29	4
158	164	1
103	105	2
12	18	1
71	75	2
9	33	2
13	15	1
15	19	1
105	107	1
38	97	1
86	86	1
2	3	3
156	156	3
78	78	1
98	107	3
81	94	2
126	127	1
124	124	3
102	102	2
129	129	3
43	46	1
159	160	2
10	10	6
73	103	2
98	101	3
67	68	2
10	27	2
97	98	2
13	21	1
50	50	4
24	33	1
152	152	1
129	157	1
30	32	1
103	106	1
131	152	1
58	59	3
82	82	1
25	55	1
1	2	1
128	128	2
153	154	1
90	93	1
38	40	1
23	41	1
20	20	1
30	39	1
34	44	1
147	148	2
87	157	1
5	7	1
95	95	1
40	40	1
51	51	3
142	142	1
171	173	1
61	68	1
33	138	2
123	124	3
59	59	3
32	72	1
123	125	3
82	101	1
40	54	1
77	77	1
89	93	1
150	158	1
6	7	1
113	174	1
108	114	1
153	156	1
113	160	1
13	16	1
39	39	4
74	131	1
58	58	1
159	159	1
60	97	1
176	177	1
52	53	4
29	30	2
44	90	2
21	22	2
125	126	3
25	27	2
171	171	1
88	90	1
62	98	1
149	154	2
38	38	4
11	34	1
131	131	1
111	112	3
55	79	1
106	106	1
145	147	2
41	42	3
167	168	1
132	134	1
67	67	1
22	27	1
68	70	1
66	94	1
162	165	2
119	121	1
177	180	1
31	34	1
63	63	1
164	164	2
38	39	1
61	62	1
11	12	1
4	4	1
33	50	1
29	36	1
37	40	1
24	50	1
26	31	1
137	137	1
70	71	1
24	53	1
96	100	1
93	140	1
141	150	1
36	38	2
101	101	1
154	155	1
1	3	3
22	33	1
105	106	1
81	82	3
30	33	1
100	121	1
18	21	1
171	172	1
15	17	2
133	162	1
10	14	3
64	97	1
147	163	1
65	66	1
9	11	1
61	63	1
63	68	1
17	21	1
66	67	1
17	31	1
110	123	1
3	5	1
56	58	1
123	150	1
1	4	2
10	12	1
55	58	1
72	76	1
151	151	1
8	10	1
55	77	1
168	168	1
139	140	2
82	99	1
7	8	1
146	155	1
138	139	1
143	144	1
105	108	1
119	119	1
24	32	1
56	177	1
103	109	1
99	103	1
108	109	2
153	155	1
85	87	1
145	146	1
158	159	1
107	107	1
123	123	1
93	93	2
33	34	1
139	179	1
36	37	1
80	89	1
18	20	1
13	163	1
143	145	1
85	85	1
4	135	1
0	32	1
94	94	1
18	19	1
74	75	1
118	154	1
19	62	1
175	176	1
175	175	1
160	167	1
44	78	1
3	4	1
19	20	1
100	116	1
128	134	1
79	82	1
53	55	1
112	115	1
11	27	1
40	43	1
68	102	1
128	136	1
85	117	1
66	68	1
158	169	1
118	126	1
51	54	1
116	118	1
