104	118	1
27	92	1
13	14	3
121	124	3
3	101	2
44	44	2
62	62	5
46	47	1
36	36	3
61	61	4
96	99	1
91	91	5
96	98	2
26	26	5
34	34	1
58	59	2
73	73	3
122	122	3
59	59	4
26	82	1
81	101	1
82	83	6
60	104	2
107	107	2
88	88	5
68	69	5
80	106	1
58	58	5
92	92	6
7	7	12
103	105	3
25	26	3
18	18	5
57	58	5
78	94	2
17	17	4
20	20	2
14	33	1
72	72	9
7	22	2
65	65	5
42	42	7
96	113	1
45	130	2
124	125	1
47	47	5
120	121	2
118	118	1
11	16	2
90	90	1
113	118	2
68	71	2
6	6	6
49	49	3
32	33	2
7	32	2
20	45	1
75	76	3
130	130	1
46	46	12
101	101	7
120	129	2
111	112	4
30	80	1
48	48	4
36	62	1
3	3	2
99	105	2
10	15	1
91	97	2
115	115	3
126	126	3
108	132	2
29	29	7
103	132	1
78	81	1
133	133	1
124	127	1
5	8	1
45	45	9
95	96	5
8	85	1
68	68	5
63	64	4
24	24	2
78	95	2
29	49	3
79	79	3
10	10	5
45	78	1
74	74	3
114	116	1
116	125	1
37	40	1
43	44	1
124	124	2
41	96	2
11	93	4
48	49	4
69	70	2
30	30	7
4	95	4
69	69	8
36	40	3
17	46	1
98	99	2
7	11	1
18	45	1
95	95	6
21	21	4
11	11	9
5	93	2
114	115	1
45	62	1
71	72	2
66	66	4
93	93	11
44	45	1
12	12	5
102	104	2
116	117	1
82	102	1
20	27	1
80	80	5
100	101	4
90	109	1
24	25	1
11	14	1
64	64	4
116	116	6
9	9	8
41	132	1
77	78	6
90	91	3
19	19	1
35	63	3
79	80	2
27	80	1
93	95	1
58	99	2
29	30	3
6	9	2
76	76	1
45	70	1
10	11	3
15	15	8
96	96	5
98	98	3
49	50	1
81	83	1
60	60	7
22	26	1
45	46	4
41	41	3
75	75	8
7	10	1
88	106	2
47	48	1
85	85	5
123	124	2
74	124	1
11	13	2
5	6	1
56	57	2
99	99	2
81	82	1
36	47	1
11	21	1
70	70	5
109	109	4
14	14	6
62	63	1
78	78	3
35	36	2
2	3	2
123	123	3
55	56	2
97	100	3
125	125	2
70	119	1
43	59	1
28	28	3
31	31	4
62	64	2
63	63	5
76	77	1
70	72	1
89	91	1
77	77	2
101	105	1
83	83	4
96	97	1
97	99	1
60	101	2
83	85	2
116	126	1
94	94	4
77	126	1
0	0	2
25	25	2
47	49	1
131	131	1
87	87	2
73	74	2
11	92	2
51	51	1
35	35	5
78	79	2
11	27	1
27	78	1
54	55	1
108	108	1
9	10	2
28	89	1
25	82	1
66	67	2
84	84	4
4	25	1
127	127	1
134	134	2
33	34	1
72	77	1
120	120	1
44	46	1
57	59	1
91	92	2
42	43	3
26	47	1
12	14	2
81	84	1
12	66	2
82	84	1
33	35	1
118	119	1
10	12	1
55	58	1
59	60	2
113	115	2
39	42	1
122	125	2
30	34	1
57	57	2
47	58	1
114	114	1
125	126	2
63	122	1
116	131	2
132	132	1
87	134	1
61	62	2
100	100	3
89	101	2
94	95	1
73	120	1
45	71	2
62	71	1
26	48	1
7	20	1
64	65	1
106	110	1
21	23	1
123	127	1
99	101	1
23	26	1
121	121	3
75	78	3
87	88	3
26	49	1
23	48	1
16	17	1
32	32	1
80	81	2
11	86	1
24	26	1
17	18	2
61	73	1
97	97	2
43	43	4
41	42	3
5	94	1
33	33	3
2	2	3
16	16	5
116	134	1
29	32	1
115	117	2
3	4	1
112	113	2
19	21	1
37	37	2
110	111	1
60	70	1
79	99	1
50	54	3
86	86	4
10	14	1
13	66	1
31	32	1
66	83	1
71	77	1
126	127	1
61	70	1
82	82	1
4	4	1
5	84	1
48	50	1
29	48	1
85	94	1
91	95	1
27	27	4
6	7	1
116	119	1
13	15	2
111	113	3
44	57	1
101	102	1
38	39	1
93	94	1
35	83	1
61	75	2
81	81	1
105	107	1
12	13	1
26	27	2
55	55	1
8	8	1
99	100	2
91	109	1
29	33	1
12	15	1
131	132	1
14	15	1
90	93	1
27	29	1
13	13	2
36	41	1
11	12	1
10	16	1
105	105	1
4	89	1
110	110	1
20	62	1
85	86	1
119	119	2
37	66	1
9	21	1
14	24	1
120	128	1
84	96	1
104	104	1
4	85	2
91	94	1
48	92	1
28	29	1
67	68	1
111	111	1
40	40	1
119	126	1
46	119	1
92	94	1
9	18	1
4	90	1
102	102	1
4	101	1
108	109	2
60	61	1
22	24	1
39	39	1
119	129	1
14	35	1
33	78	1
60	71	1
106	106	1
