18	48	1
62	62	5
25	25	1
45	45	10
17	17	5
48	49	2
43	50	2
40	40	11
59	59	6
9	11	1
11	12	1
22	23	8
50	50	4
4	4	5
53	53	4
42	42	1
47	47	6
24	26	1
14	16	1
0	0	1
41	60	1
53	55	2
43	43	3
58	59	2
40	55	1
37	38	3
4	59	1
58	58	4
37	37	3
31	31	4
48	48	9
14	15	1
49	57	2
1	1	3
39	39	4
33	55	1
52	59	1
12	50	2
9	16	3
19	19	1
16	16	3
34	36	2
0	4	1
2	2	3
42	45	1
38	40	1
34	34	6
45	56	2
30	31	2
39	40	2
20	23	2
44	45	2
24	24	4
10	10	1
30	30	3
46	47	2
1	2	1
31	32	2
36	36	3
38	38	2
40	41	1
33	34	2
44	44	1
10	11	1
12	13	2
31	36	1
49	49	2
52	54	1
34	35	2
10	54	1
57	57	5
6	6	3
55	58	1
46	50	1
38	53	1
56	56	6
43	60	1
11	11	1
43	44	2
13	56	3
59	60	2
32	33	1
7	7	3
35	61	1
44	52	1
30	42	1
2	3	1
56	59	1
54	54	6
51	51	2
47	49	1
6	10	1
41	51	2
5	5	2
20	20	1
60	60	2
6	44	2
9	12	1
35	35	5
3	3	2
55	55	2
32	32	1
51	53	2
16	18	4
52	52	2
47	59	2
33	33	5
55	56	4
11	52	1
46	46	3
53	54	3
13	13	1
9	10	1
39	41	2
29	47	1
41	41	1
20	21	1
20	48	1
0	38	1
49	50	1
6	7	1
23	23	3
9	9	1
33	49	1
51	59	1
38	39	1
12	12	1
1	9	1
6	45	1
29	58	1
22	25	2
46	58	1
18	18	1
10	43	1
8	19	1
36	53	1
57	58	1
46	55	1
2	11	1
43	47	1
41	56	1
12	52	1
24	52	1
61	61	2
35	36	1
10	24	1
50	51	1
50	57	1
9	45	1
47	48	1
38	51	1
58	60	1
36	50	1
6	13	1
6	11	1
