79	81	2
141	141	2
30	39	1
74	79	2
41	42	2
145	145	4
126	126	3
112	113	1
63	76	2
55	55	1
154	154	1
63	63	1
71	73	4
21	21	1
67	68	4
145	147	2
34	34	4
37	49	2
38	50	1
86	87	3
77	77	2
64	65	1
27	29	1
11	29	1
79	79	1
84	86	2
13	15	1
127	128	2
86	98	3
54	54	5
38	40	1
5	22	1
74	75	1
120	121	4
85	85	2
42	53	4
63	64	2
100	100	1
69	69	3
66	84	1
11	12	1
118	141	1
105	105	1
80	80	2
80	81	1
87	97	1
3	13	1
148	149	2
12	12	2
118	131	2
44	45	2
29	39	1
98	100	1
71	71	3
5	5	3
113	113	5
37	151	1
17	17	3
72	72	1
132	133	1
17	18	3
68	68	2
47	47	2
5	6	2
87	96	3
22	22	3
112	114	1
76	76	3
50	50	2
102	102	3
26	27	1
116	117	2
19	20	1
63	65	1
24	35	1
121	121	2
138	140	3
23	23	2
29	30	1
126	127	1
153	153	3
96	106	1
4	11	1
78	93	1
6	6	5
49	52	1
83	103	1
63	99	1
8	8	1
28	36	1
20	22	1
13	14	2
13	24	1
114	118	1
119	144	1
83	83	2
25	25	1
107	118	1
24	24	1
19	19	3
26	29	3
41	41	2
104	104	2
94	94	2
31	31	5
44	44	4
10	10	1
150	150	5
49	49	2
144	144	2
55	58	1
67	67	3
151	151	1
14	14	5
147	148	1
65	66	1
87	92	3
42	42	4
43	43	2
35	35	1
128	130	3
58	58	2
20	20	4
75	76	2
57	57	3
27	27	2
142	142	1
135	135	3
83	100	2
124	138	2
130	130	3
44	46	1
53	53	4
108	108	2
16	21	1
116	116	4
56	56	1
149	149	1
94	96	1
77	78	1
116	153	2
145	146	1
48	53	1
24	41	1
69	70	2
81	84	2
131	131	2
96	100	2
110	111	2
67	87	3
140	141	1
70	75	1
23	32	1
144	145	1
49	53	1
39	39	2
20	49	2
118	118	1
21	49	1
14	15	1
54	57	1
98	99	2
67	76	1
39	40	1
128	128	1
24	25	1
149	152	1
115	115	1
81	98	1
26	26	5
15	30	1
43	44	3
22	23	2
5	68	1
48	48	2
93	130	1
8	9	2
118	138	1
104	105	1
33	34	1
109	119	1
97	128	1
45	45	1
27	38	1
40	40	2
43	62	1
151	152	2
62	62	2
48	71	1
86	93	1
28	28	2
2	3	1
64	67	1
124	124	4
86	86	3
95	95	4
72	96	2
81	83	1
136	141	1
75	85	1
10	27	1
84	148	1
42	43	1
77	79	1
33	33	1
73	76	1
55	56	1
112	112	1
82	83	1
16	20	1
43	53	1
3	3	1
12	13	1
73	153	1
10	12	1
16	19	1
147	147	2
127	138	1
139	149	1
119	120	1
139	139	1
99	116	2
124	126	1
32	34	1
80	122	1
132	132	2
11	14	1
71	104	1
108	110	1
65	65	1
11	11	3
51	51	1
136	136	2
65	67	1
62	75	1
17	36	1
9	10	1
96	137	1
62	66	1
25	41	1
109	109	1
74	74	2
70	70	1
91	91	1
114	149	1
138	139	1
76	103	1
7	17	1
34	39	1
123	127	1
82	134	1
77	80	1
69	92	1
25	26	2
4	4	2
31	36	1
11	19	1
146	148	1
38	39	1
87	139	1
28	29	1
141	142	1
101	101	1
75	75	1
144	146	1
107	107	1
90	90	1
70	152	1
4	5	1
100	133	1
132	144	1
117	142	1
36	87	1
96	114	1
108	122	1
34	36	1
138	138	2
132	147	1
79	80	1
127	127	2
20	21	1
55	78	1
7	7	1
39	41	1
42	62	1
8	26	1
18	19	1
93	129	1
14	33	1
65	81	1
113	118	1
82	82	1
86	99	1
33	36	1
