30	30	6
43	43	14
8	8	10
19	19	12
45	45	12
38	38	11
3	3	14
53	53	17
38	43	3
20	21	3
2	2	15
24	25	6
68	69	10
7	7	18
30	35	4
73	76	3
26	26	12
41	41	7
44	70	4
8	9	9
44	44	20
31	31	8
46	46	7
58	58	16
64	64	16
69	70	10
20	44	4
28	30	3
33	34	2
28	28	17
73	73	20
60	74	2
72	72	10
51	51	12
47	47	5
77	77	7
61	66	6
14	14	2
55	55	22
48	49	5
19	38	4
58	64	2
71	71	13
20	20	18
29	29	10
10	13	3
73	75	6
53	54	11
71	74	5
44	45	6
11	11	14
57	58	7
36	36	2
22	23	11
44	49	3
66	66	9
65	65	13
64	65	2
27	28	3
25	25	10
6	7	9
6	6	4
7	8	7
70	74	5
11	13	5
29	31	3
35	36	5
48	48	8
52	52	4
10	10	9
46	47	13
72	74	4
35	50	7
46	48	3
24	24	10
37	39	4
21	23	6
23	23	11
33	33	19
34	34	13
29	30	6
61	61	4
51	52	6
40	52	7
0	0	12
66	69	1
40	53	4
6	8	3
19	21	2
60	60	2
35	35	9
7	14	5
76	76	3
10	12	4
54	55	3
68	70	4
41	42	4
68	76	4
25	44	1
22	22	9
28	29	3
60	62	2
70	71	14
40	40	7
20	24	3
74	74	4
67	67	6
40	70	5
31	34	5
55	69	5
75	77	5
22	25	7
69	76	2
1	1	13
19	24	2
25	48	3
26	28	4
42	43	7
12	12	10
36	37	3
4	5	4
4	4	4
5	6	5
23	31	5
8	11	5
22	24	10
14	26	2
13	13	8
49	53	3
59	59	3
23	24	8
46	50	2
66	73	1
74	76	3
68	68	5
7	11	2
40	41	5
43	44	8
5	5	1
24	28	4
24	31	4
21	22	5
21	21	10
9	9	17
19	20	7
75	75	4
18	19	6
35	38	2
76	77	3
18	39	3
44	47	2
63	63	7
50	51	6
27	31	2
66	68	3
42	42	3
50	50	3
64	66	2
43	45	2
55	59	5
57	57	3
3	5	1
54	57	2
70	70	3
71	72	4
39	39	5
62	62	2
56	56	7
60	71	2
74	75	2
42	58	2
32	32	3
53	55	3
61	62	2
45	57	4
60	61	2
25	28	2
44	46	2
40	43	3
36	38	1
39	43	1
12	13	6
10	11	1
26	44	3
0	1	1
61	63	2
48	56	2
59	60	6
11	12	5
35	51	3
58	59	2
44	50	1
41	43	1
67	72	2
54	58	1
53	57	2
31	32	4
62	73	3
23	32	1
27	27	1
61	77	2
27	48	3
45	49	2
13	26	1
75	76	1
9	44	2
72	73	1
61	74	1
49	50	2
30	31	1
25	26	2
56	57	1
1	2	1
51	56	1
18	46	1
69	69	2
4	6	1
18	18	1
18	57	1
61	64	1
2	4	1
12	14	1
41	57	1
14	29	1
68	77	1
19	23	1
