39	39	7
89	90	3
45	45	5
34	40	1
63	63	8
34	34	2
71	72	3
49	49	6
89	89	4
29	29	2
42	43	1
76	77	5
90	90	9
105	105	2
31	33	2
71	71	8
81	84	1
59	60	1
60	60	3
46	47	2
49	50	4
78	89	2
69	69	2
25	28	4
88	88	1
79	79	4
55	64	2
40	42	1
96	96	5
63	64	2
53	54	5
66	66	2
58	58	3
46	49	1
81	81	3
52	52	5
45	46	1
102	102	7
68	69	11
37	37	6
80	80	3
51	53	1
73	73	8
85	92	3
61	65	1
92	92	1
21	22	1
79	80	5
30	31	2
65	85	1
51	52	3
100	100	1
44	45	1
35	35	3
30	33	2
41	85	1
52	53	1
57	58	2
46	46	4
78	78	3
50	51	2
82	82	2
59	59	9
25	25	5
65	65	4
58	59	6
40	40	2
27	27	4
89	91	1
28	47	2
73	76	1
38	38	3
35	42	1
36	36	2
67	67	3
24	24	3
84	84	3
56	57	4
33	53	3
32	33	2
31	31	12
60	68	2
30	49	1
77	77	1
101	101	3
48	48	1
104	104	2
40	41	4
26	33	3
94	95	3
98	98	2
83	83	4
54	55	1
78	79	4
51	51	4
81	87	1
87	87	2
73	74	2
21	21	5
37	56	1
64	64	5
24	56	1
43	43	5
37	49	1
70	71	2
88	90	1
25	49	1
43	44	3
106	106	2
93	94	1
60	63	2
36	37	3
84	86	1
65	66	2
72	72	2
48	50	1
44	44	3
47	48	2
86	87	3
21	23	1
87	88	2
55	58	1
70	70	1
38	39	2
62	62	2
55	56	1
20	21	1
61	61	3
63	65	1
30	41	4
50	50	3
76	76	4
61	62	3
57	57	2
33	67	1
62	63	1
97	99	1
77	78	3
75	76	2
69	71	1
83	84	1
72	76	1
95	96	1
23	23	2
95	95	2
74	74	2
37	41	1
33	33	2
42	45	2
86	86	3
83	87	2
40	44	1
27	28	1
75	75	3
63	66	3
103	103	1
21	46	2
55	55	2
25	26	1
44	78	1
99	99	3
34	71	1
45	47	2
58	64	1
58	80	1
90	98	1
53	53	4
33	37	2
69	76	1
31	32	5
62	64	2
28	38	1
93	93	1
33	34	1
29	30	1
102	103	1
66	76	1
57	83	1
35	36	3
74	76	1
91	91	3
52	87	1
26	26	1
37	38	3
22	23	2
79	81	1
30	52	1
67	69	2
48	49	1
37	61	1
38	82	1
94	96	1
82	83	2
30	30	3
67	73	1
37	53	1
82	88	1
26	28	1
25	29	1
28	28	1
32	34	1
58	61	1
56	56	1
84	85	1
75	91	1
23	50	1
34	49	1
80	81	1
68	68	2
97	97	1
38	84	1
23	24	1
