188	188	3
111	233	2
165	165	19
107	107	18
143	143	10
113	113	5
70	70	15
231	231	2
225	227	1
142	142	13
175	175	8
175	177	3
45	46	11
200	202	1
37	37	17
25	25	21
169	169	10
3	163	4
111	135	4
194	194	6
65	73	8
108	111	6
184	185	4
200	200	8
129	130	6
104	104	2
115	117	2
8	8	15
59	78	2
137	138	4
39	40	3
182	182	8
185	189	1
114	114	15
95	176	3
70	165	1
105	105	13
130	130	1
38	42	2
63	63	6
232	237	3
31	31	17
43	43	9
162	177	2
179	179	13
179	231	4
67	67	14
229	229	8
118	119	4
223	223	6
101	102	5
128	128	10
224	227	3
216	220	3
207	233	2
101	101	7
236	236	11
35	35	16
188	218	3
241	242	6
103	106	3
207	208	8
106	130	5
38	57	3
170	170	13
164	164	24
123	129	2
152	153	2
121	123	2
138	142	3
158	158	4
157	166	3
4	7	7
62	62	9
58	59	3
69	69	6
66	66	22
30	31	4
61	61	17
5	5	7
1	1	3
75	75	6
146	146	4
102	102	9
29	30	14
156	156	3
201	201	15
182	201	6
226	226	8
78	79	5
239	240	10
52	54	3
193	194	4
172	172	2
49	49	21
228	228	12
159	221	3
46	46	13
12	12	21
24	24	17
134	134	3
64	64	29
47	54	3
85	85	9
2	3	13
33	34	5
178	178	12
35	36	12
177	177	4
63	149	2
223	224	6
206	208	7
220	220	8
198	207	4
96	122	3
155	155	6
8	162	3
219	219	7
37	38	11
98	98	12
31	33	5
154	199	2
148	148	2
67	68	6
164	166	1
123	123	8
103	103	4
211	212	11
60	70	4
171	171	11
23	31	7
155	157	2
149	151	6
205	205	11
72	73	7
20	32	9
206	206	6
75	76	10
102	153	1
199	200	13
83	84	5
79	79	5
105	123	5
197	197	13
198	198	2
218	223	7
72	72	11
141	142	5
28	69	7
145	145	7
53	53	9
171	232	4
52	53	8
12	13	3
22	35	1
59	60	7
62	63	3
74	74	15
149	149	4
119	121	2
8	9	6
104	105	9
158	231	1
75	98	1
117	117	11
119	120	2
46	47	5
176	176	7
153	153	12
174	242	2
37	73	5
184	184	7
126	126	11
32	47	5
111	121	2
9	88	4
77	77	4
5	6	2
192	192	9
40	41	3
47	47	4
80	80	3
49	50	6
189	196	6
4	4	15
181	181	7
39	39	4
171	219	2
166	167	8
28	28	5
150	152	6
144	144	3
159	162	6
234	235	4
140	178	2
58	76	4
98	99	5
234	234	16
173	174	9
150	151	5
195	196	4
20	42	1
135	137	3
132	137	2
23	25	2
7	8	9
209	209	2
122	123	5
143	181	1
198	199	3
111	111	7
82	82	14
170	188	1
6	13	1
135	135	5
44	44	14
101	124	3
8	12	3
202	202	13
191	192	3
142	164	6
233	234	2
49	67	4
238	238	6
211	211	17
68	68	11
10	11	7
42	42	13
151	151	9
196	198	1
2	9	3
29	31	6
204	206	8
229	230	5
3	4	2
0	1	4
174	239	4
0	0	8
184	187	2
78	83	2
50	51	7
161	162	2
140	140	7
18	35	3
129	208	2
207	207	15
217	217	5
153	154	1
38	38	7
4	6	5
158	176	4
64	67	5
60	60	6
6	116	1
203	203	4
95	95	10
88	88	10
71	136	3
158	159	3
36	37	13
144	146	1
154	154	6
239	239	7
57	59	3
134	135	10
233	233	11
45	45	10
135	147	2
64	65	9
8	29	3
240	241	7
68	69	4
11	11	27
21	22	5
57	57	9
37	39	6
27	27	10
186	186	9
195	195	4
11	36	6
173	202	1
150	150	4
215	216	7
12	17	2
63	64	10
211	229	7
13	13	3
23	23	10
118	143	5
40	40	12
73	73	16
4	5	4
3	3	13
58	95	4
86	86	17
176	231	2
30	32	4
201	203	1
3	219	5
71	72	6
124	125	2
242	242	7
88	102	1
10	10	14
84	84	18
52	52	10
40	53	3
154	156	1
142	144	11
47	48	2
43	44	1
32	32	7
230	230	14
222	223	3
162	162	3
26	26	18
214	215	3
70	78	2
27	28	4
46	52	4
121	122	8
144	155	3
6	6	11
65	65	10
235	235	5
48	54	3
216	224	4
115	115	5
145	158	2
19	20	7
103	107	2
1	2	1
2	12	3
208	208	14
124	124	10
71	71	7
3	129	4
30	30	5
39	44	3
80	83	6
34	34	7
81	86	1
220	221	3
58	58	6
56	57	1
85	88	2
65	207	4
82	90	4
2	2	5
53	54	4
174	175	7
228	229	2
117	146	2
55	63	4
179	180	4
199	199	8
26	136	2
11	12	1
38	45	2
143	146	3
7	7	11
24	25	5
157	161	3
108	108	7
65	147	2
88	98	3
97	97	5
32	37	2
222	222	10
147	148	2
36	36	16
28	73	2
99	100	5
213	214	3
62	80	1
216	218	17
115	116	7
224	225	8
77	78	7
225	225	5
29	29	11
163	167	3
62	78	6
178	231	4
42	43	1
9	82	1
172	202	2
64	66	4
106	106	4
69	75	2
75	236	3
137	137	6
8	13	2
235	238	4
240	240	3
80	89	1
226	227	4
20	20	8
218	221	1
118	145	2
103	129	2
109	110	1
157	198	2
209	210	1
40	68	3
119	119	12
57	60	1
212	212	3
105	130	2
204	205	4
161	178	4
174	177	2
9	9	6
136	136	7
65	68	6
39	49	2
20	200	1
121	121	8
99	99	14
48	48	7
127	129	1
103	105	3
82	83	1
6	15	3
68	91	2
131	131	3
160	160	3
33	33	12
51	52	9
19	19	4
127	127	8
80	90	6
116	118	4
215	215	1
100	100	3
227	227	16
48	49	5
147	147	3
104	223	3
218	218	6
48	57	1
187	187	7
117	121	1
74	75	3
14	164	2
8	10	2
204	204	5
19	21	3
46	48	2
25	62	6
162	163	3
75	100	4
7	10	2
113	137	3
189	189	4
221	222	7
187	189	4
62	64	3
15	15	4
142	149	1
168	168	5
236	237	4
57	197	4
173	188	1
191	191	3
196	196	4
183	183	6
8	114	4
70	85	1
0	5	1
122	137	3
180	180	6
144	145	4
102	107	2
139	140	4
217	224	1
146	149	3
40	49	1
175	186	2
79	123	3
30	40	3
80	81	1
118	118	3
33	36	2
43	45	6
121	129	2
18	19	1
105	108	5
109	117	3
217	225	1
16	30	1
55	55	4
226	229	2
1	7	2
95	96	3
230	231	6
177	202	1
214	216	2
16	16	6
210	210	4
23	200	3
133	133	2
22	24	2
224	224	3
18	25	1
205	206	9
162	176	4
96	96	9
55	58	4
44	45	7
2	14	2
237	237	2
83	83	8
74	100	2
232	234	1
122	122	1
31	48	2
74	118	4
217	218	2
61	62	3
137	152	4
159	160	5
178	180	4
4	8	5
32	33	6
86	176	1
76	78	2
225	226	1
21	21	4
133	137	2
14	15	3
153	155	4
8	16	3
78	78	6
57	58	1
189	195	1
59	62	5
163	163	2
39	41	1
25	99	2
96	97	1
47	70	3
104	118	3
232	232	4
211	221	3
54	54	8
103	104	1
7	34	2
84	90	1
22	23	1
200	201	2
210	211	2
58	62	1
77	95	2
81	81	1
76	77	1
237	238	2
160	162	3
173	239	4
167	171	1
152	152	9
65	148	1
171	172	5
172	173	3
197	198	4
0	133	1
15	18	1
6	7	2
214	214	1
212	213	6
125	126	4
58	61	1
190	190	3
77	79	2
155	198	2
175	180	4
102	130	1
188	189	2
221	221	2
2	4	2
73	74	2
120	120	2
38	54	1
140	145	1
34	35	1
0	11	1
52	55	2
128	130	3
99	104	1
172	176	2
240	242	3
105	106	3
2	23	1
105	124	1
54	55	3
14	16	3
116	116	3
161	165	1
84	85	1
183	187	1
199	201	2
136	144	1
59	59	4
25	100	4
40	43	2
176	177	4
96	106	1
33	37	4
61	63	4
120	121	2
67	73	2
125	125	4
45	70	2
32	55	1
227	228	6
76	76	6
17	18	2
232	233	2
114	119	3
7	22	2
85	96	4
190	191	1
18	18	7
102	128	2
197	212	4
165	166	3
82	104	1
14	18	1
17	40	1
186	187	1
145	146	3
99	101	2
66	68	2
150	243	1
91	91	3
207	209	5
65	67	5
0	3	2
164	165	1
116	117	1
15	38	1
64	69	3
72	86	3
161	161	1
45	49	4
99	103	1
75	148	1
183	196	1
110	122	1
194	195	2
76	100	1
156	157	6
43	55	1
25	28	2
159	159	6
63	71	3
45	71	1
124	127	6
102	103	2
9	10	4
56	59	1
193	193	4
151	152	1
14	31	2
134	149	2
88	100	2
185	185	3
117	120	2
76	161	2
169	170	2
100	102	1
141	141	2
213	225	1
194	196	3
167	168	1
135	208	3
29	35	2
104	130	1
23	24	5
133	134	2
104	129	1
157	222	1
137	139	1
228	230	2
135	136	3
51	53	1
8	21	1
185	186	2
167	167	1
28	29	1
66	67	1
135	141	1
239	241	1
86	88	2
228	232	4
146	152	2
166	171	1
75	103	2
145	154	1
145	149	1
183	184	2
7	15	1
127	128	2
140	141	4
195	197	1
22	39	1
193	195	1
194	198	1
144	147	4
192	193	1
135	138	3
139	139	2
26	44	2
48	56	1
46	51	3
71	73	3
79	80	1
18	21	1
187	209	1
163	165	2
104	106	1
39	45	1
31	35	1
11	15	3
159	235	1
59	61	1
176	180	2
12	34	4
123	139	1
65	75	1
107	108	1
208	210	1
39	57	1
145	153	3
56	56	2
20	55	2
49	59	1
131	132	1
120	122	1
77	88	1
225	228	1
167	169	1
206	207	1
213	216	1
207	236	2
12	31	2
59	152	1
69	84	1
97	110	2
208	232	1
175	234	1
69	70	2
41	41	4
54	56	2
163	200	1
168	198	1
70	71	2
138	139	1
188	204	1
234	236	1
14	17	1
27	73	1
17	17	3
49	69	1
73	127	1
28	74	3
88	89	1
1	115	1
65	76	1
157	195	1
176	202	2
21	23	1
193	211	1
187	190	1
8	11	2
21	60	1
33	35	1
51	55	1
175	178	1
25	26	1
217	221	1
162	202	1
51	51	3
235	237	1
6	31	1
14	14	1
126	127	1
153	158	1
14	88	1
202	203	1
70	72	2
48	68	1
189	191	1
143	144	1
182	207	1
38	39	1
151	189	1
