13	13	7
30	30	5
10	10	5
69	69	10
57	58	5
8	9	3
11	11	5
77	78	3
72	72	8
25	25	3
11	14	1
52	52	4
4	4	8
23	23	8
80	84	2
4	11	3
74	86	3
74	75	11
86	87	1
83	83	6
66	66	8
58	58	6
4	15	1
61	61	1
50	52	3
69	70	4
89	89	5
75	84	2
74	74	11
26	27	1
57	61	1
63	64	2
23	60	1
3	3	7
82	82	4
79	79	4
46	47	4
27	27	4
12	13	3
68	69	3
75	80	1
10	12	1
84	84	10
57	57	6
14	14	5
67	68	3
84	88	1
80	81	3
62	62	3
77	79	1
20	20	4
25	47	1
14	24	2
59	59	2
31	60	1
19	20	3
12	12	5
88	89	5
73	73	7
68	68	3
47	47	4
56	57	2
81	84	1
6	64	1
75	83	3
68	71	1
76	76	4
11	57	1
56	56	8
49	50	1
50	50	2
65	66	2
21	21	4
87	87	2
31	31	8
23	24	1
1	17	1
48	48	4
85	89	2
10	11	1
63	65	1
1	1	8
67	75	1
75	75	6
85	86	1
65	65	2
49	71	1
0	0	2
9	12	1
71	71	4
81	81	6
80	80	2
9	9	4
78	79	3
54	54	4
11	12	3
6	6	1
21	33	1
5	5	6
51	53	2
22	22	4
74	76	1
49	51	2
28	28	3
76	77	2
55	55	2
21	22	1
82	83	4
22	31	1
0	1	5
5	8	1
8	11	2
70	71	1
27	46	1
25	26	3
20	46	1
20	21	3
8	10	2
3	67	2
86	86	2
84	87	1
87	88	2
9	10	2
61	64	1
20	56	1
17	17	3
49	49	4
62	64	2
23	27	3
5	6	3
2	4	1
25	54	1
46	55	2
3	5	2
71	72	2
3	57	1
27	28	2
24	24	8
30	31	1
53	53	3
64	65	1
8	8	3
25	52	1
70	70	2
89	90	1
60	60	2
85	85	1
26	26	4
6	7	1
27	29	1
70	73	1
2	2	1
49	54	1
25	59	1
19	19	1
3	4	4
23	68	1
75	76	1
81	82	1
66	67	3
88	88	2
14	19	1
53	54	3
32	65	1
46	46	1
81	87	1
23	59	1
25	28	1
16	16	1
81	85	2
78	80	1
77	77	4
73	74	1
77	89	1
50	53	1
25	31	1
55	58	1
76	83	1
64	64	1
58	66	2
63	63	2
72	81	1
23	25	1
84	86	1
29	29	1
23	26	1
10	58	1
56	66	1
10	14	1
49	73	1
33	34	1
7	12	1
3	12	1
14	57	1
77	82	1
60	64	1
26	62	1
61	62	1
49	59	1
10	70	1
53	58	1
75	87	1
20	58	1
55	56	1
84	85	1
29	30	1
