97	97	6
124	124	3
69	69	1
17	17	10
67	80	1
44	44	6
105	110	1
27	27	4
146	146	4
38	39	3
140	140	3
63	63	7
76	76	9
85	85	10
4	6	2
11	11	5
54	54	4
77	77	11
10	10	5
129	129	4
74	74	3
48	50	1
72	74	1
130	130	1
65	65	2
34	34	8
68	68	7
20	35	3
64	64	2
3	3	3
37	84	2
138	142	1
36	36	4
109	110	3
75	76	5
13	13	7
71	71	3
67	67	7
117	117	4
141	143	1
142	143	2
38	41	2
95	95	4
26	29	1
105	105	2
25	28	1
56	56	4
89	93	1
45	45	3
85	86	2
43	43	7
4	4	5
104	121	1
42	51	1
15	22	1
111	111	4
15	15	5
96	96	4
87	88	2
121	151	1
37	37	9
22	22	5
30	31	2
152	152	4
109	111	2
16	16	3
29	29	3
68	69	1
28	78	1
144	144	2
16	67	1
8	8	3
47	55	2
32	32	8
77	79	1
14	14	5
2	2	1
41	41	7
15	18	1
50	51	3
56	57	4
85	136	1
128	128	2
13	20	2
65	79	2
81	84	2
12	33	1
8	9	5
53	55	1
127	128	2
40	40	8
4	47	1
64	78	1
30	30	4
65	67	4
113	114	2
26	26	4
149	151	2
42	43	2
24	25	6
58	61	2
22	23	1
82	83	1
53	72	1
149	150	1
92	92	1
73	73	5
139	140	1
35	54	1
55	55	2
71	73	2
6	80	1
9	9	4
16	17	2
23	23	1
43	97	1
124	128	3
46	48	1
78	81	2
42	42	5
144	145	3
111	114	1
77	113	1
29	30	3
119	119	3
53	53	5
105	109	1
72	73	2
123	125	2
73	97	1
2	7	1
148	152	1
50	50	5
24	33	1
70	70	8
107	107	3
139	143	1
115	117	5
138	138	6
125	125	3
72	72	2
19	20	1
56	65	1
10	11	1
43	44	2
101	104	2
25	25	6
33	33	4
46	46	3
86	87	1
136	136	6
74	78	1
76	88	1
9	10	2
110	113	1
49	49	4
74	75	2
14	15	2
37	104	1
19	76	1
134	135	2
20	49	1
141	144	1
120	120	2
25	26	3
93	93	4
76	77	3
87	87	2
145	147	3
103	104	2
39	39	5
52	58	1
28	29	3
99	99	1
35	36	2
66	66	5
34	35	4
6	7	5
83	84	2
15	16	1
151	151	4
149	149	6
130	136	1
142	142	2
110	112	2
78	78	2
109	109	2
21	21	3
81	82	3
43	51	1
121	122	4
41	47	1
16	24	1
20	21	5
45	86	3
112	112	1
7	7	6
28	30	3
124	129	1
37	38	2
139	139	1
20	20	3
18	25	1
36	37	1
19	19	8
82	82	7
44	46	3
65	66	3
64	65	1
88	97	2
75	75	5
79	85	1
5	7	3
96	98	2
126	127	3
11	21	1
76	110	2
83	83	9
154	154	2
77	116	2
54	70	2
37	106	1
52	52	2
72	81	3
27	29	2
10	19	1
147	147	1
62	64	1
128	129	2
41	42	1
96	115	1
31	31	6
147	152	1
36	55	2
55	68	1
80	81	3
31	34	1
131	134	2
104	104	5
27	98	1
10	17	2
12	36	1
30	32	1
11	125	1
135	135	3
120	124	2
134	134	2
145	145	4
81	143	3
110	124	1
150	150	7
24	24	2
21	22	2
45	46	3
6	6	5
143	144	2
32	33	3
41	43	2
63	64	4
108	109	2
11	38	1
57	58	2
6	30	1
18	49	1
76	81	1
129	138	1
55	65	1
9	41	2
79	86	1
39	40	2
38	38	3
81	81	2
98	99	2
137	138	1
72	77	1
57	63	1
122	122	2
148	154	1
106	114	2
5	6	5
92	95	2
137	137	4
113	113	2
81	130	1
11	13	2
9	18	2
100	138	1
131	131	5
106	107	2
121	121	4
13	37	2
101	102	1
18	18	1
18	23	1
98	98	3
81	95	1
63	65	1
20	93	3
40	74	2
143	145	3
42	135	1
15	38	1
17	20	1
103	110	1
132	132	1
102	102	4
138	143	2
35	74	1
137	146	2
56	64	1
49	62	1
149	152	1
88	88	3
96	97	1
13	136	1
43	91	1
91	91	1
74	96	1
78	100	1
5	8	1
6	11	1
79	79	3
97	113	1
38	42	1
53	54	2
145	152	1
84	85	1
84	86	1
104	114	1
84	84	2
80	82	1
84	93	1
50	67	1
106	106	2
94	96	2
32	38	1
22	35	1
143	143	2
78	88	3
62	63	2
11	18	1
38	74	1
18	20	1
118	118	2
141	146	1
78	84	1
103	109	1
36	77	1
75	92	1
92	94	1
5	26	1
129	144	1
3	4	1
123	123	1
57	57	1
18	19	1
108	108	7
25	27	2
129	130	2
81	142	1
40	43	2
66	73	2
28	28	2
47	47	1
83	85	2
84	97	2
70	73	1
103	103	1
35	38	1
144	146	1
123	136	1
34	54	1
95	97	1
15	32	1
139	144	1
112	113	1
12	12	3
125	128	1
47	51	1
47	54	1
32	57	1
124	125	2
131	133	1
141	145	1
53	92	1
24	34	1
48	48	4
13	120	1
127	139	1
14	150	1
121	147	2
50	56	1
10	14	1
13	16	2
57	66	1
32	58	1
138	146	1
87	110	1
40	73	1
50	68	1
40	42	2
12	138	1
57	90	1
65	74	1
105	148	1
116	116	1
69	70	1
14	23	1
130	131	2
94	94	1
80	120	1
21	23	1
58	58	1
29	145	1
71	93	1
105	117	1
148	150	1
32	54	1
72	83	1
31	111	2
65	69	1
146	149	1
74	83	2
25	33	2
24	32	1
17	21	1
40	41	1
56	95	1
139	145	1
95	99	1
114	114	1
3	7	2
138	139	2
93	94	1
31	32	1
6	65	1
50	52	1
78	79	1
51	51	1
100	101	2
14	121	1
38	103	1
48	56	1
71	106	2
90	90	1
12	13	1
148	148	1
17	38	1
77	78	1
63	87	1
5	5	1
68	82	1
126	126	1
152	153	1
4	25	1
13	21	1
120	138	1
27	46	1
29	41	1
34	37	1
22	39	1
110	111	1
139	146	1
11	24	1
54	55	1
142	146	2
145	146	1
10	16	1
115	116	1
137	139	1
153	153	1
77	84	1
13	17	1
34	36	1
81	147	1
11	12	1
86	86	1
16	22	1
5	30	1
80	80	1
62	87	2
125	138	1
69	73	1
85	95	1
34	57	1
110	110	1
32	103	1
127	127	1
31	57	1
79	82	1
108	111	1
35	37	1
74	79	1
56	72	1
