83	83	10
50	56	2
77	101	3
38	38	10
28	36	1
58	95	2
71	71	10
104	105	1
21	37	2
102	102	4
70	70	2
31	31	11
48	48	12
63	64	3
86	87	7
99	99	7
44	44	3
97	98	5
32	40	1
56	60	1
78	78	4
69	69	6
49	49	5
89	97	3
52	52	5
82	83	5
73	74	5
60	61	1
97	99	1
32	95	1
75	75	8
46	48	2
39	72	2
79	79	8
89	90	8
57	57	6
41	41	6
83	88	1
29	82	4
58	78	2
51	51	6
38	40	1
68	69	2
90	99	1
22	22	2
37	37	5
62	84	1
55	55	3
100	101	2
40	40	8
75	77	1
76	92	1
86	88	4
63	93	1
53	53	7
98	107	1
90	90	3
61	83	2
23	23	5
62	62	6
33	33	4
89	99	4
92	92	4
67	68	3
23	24	1
71	72	4
88	90	1
70	102	1
59	71	2
52	77	4
38	41	3
92	106	2
46	46	4
56	80	1
22	23	7
33	84	1
88	89	3
91	91	5
68	68	10
96	96	4
62	71	2
70	72	3
54	57	2
40	41	4
80	80	2
39	39	4
89	89	4
42	42	1
28	31	2
33	34	6
56	78	1
58	58	7
28	28	3
72	72	11
105	105	1
83	85	2
102	103	3
43	44	2
80	81	3
74	75	2
34	35	2
38	43	3
86	86	7
38	44	2
27	32	3
44	45	3
36	36	5
82	82	7
92	93	1
25	25	7
60	60	6
47	48	3
43	43	6
31	32	3
26	27	4
30	33	2
59	59	5
61	61	4
90	92	2
84	85	5
43	45	2
83	97	3
47	47	3
36	37	1
77	77	3
50	58	2
30	30	5
81	85	1
87	87	3
69	72	1
66	66	1
31	59	2
51	52	6
56	57	3
34	34	4
65	65	2
29	30	5
32	41	3
76	76	5
30	31	1
98	98	5
87	98	1
32	32	3
44	47	1
41	44	1
70	73	1
33	36	2
32	34	5
57	58	2
81	81	5
23	54	1
56	102	1
45	47	1
41	80	2
20	21	3
29	29	5
31	53	1
94	94	4
92	94	2
22	33	4
98	99	6
26	26	6
25	82	2
99	100	1
50	50	12
88	98	1
35	90	2
27	28	3
54	54	8
42	44	1
37	106	2
77	78	3
85	86	2
65	66	2
30	84	1
79	85	1
64	64	2
83	90	1
56	58	1
91	92	1
24	51	2
73	73	2
83	84	1
29	44	1
100	100	4
52	58	4
56	56	4
78	79	1
44	86	2
55	102	1
62	97	1
54	58	2
104	104	6
21	30	1
38	39	1
40	45	1
83	86	1
70	71	3
55	66	1
30	35	1
62	76	1
48	94	1
80	84	2
28	32	3
40	82	1
69	71	1
37	40	1
84	87	1
41	43	1
23	50	1
26	28	4
63	63	1
95	95	5
31	85	1
46	106	1
96	97	2
55	67	1
28	86	2
82	84	2
91	100	1
35	42	1
31	74	1
81	82	2
74	74	5
82	85	3
40	83	1
57	59	1
91	93	1
46	47	1
35	35	1
53	54	1
101	101	2
25	32	1
20	20	2
43	94	1
45	53	1
62	63	1
21	24	1
47	49	1
94	95	1
24	25	2
23	53	1
87	88	2
89	98	2
77	79	1
58	63	1
103	103	2
106	106	2
67	67	3
62	87	1
24	50	2
21	35	1
66	83	1
55	56	2
101	103	1
26	32	2
37	52	1
88	107	1
63	80	2
93	93	1
30	45	1
64	103	1
41	42	2
21	22	4
53	56	1
60	62	1
52	89	1
26	29	2
82	86	1
37	38	1
61	62	1
93	94	1
70	74	1
39	45	1
71	83	1
33	86	1
26	85	1
90	91	2
35	36	1
48	49	1
34	36	1
25	107	1
75	101	1
84	84	2
85	85	1
72	73	1
63	71	1
39	40	1
28	29	1
40	43	1
45	45	1
54	61	1
46	49	1
47	79	1
