86	88	2
100	100	8
46	52	1
48	49	2
69	69	3
95	96	4
57	57	4
48	48	4
22	23	2
31	31	9
93	99	2
77	77	2
51	51	3
78	89	1
103	103	4
26	26	6
90	91	2
52	72	1
83	83	3
88	91	1
94	95	2
65	65	5
91	92	4
105	106	1
104	104	3
64	64	3
102	102	1
52	52	6
78	78	2
56	56	6
79	92	2
50	93	1
61	61	4
51	52	2
63	63	2
68	68	4
44	44	1
31	35	1
67	68	2
88	88	4
90	90	7
25	25	4
53	63	1
58	58	4
70	71	1
53	66	1
99	99	4
69	74	1
100	102	1
54	55	2
31	71	1
77	81	2
23	23	2
28	28	5
20	20	2
21	22	1
72	72	2
61	101	1
56	57	4
97	106	3
67	67	2
79	81	1
66	66	1
97	98	2
51	103	1
55	72	1
54	54	5
61	62	2
50	50	2
104	105	1
85	85	3
82	90	1
93	95	2
54	56	1
70	70	3
94	94	2
66	73	1
31	33	2
105	105	5
47	48	1
84	85	4
75	75	3
59	60	3
71	71	3
86	86	2
24	24	3
98	98	4
85	86	1
76	76	1
48	78	1
83	86	3
71	72	1
107	107	1
85	91	2
95	99	2
97	97	2
46	47	7
39	80	1
101	101	4
32	34	1
95	95	2
49	49	2
59	59	4
32	49	2
82	88	4
62	62	4
21	24	1
29	29	3
82	82	5
46	48	2
53	56	2
29	75	1
37	38	3
78	81	1
103	104	1
26	28	2
82	83	2
25	30	2
36	36	5
21	79	1
47	49	3
64	65	1
69	71	1
61	103	1
88	94	2
28	29	2
79	85	1
79	80	2
92	92	3
35	36	1
93	93	5
21	21	4
99	100	1
85	88	1
98	107	1
106	106	3
60	62	1
43	50	1
49	50	2
25	45	1
35	35	3
90	101	1
33	84	1
45	49	1
24	29	2
43	48	2
40	46	2
76	77	1
53	53	1
93	102	2
60	60	1
81	81	3
30	102	1
23	24	2
37	37	2
78	79	2
39	42	1
25	42	1
62	67	1
58	60	1
38	61	1
75	76	1
29	32	1
92	93	1
41	47	1
33	33	2
19	33	1
38	38	3
40	41	1
39	39	2
22	31	3
22	28	1
53	54	2
81	91	1
32	69	1
91	101	2
81	89	1
36	43	2
80	80	2
82	86	1
74	76	3
54	70	1
96	97	4
42	93	1
58	65	1
56	59	1
31	32	2
45	47	1
29	30	1
40	44	1
40	45	1
99	107	2
28	50	1
53	55	1
32	32	2
89	94	1
52	53	1
55	79	1
20	33	1
96	96	3
28	33	1
106	107	1
73	73	1
25	26	1
91	91	1
66	67	1
101	102	1
50	59	2
55	55	3
76	106	1
65	66	1
49	59	1
33	34	1
83	85	1
90	94	1
36	37	1
20	22	1
80	86	2
43	43	1
83	84	1
98	99	1
59	107	1
20	21	1
20	30	1
84	84	1
24	101	1
78	87	1
22	22	1
56	60	2
29	48	1
42	42	2
73	74	1
99	105	1
34	34	1
29	45	1
38	66	1
27	27	1
85	87	1
51	53	1
76	101	1
43	45	1
47	47	1
74	74	1
40	82	1
45	90	1
41	45	1
43	44	1
