108	112	1
71	71	2
230	230	5
85	86	2
208	208	7
65	67	2
113	113	3
230	231	4
75	76	2
191	191	7
79	83	1
171	171	2
184	184	3
82	83	2
197	210	1
214	214	7
197	199	1
65	65	4
88	88	1
151	151	2
66	67	1
204	205	6
23	24	1
170	211	2
229	229	2
226	227	4
156	156	6
15	15	6
170	171	1
221	221	3
89	103	1
112	112	2
220	220	2
191	195	1
175	176	1
234	234	1
218	218	2
48	50	1
166	192	2
9	10	3
12	12	2
225	225	3
107	107	3
198	206	1
180	180	1
31	31	2
86	86	3
200	200	3
70	73	2
165	165	3
96	96	1
246	247	1
216	237	1
159	159	1
74	75	1
163	164	1
46	242	1
83	198	1
56	57	4
241	242	3
68	69	2
203	203	5
44	44	4
164	218	2
94	94	2
246	246	5
26	26	1
211	212	1
168	169	4
158	158	2
114	115	2
87	87	5
37	38	2
103	103	2
227	228	3
79	84	1
35	35	3
74	74	4
42	43	1
17	226	2
79	82	2
193	194	4
38	70	1
57	60	1
170	170	1
46	47	1
116	116	1
111	111	5
14	14	2
50	50	2
48	48	2
239	239	5
207	209	2
23	28	2
182	183	3
233	233	2
237	238	2
171	173	1
209	209	2
45	45	3
119	119	2
62	62	1
88	89	3
55	81	1
38	38	4
67	70	1
212	218	1
8	8	3
53	57	1
205	205	3
221	237	2
177	177	7
34	35	2
21	21	5
52	54	1
14	18	3
176	176	2
62	77	3
157	158	4
247	248	1
65	78	1
24	25	2
76	77	1
15	16	1
49	49	1
175	178	1
47	78	1
32	32	3
100	101	1
106	107	1
58	60	2
53	53	1
181	182	1
104	105	1
10	200	1
30	30	3
215	216	4
189	189	2
117	117	2
58	58	1
228	229	2
23	23	3
201	205	3
44	113	1
37	37	3
168	210	1
179	179	1
243	243	2
64	64	3
102	104	1
66	78	1
58	119	1
11	13	3
60	60	3
47	47	1
99	100	1
196	196	2
79	80	1
110	110	1
238	239	2
115	115	7
107	108	4
175	175	3
52	52	4
215	231	1
36	36	1
245	247	2
3	19	2
163	163	2
116	120	2
1	1	2
187	187	1
71	72	3
35	36	1
237	237	3
213	230	1
198	198	1
215	232	2
82	82	1
169	169	3
68	68	4
214	246	1
161	242	1
11	41	1
207	207	2
232	232	3
26	77	1
242	246	1
231	231	4
47	51	2
64	65	3
75	75	3
71	73	2
18	19	2
27	27	2
79	79	2
85	85	4
224	225	2
29	30	1
115	116	1
77	80	1
176	178	1
111	244	1
45	93	1
167	169	1
221	223	1
68	79	1
165	167	1
173	173	2
155	155	2
105	105	2
24	24	3
101	101	2
41	41	5
104	104	1
5	12	1
61	230	1
48	49	1
216	238	2
157	157	1
172	174	1
247	247	4
191	192	1
33	33	8
69	69	1
175	177	1
59	60	2
100	100	3
195	195	5
217	217	4
178	178	2
222	222	1
236	236	4
236	237	1
227	235	2
64	81	1
211	211	2
18	20	1
45	46	1
160	160	5
159	163	1
161	161	5
88	186	2
238	238	2
170	173	5
33	69	1
172	172	3
191	193	1
16	16	2
95	95	1
43	43	2
15	20	1
188	189	1
217	236	1
201	203	1
214	215	2
56	56	2
11	12	1
62	76	1
199	199	2
179	180	3
68	90	1
81	84	2
242	243	1
223	224	2
179	225	1
11	14	1
72	72	2
27	41	2
201	202	3
17	18	1
11	22	1
95	100	1
20	20	2
32	33	2
63	77	1
187	188	1
80	80	5
208	225	1
189	190	1
9	36	1
172	173	2
96	99	1
192	195	1
2	2	1
199	200	1
93	94	1
171	191	1
154	166	1
220	249	1
231	232	1
213	239	1
109	110	1
210	210	4
79	183	1
114	118	2
190	190	2
193	197	2
203	204	1
235	236	1
200	201	1
11	11	1
35	54	1
54	54	2
57	119	1
118	118	3
240	240	1
199	240	1
79	94	2
81	117	1
19	47	1
208	209	2
97	98	1
9	20	1
94	95	2
244	244	3
109	109	1
219	219	4
102	102	2
195	219	1
165	192	1
92	187	1
105	107	1
214	241	2
70	70	2
185	185	2
50	51	1
106	106	2
164	220	1
218	231	1
225	226	2
29	44	1
164	230	1
49	58	1
58	118	1
224	224	1
36	38	1
68	71	1
73	73	3
240	242	1
223	223	1
213	242	1
213	213	3
18	29	1
246	249	1
54	84	1
195	196	1
73	74	1
158	159	1
235	235	2
90	91	1
17	52	2
57	57	1
18	18	2
38	39	1
212	213	1
195	218	1
245	246	2
84	84	2
167	167	2
72	73	2
223	240	2
169	170	1
22	22	3
119	120	2
117	120	1
180	181	1
115	117	1
179	220	1
105	108	1
95	96	1
221	222	1
159	183	1
109	118	1
7	8	2
116	162	1
163	232	1
118	119	1
184	186	1
142	247	1
8	9	1
153	154	3
20	29	1
49	50	2
39	39	1
120	120	1
219	231	2
19	19	1
6	47	1
196	210	1
41	225	1
108	108	3
92	92	1
34	34	1
145	155	1
97	97	1
173	174	1
116	117	1
69	81	1
154	155	1
152	153	1
212	212	1
171	172	1
1	2	1
61	62	2
48	56	1
46	51	1
4	5	1
108	111	1
28	28	3
57	59	1
15	21	1
113	116	1
226	226	1
166	241	1
170	213	1
239	240	1
186	188	1
78	79	1
216	216	1
46	46	1
181	181	2
98	99	1
83	83	2
149	149	1
159	164	1
146	147	1
169	218	1
93	93	1
186	187	1
240	241	1
187	190	1
2	43	1
95	101	1
67	68	1
29	29	1
92	120	1
194	194	1
98	98	2
77	79	1
157	161	1
93	103	1
6	229	1
206	206	1
63	63	1
198	199	2
204	204	2
183	183	1
59	59	1
81	81	2
213	214	1
197	221	1
162	162	1
19	20	1
168	168	1
208	210	2
179	181	1
154	154	1
85	88	1
67	67	2
192	192	1
77	77	1
55	55	1
206	207	1
232	233	1
207	208	1
116	144	1
57	58	2
69	70	1
178	179	1
170	217	1
201	201	1
192	194	1
113	114	1
190	194	1
65	66	1
84	85	1
