44	44	4
36	36	4
40	40	3
48	48	5
38	38	3
2	2	5
21	31	2
3	3	3
32	32	5
55	55	7
37	37	3
28	31	2
5	6	4
46	46	4
56	56	5
16	16	5
10	10	3
45	45	5
11	11	6
42	42	3
39	39	5
34	34	5
29	31	1
29	32	2
12	13	2
22	22	2
18	18	6
13	54	1
17	17	5
15	15	3
41	42	1
21	22	1
8	8	2
53	53	1
39	41	1
6	6	3
5	5	2
47	48	1
14	14	4
5	8	3
2	3	3
50	51	1
54	54	2
29	29	1
44	52	1
9	10	3
14	15	1
9	9	2
34	35	2
15	48	1
1	1	1
30	56	2
50	50	5
30	32	2
22	29	1
51	51	4
3	17	1
12	50	1
11	39	1
4	4	4
0	0	1
53	55	1
7	8	1
13	13	4
49	49	3
31	31	1
58	58	1
51	52	1
33	33	2
29	30	2
15	16	2
14	49	1
43	44	3
7	7	1
0	14	1
3	4	3
53	54	1
49	55	1
17	40	1
57	58	1
52	52	1
28	28	2
31	32	1
22	51	1
36	45	1
44	45	2
34	39	1
20	28	1
17	50	1
31	58	1
10	54	1
