5	5	15
71	71	20
84	84	12
8	9	5
9	10	5
87	87	14
30	30	23
80	80	22
78	78	12
89	89	7
8	21	4
89	90	1
83	83	7
6	6	10
9	9	6
66	74	6
68	69	11
17	17	5
74	74	8
11	11	13
68	68	11
83	84	5
86	86	29
61	61	6
53	54	4
22	22	6
88	88	14
31	31	7
51	52	6
23	23	16
56	66	2
47	52	2
56	75	7
78	79	5
4	4	10
24	24	8
11	85	2
22	25	4
69	69	15
20	20	6
73	73	13
77	83	3
62	62	7
63	65	3
67	67	13
51	51	7
14	14	3
81	81	7
50	52	5
51	80	4
12	13	2
82	83	6
74	75	1
76	76	9
85	85	10
65	65	6
3	3	12
7	7	16
27	27	8
19	19	11
50	50	6
76	77	11
65	70	3
12	12	7
64	82	5
63	64	3
20	21	2
66	84	2
6	25	3
2	2	13
60	78	2
2	4	1
15	15	11
5	12	5
55	55	6
59	59	13
73	84	4
9	11	4
79	79	4
65	66	2
54	54	10
10	10	11
60	60	10
4	5	8
59	61	3
21	21	1
69	85	2
56	56	15
66	66	14
11	12	5
73	74	7
57	57	10
47	62	2
5	26	3
8	8	8
52	52	12
25	25	3
53	53	8
87	88	5
67	68	9
46	52	2
72	85	2
52	60	3
61	66	2
22	24	4
50	51	2
0	0	10
88	89	4
50	80	2
85	88	3
82	82	3
61	65	7
63	63	5
13	13	12
61	62	5
51	56	3
24	25	1
75	75	7
19	21	2
29	29	3
64	65	2
7	9	1
6	17	5
72	72	8
28	67	3
47	56	2
8	22	1
16	16	4
59	60	3
70	70	3
6	7	9
34	34	6
67	75	3
65	78	2
3	4	1
6	20	3
79	80	2
5	8	3
49	49	6
75	80	2
25	26	2
64	64	4
75	77	2
55	75	4
26	26	3
47	48	3
71	72	4
69	84	1
47	47	3
4	89	3
85	87	4
53	55	2
6	8	2
60	79	3
70	74	1
14	15	1
62	64	1
48	53	2
76	78	4
28	28	1
51	55	4
48	52	1
58	58	1
69	71	1
53	78	1
71	74	2
47	49	1
84	85	3
66	67	2
7	8	1
46	74	1
5	89	1
46	82	1
48	48	1
64	74	1
23	26	1
24	26	1
77	77	1
75	84	1
78	83	1
