134	135	14
177	177	20
4	4	24
179	179	26
78	101	1
177	180	1
21	30	2
188	192	3
117	118	7
72	78	1
169	190	3
110	115	1
191	192	10
170	170	43
34	34	19
188	188	28
22	22	20
17	18	17
13	15	1
151	188	3
110	111	7
1	2	16
65	96	2
180	181	17
152	152	21
34	35	13
181	181	31
101	107	5
109	109	20
19	19	18
5	5	25
113	114	7
89	89	12
17	17	21
26	26	21
100	113	3
125	125	11
48	48	22
192	192	31
184	184	24
137	150	3
150	150	28
54	56	3
172	177	4
136	143	1
33	33	39
168	168	35
23	37	3
132	137	1
142	142	20
185	185	30
116	117	13
193	193	27
36	37	9
67	71	1
171	171	31
28	29	12
31	37	2
129	129	22
181	182	27
136	149	1
162	166	5
190	194	1
21	21	12
171	177	3
49	54	1
195	196	10
71	72	5
165	165	25
119	133	1
9	42	1
95	96	3
136	137	13
180	183	1
74	74	12
103	112	2
23	28	4
68	132	1
12	12	24
35	36	10
161	161	28
161	164	10
160	170	1
57	57	17
113	113	19
34	36	2
58	90	1
23	67	2
154	175	1
50	50	24
166	169	1
164	178	1
151	151	37
164	164	29
178	182	2
175	175	38
72	72	12
52	52	17
182	189	2
141	141	23
119	119	25
168	191	1
8	28	1
18	18	16
191	194	1
39	39	30
148	148	32
124	125	13
171	191	1
174	174	28
102	103	10
138	138	21
136	151	4
187	188	19
173	173	19
152	155	4
10	10	23
145	146	22
8	39	2
43	45	5
8	24	1
190	191	12
161	162	14
158	166	1
36	105	1
120	121	10
0	172	1
162	163	14
139	139	16
182	194	4
134	137	5
9	10	9
4	8	2
133	133	32
123	123	31
150	155	4
162	164	7
160	160	29
65	69	2
33	35	3
154	154	31
85	86	5
196	196	25
112	135	2
58	58	22
155	156	21
166	166	15
96	96	23
62	63	3
156	158	4
22	24	3
24	24	32
158	181	1
5	36	2
147	148	27
102	115	1
164	167	2
167	169	2
155	165	1
145	145	12
71	71	7
190	190	37
111	111	24
176	176	21
27	28	9
169	169	29
121	122	9
189	189	32
114	140	1
141	142	13
38	38	36
128	128	28
117	117	20
112	112	24
49	49	23
7	191	2
94	95	6
13	57	1
38	70	3
130	130	19
113	116	2
44	44	29
84	84	6
26	34	1
6	7	9
120	120	20
193	194	18
156	182	3
146	146	26
182	182	31
6	38	2
157	157	22
27	27	20
84	86	3
151	152	26
126	126	22
130	133	2
37	38	7
75	76	1
3	31	2
101	101	20
172	172	34
5	37	1
95	97	2
139	140	13
175	188	2
186	186	33
155	155	48
88	89	9
31	43	2
130	131	3
146	158	3
119	121	6
95	95	7
155	157	3
72	73	13
3	44	1
14	32	2
7	7	15
171	173	4
22	68	3
148	152	2
40	40	22
188	189	10
99	99	16
154	155	15
194	194	30
53	53	18
183	183	40
156	156	26
24	72	1
127	128	5
45	53	1
12	14	5
174	188	2
143	156	2
94	94	13
3	6	3
169	170	6
107	108	6
110	110	19
102	102	18
95	99	1
51	52	4
138	148	1
139	174	2
148	149	11
167	168	6
155	158	5
143	143	23
53	98	1
38	61	1
25	39	2
180	180	28
189	190	10
54	54	15
66	66	14
45	51	1
13	46	2
45	45	23
32	39	1
176	182	2
73	74	4
114	114	13
162	162	14
153	153	28
3	3	23
108	108	18
72	196	2
152	153	13
23	27	2
145	147	2
104	106	7
76	76	7
64	64	14
163	163	19
4	31	1
10	47	1
2	2	21
112	131	1
158	158	24
98	134	1
147	147	23
6	8	8
157	161	1
41	41	30
51	51	19
9	9	30
122	133	2
150	152	11
124	124	18
85	85	10
150	175	1
167	167	28
161	168	4
8	8	19
164	169	1
155	168	3
23	23	16
41	42	8
30	30	15
168	174	4
12	13	3
109	110	8
8	17	1
183	194	2
11	14	3
122	122	10
147	167	1
102	105	4
172	173	6
177	178	9
165	177	1
31	32	10
193	196	2
27	30	1
32	32	16
131	131	21
13	13	14
154	157	5
142	143	11
55	56	15
67	67	10
130	135	1
158	160	1
36	36	44
140	157	4
81	81	8
144	145	7
74	77	2
100	108	2
22	26	3
173	174	11
121	121	22
179	180	12
25	25	18
77	78	7
5	8	4
192	193	15
107	107	18
77	77	5
152	169	1
61	61	9
188	193	5
59	59	24
176	177	21
179	185	2
196	197	14
119	120	7
14	14	30
161	179	1
13	16	2
83	83	7
46	51	3
176	179	8
130	161	2
113	115	4
174	176	5
51	89	1
28	28	13
22	34	1
123	125	2
22	23	5
64	81	1
36	71	1
46	46	21
165	166	23
159	166	1
183	190	1
155	159	1
114	115	11
153	154	10
104	105	10
157	189	1
170	172	5
96	111	1
48	52	1
111	151	2
47	47	20
140	152	1
56	56	19
127	129	1
55	55	22
126	127	8
142	182	2
148	155	4
108	112	1
33	44	2
159	159	34
78	80	1
64	73	2
82	83	6
98	98	8
104	104	12
115	115	28
93	93	8
20	20	20
161	163	8
166	183	4
182	183	12
12	51	3
33	101	1
148	156	2
140	140	19
4	184	2
15	15	18
144	144	15
170	179	3
52	53	5
107	111	5
187	187	30
138	162	2
132	143	2
123	124	13
10	12	2
188	190	4
186	188	9
147	160	4
81	82	6
58	72	3
66	68	4
160	161	16
116	146	1
135	135	16
24	28	2
126	139	2
25	26	12
145	167	2
122	123	9
84	85	6
102	197	1
113	118	2
27	58	2
138	139	7
106	106	23
24	41	3
155	176	1
152	176	4
17	27	1
151	153	4
94	96	5
136	136	6
108	114	1
170	171	16
9	82	1
191	191	27
110	119	1
61	64	2
184	186	2
35	35	26
112	113	13
105	106	13
146	160	2
178	178	15
178	179	12
185	187	3
36	38	4
176	178	8
89	90	3
132	155	1
43	43	16
64	84	1
154	180	2
4	181	1
101	102	7
163	164	14
80	81	6
20	22	4
49	50	5
32	38	1
139	142	2
149	149	34
100	100	21
166	172	1
161	187	1
137	138	2
53	54	9
69	69	12
10	11	7
127	127	22
163	172	1
98	107	1
60	74	1
2	8	1
2	21	1
97	106	3
33	37	5
103	104	6
159	160	18
184	187	2
16	16	20
137	137	29
142	178	1
67	177	1
185	188	3
150	153	2
166	167	13
101	188	2
168	171	4
42	44	6
19	20	8
163	165	3
3	102	1
94	97	3
6	6	20
96	97	7
140	160	3
180	192	5
37	37	22
0	0	18
3	4	5
136	164	1
111	144	1
27	143	1
169	174	2
169	171	3
138	142	1
7	8	8
11	31	2
157	158	18
39	76	1
147	183	2
102	106	6
157	174	2
168	187	4
41	154	1
68	68	15
108	109	6
148	165	1
181	184	2
0	1	6
104	133	1
115	117	2
106	108	2
57	180	3
26	28	2
132	133	6
171	187	3
65	65	7
168	177	1
5	6	11
44	56	1
49	51	1
3	5	3
179	183	2
13	18	1
183	196	1
88	88	9
122	127	1
53	55	6
154	179	3
24	25	4
82	86	2
110	112	2
133	134	12
173	175	10
120	171	1
53	62	1
54	55	8
41	82	1
45	46	8
11	28	1
106	107	6
181	183	6
108	117	1
95	104	2
113	119	1
86	86	10
11	12	9
73	73	8
97	97	10
174	175	6
63	152	3
29	29	18
63	64	2
41	88	1
0	41	1
105	105	6
149	154	3
12	31	1
15	16	7
173	176	6
40	41	9
45	58	1
164	176	4
70	125	1
168	169	11
186	187	13
5	94	2
150	151	5
39	41	4
153	156	4
175	185	2
140	141	6
81	83	3
134	139	1
15	18	3
4	25	1
134	140	1
177	187	4
133	136	2
3	119	1
131	133	2
106	123	1
149	150	6
8	10	3
95	129	2
34	40	1
139	141	3
143	144	14
158	190	1
90	146	1
146	178	2
122	182	1
161	166	2
156	176	1
7	76	2
137	140	3
82	85	3
134	134	15
99	114	2
23	24	8
83	84	3
39	40	7
2	10	1
149	196	2
155	173	2
33	70	1
25	27	2
142	144	4
148	176	1
15	58	2
99	106	1
176	180	2
144	165	2
77	82	2
151	167	1
20	21	15
44	53	3
42	42	18
128	180	1
13	14	13
170	193	1
31	31	20
128	129	4
172	193	2
18	28	2
113	121	4
86	89	2
4	35	2
0	189	2
57	58	6
101	115	2
7	67	3
97	98	5
3	45	1
48	49	5
133	152	3
7	27	2
79	79	13
73	75	2
37	60	2
86	87	7
149	151	4
154	158	2
120	191	2
50	51	13
153	165	1
150	156	2
172	174	4
146	147	11
160	180	1
5	7	5
19	36	1
179	186	1
190	192	6
22	76	1
57	79	1
143	145	2
121	151	1
4	30	2
27	29	3
171	172	10
195	195	25
124	133	1
42	58	2
164	166	2
42	43	6
75	75	6
140	193	2
93	94	8
11	86	1
119	139	1
46	52	1
38	65	1
0	26	2
59	60	5
158	162	1
45	47	3
186	189	3
158	159	17
23	30	1
113	141	3
160	165	3
3	23	1
161	167	5
41	43	1
135	137	7
5	29	1
187	197	2
82	82	5
1	6	1
32	47	2
102	112	2
14	16	3
9	14	2
28	34	4
35	90	1
19	34	2
175	176	22
173	182	2
132	132	13
111	129	1
30	32	4
43	44	10
28	153	1
111	119	1
66	73	1
1	145	1
33	34	5
118	118	14
5	9	1
138	156	2
157	160	2
1	1	20
79	80	7
197	197	18
5	54	2
82	84	5
30	193	1
169	186	1
3	164	1
117	122	1
21	22	7
144	147	6
131	132	8
23	32	1
179	190	1
7	17	1
120	140	1
177	179	5
125	126	4
149	155	2
4	36	3
9	180	2
20	23	1
180	182	11
147	157	1
111	116	1
136	141	1
5	148	1
116	139	2
166	176	1
34	37	2
33	36	4
1	63	1
175	179	4
29	126	1
56	89	1
169	191	2
4	29	2
143	147	2
0	28	2
33	42	1
186	193	4
103	103	9
161	191	1
115	116	7
144	146	3
15	22	2
70	70	6
116	116	18
160	182	3
111	143	1
96	98	2
158	164	2
23	25	3
5	16	2
99	101	4
4	26	1
129	138	1
132	134	8
159	183	1
174	192	1
29	39	1
71	73	2
74	76	4
30	31	12
183	184	7
173	178	1
151	182	1
96	163	1
5	17	1
70	71	11
135	140	1
130	144	1
163	168	5
18	23	4
67	68	7
10	38	1
185	186	13
136	140	2
158	167	2
76	78	2
19	35	2
18	131	1
163	169	2
161	169	2
130	147	1
131	134	3
1	31	1
174	185	2
40	76	1
6	34	1
69	74	1
13	23	1
121	123	1
130	132	1
89	96	3
138	143	2
19	54	2
111	112	9
169	188	1
138	147	3
64	88	2
107	181	1
137	152	1
38	42	1
68	76	2
2	3	9
0	2	3
114	117	3
146	183	1
53	58	1
16	17	9
44	47	1
131	167	1
9	70	1
144	161	3
46	47	4
133	140	3
158	183	1
97	101	2
165	167	1
122	124	1
134	136	3
155	188	1
64	87	1
166	168	4
21	57	1
17	36	1
98	99	3
2	22	6
112	140	1
32	43	1
32	33	5
133	172	1
65	66	2
130	182	2
78	78	16
69	70	6
58	94	2
95	98	2
55	57	3
133	137	4
148	164	2
187	189	2
159	179	2
10	13	5
179	181	1
168	181	1
5	34	1
31	116	2
137	166	1
179	182	3
63	63	14
130	137	2
62	69	1
29	116	1
0	3	3
39	68	2
9	11	3
158	169	1
20	24	2
36	39	2
100	138	2
50	63	1
148	183	1
61	73	1
193	197	3
163	175	3
117	120	1
116	154	1
183	187	1
27	32	2
11	38	1
160	162	2
29	32	1
38	39	7
71	76	1
56	178	1
183	186	1
182	197	1
130	136	2
78	79	6
31	33	1
67	122	1
143	148	2
10	86	1
8	62	1
100	101	6
18	51	1
24	33	1
148	154	1
18	19	11
153	155	5
149	187	2
121	134	1
71	125	1
30	36	1
98	153	1
130	134	3
2	23	1
60	63	2
66	72	3
156	157	4
20	25	2
68	71	1
156	160	3
166	178	1
3	34	3
59	61	5
44	66	1
22	192	1
27	107	2
123	169	1
109	111	5
108	133	1
18	36	1
122	140	3
148	162	2
21	32	2
161	178	2
191	193	6
4	94	2
144	178	2
165	176	4
111	132	2
148	173	2
162	192	1
4	80	2
53	71	1
128	170	1
87	87	11
42	170	1
162	178	1
101	104	5
192	194	2
59	74	1
137	164	2
156	179	2
176	181	1
43	80	2
28	30	4
10	15	1
167	191	2
14	52	1
183	185	2
79	81	5
116	118	4
107	115	1
42	51	1
47	48	6
2	153	1
117	146	1
4	9	2
24	37	2
102	104	3
133	143	1
65	100	1
47	54	1
87	88	2
51	70	3
135	136	4
150	154	3
145	152	1
113	120	1
11	11	8
113	176	1
136	188	1
94	107	1
70	72	2
46	50	4
14	48	1
165	187	1
14	15	5
156	162	1
66	139	1
8	9	6
118	120	3
153	179	1
171	179	1
8	18	1
148	170	2
12	57	2
87	151	1
19	82	1
61	62	4
138	144	1
26	27	4
69	71	4
9	38	1
166	186	2
186	190	1
87	93	2
141	184	1
141	169	1
2	4	3
111	122	1
24	38	1
141	144	1
99	147	1
59	68	2
31	196	1
119	128	1
117	134	3
130	146	2
129	130	4
175	186	1
68	69	1
55	65	1
4	5	15
185	197	3
4	34	2
29	83	1
152	154	5
7	86	2
8	23	2
18	42	1
118	119	5
2	99	2
95	108	1
146	179	1
102	108	1
22	25	1
19	37	3
7	10	2
133	138	2
6	54	1
189	192	1
98	114	1
133	135	6
121	183	1
54	85	1
27	173	2
167	174	1
5	22	2
139	175	1
59	62	2
126	137	2
8	37	1
33	43	1
120	123	3
13	29	3
142	180	1
25	69	1
19	25	2
51	64	1
153	175	2
25	38	3
20	36	2
105	107	2
156	191	1
53	56	3
155	179	2
170	178	1
99	112	2
57	90	1
13	48	1
79	85	1
134	161	1
113	156	1
9	20	1
131	180	1
60	60	5
98	140	1
137	139	1
88	90	1
8	29	2
80	84	3
130	152	3
171	188	4
16	34	1
163	167	1
110	132	2
157	184	3
19	21	4
5	81	1
87	89	2
62	62	5
12	16	2
110	128	1
117	148	2
156	166	1
23	184	1
181	193	1
6	9	5
179	192	1
43	55	1
40	108	2
51	55	2
134	145	1
77	79	2
7	18	2
156	174	1
163	192	1
102	116	1
99	153	1
58	59	7
85	95	1
189	191	3
166	177	3
34	38	2
129	180	2
19	59	1
14	29	1
40	42	1
29	90	1
10	21	1
71	141	1
35	68	3
128	196	1
125	151	1
39	110	1
8	100	1
35	107	2
122	141	2
114	161	3
168	178	1
122	170	1
22	37	3
20	63	2
4	45	1
146	175	1
80	83	1
28	31	1
1	197	1
131	151	3
97	129	1
16	18	2
161	170	1
14	24	1
42	69	1
28	54	1
157	181	1
112	129	2
143	153	1
80	82	1
155	169	1
183	189	1
138	140	3
157	173	1
190	193	3
52	55	2
100	177	1
80	80	7
65	70	1
127	151	1
107	109	1
18	21	1
77	86	3
165	175	1
100	105	1
105	112	1
60	61	4
130	142	2
50	73	1
66	77	1
175	178	2
62	74	1
7	30	1
44	45	6
1	28	1
80	97	1
70	117	1
6	10	1
15	37	1
154	189	1
144	168	1
39	108	1
107	184	1
14	36	1
154	181	1
132	138	1
137	144	1
104	115	1
8	12	1
69	87	1
0	81	1
106	113	1
2	59	2
17	19	3
93	100	1
41	45	1
122	195	1
141	170	1
76	77	2
159	161	4
1	61	1
136	139	1
61	79	1
161	172	2
122	196	2
8	11	2
1	36	2
26	35	1
73	77	1
24	150	1
160	179	1
19	64	1
74	75	2
17	66	3
30	116	1
19	26	7
46	111	1
66	67	4
81	84	2
83	122	1
68	70	3
2	41	1
161	165	2
25	40	1
4	47	1
113	135	1
1	35	1
97	99	1
11	47	1
120	133	1
148	158	3
139	172	1
144	153	1
18	27	1
140	154	1
159	173	1
116	132	1
68	108	1
74	81	2
54	113	1
108	120	1
108	166	1
8	67	2
1	4	3
184	185	4
119	143	1
155	162	1
154	160	1
182	190	2
15	23	1
115	180	1
170	173	5
53	57	1
112	117	1
68	73	2
42	47	1
118	130	1
47	49	1
60	68	1
142	145	2
73	76	1
56	57	4
146	182	1
154	168	2
25	30	1
182	192	1
114	119	1
64	65	4
26	29	1
137	142	1
112	195	2
13	169	1
47	70	1
139	189	1
137	165	2
10	52	1
3	18	3
116	121	1
128	130	1
64	66	1
29	30	5
58	64	2
50	52	3
24	34	1
107	142	1
49	77	2
133	155	1
72	75	1
88	96	3
131	146	1
182	191	1
99	196	1
76	89	1
67	84	1
71	130	2
15	35	1
59	64	3
84	141	1
11	20	2
105	110	1
28	39	2
116	182	2
167	175	3
87	192	1
140	159	1
96	106	2
182	184	1
40	109	1
65	94	1
63	65	2
37	176	1
94	172	1
69	72	3
23	100	1
28	151	1
66	69	1
134	186	1
24	84	1
160	183	1
81	89	1
69	73	1
146	148	1
26	36	3
25	35	3
118	132	3
133	148	1
18	25	2
127	168	1
4	21	1
51	79	1
167	193	1
128	183	2
138	172	1
51	54	2
168	175	2
139	147	1
6	20	2
155	172	1
180	186	1
87	96	1
156	195	1
100	106	1
25	29	1
43	47	1
109	114	1
140	143	2
1	27	2
131	168	2
130	138	1
38	86	1
7	74	1
159	192	1
146	166	1
9	15	1
101	179	1
117	133	2
166	173	1
32	57	1
123	127	1
6	37	1
149	189	1
61	65	2
60	80	1
35	37	1
21	24	1
148	151	1
168	170	2
43	50	1
131	143	1
21	61	1
22	193	2
22	54	1
162	190	1
105	132	1
114	122	1
43	177	1
20	46	2
18	43	1
116	145	1
83	87	2
64	70	1
2	173	1
24	32	1
130	156	1
119	127	2
40	135	1
123	133	1
150	172	1
15	17	1
178	192	1
54	61	1
112	123	2
148	150	1
120	196	1
44	55	1
154	176	1
152	168	2
8	73	1
21	26	1
104	130	1
140	145	1
162	191	1
163	166	1
78	100	1
119	124	2
110	130	1
63	73	1
180	184	1
22	38	3
131	145	2
20	39	1
16	33	1
23	101	1
26	60	1
173	193	1
144	176	1
96	120	1
170	187	1
160	181	2
122	151	1
146	161	1
143	152	1
79	98	1
153	190	1
139	143	1
103	106	4
146	156	3
94	99	1
45	69	1
24	163	1
114	120	1
129	133	1
117	119	1
135	143	2
54	57	1
151	178	1
66	84	1
37	69	4
23	194	2
115	142	1
3	59	1
182	193	1
29	36	1
169	178	1
51	72	1
16	38	2
170	174	3
123	184	1
36	61	1
8	22	1
66	74	1
107	117	1
61	75	2
68	72	1
158	172	1
172	196	1
183	197	1
119	132	1
29	40	1
177	190	1
100	179	1
45	184	1
16	30	1
135	138	3
150	190	1
162	188	1
58	78	1
140	158	2
180	193	1
12	38	2
6	35	1
30	33	1
51	182	2
25	34	2
121	139	1
9	105	1
97	135	2
30	64	1
148	161	1
128	131	1
19	80	1
135	153	3
106	111	1
24	144	1
116	130	1
61	89	1
108	111	1
40	43	1
67	134	2
146	149	3
15	185	3
143	170	1
98	115	1
150	182	1
5	53	1
71	197	2
45	156	1
50	59	1
37	57	1
25	71	2
174	178	2
178	181	1
143	166	1
42	48	1
37	41	1
172	175	1
32	34	1
81	86	2
22	27	1
195	197	2
145	171	1
98	178	1
142	168	1
174	180	1
139	159	1
126	166	1
109	112	2
43	46	1
185	194	3
81	115	1
28	150	1
37	73	1
6	76	1
13	150	1
174	191	1
25	43	1
137	156	1
20	106	1
156	159	1
158	191	2
140	142	1
44	46	1
145	169	3
1	38	3
116	120	2
155	160	1
144	152	1
43	51	2
58	193	1
128	136	1
11	175	1
83	113	1
173	180	1
1	44	1
44	50	1
5	76	2
160	189	3
131	158	2
21	23	1
24	87	1
102	127	1
21	36	2
17	20	1
68	79	1
178	180	2
143	190	1
143	146	1
194	195	1
177	184	1
139	144	1
97	140	1
11	45	1
0	4	1
12	54	1
13	17	1
70	76	1
30	46	2
170	186	1
149	169	1
165	171	1
128	172	1
79	115	1
24	27	2
174	186	1
154	156	1
134	174	1
23	63	1
100	114	1
115	125	1
12	32	1
73	89	2
26	99	1
122	149	1
183	188	1
151	169	1
147	150	2
82	98	1
167	178	1
42	50	1
123	136	2
147	158	1
37	89	1
16	20	1
1	3	1
117	131	2
179	184	1
18	82	1
50	127	1
138	149	1
149	161	1
53	115	1
172	176	2
131	150	1
169	183	2
114	121	1
95	132	1
19	27	1
61	178	1
148	166	1
44	156	1
78	113	1
15	43	1
172	189	1
101	119	1
115	118	1
135	155	1
1	29	1
15	30	1
13	123	1
113	129	1
69	172	1
118	138	2
2	43	2
63	66	1
118	181	1
67	69	1
16	136	1
159	164	1
110	114	1
95	112	3
25	28	1
157	159	3
4	10	1
21	165	1
1	30	1
146	180	1
42	81	1
32	53	1
58	66	1
116	137	1
53	85	1
22	79	1
162	193	1
43	54	1
6	27	1
136	150	1
0	30	2
108	119	1
148	186	1
59	69	1
145	178	1
161	190	1
49	183	1
116	119	1
76	83	1
146	168	1
17	23	2
125	132	1
119	129	1
114	128	1
129	184	1
165	174	1
158	194	1
23	72	1
77	80	1
107	113	1
38	64	1
116	134	1
103	184	1
108	110	2
59	95	1
10	48	1
144	167	1
58	96	1
41	62	1
5	24	1
84	88	1
9	146	2
5	39	1
160	188	2
99	105	2
112	144	1
28	58	1
58	62	1
70	79	1
153	158	1
32	88	1
20	37	1
101	113	1
59	73	1
147	196	2
105	193	1
71	75	1
35	73	1
172	185	1
33	55	1
169	192	1
90	90	1
121	127	1
5	23	2
182	186	1
50	55	1
112	157	1
160	178	1
9	37	1
107	114	1
128	132	1
100	115	1
27	33	1
62	67	1
160	193	1
74	89	1
106	114	1
135	139	2
75	77	1
44	71	1
157	176	1
137	178	1
9	56	1
148	159	1
81	98	1
118	134	1
36	65	1
11	53	1
29	58	1
103	110	1
139	145	2
6	36	1
134	150	1
123	141	1
139	179	1
176	185	1
33	135	1
109	186	1
185	196	3
104	114	1
0	27	1
9	166	1
145	179	1
115	154	1
4	22	1
127	169	1
146	153	1
33	88	1
31	67	1
16	36	1
104	107	1
134	146	1
121	129	1
62	193	1
170	184	1
103	115	1
26	133	1
70	122	1
52	177	1
26	68	1
139	180	1
173	186	1
147	153	1
6	32	1
80	196	1
62	66	2
63	71	2
69	115	1
131	148	1
80	87	1
23	78	1
28	36	1
72	93	1
12	50	1
190	195	1
164	168	1
151	163	1
86	194	1
16	37	1
116	138	1
99	139	1
3	39	1
113	189	1
94	134	1
42	45	1
21	39	1
17	137	1
160	190	1
1	10	1
114	193	1
19	77	1
5	79	1
177	185	1
175	194	1
172	188	2
137	146	1
160	171	1
127	138	1
180	194	1
17	34	1
130	140	1
149	190	1
43	76	1
99	111	1
69	86	1
30	151	1
172	190	1
121	179	1
37	40	1
154	161	1
158	192	1
8	78	1
124	131	1
109	130	1
19	46	1
113	124	1
156	190	2
169	179	2
166	174	1
62	71	1
174	189	1
131	166	1
15	160	1
126	130	1
136	138	2
122	197	1
2	30	1
131	154	1
42	57	1
131	137	1
21	34	1
13	55	1
156	185	1
145	157	2
9	77	1
171	175	1
21	25	1
182	185	1
99	185	1
45	49	1
152	160	1
148	157	1
194	197	1
118	174	1
161	171	1
41	121	1
59	67	1
153	168	1
155	174	1
148	153	1
139	152	1
169	177	1
28	121	1
7	39	1
17	43	1
104	196	1
108	118	1
37	39	1
10	14	2
12	25	1
23	31	1
10	23	1
164	165	1
132	153	2
189	194	1
15	31	1
110	144	1
158	175	3
174	177	1
28	172	1
160	172	1
39	58	1
106	169	1
66	94	1
90	96	1
100	178	1
36	85	1
120	182	1
46	69	1
115	143	2
45	73	1
101	131	1
184	197	1
68	149	1
112	132	1
27	161	1
181	192	1
98	146	1
141	162	1
144	156	1
3	67	1
169	189	1
137	153	1
33	106	1
169	172	1
124	126	1
17	148	1
64	85	1
34	50	1
109	127	1
130	184	1
162	165	1
27	38	1
18	22	1
26	71	1
64	76	1
43	181	1
20	191	1
68	75	1
143	178	1
152	182	1
40	68	1
10	148	1
172	179	1
62	72	1
72	80	1
32	37	2
105	115	1
122	128	1
28	33	1
37	42	1
181	190	1
61	179	1
140	183	1
78	81	1
20	29	1
184	193	1
177	195	1
15	54	1
64	74	1
19	22	1
132	148	1
10	39	1
83	93	1
187	193	1
95	130	1
20	27	1
58	63	1
169	173	1
45	52	1
184	190	1
9	12	1
128	197	1
124	129	1
31	86	1
21	162	1
184	189	1
66	140	1
84	165	1
152	166	1
125	128	1
132	136	1
151	155	1
