19	19	1
31	31	3
5	5	3
56	56	1
17	17	2
35	35	3
47	47	1
57	57	3
10	11	1
52	53	1
54	55	1
42	43	3
38	38	3
45	45	3
34	34	3
55	55	2
17	36	2
49	49	3
10	10	2
28	28	4
39	45	1
37	38	2
52	52	2
57	58	1
14	15	1
36	36	2
33	33	3
7	7	1
36	37	2
11	35	1
40	40	6
30	33	3
14	14	1
11	11	2
51	51	2
4	7	1
46	46	3
54	58	2
6	6	1
33	34	1
32	33	2
29	29	1
34	37	2
16	16	2
56	58	1
28	29	2
53	54	1
8	9	1
30	30	1
24	24	1
55	56	1
52	58	3
39	50	1
3	3	1
24	37	1
35	36	1
44	44	4
42	42	1
55	58	1
32	32	1
34	57	2
34	35	1
50	51	1
34	39	1
0	0	1
39	39	2
12	12	1
18	18	1
22	22	1
