21	22	1
4	5	4
56	56	4
3	3	1
39	41	1
12	37	1
31	31	7
39	39	3
58	58	5
57	57	2
19	52	1
18	19	1
33	47	1
5	5	3
33	33	6
35	35	1
18	18	7
4	4	3
5	7	1
13	14	3
52	52	2
42	42	5
52	53	1
13	13	2
50	50	4
16	16	2
55	56	2
9	12	1
49	49	3
1	1	4
9	9	4
37	56	1
46	46	3
10	14	2
30	30	2
29	30	2
51	51	5
34	34	7
34	46	1
41	42	3
16	17	1
38	38	5
23	24	1
44	44	1
48	50	1
0	0	6
36	36	4
7	7	4
2	2	4
15	15	5
8	9	6
20	28	1
23	29	2
4	10	1
21	36	1
43	43	3
40	40	3
10	44	1
9	11	1
28	29	1
29	32	2
11	12	3
56	58	1
30	31	1
29	29	3
14	16	1
22	29	4
20	29	1
55	55	3
21	28	2
15	17	1
49	50	5
53	55	2
12	12	2
23	31	1
19	30	1
47	47	2
51	52	2
39	47	1
46	58	1
10	13	1
28	28	1
21	21	1
14	14	1
10	10	4
53	53	2
36	55	1
32	34	2
11	18	1
14	36	1
32	33	1
20	21	1
43	50	1
32	56	1
17	17	1
45	45	2
42	50	1
7	12	1
28	32	1
40	41	1
1	15	1
6	6	1
51	55	2
17	18	1
50	57	1
12	13	1
31	32	1
15	16	3
11	11	3
31	42	2
24	24	1
36	38	2
35	44	1
35	56	1
3	16	1
20	37	1
54	54	2
14	17	1
29	57	1
32	32	1
21	35	1
48	48	1
33	59	1
