82	82	4
47	47	8
25	36	3
57	57	7
29	47	2
45	45	3
63	63	2
25	25	5
98	98	5
130	134	1
77	77	5
37	37	4
79	79	7
62	63	2
66	66	7
96	99	3
32	32	10
128	130	1
75	76	3
83	108	1
76	76	6
126	128	1
85	91	2
19	19	8
19	82	1
9	9	5
123	123	1
101	102	1
61	62	5
7	8	3
69	69	6
95	123	1
128	129	3
4	5	3
4	7	1
47	48	7
67	67	5
12	12	2
99	100	5
48	48	5
59	59	8
16	36	1
116	116	5
18	38	2
55	55	1
18	46	3
72	113	1
24	24	4
111	111	4
85	86	2
108	108	4
110	110	6
134	134	4
90	90	9
93	93	11
91	92	4
47	50	1
103	103	8
29	33	1
129	129	2
6	7	5
85	85	6
15	17	3
46	61	1
29	29	6
99	99	3
63	123	1
112	114	1
25	26	4
106	106	1
94	94	3
127	127	3
61	76	1
38	38	2
11	11	9
2	2	5
120	121	2
91	91	6
19	20	5
15	16	1
33	34	2
84	84	3
96	96	4
3	99	1
104	104	6
47	66	1
86	86	6
71	71	6
36	41	1
120	122	3
27	28	7
3	5	1
40	40	4
16	16	4
66	67	1
132	133	2
6	8	1
16	17	3
65	65	7
14	31	1
112	122	1
28	30	1
62	74	1
97	97	5
28	99	1
117	119	1
27	98	1
40	41	2
16	30	2
21	76	1
117	117	2
84	131	1
87	87	3
48	49	7
70	70	9
73	73	5
68	69	1
42	43	1
56	59	1
11	29	4
93	94	3
38	40	2
14	14	3
60	60	3
72	73	2
90	99	2
118	120	1
122	122	2
27	31	1
88	96	1
119	119	4
73	74	1
105	107	2
81	82	1
49	49	2
38	78	1
20	20	7
40	81	1
25	27	2
29	37	2
63	64	2
121	125	2
10	10	7
26	27	4
35	46	1
28	91	1
101	113	2
6	28	1
94	97	3
74	75	2
31	82	1
31	32	3
27	92	1
75	119	1
13	26	1
78	99	1
6	100	2
5	5	8
82	91	1
87	91	1
96	98	3
30	113	2
1	2	3
16	75	1
25	55	2
76	120	1
17	75	1
101	101	3
46	73	2
114	123	1
124	125	2
4	11	1
127	133	1
12	13	1
15	60	1
84	85	4
123	127	2
131	131	5
24	26	2
33	33	7
80	80	2
36	36	3
26	93	2
7	97	1
102	102	6
22	22	1
109	120	1
72	72	6
59	79	1
21	22	5
84	102	3
6	26	1
105	106	2
78	78	5
90	91	2
62	73	1
36	132	1
39	39	1
35	35	3
43	62	1
11	93	1
115	116	1
11	16	1
130	130	2
29	49	3
34	130	1
100	102	2
107	113	1
79	83	1
9	19	1
57	62	1
85	124	2
17	70	1
44	44	5
95	98	1
133	133	7
47	65	1
99	132	2
33	45	1
8	8	3
28	47	1
48	92	1
44	71	1
28	28	4
21	21	8
18	18	6
51	55	2
12	33	2
13	13	7
46	46	4
28	29	3
47	49	2
125	126	2
31	31	6
54	54	1
50	57	2
115	115	4
29	60	3
27	27	7
111	134	1
6	6	7
29	32	1
124	124	3
62	62	3
21	24	1
26	92	1
113	113	4
22	37	2
27	90	1
72	74	2
62	66	1
8	9	3
11	14	2
46	47	2
125	125	1
83	83	5
31	113	1
43	43	4
64	66	2
56	58	1
35	76	1
45	46	1
9	31	1
121	123	2
71	72	3
19	37	1
7	90	1
125	129	1
39	42	1
68	68	10
112	112	3
35	74	1
39	40	3
10	36	2
83	101	1
67	71	1
83	84	2
131	133	1
58	60	1
76	78	1
64	64	2
95	97	1
81	81	2
16	22	1
103	105	3
64	65	4
44	45	2
1	9	1
132	132	4
54	90	1
15	15	2
98	100	1
4	23	2
9	96	1
45	71	3
82	83	4
80	101	1
26	48	1
20	85	2
17	18	2
109	110	2
98	114	1
131	132	1
27	78	3
61	61	5
104	105	1
111	129	2
31	114	1
84	88	1
112	113	2
37	38	1
46	65	1
8	15	1
59	60	1
92	115	2
114	116	1
15	27	1
32	33	4
10	29	1
38	81	2
95	96	3
77	122	1
20	60	1
7	7	3
129	131	2
69	72	1
113	127	1
86	87	1
90	97	1
126	126	4
34	34	2
4	71	1
20	38	1
7	100	2
75	75	4
59	78	1
23	23	3
7	27	1
94	95	2
22	23	1
96	97	2
42	42	1
5	87	1
91	113	1
120	120	3
100	100	4
26	79	1
56	56	1
80	81	3
104	124	1
108	110	2
20	22	2
3	3	4
94	96	3
62	64	1
11	97	1
8	134	1
42	82	2
28	31	1
70	71	3
125	127	1
78	79	1
5	88	1
36	37	1
30	30	2
38	39	1
5	6	1
10	71	2
94	118	1
74	76	1
29	93	1
95	95	3
23	44	1
33	118	1
116	117	1
115	131	1
26	26	2
57	76	1
30	32	1
101	105	1
14	74	1
108	109	4
97	129	1
30	48	1
14	23	1
16	25	2
28	49	1
49	78	1
83	91	1
31	71	2
5	45	1
44	47	1
57	58	1
78	83	1
18	36	1
109	109	2
121	121	4
93	124	1
47	93	1
18	33	1
6	89	2
24	25	1
68	95	1
117	118	1
80	84	2
115	123	1
78	80	2
4	6	2
33	47	1
13	111	2
93	99	2
86	100	1
110	111	1
50	88	1
96	113	1
89	89	1
12	20	1
43	45	1
77	78	3
16	21	1
25	77	1
118	119	1
4	19	1
118	134	1
84	86	1
45	90	1
29	44	1
6	25	1
39	82	1
66	93	1
23	40	1
13	32	1
64	72	1
127	129	1
10	14	1
128	128	1
111	112	1
65	74	1
87	99	1
58	103	1
15	21	1
99	128	1
5	7	1
38	90	1
91	115	1
70	75	1
92	92	1
100	129	1
36	113	1
26	30	1
35	60	1
62	71	1
102	106	1
98	99	1
43	72	1
74	74	1
99	101	1
4	4	1
3	97	1
4	89	1
114	114	1
60	95	1
23	26	1
89	92	1
29	30	1
21	42	1
20	21	1
118	118	2
27	32	1
32	71	1
0	0	1
57	81	1
117	122	1
61	85	1
28	58	1
50	59	1
26	31	1
93	100	1
18	72	1
115	126	1
106	107	1
30	31	1
107	107	1
68	70	1
103	104	1
14	17	1
18	39	1
26	29	1
3	10	1
57	75	1
