67	67	2
136	137	2
105	112	1
70	72	2
91	97	1
107	107	2
25	37	2
37	38	1
174	174	1
187	188	1
150	150	8
124	124	1
4	5	3
43	43	7
89	89	4
166	169	1
14	14	3
13	67	1
188	189	3
6	6	2
29	44	1
104	104	1
53	53	3
174	178	2
20	21	1
27	27	1
124	126	2
175	187	2
122	122	1
177	178	2
55	60	3
66	67	1
61	62	2
143	144	2
12	56	1
73	111	2
77	88	1
179	188	1
31	31	1
153	153	2
114	115	4
161	161	1
142	142	3
5	16	3
147	147	5
38	39	3
84	84	3
29	30	1
94	124	2
37	37	4
80	80	3
83	83	1
172	172	1
128	128	2
144	145	2
126	126	3
166	166	1
94	94	3
93	93	2
21	99	4
31	32	1
177	177	2
155	155	1
112	114	2
138	138	1
6	37	1
41	41	4
5	12	1
157	158	3
121	165	3
182	183	1
134	139	1
46	48	2
66	77	1
10	12	1
16	38	1
19	19	1
86	86	2
115	156	1
108	126	3
179	179	2
22	45	3
95	97	1
151	151	2
171	172	4
145	150	2
152	153	3
106	106	3
91	107	2
95	104	1
35	35	1
6	17	2
120	124	2
44	67	1
0	0	4
171	171	1
78	101	2
66	66	1
23	24	3
69	100	2
180	180	2
108	125	2
36	133	1
75	95	2
48	48	2
72	72	4
91	91	1
105	105	5
129	129	1
162	162	1
145	188	1
184	184	2
126	163	2
152	170	1
154	154	6
78	79	3
154	158	1
46	46	6
61	61	3
145	146	1
77	102	1
109	109	1
4	8	2
118	164	1
189	189	1
168	168	2
97	98	1
154	157	1
113	150	1
82	83	1
134	146	2
20	58	1
128	130	2
154	159	1
132	132	1
90	90	3
173	174	2
115	115	3
87	102	1
158	158	1
26	102	1
85	86	2
82	111	1
134	165	1
70	70	3
124	163	1
29	37	1
65	65	1
153	158	3
24	44	1
32	34	1
119	119	3
86	95	1
54	54	2
63	63	3
88	88	2
11	17	1
33	33	1
9	10	1
10	26	1
105	106	1
185	185	2
146	149	1
65	68	2
133	139	1
140	141	2
110	110	1
10	11	2
30	30	2
56	56	2
47	47	1
107	108	1
19	63	1
180	189	1
40	41	1
131	131	2
95	102	1
49	49	1
126	160	2
40	40	1
3	34	2
1	7	1
24	24	2
43	44	1
143	143	3
28	28	1
4	4	2
23	23	1
45	45	2
29	40	1
6	8	1
2	2	5
82	82	2
15	23	1
159	159	2
38	38	3
79	79	4
135	136	2
76	81	1
10	10	1
57	57	1
108	108	1
182	182	1
27	28	1
146	147	2
22	43	2
71	71	1
117	118	1
110	115	1
148	148	1
1	1	4
8	8	1
15	15	2
98	98	2
36	37	1
2	6	1
125	126	1
8	19	2
22	22	2
89	148	1
39	39	2
131	133	2
147	149	2
155	156	3
113	128	1
74	139	2
136	143	1
23	44	2
59	60	1
134	134	2
73	104	1
31	35	1
156	188	2
116	168	2
27	35	1
141	142	1
116	118	1
76	86	1
85	85	3
130	147	1
11	14	1
120	121	4
16	67	2
117	117	2
152	159	1
12	47	1
7	26	1
85	116	1
111	111	1
187	190	1
47	67	1
114	149	1
113	154	1
3	3	2
76	90	1
109	140	1
92	93	1
173	173	2
122	124	2
160	160	1
164	164	1
59	59	3
73	85	1
6	38	1
7	7	2
44	44	3
98	106	1
163	164	2
138	139	1
125	125	2
164	165	1
99	100	2
95	95	1
72	111	2
30	31	1
87	88	2
90	91	1
58	58	3
52	67	2
140	151	1
20	54	1
96	105	2
9	27	1
10	21	1
136	136	3
73	81	1
149	149	2
152	152	2
87	87	1
26	26	1
179	181	3
149	163	4
14	93	1
13	13	3
54	63	1
112	143	1
163	163	1
54	55	1
74	74	4
77	77	2
119	169	1
186	186	2
110	121	1
97	97	4
17	47	1
99	104	1
133	145	1
117	120	1
92	92	1
108	152	1
10	22	1
98	105	1
45	46	1
145	147	2
65	77	1
74	96	1
65	66	1
169	169	1
139	139	1
79	80	1
73	74	1
60	62	1
55	80	1
112	112	1
190	190	1
174	184	1
150	156	1
34	35	1
172	178	1
109	143	1
96	124	1
132	145	1
158	168	1
115	116	1
92	102	1
66	76	1
64	64	2
73	132	1
114	155	1
10	24	2
127	162	1
78	90	1
92	99	1
54	57	1
97	123	1
84	103	1
76	87	1
64	65	1
55	72	1
40	88	1
107	124	1
113	116	1
70	81	1
89	138	1
140	140	1
153	185	1
42	42	1
99	103	1
165	165	1
114	166	1
6	7	1
175	175	1
62	78	1
123	126	1
18	18	1
113	163	1
21	59	1
122	153	1
101	102	1
147	148	1
134	135	1
151	154	1
46	66	1
72	73	1
