103	103	4
95	95	3
103	105	2
110	112	1
57	57	5
37	40	1
52	52	3
113	113	3
71	72	1
73	92	1
48	48	2
100	100	2
64	64	2
41	42	2
22	22	2
69	69	6
63	64	2
106	106	5
21	21	2
46	46	5
112	112	5
40	41	2
107	107	1
72	72	1
41	46	1
103	104	4
93	94	3
95	96	4
73	73	3
59	61	1
81	86	1
33	33	2
101	101	2
101	102	2
86	86	1
69	70	1
54	54	3
98	98	3
92	99	1
72	79	2
45	46	1
32	32	4
97	98	1
68	69	4
74	74	3
99	102	1
30	31	2
91	92	1
26	26	1
82	82	3
85	85	1
104	107	1
72	94	1
76	77	4
82	84	3
70	70	3
84	85	1
92	92	3
43	43	5
19	54	1
90	90	2
94	95	1
29	29	1
42	42	3
31	31	2
41	41	1
65	65	3
104	112	1
87	88	1
40	43	2
97	101	1
109	110	2
96	97	1
22	25	2
93	97	1
34	34	2
75	75	1
74	90	3
60	75	1
86	90	2
74	75	5
84	95	1
99	99	1
49	98	1
81	82	1
53	70	2
112	113	1
22	53	1
56	66	1
84	87	2
101	111	1
58	60	1
95	97	1
69	79	1
51	51	1
61	62	1
100	101	1
71	71	1
39	40	2
36	36	1
102	106	1
45	51	1
44	45	4
80	80	5
44	44	3
79	86	1
27	27	2
26	59	1
55	55	2
110	110	3
83	96	1
85	90	2
77	80	1
105	105	2
78	78	4
79	92	1
97	104	1
52	100	2
23	24	2
114	114	1
42	43	1
103	107	2
83	83	1
45	49	1
62	64	1
27	29	1
47	47	2
67	70	1
24	24	1
63	66	1
56	57	3
67	67	3
59	59	2
71	91	1
94	94	3
26	36	1
80	81	2
82	83	1
96	96	2
78	87	1
82	85	1
60	60	3
62	62	1
24	25	1
77	77	2
25	59	1
76	76	1
97	103	1
22	23	1
109	109	1
105	106	1
53	75	1
37	38	2
38	38	1
88	94	1
44	46	1
62	72	2
72	85	1
107	108	1
76	90	1
53	53	1
75	76	1
73	74	1
66	66	1
26	53	1
41	43	1
85	86	1
85	88	1
54	58	1
24	27	1
108	109	1
111	113	1
105	107	1
104	104	2
101	104	1
110	111	1
87	87	1
64	67	1
56	56	1
