87	90	2
105	105	4
47	48	1
102	103	2
56	71	1
98	98	5
6	7	2
46	47	3
55	55	1
79	79	4
66	66	3
8	9	1
129	129	3
107	107	3
51	51	5
48	48	3
41	43	4
32	32	2
114	116	1
79	80	3
65	69	2
67	81	1
21	22	4
30	30	4
40	42	2
19	20	1
61	61	2
31	32	3
114	117	1
113	113	4
48	120	2
42	42	1
29	29	1
112	112	7
70	70	3
61	100	1
118	118	2
5	5	4
24	24	3
82	82	3
108	109	2
127	128	3
6	6	3
18	18	2
41	42	1
123	124	1
65	65	1
99	101	1
108	120	1
92	92	2
0	0	3
17	17	1
103	106	1
4	13	1
2	3	3
10	39	1
94	94	3
10	10	2
86	90	1
65	68	2
38	38	2
25	31	2
47	47	6
20	20	3
70	71	4
94	95	5
39	39	3
2	2	2
89	91	1
119	119	2
128	130	2
71	71	2
82	83	1
123	123	3
84	84	2
75	75	2
60	60	2
93	94	1
80	82	1
89	95	1
12	96	2
130	130	1
55	56	3
62	74	1
55	62	2
71	118	1
88	88	4
50	50	4
14	14	1
97	98	3
111	111	3
123	125	2
85	88	1
114	114	4
24	43	1
110	115	1
46	46	2
33	33	1
52	52	1
14	15	1
42	52	1
120	120	1
10	11	2
0	124	1
81	82	1
18	19	3
23	24	2
45	48	1
65	120	2
60	62	1
69	82	2
53	53	2
9	11	3
83	83	4
75	76	1
133	133	2
65	66	1
28	28	3
97	97	3
40	40	4
117	117	1
91	91	2
58	59	2
59	99	1
89	89	1
39	61	1
113	120	1
53	117	1
119	120	2
43	43	3
73	78	1
81	81	4
57	64	1
32	46	1
109	109	2
74	75	1
110	110	1
100	100	2
29	30	1
110	111	1
102	102	2
115	115	2
120	124	1
100	101	1
95	95	1
4	7	2
128	128	1
116	116	1
78	79	1
13	16	1
57	71	1
49	49	2
58	58	4
120	121	1
57	57	1
63	68	1
31	38	1
45	45	2
107	114	1
109	110	1
83	103	1
84	85	1
74	78	1
22	43	1
78	80	1
44	114	1
62	102	1
116	121	1
126	127	1
99	99	2
11	11	1
41	41	2
52	53	2
15	15	1
125	126	1
108	114	1
25	26	2
108	108	2
86	88	1
43	44	2
22	25	2
62	97	1
45	47	1
49	55	2
17	22	1
124	124	1
13	15	1
104	104	1
113	114	1
60	90	1
59	59	1
4	8	1
122	123	1
124	125	1
93	95	4
88	89	1
77	81	1
20	28	2
1	3	2
64	64	2
52	54	1
62	82	1
33	38	1
9	9	3
49	53	1
13	13	1
90	90	1
28	33	1
1	2	1
39	45	1
106	108	1
82	87	1
115	116	1
106	106	1
107	108	1
101	101	1
6	8	1
13	100	1
125	127	1
127	127	2
48	104	1
4	4	1
108	119	1
59	86	1
22	22	2
61	97	1
7	7	1
96	96	1
16	59	1
21	21	1
13	40	1
24	25	1
72	78	1
0	6	1
45	107	1
63	64	1
62	62	1
122	122	1
105	107	1
131	131	1
19	19	1
103	103	1
15	26	1
25	25	1
44	44	2
23	23	1
49	56	1
91	92	1
49	76	1
54	54	1
71	72	1
16	16	1
105	113	1
