25	54	1
94	94	23
53	53	21
99	99	23
61	61	29
51	51	13
63	63	29
42	44	3
47	47	13
75	75	23
54	88	3
56	57	15
78	93	2
68	68	20
34	71	2
92	92	33
70	70	27
59	59	35
58	62	1
24	24	11
78	78	26
79	79	20
64	84	2
48	48	27
57	58	9
25	61	1
90	90	31
93	93	15
24	26	6
72	73	3
31	65	1
81	81	26
45	55	1
49	50	12
76	82	3
36	64	1
67	71	2
69	69	24
58	64	4
32	32	11
87	89	5
32	33	7
64	90	7
35	35	14
48	49	6
82	82	9
38	48	1
59	70	2
76	77	17
28	29	2
57	57	24
101	102	4
61	62	13
96	96	16
54	54	21
62	63	4
52	52	30
33	34	6
37	39	5
81	93	1
22	95	2
49	49	21
41	77	2
71	72	9
62	62	23
51	55	2
98	98	26
53	57	2
46	61	3
52	78	2
94	96	6
86	87	15
26	27	9
45	48	1
43	43	20
36	36	6
46	48	7
74	74	34
83	84	13
46	46	29
49	95	1
58	61	3
25	25	18
40	40	23
39	39	20
74	95	1
29	29	13
83	83	9
70	77	3
79	80	15
60	100	1
50	50	15
68	69	13
48	50	4
26	51	4
77	77	24
23	26	3
25	63	3
65	72	4
41	42	7
63	99	1
64	64	21
55	89	1
65	66	9
96	98	5
95	95	23
45	45	15
95	96	11
85	91	2
56	56	23
31	31	8
88	88	21
55	55	13
25	27	6
67	67	34
89	89	18
91	91	29
33	33	28
61	79	1
71	71	29
93	94	9
100	102	1
73	73	28
57	62	1
34	34	9
77	81	3
63	64	5
60	60	20
76	76	19
85	86	6
31	61	1
51	54	4
72	83	6
85	85	16
60	61	8
91	92	16
85	90	2
29	30	7
27	27	18
94	97	11
63	65	4
72	72	21
33	64	1
92	93	16
45	47	5
101	101	21
87	87	11
87	88	14
48	58	1
36	37	8
92	100	5
86	86	23
65	65	25
69	70	5
80	80	26
25	26	8
24	27	5
86	88	3
35	37	3
94	95	8
28	82	1
23	25	1
69	71	3
98	99	8
88	89	3
52	53	6
72	101	3
36	38	5
44	86	2
66	66	21
47	48	7
97	97	21
78	83	1
46	47	6
31	101	1
25	60	4
96	97	13
34	65	2
85	93	2
67	72	2
30	49	1
53	54	8
80	100	4
54	55	8
50	64	6
81	94	2
31	49	1
92	94	8
79	88	4
73	74	10
55	61	3
26	28	4
42	43	5
52	54	2
76	83	1
22	22	4
78	100	4
63	75	2
41	41	25
50	85	3
79	97	2
84	84	14
42	42	25
80	81	15
33	101	2
45	70	1
48	102	5
51	57	3
84	101	1
84	92	3
44	59	1
42	93	1
99	101	4
22	73	1
27	52	3
52	56	2
67	92	1
67	68	11
65	97	2
50	51	7
37	47	1
86	93	2
51	99	1
26	54	1
31	32	4
93	95	5
60	87	1
52	67	1
65	68	3
65	75	2
47	53	4
35	67	1
30	58	1
63	70	2
73	75	2
50	52	2
100	100	21
87	94	3
23	54	2
50	63	1
61	63	2
30	30	2
74	75	9
31	36	2
66	70	2
59	66	3
41	43	3
44	44	22
79	86	2
55	80	2
102	102	7
89	92	2
53	55	5
67	91	1
70	92	3
43	44	4
37	53	2
45	46	9
35	100	1
58	58	34
77	89	1
25	51	1
26	96	1
26	26	16
77	93	2
64	101	1
20	26	4
93	96	4
68	70	6
37	62	1
81	92	1
62	84	1
72	93	2
28	86	1
63	101	2
38	38	9
59	68	2
77	92	3
27	28	12
89	93	4
37	37	20
28	28	8
51	52	6
41	89	2
54	94	3
75	77	5
41	66	1
46	78	1
87	98	1
60	63	7
35	36	6
29	31	5
51	63	5
77	82	1
84	86	1
35	39	3
64	65	3
29	60	2
20	22	2
43	45	2
90	91	7
53	79	1
68	78	1
33	45	1
71	89	1
75	76	6
69	77	1
20	38	1
70	76	1
44	74	1
20	94	1
25	55	2
43	64	1
95	98	9
62	89	3
37	38	5
100	101	7
66	69	4
45	49	5
55	56	5
36	39	3
63	71	1
71	73	5
55	59	2
39	49	1
81	83	3
64	74	1
62	79	1
65	69	5
68	91	1
25	53	2
30	61	2
31	44	1
32	88	1
44	84	1
61	95	1
82	100	1
44	48	2
58	71	2
51	53	3
82	85	1
24	25	6
86	89	4
43	52	1
43	50	5
62	78	1
37	40	1
27	53	3
62	88	3
81	102	1
24	88	1
59	67	2
63	95	1
39	51	1
79	98	1
80	84	1
58	67	3
60	62	2
74	76	1
41	52	1
65	96	1
36	47	2
89	90	3
24	36	1
78	79	9
57	92	1
88	95	2
23	40	1
86	99	4
66	67	8
70	71	8
50	56	2
94	98	4
40	41	8
84	93	1
69	73	1
80	101	1
25	40	3
54	56	1
59	85	1
78	102	1
95	97	3
48	51	2
22	24	1
87	91	1
23	24	2
38	51	1
37	55	1
83	89	1
65	77	2
58	59	8
98	102	1
78	90	3
38	73	1
50	76	1
72	78	1
52	68	1
77	88	2
45	101	2
27	54	2
65	74	2
90	99	2
91	96	2
66	99	1
57	64	1
78	81	3
31	45	1
60	81	6
29	52	1
27	55	1
40	57	1
43	57	1
54	57	4
64	91	3
93	98	4
81	82	7
23	88	1
83	87	1
26	98	3
26	53	1
36	63	1
24	37	1
49	81	1
63	88	1
54	95	1
65	71	2
89	102	2
24	52	1
51	89	1
25	52	1
63	93	1
40	72	1
76	86	2
74	79	2
42	91	1
30	74	1
48	93	1
59	76	1
23	42	2
69	75	1
74	80	1
46	93	2
35	43	1
51	101	2
23	27	1
22	27	1
79	83	2
20	20	2
98	101	1
54	93	1
80	98	3
77	78	4
44	45	3
56	58	2
40	71	1
55	95	3
56	82	1
34	39	1
55	58	2
24	38	1
41	44	1
96	101	1
29	58	1
47	50	4
71	75	1
56	70	1
50	101	4
22	29	1
41	63	1
23	38	2
88	93	1
82	83	3
52	55	4
78	99	1
55	64	1
34	40	1
27	95	1
79	81	5
97	98	5
28	95	1
22	28	1
32	48	1
31	48	1
94	102	1
43	84	2
91	98	2
58	81	2
62	64	2
68	75	1
86	97	1
86	91	1
76	87	1
78	96	1
38	39	3
35	71	1
23	90	1
51	90	1
78	89	1
88	92	1
47	52	1
65	78	1
33	38	3
81	88	2
63	74	1
89	98	1
97	101	2
30	60	1
25	46	1
79	90	3
30	48	1
23	51	2
79	92	1
48	64	1
73	93	2
88	90	1
69	83	2
47	101	1
60	99	1
30	37	1
85	89	1
56	89	2
56	63	1
43	56	1
35	72	1
27	38	2
51	91	3
57	79	1
48	53	1
89	95	1
92	98	1
43	55	2
34	36	1
56	59	1
58	63	1
93	97	1
58	60	2
59	74	1
55	68	1
61	64	1
57	88	1
40	98	1
46	57	1
67	73	1
60	79	1
62	92	1
44	51	2
36	74	1
52	64	3
20	27	1
52	63	1
22	55	1
53	80	1
72	77	1
29	65	1
71	74	1
51	100	2
84	94	1
45	51	2
48	101	1
20	23	1
37	42	1
66	68	3
33	61	1
45	93	1
63	100	1
52	85	1
59	79	1
26	79	1
39	40	2
41	91	1
79	95	1
27	97	1
63	84	1
83	101	1
87	101	2
39	42	2
26	61	1
24	87	1
23	39	1
28	93	1
52	99	1
81	101	2
50	77	1
24	61	1
26	29	1
68	76	1
42	100	1
59	83	1
78	95	2
36	40	1
23	28	1
41	101	1
52	86	1
33	91	1
91	95	1
37	72	1
49	66	1
79	96	1
95	102	1
32	93	1
99	100	1
93	100	1
51	95	1
41	75	1
23	46	1
65	90	1
60	80	1
51	65	1
23	23	3
32	34	1
62	80	1
24	95	1
82	91	1
47	81	1
50	55	1
28	79	1
86	100	3
55	62	2
22	57	2
66	72	1
88	94	2
78	80	2
66	73	1
82	101	1
69	97	1
33	39	1
70	74	1
22	25	1
49	56	1
40	64	1
46	49	1
28	51	1
49	64	1
77	91	1
23	64	1
55	86	1
57	63	1
72	74	1
59	62	1
81	91	1
75	86	1
34	35	1
38	52	1
93	99	1
76	85	1
35	91	1
47	51	1
62	76	1
81	99	2
52	80	1
87	100	1
25	47	1
30	78	1
28	34	1
31	50	1
82	102	1
92	102	1
46	53	1
25	38	2
62	96	1
67	69	1
82	98	1
42	48	1
64	99	1
40	70	1
53	86	1
43	49	1
80	87	1
24	92	1
79	82	1
99	102	1
33	102	1
35	42	1
94	101	1
29	66	1
24	96	1
25	97	1
47	86	1
41	90	1
22	23	1
34	37	1
25	87	1
26	80	1
41	59	1
63	83	1
33	35	1
75	90	1
25	94	1
48	78	1
73	87	1
22	26	1
27	94	1
48	56	1
28	32	1
59	60	1
32	100	1
53	88	1
