23	24	7
27	81	2
10	15	1
29	50	1
27	28	3
46	46	12
103	105	1
84	93	2
74	74	5
88	88	7
41	42	3
8	35	1
20	20	7
8	8	5
91	91	6
3	94	4
59	59	2
26	26	8
25	25	7
27	46	1
99	99	7
21	55	1
39	42	3
16	16	5
32	32	3
95	95	2
68	68	2
73	74	2
115	116	4
76	76	4
50	60	3
108	124	3
123	124	2
24	25	5
77	77	3
58	59	2
11	11	2
90	90	5
51	58	2
110	128	3
49	49	3
23	25	1
11	93	2
31	32	4
85	86	1
121	122	3
60	95	1
90	91	4
18	18	3
26	27	4
73	122	1
106	106	6
98	98	2
27	27	2
29	29	2
81	81	3
10	61	1
7	48	1
99	101	3
59	64	1
11	49	1
14	15	1
79	95	2
57	63	1
29	30	3
8	83	2
108	108	2
4	48	1
4	95	3
2	33	1
92	92	7
74	76	2
30	48	1
84	84	3
101	102	1
28	28	5
88	99	2
80	86	1
79	91	1
111	111	4
13	43	1
57	58	1
20	22	3
62	63	2
102	103	1
101	101	4
40	42	5
103	106	1
60	62	2
87	87	1
45	90	1
118	118	5
45	45	3
86	86	1
15	44	2
15	17	1
104	105	5
27	29	1
58	58	2
129	129	4
21	43	2
13	13	1
17	17	1
92	93	2
44	44	2
35	35	3
46	61	1
80	80	3
102	102	4
47	47	3
2	12	2
104	104	3
7	35	1
93	93	2
89	94	2
84	94	1
72	72	1
128	129	1
29	48	1
109	109	3
111	112	1
58	93	1
22	29	1
12	12	1
21	49	2
108	125	2
98	107	2
41	41	4
45	48	1
83	83	2
75	75	2
7	7	3
2	85	1
11	61	1
79	79	3
32	59	1
18	20	1
114	115	2
97	97	1
112	116	2
25	26	3
39	39	5
28	29	1
132	132	1
120	121	3
80	95	1
32	43	1
7	8	1
5	5	5
95	97	1
20	56	2
116	116	2
43	44	1
55	59	1
71	72	2
10	10	1
62	62	1
35	36	2
4	5	2
82	82	5
93	95	1
37	38	1
6	7	4
56	57	1
49	93	1
31	31	3
14	14	1
63	93	1
114	116	1
57	57	5
73	73	2
96	109	1
51	124	1
27	63	2
115	127	2
85	95	1
124	124	1
9	73	1
110	110	1
19	74	1
48	48	1
56	56	2
78	93	1
68	71	1
133	133	1
5	93	1
7	84	1
113	113	2
115	128	3
122	122	2
38	87	1
65	65	1
125	130	1
88	89	2
128	128	1
103	108	1
16	22	1
14	23	2
74	119	1
77	78	1
15	37	1
34	35	1
82	97	1
69	69	2
63	64	3
11	92	1
78	78	2
84	92	2
44	45	1
24	24	2
34	34	2
113	117	2
21	21	2
20	50	1
96	97	1
78	80	1
107	107	1
81	83	1
11	126	1
112	113	1
85	85	2
57	82	1
70	70	3
77	85	2
33	33	1
97	98	3
6	6	2
86	88	1
91	92	1
103	104	1
127	128	2
90	92	2
2	90	1
133	134	2
20	21	1
25	75	2
79	97	1
42	43	1
6	100	1
24	47	1
18	19	1
61	61	1
100	100	4
119	120	2
78	87	1
3	3	1
66	66	2
22	28	1
103	107	1
22	55	1
127	130	1
82	94	1
16	27	1
79	83	2
36	38	1
100	101	1
125	125	1
100	114	1
57	60	2
127	127	1
27	78	1
55	55	1
60	63	1
113	115	1
94	95	1
111	117	1
92	123	1
87	89	1
72	73	1
110	116	2
26	29	1
49	50	1
28	46	1
16	31	1
