2	2	2
43	43	6
37	38	3
54	55	2
20	21	4
53	53	4
50	50	4
17	17	3
41	41	6
13	14	3
19	42	1
8	9	2
22	32	1
33	33	2
39	46	2
40	40	7
4	4	4
30	30	2
44	44	4
59	59	3
7	22	2
52	52	1
14	37	1
20	58	1
18	20	1
35	35	8
51	53	1
40	41	2
53	56	1
11	11	7
12	13	1
50	56	2
41	42	1
45	47	1
45	45	3
44	51	1
42	42	3
42	43	1
47	48	2
14	14	2
34	36	1
36	39	1
59	60	1
5	5	1
13	13	1
21	21	3
19	19	2
48	52	2
37	58	2
8	14	3
57	58	2
55	55	4
48	48	2
20	20	5
52	53	2
46	56	2
56	57	3
43	44	2
42	54	2
8	8	3
42	52	2
18	18	1
31	43	2
10	10	1
32	33	1
32	35	2
56	60	1
33	34	2
51	51	6
46	46	2
30	32	2
34	34	3
38	38	3
38	39	3
39	39	3
16	17	2
40	59	2
41	53	2
7	21	1
22	55	2
9	9	2
32	32	2
25	60	1
54	54	5
44	45	3
12	12	4
31	34	1
53	54	2
14	15	2
6	7	1
4	5	1
55	56	4
36	36	2
49	59	1
10	14	1
49	49	2
15	15	1
25	26	1
32	34	1
46	60	1
47	47	2
53	58	1
51	52	3
60	60	2
9	11	1
21	22	1
57	57	2
42	59	1
39	42	1
36	37	1
15	16	2
34	35	1
5	41	1
31	36	1
35	36	1
0	0	3
37	60	1
61	61	2
11	12	1
38	58	2
56	58	1
1	5	2
38	46	1
45	46	1
37	46	1
31	31	2
39	40	1
60	61	2
2	3	1
37	37	1
62	62	1
34	44	1
7	7	1
14	33	1
33	35	1
23	24	1
13	30	1
23	23	1
40	42	1
48	49	1
51	54	1
