40	41	5
21	21	2
19	19	3
29	30	2
41	41	8
29	29	8
35	36	2
42	42	4
22	22	1
28	28	5
39	39	5
30	44	1
45	46	2
24	25	3
45	47	1
32	32	11
34	34	8
33	48	1
43	45	1
46	46	6
26	34	1
40	40	5
35	35	4
49	49	1
36	36	3
36	37	4
25	25	1
39	41	1
48	48	4
33	33	4
17	48	2
26	27	1
41	42	3
33	49	2
26	26	7
38	40	1
37	51	1
18	18	2
27	29	1
50	50	1
45	45	2
20	21	2
24	24	4
26	36	1
43	43	4
25	26	3
42	45	1
17	17	2
31	31	4
41	43	1
30	30	1
37	38	2
44	48	3
26	43	1
27	27	2
27	28	1
51	51	1
30	31	1
31	32	1
44	44	2
38	38	1
24	29	3
35	47	1
23	23	1
34	35	1
47	47	1
20	31	1
19	20	1
28	29	1
22	32	1
39	46	1
39	40	1
