175	175	2
231	232	1
13	16	2
197	197	6
181	181	4
47	47	13
153	155	2
28	28	5
74	74	11
173	192	1
28	29	2
31	33	3
75	79	3
33	36	3
39	42	2
21	22	6
39	39	2
196	197	4
140	140	3
56	56	4
77	82	1
22	36	2
33	34	1
165	165	3
23	23	2
104	104	4
191	191	2
123	126	1
52	52	7
132	132	3
2	3	3
138	153	2
79	79	3
169	169	4
134	135	3
157	157	4
45	61	1
15	209	1
18	18	5
49	141	1
120	134	2
32	32	3
120	127	1
195	196	4
3	3	4
145	145	4
226	226	4
66	170	1
108	129	1
173	201	1
8	8	7
36	41	1
105	105	4
19	58	1
115	124	5
34	34	5
0	0	5
14	14	1
25	25	2
199	199	5
122	122	2
210	210	3
82	82	6
234	235	2
19	19	5
30	36	3
45	64	1
231	231	6
45	46	2
192	192	6
185	187	2
139	139	2
206	207	3
21	21	2
124	125	3
187	187	2
172	206	2
43	43	2
183	240	1
198	199	1
160	160	3
54	54	4
156	156	3
125	126	1
70	78	1
225	225	3
36	52	2
82	91	1
53	79	1
10	43	1
149	151	4
46	46	4
63	64	2
48	57	2
198	198	4
58	60	2
220	222	2
52	55	2
61	144	2
211	213	3
205	212	1
196	196	2
203	203	2
57	60	3
209	209	3
153	157	1
62	63	3
34	37	2
1	1	1
9	9	11
47	61	2
60	60	2
204	205	2
207	207	4
118	127	2
52	53	3
168	168	1
40	227	2
8	57	1
61	62	3
48	81	1
166	196	2
221	221	3
70	70	2
160	182	1
13	13	3
216	217	5
235	235	1
77	123	2
201	201	2
3	156	1
21	33	1
48	49	7
81	85	1
81	83	4
44	44	3
40	40	5
33	33	1
144	145	1
66	66	3
154	169	1
202	202	3
117	126	1
36	190	1
143	146	2
159	160	3
114	114	1
119	119	1
205	207	2
21	41	1
105	107	2
140	146	1
188	189	1
68	68	4
141	141	4
149	236	1
34	35	3
127	132	1
155	157	3
17	17	2
136	192	2
224	224	4
216	216	2
180	180	2
190	191	3
4	17	2
123	124	2
162	211	1
64	66	2
191	192	4
136	136	2
154	176	1
55	55	2
193	194	3
182	190	1
190	231	2
139	140	2
73	74	3
76	76	4
120	122	2
230	231	7
64	64	3
137	138	4
55	56	2
214	215	1
143	148	1
165	166	1
21	32	1
45	45	4
121	121	3
208	218	1
169	170	1
38	136	1
154	155	1
4	4	4
212	212	2
22	22	6
13	17	1
169	206	1
185	230	1
84	88	1
193	224	1
71	71	4
62	62	6
164	164	3
95	96	2
71	239	1
162	168	1
150	150	2
200	200	1
144	146	1
83	83	1
187	188	3
102	149	1
114	118	1
86	86	2
49	52	1
11	11	4
15	16	1
20	20	2
212	227	1
121	122	1
98	141	1
185	193	1
41	41	1
206	206	1
48	48	5
176	176	5
193	193	4
161	173	2
12	23	3
81	81	4
182	182	6
138	143	2
211	211	2
180	181	3
101	101	1
144	206	3
84	85	3
10	10	3
13	14	3
193	209	1
57	59	1
80	80	4
99	99	3
138	142	1
235	236	1
168	212	1
29	48	1
79	104	1
214	216	1
185	186	2
43	44	1
44	47	1
2	203	2
133	134	3
220	221	1
172	173	1
219	219	2
122	128	1
12	13	1
53	53	2
205	205	2
0	17	2
75	75	3
214	218	2
100	100	4
15	32	2
59	59	3
59	60	1
223	223	3
180	183	1
74	85	1
50	62	3
98	98	2
51	53	2
50	50	2
3	5	1
40	41	3
12	17	2
58	58	3
153	153	2
38	40	1
234	234	3
3	23	3
164	168	2
18	19	1
215	215	2
194	195	3
27	27	4
56	76	1
19	31	1
20	22	1
77	77	3
170	170	1
73	73	2
146	164	2
42	43	1
19	20	3
107	107	2
9	19	1
147	147	1
56	57	2
25	148	2
55	69	1
207	226	3
175	176	2
7	33	1
37	44	2
123	123	2
45	54	1
3	57	2
76	77	1
177	177	1
212	229	1
139	145	2
42	42	1
7	9	1
207	214	1
61	61	2
4	6	1
240	242	1
192	193	3
69	70	1
32	34	2
220	224	3
208	208	2
222	225	2
103	103	2
31	31	3
128	131	1
39	40	2
39	59	1
82	83	1
116	116	2
148	149	1
49	49	3
221	222	3
150	151	3
2	7	2
224	225	2
166	184	1
222	222	4
167	168	1
115	115	2
71	73	2
69	76	2
5	17	1
202	231	1
144	144	1
37	37	4
18	21	1
163	163	3
137	137	1
196	215	1
189	208	1
69	69	1
56	61	1
225	227	2
183	184	2
29	36	1
209	224	1
83	85	1
51	52	2
51	51	5
119	125	2
130	130	2
64	65	2
104	105	3
141	142	2
198	200	2
117	118	2
98	123	3
132	159	1
45	73	2
22	31	1
24	25	3
63	67	1
73	109	1
135	153	1
35	35	3
102	102	4
98	99	2
181	230	1
172	180	2
206	208	2
86	121	1
141	145	1
199	200	3
184	185	3
190	193	1
128	128	1
188	190	2
26	31	1
142	143	1
171	171	1
58	59	1
228	230	2
11	230	2
50	51	1
162	167	1
129	131	1
184	186	1
13	33	1
185	207	1
228	228	3
217	227	2
68	69	3
82	99	1
201	210	1
148	148	1
220	220	1
54	55	1
124	124	2
26	26	6
5	6	1
95	95	1
194	223	1
126	130	1
205	220	1
29	30	3
85	86	1
6	13	1
83	84	2
236	237	2
153	188	1
22	42	1
72	72	1
173	173	1
57	57	3
30	30	3
209	212	1
56	67	1
172	210	2
5	39	1
106	106	2
138	150	1
120	120	3
33	37	3
24	26	1
117	117	3
125	125	1
198	203	1
193	196	1
182	206	1
4	16	2
38	39	1
70	71	1
146	149	1
182	189	1
15	15	1
85	85	1
217	218	2
163	169	1
137	146	1
30	37	1
134	134	1
164	165	1
104	138	1
144	160	1
232	232	3
78	78	1
162	162	3
174	219	1
116	117	1
38	42	1
152	152	2
7	8	1
88	108	1
185	185	4
242	242	2
36	37	1
63	141	1
212	221	1
203	204	1
67	100	2
199	229	1
172	187	1
19	21	3
156	157	1
160	170	1
38	231	1
160	161	3
179	179	3
235	238	1
84	84	1
162	175	1
66	67	1
172	174	1
195	195	4
144	147	1
175	184	1
119	138	1
204	206	2
136	153	1
62	120	1
25	26	3
158	159	1
74	76	1
5	156	1
36	63	1
133	133	1
42	73	1
32	37	1
179	183	1
233	233	1
227	227	3
127	128	1
136	161	3
44	45	2
55	235	1
192	194	1
78	79	1
63	63	1
229	229	3
213	214	1
147	148	2
57	77	1
129	130	1
102	103	3
155	155	3
189	189	1
221	224	1
12	12	1
113	135	1
25	37	2
100	108	1
24	24	1
5	5	2
0	55	1
13	29	1
208	210	1
151	170	1
174	174	3
81	82	1
36	36	2
67	89	1
169	176	1
236	236	1
41	42	1
6	6	1
224	229	1
18	41	1
67	67	1
135	135	1
70	122	1
221	223	1
76	122	1
143	143	2
209	215	1
142	142	1
45	65	1
186	188	1
178	178	2
157	158	1
205	213	1
63	240	1
17	20	1
200	201	1
138	138	2
169	175	1
89	89	1
217	217	1
23	53	1
183	183	1
117	119	1
238	240	1
169	215	1
38	44	1
17	41	1
47	55	1
42	48	1
22	23	1
206	230	1
129	129	1
20	55	1
50	57	1
158	158	2
178	179	1
200	206	1
174	213	1
83	86	1
51	54	2
219	234	1
145	147	1
20	24	2
28	32	1
135	139	1
240	240	1
219	220	1
52	69	1
141	143	1
36	79	1
81	84	1
13	205	1
21	34	1
123	125	1
26	27	1
146	146	1
8	11	2
53	55	1
171	229	1
241	242	1
181	184	1
57	58	1
51	68	1
233	237	1
13	15	2
168	169	1
74	86	1
215	218	1
198	216	1
10	14	1
62	67	1
173	174	1
105	106	1
7	12	1
