133	144	3
32	78	3
116	116	11
70	154	6
52	53	8
146	147	3
80	80	8
30	30	6
79	80	1
25	25	20
93	94	6
25	28	4
89	89	8
44	44	13
110	110	8
103	103	7
2	2	4
18	18	8
124	135	1
70	147	5
12	40	4
67	144	4
21	22	1
145	146	2
99	99	9
108	108	12
88	107	5
112	121	4
70	122	2
98	98	9
151	151	12
72	72	8
114	115	5
120	120	6
84	101	4
86	108	4
68	68	10
136	136	18
72	73	3
146	146	10
112	112	4
41	41	4
47	48	6
88	88	12
134	152	2
153	153	9
132	132	10
116	117	7
92	92	4
19	20	3
10	10	13
69	69	2
118	118	3
99	100	1
51	54	3
67	69	3
110	128	5
14	15	4
104	105	6
147	147	7
38	38	2
1	1	8
44	54	2
96	96	11
148	152	5
31	32	4
20	20	9
39	39	2
3	95	5
140	154	2
138	140	5
37	51	4
101	101	14
26	36	1
23	23	5
22	22	12
33	34	1
88	146	2
107	107	3
50	51	9
12	12	14
111	118	8
95	107	3
113	114	5
13	134	2
110	111	8
113	120	1
65	135	7
93	93	8
134	135	2
124	124	9
148	149	3
133	133	5
42	42	9
117	125	5
33	110	5
26	45	2
144	144	8
119	119	4
93	95	6
85	111	1
17	18	5
37	37	3
52	52	7
125	146	4
154	154	6
149	155	7
3	6	3
152	153	2
148	148	4
130	130	16
129	129	5
81	81	9
24	24	2
16	17	1
79	155	2
134	149	2
132	133	2
32	33	3
30	31	4
7	8	2
18	19	3
74	74	4
16	16	6
26	26	14
132	153	1
51	53	6
48	48	6
15	15	4
21	21	5
7	7	17
127	154	8
94	99	5
113	115	4
8	132	4
87	88	9
141	141	5
18	31	4
50	54	3
40	40	9
114	146	4
90	107	5
142	144	2
125	126	1
31	34	1
80	87	5
155	155	10
71	71	1
85	86	5
14	14	5
86	122	3
7	57	3
19	19	1
89	90	3
13	13	6
26	27	2
137	137	14
114	116	2
54	139	3
41	44	2
78	79	5
96	106	1
156	156	4
91	107	2
1	2	3
2	92	5
50	50	5
29	29	9
92	95	2
95	97	2
122	122	10
71	72	5
128	129	2
53	109	2
36	50	4
32	32	5
111	111	8
131	131	2
28	28	12
46	47	6
107	109	4
76	76	8
9	9	2
77	78	2
77	82	1
6	150	2
155	156	6
53	53	12
67	67	3
90	90	13
33	52	4
18	40	2
33	33	2
136	149	3
123	123	12
138	138	4
78	78	4
159	159	2
68	70	3
9	10	3
35	35	5
32	38	3
121	127	2
152	154	1
117	120	8
17	17	8
97	98	2
16	23	5
75	75	4
28	29	5
79	79	5
127	127	10
8	20	2
36	36	2
91	91	6
15	16	6
21	35	6
82	110	3
102	102	4
77	77	4
119	122	1
80	81	5
154	156	5
25	30	4
78	156	6
51	51	9
121	121	1
84	102	3
82	82	3
153	154	2
147	149	1
105	105	8
32	143	1
134	134	3
95	95	2
6	99	5
33	51	3
88	89	3
158	158	2
141	153	3
70	143	2
139	139	5
106	118	2
112	113	4
46	46	3
109	111	1
66	66	1
38	95	3
75	80	1
46	65	3
51	52	1
12	13	4
48	49	5
20	21	2
124	136	2
133	134	3
120	126	3
22	25	2
87	146	4
55	55	1
84	84	1
45	133	4
27	39	1
38	51	1
63	70	6
101	103	2
82	115	1
32	37	4
96	144	3
11	41	1
105	106	3
4	4	2
43	43	4
2	3	3
11	56	3
95	132	1
85	85	1
47	47	3
49	49	4
140	140	5
139	141	5
87	106	4
100	100	1
20	35	2
117	117	4
54	54	2
123	125	1
96	152	3
87	87	5
11	11	1
8	8	5
118	119	4
50	65	1
106	106	1
5	6	3
122	127	2
67	137	1
20	36	4
45	47	2
73	73	3
4	96	1
104	104	4
49	50	1
63	89	2
34	34	7
109	109	2
75	77	1
90	92	1
12	15	2
157	157	1
23	25	1
45	45	3
127	155	2
142	142	2
64	64	2
78	82	4
0	106	1
13	14	2
70	70	2
73	155	1
106	107	1
7	81	1
151	156	1
86	86	2
56	153	3
83	120	1
150	156	1
70	89	1
84	86	4
140	141	2
100	104	1
89	91	1
13	16	1
6	104	1
142	151	1
87	124	2
128	128	4
38	152	1
20	51	2
23	24	1
4	97	1
9	36	1
43	44	1
97	97	1
106	142	1
47	61	2
25	40	1
114	114	1
127	138	1
70	144	1
25	34	3
29	39	1
5	5	1
40	41	2
102	103	1
91	96	1
68	88	1
115	116	1
3	3	1
69	70	1
31	140	1
82	108	2
27	40	1
116	118	1
91	133	1
