108	108	6
198	198	4
208	209	4
187	190	1
57	57	3
197	203	1
216	217	2
114	115	2
112	119	1
57	70	2
236	237	2
178	178	4
207	207	2
179	208	1
243	243	10
157	158	2
204	204	17
201	230	1
99	100	1
84	84	3
88	88	3
240	242	3
63	63	7
10	10	4
21	21	3
221	221	2
112	112	7
46	46	6
109	114	2
44	44	4
31	33	3
195	211	1
240	240	11
96	96	3
185	229	1
34	35	6
90	90	3
199	200	1
17	17	2
231	231	3
67	68	1
153	154	1
203	223	1
110	110	6
186	186	1
37	37	3
191	192	2
212	244	1
116	117	1
3	3	3
168	168	3
62	63	1
23	25	1
87	87	4
187	189	1
200	201	2
108	109	2
201	201	6
92	99	1
226	228	1
118	118	4
115	116	3
111	112	4
202	202	3
210	210	3
21	22	2
179	227	2
153	153	7
151	151	10
220	221	2
236	236	3
209	211	1
183	183	10
197	197	4
241	241	6
171	172	3
174	176	1
17	146	1
97	97	2
71	71	4
159	165	2
211	211	4
179	201	1
220	220	5
195	195	4
118	119	1
218	231	1
81	81	3
172	190	2
209	209	3
113	113	6
98	98	1
50	50	2
77	77	3
61	61	5
76	77	1
43	47	1
167	167	3
80	82	1
36	36	7
166	166	3
192	192	3
230	231	2
211	219	2
181	209	2
171	171	5
180	201	1
117	117	7
71	98	3
59	61	1
15	15	6
239	239	3
169	169	7
173	192	2
177	178	3
176	184	1
172	172	3
26	29	1
25	25	3
190	190	5
245	245	4
7	7	3
34	47	1
199	199	2
47	48	2
9	9	2
171	196	1
167	205	1
33	56	1
244	244	4
155	156	4
229	229	10
150	153	1
211	212	1
207	208	2
182	183	1
67	67	3
56	61	3
116	116	3
73	96	1
81	101	1
56	56	2
19	20	2
159	161	1
21	27	1
236	239	2
184	214	1
26	26	5
165	166	3
195	231	2
38	38	1
45	45	6
190	196	1
214	214	6
202	203	2
174	174	2
175	175	4
205	205	3
119	119	6
184	213	1
42	42	3
58	59	2
110	114	1
105	107	3
58	69	1
154	155	1
156	156	9
35	35	2
113	116	1
18	19	3
234	235	3
33	35	1
24	25	3
161	161	4
217	217	5
59	81	1
176	177	4
188	188	5
120	120	2
197	247	2
87	107	1
35	65	2
158	159	1
9	231	2
241	244	3
95	95	4
169	226	1
59	59	3
75	75	5
51	59	1
207	212	1
234	234	4
170	177	1
156	172	1
178	179	4
58	58	5
237	237	4
109	109	8
172	173	1
163	183	1
177	177	4
70	71	4
152	152	3
200	200	4
30	38	2
169	197	2
1	1	4
180	185	1
213	214	2
161	197	2
198	199	1
31	32	1
221	222	3
154	161	1
27	27	3
25	36	1
73	74	1
173	178	2
212	212	9
52	59	1
248	248	3
43	220	1
71	91	1
48	82	1
22	44	1
44	45	1
210	247	1
11	11	5
153	169	3
173	173	2
215	217	2
241	242	3
105	108	2
164	182	1
50	87	1
83	83	3
213	213	7
194	195	3
240	244	1
71	73	1
209	210	2
225	225	4
93	93	2
160	168	1
203	203	2
10	41	2
31	31	4
35	188	1
114	114	3
33	33	10
7	36	1
165	168	1
68	71	1
167	231	1
42	197	1
162	165	1
96	97	1
42	186	1
222	222	6
153	168	1
110	115	1
19	79	2
160	160	7
86	86	2
92	92	4
145	173	1
57	58	2
79	80	3
57	71	1
53	53	5
246	246	4
19	19	3
22	22	4
46	81	1
74	75	1
205	224	2
181	194	3
46	57	1
20	20	6
166	181	1
161	182	1
71	97	2
229	231	1
157	164	1
169	231	1
11	38	1
170	171	1
35	36	1
32	46	2
91	91	4
94	94	4
52	85	2
96	99	3
153	155	1
42	43	6
195	196	2
12	12	5
226	227	3
235	235	2
208	211	2
226	226	1
185	216	1
199	212	1
76	76	2
187	229	1
43	44	3
60	60	2
12	15	1
157	157	4
32	32	2
81	85	1
162	162	4
169	233	2
171	248	1
65	65	4
70	92	2
180	180	3
11	28	1
163	164	1
190	194	1
163	180	3
18	147	1
151	214	2
66	66	2
160	161	1
72	74	2
60	61	4
84	86	2
119	244	1
24	24	1
104	105	2
166	210	2
4	5	1
228	229	1
165	180	2
14	15	1
240	241	1
180	212	1
245	246	2
170	170	6
8	12	1
70	77	1
28	32	2
52	52	3
40	41	1
35	245	1
190	208	1
212	213	1
54	55	1
175	213	1
64	67	1
243	247	2
89	94	1
18	18	6
157	159	1
70	70	2
116	243	2
187	187	2
154	154	1
33	39	2
65	66	1
51	51	3
208	208	5
78	79	1
185	186	2
85	107	1
28	41	1
74	74	3
14	14	2
3	180	1
18	43	2
230	236	1
185	207	1
8	9	1
196	196	2
13	14	1
164	164	4
107	107	2
88	89	2
161	227	1
106	106	1
191	191	4
238	241	1
93	230	1
86	96	1
189	190	2
55	57	1
93	94	1
238	238	5
155	155	4
69	69	3
184	186	1
75	164	1
62	62	3
158	176	1
201	225	3
75	77	1
201	231	1
160	169	1
233	233	1
1	2	1
84	85	3
23	23	5
188	189	1
97	99	1
229	230	2
16	16	4
162	186	1
115	115	3
218	219	2
152	230	1
34	37	1
6	6	1
184	185	2
28	28	5
11	12	2
236	247	1
186	208	1
164	203	1
215	216	1
212	247	1
68	69	2
41	41	3
2	179	1
79	79	2
239	245	1
36	37	1
14	49	2
108	114	2
103	103	1
177	213	1
45	201	1
223	223	1
77	87	1
241	243	3
247	247	3
168	194	2
66	89	1
166	167	2
99	99	2
69	71	2
159	164	1
102	102	3
184	184	6
101	112	2
68	91	2
216	216	3
162	163	1
90	115	1
242	243	1
217	240	1
150	150	3
41	43	1
105	106	1
111	111	1
42	52	1
106	115	1
7	12	1
88	161	1
186	225	2
5	38	1
222	223	1
156	217	1
101	101	1
210	232	1
204	205	1
197	240	1
40	40	2
58	61	1
209	236	1
210	243	1
175	234	2
214	216	1
223	238	1
186	197	2
203	229	2
85	86	3
165	169	1
190	193	2
59	60	2
111	231	2
2	62	1
68	68	3
201	203	1
78	78	1
108	110	1
70	95	1
89	91	1
166	184	2
37	54	1
29	29	1
193	195	1
83	84	1
176	214	1
19	155	1
238	239	1
168	180	1
188	190	2
246	247	1
224	225	1
179	179	1
37	40	1
96	101	1
80	80	1
227	234	1
163	163	4
39	39	2
80	81	2
165	165	1
166	168	1
112	113	1
48	48	1
5	5	1
181	210	1
38	39	1
168	169	1
145	145	2
10	18	1
102	104	3
165	209	1
181	181	2
189	189	2
44	46	1
180	229	1
173	182	2
214	217	1
181	200	1
6	41	2
193	194	1
215	215	2
32	51	1
175	230	1
33	55	1
56	57	1
113	118	1
42	105	1
93	156	1
247	248	1
31	94	1
240	246	1
189	197	1
109	196	1
222	224	1
82	90	1
205	207	1
29	31	1
69	82	1
43	43	1
46	50	2
111	245	1
192	193	2
107	111	1
192	194	1
17	117	1
29	32	1
33	46	1
86	194	1
0	1	1
81	244	1
224	224	1
194	194	1
55	55	1
171	195	2
49	50	1
111	237	2
50	81	1
7	54	2
186	194	2
47	47	3
3	5	2
17	19	1
230	230	3
208	236	1
168	204	1
173	174	2
79	81	1
47	92	2
178	202	1
159	160	1
65	69	1
154	159	2
68	78	1
77	81	2
175	176	1
50	80	1
111	119	1
176	176	1
165	171	1
188	196	2
81	82	1
218	218	2
89	90	1
178	233	1
113	156	1
210	211	1
68	79	1
66	67	1
84	162	1
58	63	1
7	8	2
32	33	1
237	238	1
221	223	1
243	244	1
195	219	1
46	54	1
226	231	1
94	99	2
190	191	2
99	115	1
152	170	1
226	246	1
152	153	1
53	59	1
151	157	1
37	47	1
100	113	1
12	31	1
75	86	1
238	243	1
185	185	2
22	23	1
22	45	1
111	118	1
25	26	2
219	219	1
6	22	1
64	106	1
159	159	1
64	64	2
49	87	1
54	54	1
230	238	1
161	183	1
196	232	1
201	202	1
119	120	1
158	158	1
9	12	1
57	59	1
201	204	1
235	236	1
53	62	1
158	160	1
61	89	1
49	49	1
73	73	1
71	72	1
152	172	1
41	51	1
64	65	1
15	52	1
203	204	1
202	212	1
232	234	1
207	231	1
223	225	1
166	211	1
192	195	1
106	107	1
57	63	1
27	28	1
154	156	1
