79	79	3
27	28	2
80	80	3
91	105	1
108	120	1
1	123	3
24	24	3
19	27	1
29	95	2
115	115	3
31	96	2
14	16	2
104	104	4
85	85	3
75	75	3
15	15	1
11	12	1
54	74	1
51	51	4
70	72	2
44	44	5
44	54	1
49	49	1
93	96	2
96	99	1
73	73	2
110	110	4
5	8	3
95	95	3
40	65	2
121	122	1
3	3	3
89	89	2
100	100	3
83	84	2
40	76	1
40	55	3
66	66	3
131	131	1
21	21	1
68	78	2
13	95	4
5	5	3
86	87	3
88	90	1
101	108	2
117	118	2
71	76	2
64	65	1
70	81	1
61	61	2
85	86	2
64	64	2
47	47	4
14	32	1
110	112	1
86	86	3
22	22	3
62	70	1
21	22	1
48	48	9
87	87	4
33	33	3
65	65	5
123	123	2
63	65	1
107	120	1
32	32	5
108	108	6
2	2	8
6	6	6
132	132	2
1	2	1
113	113	4
88	91	2
4	75	1
44	61	1
31	32	2
118	118	2
80	81	1
49	50	2
43	43	3
47	72	1
38	41	1
74	74	4
41	59	1
70	70	1
1	1	3
33	34	3
16	126	1
100	108	1
0	1	2
71	81	1
11	104	1
13	13	4
117	117	2
118	119	1
38	79	2
119	119	5
106	124	3
120	130	2
9	9	3
41	41	7
99	115	2
54	56	1
106	106	4
107	122	1
41	116	1
93	99	1
76	112	1
52	52	13
102	102	1
107	127	2
18	99	1
97	97	3
40	40	2
94	94	4
56	56	2
41	44	1
55	55	7
84	87	2
52	113	1
127	131	1
44	55	1
42	43	2
39	39	2
48	57	4
90	90	5
98	98	1
82	82	3
96	97	1
33	73	1
71	72	1
21	27	2
9	11	2
43	45	2
55	56	1
130	130	1
86	108	2
63	124	1
2	121	1
4	4	5
12	100	3
29	30	3
43	44	1
48	55	2
84	104	1
98	118	1
16	21	1
13	14	1
54	95	1
71	71	2
83	85	1
59	60	4
64	69	2
100	101	2
64	90	1
92	92	2
112	113	2
57	57	5
28	29	2
126	127	3
27	131	1
83	119	1
97	106	2
54	54	5
53	53	2
103	103	4
13	75	1
86	90	1
53	54	2
124	125	2
15	16	3
28	28	2
45	45	3
48	56	1
32	39	1
59	59	1
114	115	2
87	88	3
78	81	1
94	123	1
51	76	1
69	69	3
43	49	2
91	104	1
91	92	1
85	90	1
61	78	1
72	73	1
5	13	2
121	125	1
27	27	4
122	132	1
19	20	1
129	130	1
34	34	2
82	87	1
82	127	1
37	38	1
59	68	1
45	61	2
42	42	2
115	116	1
40	91	1
67	78	1
111	113	1
96	96	4
25	26	2
116	117	1
18	126	2
124	131	2
29	29	2
44	62	1
96	100	1
12	13	2
40	41	1
44	47	2
93	131	1
93	106	1
67	69	1
88	92	1
4	34	2
88	94	1
108	125	1
0	2	1
55	74	1
19	21	2
93	93	2
97	100	1
60	60	1
5	34	2
85	111	2
113	132	2
52	53	4
121	121	1
10	11	1
26	86	1
45	47	1
125	130	1
30	96	1
9	121	4
69	89	2
2	95	1
128	129	1
82	119	1
90	91	1
112	112	2
10	132	1
106	107	3
105	123	1
56	90	1
39	68	2
120	120	2
16	42	1
92	93	1
20	22	1
107	107	2
48	71	1
105	105	3
65	66	1
126	126	2
39	47	1
69	104	2
38	38	1
63	63	3
99	111	1
109	110	1
39	48	1
62	67	1
111	112	1
46	67	1
103	104	1
78	80	1
109	109	1
96	108	2
14	15	2
10	10	2
45	46	1
83	129	1
125	127	1
117	120	1
32	75	1
70	71	1
16	30	1
82	104	1
114	114	2
125	129	1
106	116	2
21	31	1
15	24	3
14	76	1
90	112	1
91	106	1
63	70	1
69	70	1
94	122	1
5	7	1
62	64	2
97	128	1
21	73	1
31	31	2
101	103	1
46	46	2
94	111	1
75	76	3
117	119	1
9	123	1
9	12	1
68	104	1
57	124	1
17	24	3
95	96	1
120	124	1
65	112	1
127	127	1
112	132	2
51	56	1
73	74	2
108	111	1
125	125	1
106	126	2
3	10	1
18	97	1
124	124	1
18	28	1
22	78	1
88	88	2
115	130	1
84	101	1
9	10	1
50	122	1
11	11	2
49	92	1
104	105	1
106	109	1
7	74	1
98	99	1
18	100	1
133	133	1
102	120	1
126	128	1
84	105	1
26	26	1
82	108	1
60	64	2
65	67	1
46	47	1
50	54	1
77	79	1
72	72	1
15	25	1
25	25	1
89	116	1
40	110	1
52	62	1
5	6	1
58	61	1
58	60	1
62	62	1
16	17	1
46	117	1
13	28	1
66	70	1
3	94	1
41	114	1
65	77	1
2	3	1
4	5	1
66	79	1
82	83	1
16	16	1
7	17	1
111	116	1
14	14	1
24	29	1
95	128	1
23	23	1
95	118	1
44	74	1
61	118	1
