23	23	2
28	28	6
181	181	5
208	210	2
242	245	1
4	222	2
208	211	1
215	216	2
87	87	3
72	72	3
102	102	2
188	189	1
147	147	3
234	234	4
173	173	2
187	209	1
113	113	4
46	62	2
118	247	1
94	244	2
191	236	1
45	45	3
19	65	3
210	211	2
31	31	7
66	67	1
2	207	1
14	14	6
94	94	2
116	116	3
74	75	1
180	185	2
80	105	2
93	115	2
238	241	1
158	170	3
204	204	5
109	110	2
186	188	2
30	80	1
78	79	2
81	81	2
79	80	1
119	240	2
42	42	2
72	76	1
220	221	1
58	60	1
178	183	1
243	247	1
164	236	1
81	84	1
44	44	2
200	230	1
87	88	1
223	223	1
103	103	3
56	56	4
61	66	1
91	92	1
79	81	1
182	182	9
186	224	2
47	175	2
236	236	5
233	233	1
17	20	1
199	199	2
191	214	1
232	232	2
237	237	4
53	102	1
2	2	3
82	238	1
196	196	3
12	41	2
50	84	1
61	78	2
241	241	3
12	14	3
208	209	3
170	195	3
112	112	2
96	96	6
86	117	2
32	33	3
7	7	5
6	222	1
246	246	4
181	208	1
67	234	1
83	83	5
103	104	1
185	185	4
75	75	4
231	231	1
65	65	4
25	37	1
75	80	2
180	205	1
110	110	1
88	88	4
36	36	3
171	171	3
115	228	1
233	234	3
209	209	9
87	99	2
60	60	3
58	58	4
191	192	1
13	182	1
4	5	3
89	90	2
105	105	2
243	245	1
70	75	1
209	247	1
30	79	1
38	38	3
179	180	1
151	245	1
152	164	2
171	183	1
82	182	2
201	206	2
184	196	2
185	214	1
56	102	1
193	196	1
171	176	1
53	110	1
213	213	4
187	187	4
229	229	4
81	82	1
37	37	5
22	32	1
43	44	1
11	11	2
22	27	2
50	50	4
184	195	2
202	231	2
19	60	5
85	116	1
52	52	2
104	104	1
27	27	2
226	231	1
55	55	1
184	184	6
60	61	3
160	164	1
160	178	2
247	247	2
91	242	2
6	15	1
174	178	1
67	225	1
86	86	3
107	118	1
19	31	1
211	222	2
26	26	1
59	59	1
48	49	1
240	240	2
4	4	4
159	159	4
23	24	1
210	210	4
40	40	1
150	150	2
60	75	2
183	200	2
217	217	1
85	85	2
183	183	3
175	175	2
217	247	1
208	208	5
218	219	1
157	159	1
76	81	1
227	227	1
80	239	2
17	80	1
38	39	2
175	176	1
18	18	2
240	241	4
35	190	1
62	85	1
99	113	1
69	70	1
170	174	2
16	16	1
194	194	1
227	230	1
68	80	3
32	47	3
81	95	2
97	97	2
30	31	1
64	78	1
170	171	1
91	215	2
64	65	6
187	190	3
164	165	1
110	115	1
53	53	2
235	235	3
17	212	1
56	59	1
67	67	4
176	188	2
245	246	1
37	193	1
71	71	2
149	149	1
245	245	3
62	62	1
74	74	3
79	118	2
78	96	1
9	10	2
51	51	1
220	225	2
149	157	1
201	232	3
160	207	1
111	245	1
163	164	1
243	244	1
206	207	1
226	226	2
19	19	2
98	98	3
46	236	1
169	184	1
186	190	1
214	215	1
197	197	5
15	83	1
73	74	3
218	218	1
93	235	1
157	157	4
161	165	1
232	233	2
195	195	5
163	165	2
187	198	1
109	109	1
213	214	1
46	46	2
117	117	6
1	222	1
33	33	1
94	115	1
58	59	2
79	103	1
61	61	1
101	110	1
207	240	1
2	235	1
188	188	1
67	93	2
107	107	2
88	94	1
108	108	1
79	79	1
92	92	1
6	224	1
56	98	1
214	237	1
157	158	1
115	117	2
101	101	3
178	178	1
76	79	3
149	170	1
241	247	1
193	193	3
44	45	1
63	97	1
91	91	3
205	205	2
118	219	1
170	208	1
97	113	1
168	168	1
172	173	1
97	98	1
211	211	2
174	182	1
181	182	1
74	118	1
23	35	1
78	86	1
26	93	1
119	248	2
187	196	1
49	49	1
83	94	1
165	169	1
169	169	2
55	57	1
242	242	3
216	217	1
212	212	1
41	42	1
203	203	3
43	43	1
17	18	1
61	62	2
200	245	1
158	158	2
57	67	1
151	151	1
172	172	3
119	119	1
58	211	1
103	119	1
174	174	1
4	6	1
24	25	1
194	195	1
39	39	1
220	223	1
170	184	1
214	214	3
62	65	1
224	224	2
22	22	1
33	42	1
182	210	1
219	219	1
220	242	1
238	239	2
42	44	1
180	180	1
165	165	1
237	240	3
194	238	3
47	180	2
167	200	1
166	166	2
152	152	1
217	219	1
162	162	1
96	97	2
51	52	2
61	83	2
150	197	2
15	18	1
184	211	1
7	39	1
6	18	1
202	203	1
66	66	2
85	180	1
74	78	1
85	156	1
54	57	1
212	244	1
173	174	3
244	244	1
66	196	1
167	169	1
241	244	1
62	181	1
5	210	1
168	171	2
64	212	2
81	119	1
177	177	1
33	35	1
71	204	1
74	76	2
30	101	1
168	244	1
192	192	2
81	90	1
187	223	1
165	167	2
57	59	1
80	238	2
180	181	1
153	221	1
191	222	1
72	77	1
188	213	1
167	171	1
64	202	1
104	105	1
75	86	1
89	89	1
188	232	1
12	243	1
70	70	1
105	106	1
89	209	2
33	192	1
170	170	2
73	85	2
74	77	1
102	103	1
107	121	1
243	243	4
93	202	1
99	99	1
194	196	1
165	168	1
160	165	1
212	213	1
112	231	1
153	184	2
57	57	1
20	41	1
105	118	2
145	242	1
221	222	1
5	5	1
209	213	1
206	209	1
64	207	1
239	239	2
237	242	1
92	205	1
5	18	1
165	166	1
186	221	1
34	42	1
151	186	1
155	155	1
60	117	1
8	8	2
182	198	1
173	181	1
209	226	2
111	111	1
114	114	1
76	77	1
68	68	1
54	56	1
4	186	1
185	186	2
189	189	1
171	213	2
90	214	1
80	85	1
93	93	1
25	25	1
173	245	1
87	93	1
151	207	1
115	238	1
118	118	1
57	58	1
172	220	1
104	106	1
29	29	1
120	120	1
152	153	1
203	232	1
55	151	1
193	236	1
163	170	1
172	222	1
53	54	1
63	63	1
161	162	1
192	236	1
186	223	1
145	169	1
60	87	1
108	237	1
