219	220	5
63	63	5
105	106	4
222	222	2
118	118	6
75	95	1
208	210	2
159	166	4
163	163	3
118	119	3
34	48	1
18	22	1
174	180	1
241	242	2
241	243	2
197	235	2
169	205	1
199	199	4
238	244	1
89	172	1
181	219	1
153	153	4
213	214	1
173	199	2
154	154	4
86	93	1
22	27	1
182	182	2
89	90	1
153	179	1
97	98	4
93	93	6
20	20	6
8	8	3
120	120	3
97	97	3
237	237	5
201	202	3
3	35	1
34	35	5
225	226	4
182	183	2
82	82	4
85	86	2
150	151	2
117	169	1
11	11	1
230	231	1
238	238	4
198	198	3
89	216	3
213	213	5
9	9	2
220	220	1
98	98	3
157	194	4
42	42	4
170	170	10
160	160	3
218	238	2
155	155	7
234	241	2
99	99	2
54	230	1
119	166	2
77	78	3
232	232	1
89	91	1
177	177	2
66	67	5
43	43	4
70	118	1
174	178	2
55	67	1
74	77	1
244	244	1
37	200	1
228	229	2
119	119	3
100	101	2
192	192	2
79	82	1
107	112	2
187	191	1
246	247	5
116	116	2
2	56	1
242	247	2
40	40	4
73	83	1
46	55	1
216	217	1
163	164	2
237	248	1
1	1	6
37	37	3
241	241	5
107	107	10
21	21	3
37	38	2
108	189	1
170	192	2
72	72	3
210	210	11
184	184	4
173	173	4
97	232	2
162	162	4
97	108	2
195	203	3
171	172	1
217	218	2
216	216	6
246	246	10
243	243	5
48	48	7
167	167	2
238	241	3
219	219	7
17	17	1
56	81	1
35	35	4
79	102	3
214	214	6
5	34	1
181	182	2
166	169	2
231	231	9
172	172	9
88	103	1
230	235	3
169	236	1
110	113	1
121	121	3
30	30	4
75	75	3
169	194	2
204	204	5
10	18	1
85	87	2
165	166	3
77	77	1
238	243	3
221	225	1
67	244	1
56	56	1
151	152	2
181	181	1
32	33	1
33	33	1
226	226	2
111	111	2
89	89	3
186	186	2
14	14	3
104	158	2
52	52	4
70	70	1
245	245	14
51	52	4
39	39	3
187	187	9
116	165	1
91	91	1
223	224	3
152	152	3
24	24	3
160	217	2
189	236	2
187	219	1
8	44	1
163	165	2
164	164	4
193	231	1
48	60	1
242	244	1
238	240	2
43	44	1
48	51	1
221	222	2
69	69	5
49	104	3
162	167	1
192	218	2
92	93	3
29	53	3
92	97	3
50	50	3
5	5	3
167	172	1
90	175	1
207	207	5
181	190	2
110	110	3
78	100	4
188	188	6
65	65	1
49	50	1
175	185	2
62	85	1
58	58	3
186	187	1
50	74	3
16	16	3
64	64	3
212	212	2
168	168	3
108	116	1
29	29	4
198	201	3
190	190	2
194	194	7
90	90	2
223	240	3
101	101	4
35	100	1
178	178	4
198	199	4
96	96	3
74	74	3
213	217	1
6	6	1
157	157	3
56	57	1
181	192	2
62	196	2
104	104	1
111	113	1
71	244	1
100	100	4
234	234	3
34	34	4
194	245	2
145	145	3
215	217	2
215	237	1
51	109	1
76	97	2
200	200	5
160	161	1
232	234	2
200	217	3
88	88	1
71	113	1
195	204	1
27	27	7
159	165	2
190	191	3
80	83	2
58	79	1
73	117	3
236	239	3
107	108	3
187	188	2
79	116	3
112	112	5
224	224	2
164	168	2
33	69	2
84	84	3
102	102	3
102	104	3
49	49	3
32	32	1
191	191	4
41	41	2
96	246	2
29	31	2
64	65	2
225	236	1
235	235	4
114	114	6
79	92	4
12	111	1
200	235	1
159	159	2
101	106	1
237	238	2
188	189	1
226	227	1
82	83	1
209	209	6
58	59	1
50	60	1
22	46	1
227	227	3
177	187	3
73	73	3
99	100	2
10	10	3
94	95	1
248	248	2
57	58	2
60	60	1
190	192	3
179	214	1
236	236	1
60	102	1
168	169	3
238	239	2
158	160	2
37	40	1
189	191	1
47	47	3
59	178	1
8	155	1
214	238	2
28	28	5
179	179	6
191	208	1
55	56	4
197	202	1
72	78	3
160	165	2
232	233	1
81	81	4
56	226	1
78	78	6
51	51	4
115	115	3
9	19	1
88	89	1
202	202	4
61	61	4
223	223	1
81	82	2
179	208	1
242	242	1
212	213	2
193	194	3
29	114	1
8	56	1
57	61	1
83	83	1
20	21	1
101	190	2
33	72	1
72	74	4
197	198	1
164	193	2
76	76	1
175	177	1
115	119	1
159	217	1
163	168	1
115	222	2
144	144	1
247	247	2
98	163	2
176	177	1
87	87	3
173	174	1
71	91	1
218	237	1
160	163	2
172	174	1
19	19	1
93	94	1
149	149	1
60	72	1
59	63	1
156	221	4
4	4	1
104	108	1
81	83	1
214	239	1
205	232	1
169	169	2
87	90	1
176	176	2
236	237	3
36	40	3
174	186	1
65	201	2
180	181	2
50	82	1
239	240	1
168	179	2
6	7	2
183	185	2
199	231	1
67	70	3
34	49	1
88	96	1
183	183	1
71	72	2
208	220	1
33	52	1
161	221	2
29	59	1
185	186	1
185	197	1
185	185	2
208	208	2
83	84	1
165	192	2
108	191	1
240	241	3
7	7	2
188	195	1
233	233	2
87	97	1
99	101	1
70	71	2
65	66	3
46	46	1
98	162	2
239	239	2
9	10	1
76	105	2
190	214	1
71	73	1
210	245	1
221	223	1
153	154	2
67	67	1
79	79	2
160	162	4
221	221	4
109	110	1
75	99	4
106	107	1
150	150	3
152	154	1
189	189	1
52	112	1
106	106	1
192	196	1
201	201	3
58	95	1
61	62	2
118	149	2
231	232	1
145	203	2
55	70	1
38	115	1
235	236	2
33	82	2
38	79	1
8	173	1
178	219	1
54	54	1
206	207	1
4	5	1
92	92	2
162	171	1
57	57	2
169	170	1
149	159	1
104	105	1
112	116	1
203	203	2
219	233	1
48	56	1
86	86	1
91	96	1
208	236	1
174	179	1
223	226	1
176	186	1
108	108	4
185	198	1
182	184	1
105	107	1
41	43	1
166	170	1
103	110	1
175	187	1
10	23	1
15	70	1
152	153	1
218	219	1
96	97	1
151	151	1
191	192	2
166	166	1
115	162	1
15	15	1
89	99	1
52	53	1
40	235	1
32	53	1
190	220	1
168	171	1
239	242	1
82	99	2
180	180	1
95	96	3
105	159	1
6	36	1
42	47	1
146	147	1
205	206	1
224	225	1
1	48	1
233	243	2
237	239	1
228	228	1
63	86	1
195	195	1
84	85	1
45	45	1
17	27	1
147	147	1
244	246	1
153	225	2
217	217	1
240	240	1
14	28	1
14	75	1
54	79	1
163	189	1
210	211	1
171	171	1
13	15	1
72	73	1
10	15	1
75	76	1
187	189	1
195	198	1
188	190	1
111	112	1
7	56	1
229	229	1
53	53	1
225	225	1
47	50	1
79	113	1
184	191	1
205	205	1
54	171	1
171	178	1
174	242	1
66	70	1
52	76	1
190	193	1
211	213	1
