62	62	12
22	22	2
44	46	1
24	24	2
32	32	4
31	31	6
30	58	1
38	41	4
51	52	3
43	43	7
4	4	5
34	34	10
49	51	1
12	12	5
38	39	4
24	60	2
7	7	3
48	48	9
16	37	1
45	45	3
51	51	6
10	10	2
57	59	1
37	40	1
15	15	3
61	62	2
36	36	7
41	41	4
15	40	1
44	57	1
30	30	3
9	54	1
47	48	7
44	44	1
52	53	3
1	1	2
61	61	2
45	56	1
20	20	1
42	42	4
23	24	1
18	19	3
51	53	1
45	46	2
19	19	3
47	47	7
40	41	1
46	47	2
37	39	3
52	52	8
58	58	3
39	39	4
26	54	1
25	25	4
3	4	3
30	37	1
32	33	3
10	11	3
6	14	1
14	31	1
57	57	4
44	45	3
17	17	1
54	54	2
38	38	1
18	18	2
34	54	1
7	10	2
5	5	1
20	21	4
14	42	2
8	9	1
16	16	1
49	50	3
30	32	1
31	32	3
30	43	1
21	21	1
46	46	2
43	46	2
49	54	1
50	50	2
13	16	2
37	38	3
4	5	1
58	60	2
17	18	1
56	57	1
43	61	1
14	15	1
11	11	3
55	55	3
4	30	1
17	20	1
29	37	1
41	57	1
1	3	1
30	31	1
33	33	3
42	43	1
32	35	1
11	12	2
52	54	2
57	58	1
9	10	1
22	24	1
46	49	1
49	49	4
5	7	3
53	54	1
56	56	2
33	34	1
50	57	1
48	50	1
21	22	1
53	53	1
41	42	1
6	7	1
42	59	1
40	40	1
55	57	2
48	49	2
12	13	1
5	6	1
13	23	1
37	37	1
60	60	1
53	55	1
13	55	1
3	5	1
37	41	1
