21	23	1
45	45	4
47	49	5
42	43	3
33	48	2
26	27	5
30	30	3
20	20	1
45	46	1
40	40	5
39	39	4
34	44	1
27	28	1
49	50	2
48	50	3
45	49	1
22	22	4
33	33	4
32	33	2
37	45	1
41	41	3
23	50	1
28	29	1
28	28	6
22	23	1
35	46	1
44	45	1
24	24	5
36	36	8
31	36	1
26	34	1
17	17	5
33	49	1
49	49	1
22	37	1
41	42	1
42	42	7
37	37	3
36	44	1
39	40	1
37	39	1
24	25	2
48	48	4
44	44	2
27	34	1
31	31	3
29	29	2
43	49	2
26	35	1
19	19	5
27	27	5
28	35	1
29	32	1
45	48	2
47	48	1
34	34	1
33	37	1
46	46	4
35	48	1
23	26	1
31	37	1
25	25	2
22	24	1
32	32	1
29	37	1
43	43	1
26	26	1
33	34	1
50	50	1
21	25	1
29	31	2
43	44	1
35	35	1
23	49	1
23	23	1
22	50	1
22	27	1
35	36	1
22	44	1
46	47	1
