141	141	6
107	107	7
62	64	2
177	178	5
70	71	2
173	176	2
188	189	3
101	103	4
123	123	4
113	113	8
13	13	8
189	189	10
150	150	13
9	10	2
141	142	3
119	120	3
45	45	10
53	53	12
75	75	2
183	184	6
47	47	6
12	12	7
101	102	3
166	166	3
188	188	7
183	183	8
133	134	1
86	86	2
22	33	1
159	160	4
39	41	1
170	170	10
65	66	1
106	106	6
154	157	1
88	88	2
192	192	8
177	177	3
64	65	1
187	189	3
166	167	8
108	108	6
99	99	2
20	24	2
179	179	11
175	175	4
66	69	1
147	154	1
173	178	4
10	41	2
58	157	2
132	134	1
109	110	4
24	60	1
28	28	4
114	120	2
29	29	8
39	40	7
52	52	9
120	120	6
4	5	2
37	37	10
162	162	8
62	63	2
81	81	5
8	9	3
151	151	10
36	38	4
124	124	8
163	167	2
147	150	4
133	133	6
18	20	4
136	136	8
69	69	4
99	100	2
96	96	4
167	167	12
80	81	2
142	142	5
54	54	5
148	149	5
108	110	2
165	166	6
126	128	1
48	48	9
0	34	1
24	27	1
149	150	7
134	134	7
45	46	3
117	117	6
158	159	5
150	153	1
108	112	4
154	155	5
178	180	2
130	130	5
3	4	3
111	111	4
160	195	1
43	44	6
128	128	7
156	156	11
139	181	1
168	168	7
153	153	10
6	6	3
67	68	2
36	36	5
16	16	4
132	143	2
12	45	4
138	138	6
30	30	3
47	184	1
180	180	12
162	164	3
184	184	7
139	139	9
152	180	1
173	175	4
172	172	11
24	25	5
168	170	1
81	83	1
145	145	8
61	154	1
79	79	4
159	159	8
58	58	5
2	2	4
2	7	2
180	181	7
163	163	5
53	55	1
164	164	4
87	90	2
73	73	2
102	103	1
40	40	5
31	31	4
180	185	2
195	196	5
128	160	2
185	191	1
146	146	3
66	66	3
134	137	3
57	57	5
149	151	1
135	137	3
32	32	9
155	155	15
82	82	3
12	43	1
174	174	6
161	163	2
59	59	1
110	111	3
115	116	1
157	188	2
30	31	10
5	6	9
119	119	5
129	130	2
129	129	3
183	186	3
165	173	1
17	31	1
192	193	1
49	55	1
7	8	2
3	8	1
127	128	3
109	109	8
147	148	3
27	28	2
56	56	3
49	49	6
160	160	5
104	104	3
168	169	6
118	119	4
52	71	1
10	13	2
187	187	6
116	116	7
142	143	1
186	186	12
100	147	1
1	34	2
25	25	5
189	192	1
23	23	9
179	180	3
16	32	2
184	194	5
24	24	3
35	35	10
182	182	7
31	32	3
74	76	1
46	46	7
165	171	1
143	143	5
0	124	1
42	42	9
14	14	9
46	57	2
171	171	8
124	125	5
140	147	1
17	158	2
27	27	9
39	157	1
9	9	11
19	19	9
163	165	2
65	65	3
7	7	2
129	170	2
46	54	1
95	95	7
144	146	2
38	42	1
165	165	7
40	44	1
58	59	3
154	154	8
185	186	3
68	68	6
116	117	8
97	98	3
161	164	2
20	22	2
53	54	6
31	36	1
44	44	6
86	87	2
93	93	1
88	89	1
83	84	1
185	185	7
149	194	1
194	194	10
145	153	2
38	38	5
190	190	7
134	135	3
49	50	3
196	196	5
107	108	1
22	24	3
28	34	4
15	15	6
167	168	1
170	171	6
81	82	2
138	181	1
34	35	1
28	29	5
6	7	1
41	41	5
1	3	5
20	20	6
168	171	1
2	19	1
138	141	1
68	76	1
62	143	1
121	121	8
174	175	3
184	187	1
38	39	4
51	51	5
139	146	2
195	195	7
62	62	2
109	130	3
113	116	1
55	55	1
136	138	1
111	114	1
137	137	7
160	166	1
147	147	6
16	17	3
3	18	1
98	99	3
62	66	1
21	21	2
142	194	1
158	180	1
102	102	4
169	170	4
109	111	1
142	153	1
5	5	5
11	44	2
19	20	6
143	151	1
176	176	3
36	42	1
173	173	5
125	126	2
51	52	2
70	74	1
26	26	7
47	48	2
181	181	5
69	73	2
148	148	7
108	111	1
127	127	8
160	161	5
33	33	9
13	14	4
156	157	2
110	110	11
100	100	6
151	152	6
54	187	1
131	131	7
14	16	1
60	65	1
72	76	1
44	45	2
145	146	5
84	84	2
25	26	6
134	142	1
157	157	3
120	172	1
193	194	3
0	3	1
144	144	5
122	123	3
8	8	2
42	44	1
45	53	1
157	158	4
18	19	3
98	98	3
135	136	3
191	191	10
113	115	4
20	21	2
105	105	8
106	111	1
109	112	1
140	140	4
1	2	2
54	55	2
88	90	5
169	169	4
69	71	2
171	196	1
32	33	1
34	34	4
21	22	2
28	32	1
50	50	13
77	77	3
139	147	1
160	179	1
135	139	1
151	154	1
37	42	1
27	29	2
117	148	1
76	153	3
135	135	3
95	96	2
8	12	3
169	172	1
137	143	1
143	145	2
59	157	1
141	151	2
1	14	1
46	47	3
0	28	1
58	188	1
67	67	6
115	130	1
14	15	2
146	148	1
5	177	1
113	119	2
101	101	6
44	46	2
37	58	1
178	179	3
74	75	5
153	154	3
197	197	7
79	80	1
103	103	3
186	195	1
118	118	6
30	34	2
108	132	1
10	10	9
15	17	2
38	40	2
128	129	1
172	184	1
18	18	8
36	37	1
87	88	1
116	120	1
125	127	2
100	101	2
185	190	1
25	60	1
171	177	1
4	4	6
193	193	9
1	1	3
127	129	2
39	39	4
149	149	6
140	163	1
28	30	1
23	30	1
73	74	1
191	192	3
13	162	2
50	51	6
63	64	2
59	151	1
170	189	2
150	195	1
143	144	3
1	8	1
94	94	2
142	147	2
83	83	1
158	158	6
163	164	3
55	78	2
38	58	1
78	78	3
150	151	1
59	180	2
114	114	5
160	172	1
123	125	1
160	169	2
42	43	3
117	118	5
63	63	1
142	151	2
186	187	2
73	88	1
171	172	5
152	152	8
114	115	2
21	24	1
161	176	1
115	115	2
96	97	2
11	11	3
102	104	3
150	197	1
20	26	2
5	7	1
23	28	2
9	48	1
97	97	2
184	185	3
169	176	1
25	31	1
181	182	4
104	111	1
19	34	2
41	42	1
62	65	1
24	163	1
162	163	1
26	55	2
59	61	3
148	155	2
104	115	1
85	86	2
161	166	6
163	178	1
76	79	1
165	172	1
152	161	1
100	196	1
26	28	2
176	177	4
187	188	4
145	151	1
14	43	2
155	156	2
178	178	7
81	84	1
0	19	1
152	155	2
78	80	1
55	56	2
3	3	1
132	164	1
161	162	3
86	88	2
157	159	4
159	161	1
22	30	1
29	35	1
142	158	2
94	95	1
144	154	1
160	170	1
165	190	1
40	192	1
126	127	5
49	51	1
146	158	2
2	3	2
132	133	1
58	183	1
187	193	1
26	27	3
155	172	1
105	106	3
85	89	1
87	87	1
4	18	1
35	36	2
20	23	1
146	155	1
19	21	1
83	85	1
146	154	1
19	39	2
130	131	1
38	98	1
30	33	1
11	43	1
184	195	1
24	161	1
3	19	1
47	53	1
150	169	1
136	137	1
57	58	1
121	124	1
95	155	1
56	57	2
162	165	2
190	191	3
153	161	1
17	17	1
161	180	1
25	190	1
138	182	2
17	39	1
36	59	1
122	122	2
72	72	3
35	62	1
8	44	1
166	173	1
135	145	2
156	159	1
6	193	2
164	170	1
22	23	1
140	152	1
174	180	1
29	31	1
126	126	6
156	173	1
149	197	1
139	140	2
7	176	1
153	157	2
169	171	1
146	147	1
125	160	1
59	67	1
194	196	1
135	171	1
57	184	1
165	189	1
5	8	2
112	112	5
160	175	1
79	146	1
22	22	2
0	13	2
99	110	2
108	127	1
29	36	2
61	66	1
59	158	1
76	78	1
61	143	1
143	146	1
121	123	1
15	16	7
167	169	1
19	37	1
77	78	2
1	126	1
115	151	1
18	35	1
64	64	4
194	195	1
170	178	1
121	140	1
0	0	2
69	80	1
116	118	1
67	69	2
113	130	1
93	94	2
111	131	1
6	9	1
43	45	1
3	5	2
172	174	1
32	54	1
138	139	2
147	153	1
177	189	1
116	133	1
0	4	1
112	114	2
141	149	2
13	51	1
140	143	1
113	117	1
56	71	1
60	60	1
27	33	1
179	181	2
145	147	1
110	130	1
72	77	1
183	185	1
172	176	1
108	109	1
61	63	1
80	84	1
95	104	1
17	18	1
111	117	1
96	101	1
22	31	1
156	195	1
53	56	1
4	190	1
70	73	1
152	156	1
19	52	2
119	121	1
36	43	2
191	194	1
100	197	1
12	193	1
6	37	1
99	122	1
76	83	1
131	139	1
145	154	2
60	61	1
154	156	1
12	44	1
94	110	2
111	113	1
124	126	1
129	131	1
167	170	2
169	178	1
186	194	1
148	182	1
4	17	1
23	57	1
33	39	1
155	157	1
163	172	1
121	127	1
20	30	1
181	183	1
10	189	1
22	28	1
118	134	1
148	192	1
47	197	1
7	38	1
32	45	1
11	28	1
89	89	1
189	190	2
85	90	2
135	138	1
179	185	2
180	189	1
13	188	1
74	74	3
196	197	1
151	153	1
129	171	1
84	86	1
149	191	1
18	63	1
184	193	1
37	38	1
21	26	1
146	172	1
101	180	1
40	42	1
5	37	1
172	173	1
4	180	1
153	155	1
121	122	2
106	122	1
182	183	2
121	134	1
3	6	1
24	40	1
23	56	1
17	22	1
75	78	1
73	89	1
164	172	1
87	89	1
129	132	1
107	118	1
128	141	1
154	161	1
104	107	1
4	182	1
151	160	1
146	185	1
17	33	1
151	179	1
163	168	1
152	153	1
23	24	1
145	167	1
8	15	1
152	154	1
112	115	1
159	178	1
131	132	1
107	184	1
67	71	1
170	172	1
78	79	1
34	38	1
