34	34	8
93	94	4
16	20	1
125	125	9
114	114	11
132	132	7
123	123	9
85	86	6
19	21	1
136	137	2
26	27	1
101	101	6
79	79	6
108	110	3
89	90	3
12	12	3
107	107	1
2	2	4
76	76	3
138	138	5
72	88	3
105	107	4
82	86	1
131	132	4
96	96	7
137	137	10
133	134	8
89	136	2
135	135	6
87	88	3
71	72	5
8	12	1
128	129	7
119	119	5
83	84	5
0	2	1
27	27	2
79	119	2
86	128	1
106	107	3
83	83	4
115	115	8
23	23	7
100	100	4
112	113	2
95	96	3
7	7	5
0	0	2
19	86	2
139	139	4
28	31	1
75	103	1
20	20	8
97	97	2
122	123	4
0	19	3
100	103	2
6	6	4
16	18	1
93	95	2
123	124	3
15	15	2
22	22	7
72	79	2
128	128	8
90	94	1
87	87	3
123	125	3
125	128	4
99	100	4
24	85	1
127	137	1
135	136	2
19	85	2
10	14	1
108	108	2
31	31	1
38	38	9
30	31	3
131	131	12
86	109	1
122	122	5
129	130	4
133	133	5
117	117	4
99	114	3
19	19	4
17	119	1
16	16	2
27	28	1
130	130	10
116	116	13
3	3	3
16	19	3
114	115	1
73	73	4
127	127	9
24	24	3
4	4	7
92	92	4
139	140	8
98	98	4
26	26	2
15	36	1
101	102	3
129	129	13
86	86	3
104	116	1
134	135	4
118	118	3
83	105	2
74	74	6
134	134	7
111	111	6
140	140	8
34	35	3
16	25	1
113	113	2
74	76	1
124	129	2
73	101	1
90	98	1
129	135	2
104	105	2
103	111	1
1	2	3
9	11	1
105	105	2
21	23	1
124	124	11
120	121	4
8	8	4
1	1	5
72	87	1
119	120	3
1	3	2
72	72	4
103	105	3
0	3	1
121	123	1
84	84	3
18	18	7
100	101	3
127	129	4
90	91	3
129	138	2
104	125	1
33	34	2
102	103	4
29	29	4
7	16	1
121	122	6
32	135	1
33	88	5
79	80	2
24	30	1
130	131	2
87	92	1
86	87	6
125	126	3
115	116	3
102	102	7
28	29	1
36	36	7
33	33	4
13	13	2
5	5	4
110	111	4
126	127	5
92	114	1
110	110	2
94	96	1
33	128	1
93	93	7
123	136	1
97	98	3
30	30	3
121	124	2
95	95	5
22	23	1
32	32	6
28	28	4
117	126	2
7	8	3
19	20	1
0	7	1
74	75	1
124	135	1
4	35	1
84	105	1
104	109	2
121	121	4
8	9	1
23	25	2
90	90	4
103	104	2
79	122	1
17	37	1
138	140	1
89	89	5
34	36	2
25	32	2
77	77	3
137	138	3
13	25	1
85	85	1
112	112	5
110	135	1
12	23	1
120	122	2
129	131	2
35	35	2
13	16	1
20	21	2
132	133	3
138	139	3
37	37	3
4	140	1
126	126	9
95	98	3
2	19	2
25	26	3
25	25	2
94	94	4
79	86	1
14	14	5
29	98	2
5	10	1
36	37	1
4	5	2
81	86	1
38	82	1
71	98	1
88	88	2
6	7	2
5	32	1
78	78	4
135	138	1
98	100	1
127	128	2
32	35	1
93	115	1
124	138	1
79	121	1
126	128	2
107	119	1
36	125	2
82	125	1
91	91	3
115	122	1
103	120	1
103	103	5
73	109	1
77	123	1
112	116	1
96	125	1
33	126	2
106	106	3
73	74	1
104	104	3
75	75	3
109	112	1
7	32	2
8	15	1
103	107	2
118	123	1
11	14	1
10	10	1
85	112	1
136	138	3
86	118	1
109	111	2
13	14	1
107	108	1
17	34	2
117	119	2
36	127	3
80	83	1
18	19	1
129	132	3
75	77	2
94	136	4
17	18	2
22	88	1
0	1	2
17	19	3
131	133	1
130	133	1
104	106	1
88	89	1
72	73	1
136	136	6
74	77	1
91	93	1
129	140	2
84	85	1
95	128	2
111	124	1
5	34	1
116	117	2
20	25	1
0	85	1
21	124	2
16	22	1
24	26	1
19	33	1
96	129	1
6	14	1
115	121	1
7	36	1
108	126	1
76	101	1
112	124	1
28	96	2
102	112	3
100	113	2
75	76	2
101	122	1
32	33	1
5	23	1
20	38	1
108	111	1
73	75	2
3	22	1
82	84	1
24	25	1
104	120	1
101	119	2
133	135	2
1	4	1
36	126	1
13	21	1
118	120	1
40	78	1
112	120	1
79	106	1
88	138	1
21	21	3
113	137	1
134	136	3
3	5	1
15	16	1
101	107	1
86	123	1
80	99	1
128	130	1
16	17	1
88	98	1
97	99	4
17	17	3
8	11	1
93	132	1
7	14	1
12	13	1
74	89	1
82	83	2
71	71	4
6	28	1
3	4	1
37	38	2
98	99	1
5	6	1
124	127	1
6	16	1
19	34	1
79	123	1
11	11	1
17	123	1
75	79	1
18	24	1
115	117	1
6	13	1
117	125	1
21	26	1
1	124	1
124	125	2
105	108	1
20	22	1
100	102	1
22	33	1
81	84	1
92	93	1
135	137	1
86	137	1
80	124	1
105	106	2
76	77	1
28	32	1
83	85	1
31	32	1
1	17	1
98	114	1
113	114	1
102	109	1
117	118	1
9	9	1
81	81	2
85	121	1
113	116	1
25	30	1
137	139	1
21	25	1
10	11	1
119	123	1
108	123	1
93	96	1
94	112	1
97	111	1
100	119	1
6	30	1
33	136	1
26	137	1
