33	33	7
90	90	5
53	53	6
77	119	2
126	127	5
40	41	2
1	114	1
22	52	6
23	25	1
105	105	6
142	144	1
91	103	4
128	128	7
135	137	3
36	37	2
48	56	3
16	18	3
17	19	2
87	88	1
36	38	3
9	10	3
125	127	3
54	54	7
114	115	3
22	22	4
67	67	8
75	75	6
0	0	2
123	126	5
137	137	8
48	49	6
66	77	2
52	53	5
76	79	1
129	130	5
89	90	2
67	70	2
123	123	8
48	154	1
86	137	2
26	26	8
108	112	2
148	148	6
153	153	7
140	140	1
93	93	7
124	144	2
23	30	4
8	9	3
26	27	4
113	113	4
116	117	2
40	131	2
83	87	1
146	153	2
152	153	5
35	36	3
110	114	1
51	51	2
18	18	6
51	52	4
95	95	7
39	39	7
62	63	5
36	36	5
13	15	4
43	51	2
120	121	1
85	86	7
102	103	4
127	127	4
136	140	1
99	99	8
141	145	2
91	93	1
88	88	3
110	110	5
89	89	3
23	29	3
138	138	4
151	151	2
19	20	4
81	81	6
64	64	4
4	5	2
30	30	3
83	83	5
52	52	7
117	154	2
152	152	1
67	68	4
17	17	7
122	147	1
39	50	2
77	77	8
20	20	9
107	124	2
71	71	3
129	129	5
68	89	1
123	147	3
48	48	8
28	28	4
123	127	1
80	80	2
69	72	1
49	82	1
73	73	3
40	40	4
77	78	3
48	52	1
122	122	10
97	98	2
92	92	4
36	43	2
25	29	1
103	103	5
71	89	2
119	119	4
91	91	4
154	154	3
49	52	1
42	97	2
106	106	9
41	42	3
107	107	5
47	48	7
136	136	8
119	120	4
85	145	2
119	144	1
20	22	3
147	147	4
139	139	5
85	85	10
144	144	5
123	156	1
31	53	3
23	23	3
124	124	8
79	79	4
53	54	2
120	123	1
10	33	1
34	35	4
22	29	2
117	155	2
77	84	1
6	23	1
122	152	3
122	123	3
97	97	1
112	115	1
44	44	4
106	122	1
117	117	6
32	32	3
66	66	1
108	111	2
25	25	2
114	117	2
3	9	2
5	76	1
19	21	3
63	63	2
13	14	2
98	158	1
121	121	6
76	101	1
39	56	1
108	110	2
122	124	1
113	116	1
75	76	3
125	137	2
112	112	5
135	135	6
34	34	3
143	157	1
115	118	1
123	148	1
14	15	1
111	112	4
104	105	1
81	82	3
151	152	2
39	42	3
114	138	3
120	141	1
150	156	3
143	143	3
38	38	5
62	68	2
83	85	4
15	15	9
84	85	1
78	79	1
96	96	3
113	115	4
31	32	5
118	150	1
141	141	3
146	147	3
63	85	2
108	119	2
7	50	1
18	19	2
72	73	1
33	48	2
45	47	1
128	129	2
70	70	5
113	130	2
151	158	1
13	20	1
115	123	1
34	38	2
121	153	1
132	139	2
111	142	1
121	135	1
133	133	2
8	10	2
38	39	5
35	35	3
42	42	2
152	158	2
21	29	1
108	108	6
103	104	4
118	118	6
48	53	1
125	125	3
13	28	2
86	92	1
7	80	2
9	9	1
110	113	2
120	122	1
61	61	1
156	157	3
31	49	2
157	158	3
145	145	6
4	4	6
141	142	3
121	137	1
67	88	1
21	21	3
52	81	1
0	92	1
6	44	1
56	56	1
125	126	2
101	101	3
148	158	1
13	13	4
8	88	3
14	18	2
133	134	1
128	148	1
11	23	1
31	31	6
28	29	1
134	134	5
83	91	2
93	94	2
95	104	1
108	145	1
152	157	1
81	108	1
69	69	3
16	30	1
9	12	3
131	132	4
15	16	2
45	45	2
86	88	2
132	133	2
50	50	3
95	96	4
33	34	2
29	29	7
106	107	2
141	146	2
11	25	2
46	46	7
131	140	2
10	10	5
114	114	5
70	71	4
78	78	1
28	133	2
123	140	1
39	47	2
47	71	2
145	147	3
16	16	2
83	86	1
27	30	2
108	154	2
46	89	1
2	13	1
12	12	4
115	115	4
36	53	2
8	8	2
108	109	2
158	159	3
20	28	1
56	57	4
83	89	1
146	146	4
116	129	1
90	91	2
1	5	1
149	149	2
131	131	3
75	101	2
55	56	3
76	95	1
13	17	3
16	20	3
43	64	1
32	131	1
10	11	1
7	8	2
105	106	1
40	134	1
85	87	1
78	111	4
155	155	1
24	24	2
144	156	1
49	49	3
142	142	2
32	33	1
91	120	2
19	41	1
47	66	1
109	138	1
130	130	2
51	53	2
33	146	1
107	112	1
33	140	1
132	144	1
19	27	1
24	25	2
7	7	6
142	143	1
135	136	3
121	125	2
82	82	2
23	24	1
41	63	1
35	151	1
137	138	3
36	50	1
1	26	3
79	82	2
17	30	2
113	114	1
25	54	1
39	154	2
41	41	2
35	80	1
41	43	1
92	105	2
39	40	2
92	94	1
14	16	1
15	82	1
64	65	1
134	135	2
94	98	3
117	120	1
12	13	5
98	99	1
19	19	2
111	111	2
24	93	2
84	87	1
92	93	2
24	55	1
98	98	2
19	31	1
25	52	1
29	52	2
44	46	2
120	120	1
153	155	1
36	48	2
29	82	1
120	154	2
8	43	1
10	13	3
109	145	1
26	30	3
77	79	1
14	54	3
10	48	2
149	150	2
112	120	1
121	122	3
32	34	1
123	124	2
128	155	1
115	120	1
130	134	1
21	80	1
114	116	1
55	71	1
37	53	1
31	132	1
37	38	4
154	156	1
24	117	1
90	103	1
112	118	1
48	51	3
148	154	1
136	141	1
148	149	2
73	77	2
27	31	1
14	14	1
66	68	1
42	43	3
68	69	1
136	154	1
6	6	1
37	37	3
95	106	2
77	104	1
11	18	2
20	21	3
20	23	1
4	54	1
79	104	2
23	54	1
17	133	1
24	40	1
17	51	1
147	148	1
131	133	2
83	84	2
145	146	1
67	69	2
66	67	1
119	141	1
66	81	1
47	47	1
91	92	1
3	3	1
50	51	3
17	21	1
46	47	1
126	126	2
9	11	1
127	152	2
25	26	2
77	110	1
111	129	3
118	131	1
123	151	1
105	123	1
107	128	1
144	147	1
104	124	1
69	70	1
50	114	2
3	15	1
14	82	1
151	156	1
38	46	1
22	23	1
53	55	1
88	137	1
118	149	1
7	9	1
43	46	2
109	110	1
21	53	1
136	137	1
57	57	1
11	11	1
107	108	1
43	56	1
118	120	1
93	112	2
132	158	1
144	145	2
20	38	1
109	112	1
65	67	1
106	110	1
71	82	1
96	97	1
82	89	1
152	154	1
17	18	2
83	120	1
87	119	1
63	68	1
127	144	1
21	25	1
15	31	1
143	148	1
81	93	1
53	56	1
124	126	1
3	36	1
12	26	1
86	87	1
22	36	1
68	71	1
109	111	1
80	81	1
63	84	1
65	65	1
72	72	1
32	47	1
6	37	1
131	139	1
94	94	1
19	29	1
62	62	1
17	23	1
13	38	1
111	115	1
19	132	1
156	156	1
115	122	1
127	148	1
40	70	1
43	63	1
17	151	1
15	18	1
43	43	1
154	155	1
121	152	1
47	79	1
12	104	1
8	26	1
32	35	1
88	142	1
