118	118	12
9	9	21
23	24	10
122	122	12
97	97	24
73	74	13
63	63	17
117	117	8
8	35	4
61	75	3
134	134	2
3	67	3
47	47	43
39	39	6
17	17	5
5	49	1
90	92	3
66	66	33
78	79	11
12	12	22
28	55	3
130	133	3
101	108	1
110	110	11
96	96	10
129	129	9
68	69	11
40	84	5
94	94	5
22	27	2
26	26	13
76	76	12
75	94	2
16	16	16
55	55	5
41	42	1
40	41	6
15	15	22
15	16	4
6	6	22
81	82	5
95	100	9
115	120	5
83	92	3
123	123	19
7	7	22
21	21	7
82	82	7
8	43	2
26	93	4
69	69	12
126	126	13
100	100	15
47	89	2
29	30	10
79	80	14
112	112	9
101	106	4
70	70	11
73	73	20
62	62	17
27	27	14
96	97	9
126	127	6
108	109	7
61	62	8
133	134	5
128	129	1
27	28	8
27	31	6
86	86	32
37	37	6
65	65	28
46	46	5
124	125	5
3	101	2
103	104	7
90	90	11
36	36	11
57	57	5
57	61	1
11	11	21
67	67	9
44	44	11
34	34	20
18	19	10
35	35	10
42	42	23
50	50	4
48	49	2
111	112	8
8	27	4
114	115	12
66	68	3
46	65	3
64	71	3
7	55	7
29	47	6
18	18	8
95	95	12
16	21	13
103	103	8
8	8	32
133	133	3
93	93	7
33	33	15
98	99	2
72	73	1
32	32	11
83	83	10
63	69	5
5	82	5
75	75	15
79	79	12
19	19	4
20	45	3
11	12	6
81	88	1
38	38	5
99	100	1
72	72	13
121	121	2
24	25	1
4	10	5
110	126	3
22	37	3
2	2	12
65	75	2
86	87	1
113	116	1
45	45	12
13	13	3
68	70	2
40	43	5
39	44	1
20	40	3
20	20	13
56	57	3
58	59	4
26	31	2
113	113	6
10	94	1
41	41	6
16	44	3
57	65	3
31	31	6
74	74	9
111	111	6
106	106	4
11	93	7
125	126	4
9	70	2
17	19	1
123	124	5
112	113	6
37	40	6
98	100	7
58	128	2
101	101	5
29	29	9
115	116	3
23	26	5
44	45	2
100	101	4
64	70	2
9	10	2
30	63	2
127	128	10
35	36	4
78	78	6
4	4	5
51	55	4
77	77	10
51	51	5
22	28	2
14	15	2
39	40	4
47	75	6
10	10	14
79	81	2
92	92	3
3	12	4
1	1	1
48	48	10
28	28	13
125	125	11
3	3	7
86	110	1
21	51	2
70	71	2
20	82	4
44	61	5
36	87	3
85	85	2
95	96	5
30	30	6
49	49	1
47	83	8
31	47	1
66	67	5
30	33	2
117	123	6
24	24	10
28	29	1
64	93	2
96	99	1
56	56	3
121	122	3
97	98	3
114	114	4
64	73	3
10	12	2
21	55	1
64	65	3
130	130	1
3	66	2
58	60	2
33	34	5
93	95	3
14	58	2
34	35	2
38	49	4
79	82	5
77	78	4
59	69	3
26	27	7
60	60	3
8	57	3
8	61	2
108	108	9
109	109	6
39	55	2
4	11	3
5	5	3
29	35	7
5	84	4
27	39	4
36	47	1
10	45	5
8	28	2
81	81	6
102	102	8
65	66	3
22	22	7
25	25	3
26	92	1
10	17	2
47	48	5
68	68	4
64	64	3
112	115	4
124	124	3
84	84	7
18	61	2
55	56	3
131	131	5
4	48	1
41	48	1
105	105	2
75	76	3
33	63	4
20	58	2
15	36	4
28	91	1
9	12	2
78	81	4
132	133	1
9	77	7
22	33	4
8	56	1
36	39	2
19	20	2
92	133	2
59	59	5
38	48	3
113	115	2
92	93	3
32	36	4
47	82	3
100	102	2
25	26	2
46	91	3
61	61	5
92	134	2
118	119	5
35	44	3
13	15	2
93	94	4
30	62	1
84	92	1
9	33	3
43	76	2
120	120	1
12	13	3
64	67	1
91	97	1
5	6	2
59	60	1
40	42	3
58	65	3
2	102	2
90	94	3
7	8	1
78	80	2
42	44	3
132	132	2
102	106	1
63	64	1
129	130	2
85	102	3
23	23	3
116	116	4
28	34	2
18	64	1
31	32	3
127	127	4
96	98	3
38	39	4
89	89	4
8	96	2
0	1	1
104	105	5
31	37	2
88	93	1
6	85	2
14	14	5
91	92	2
115	115	1
20	38	3
106	108	3
60	65	1
27	92	3
115	134	3
94	95	1
83	85	1
85	101	1
94	131	1
45	46	3
61	67	1
92	95	3
64	100	3
12	34	1
69	72	2
84	86	2
104	104	1
47	64	1
67	68	1
59	61	1
45	124	1
88	132	2
83	89	2
115	127	1
47	68	1
61	68	1
89	92	1
128	128	2
57	58	1
30	32	1
43	43	1
58	93	1
66	74	1
33	124	3
78	83	1
120	122	1
2	72	1
120	134	2
46	47	1
121	131	2
8	9	1
10	35	1
85	94	2
11	27	1
94	101	1
0	0	1
82	90	1
80	85	1
