46	46	5
33	33	4
29	30	1
39	43	1
25	26	2
41	41	5
40	40	4
16	33	3
44	44	6
26	31	4
35	35	11
19	19	3
44	45	3
39	46	1
43	43	4
42	42	1
28	30	5
40	41	2
47	47	2
16	17	3
16	16	8
17	18	1
20	22	1
45	46	3
33	35	1
17	17	1
26	26	2
29	29	2
36	36	5
45	45	6
23	23	1
27	28	5
15	16	3
28	28	6
10	10	1
22	24	1
18	20	1
38	38	6
17	26	1
33	34	1
15	17	3
22	22	2
43	44	3
24	25	1
33	41	1
27	27	2
24	30	1
18	18	3
41	42	2
24	24	1
32	32	2
30	30	3
38	40	1
15	15	4
27	31	1
34	34	4
20	29	1
21	22	1
20	20	2
30	31	2
30	35	1
30	32	1
19	26	1
21	21	2
19	31	1
22	23	2
27	37	1
19	33	1
19	20	1
46	47	3
21	27	1
19	40	1
18	27	1
19	22	1
23	26	1
45	47	1
25	25	1
