218	219	4
153	214	2
35	41	3
37	217	2
110	110	1
31	46	1
151	152	2
65	65	5
85	98	1
0	3	1
112	112	3
16	17	1
28	28	5
28	39	2
26	26	4
239	239	1
212	212	4
112	113	3
64	230	1
175	184	1
190	190	6
84	84	4
3	30	1
102	103	2
103	106	1
105	105	6
46	46	3
153	153	2
34	35	3
124	130	2
221	221	2
121	122	1
41	43	2
183	197	1
76	76	4
47	55	2
97	97	5
133	133	8
169	169	3
15	37	1
193	193	3
82	83	6
43	235	3
35	36	4
96	102	1
4	4	3
203	206	2
69	77	1
44	52	1
193	195	1
201	233	1
157	159	1
34	49	2
10	10	4
42	189	2
156	159	1
62	62	5
59	59	7
53	53	3
6	14	2
179	198	1
166	166	4
233	238	2
21	22	1
113	136	3
66	67	1
71	71	4
22	24	1
110	111	1
0	137	1
211	215	1
22	22	4
58	58	2
200	210	1
72	73	2
85	85	4
69	71	1
173	173	1
73	73	4
176	206	2
200	200	1
118	120	1
9	11	1
69	69	6
38	61	1
49	50	3
151	161	1
121	128	2
81	81	4
219	219	3
82	148	1
181	182	1
162	165	2
222	222	2
1	2	3
230	231	1
37	38	4
182	183	3
58	59	5
30	30	7
21	21	8
192	192	1
81	85	1
99	139	1
55	60	1
238	238	5
50	50	3
154	154	2
176	203	1
188	188	4
27	28	7
30	31	3
206	206	3
2	2	2
213	213	1
31	31	2
66	66	2
157	158	1
147	148	4
70	70	4
7	7	6
25	53	1
40	40	1
102	102	2
120	232	1
160	161	3
54	54	6
64	64	2
151	157	1
42	42	4
140	140	2
167	169	1
189	190	2
62	192	2
155	165	1
152	152	5
104	215	1
213	214	3
120	136	1
144	144	2
179	180	1
20	21	1
43	43	5
216	216	4
136	136	3
237	237	2
178	178	1
40	52	1
15	15	7
4	16	1
197	197	3
61	199	3
18	22	1
19	49	2
21	37	1
97	98	1
57	61	3
77	77	4
46	47	1
51	52	4
164	167	1
12	196	2
217	222	1
6	20	2
100	100	3
29	30	2
79	79	3
56	60	1
56	179	1
217	218	3
183	192	1
119	119	4
74	74	4
57	57	9
29	233	1
52	53	6
181	181	2
120	235	1
23	23	7
38	38	4
15	105	1
115	117	2
66	68	2
229	229	4
123	123	3
13	64	1
19	20	5
26	135	2
21	189	2
138	167	1
105	115	1
150	157	1
146	147	1
164	164	2
236	236	3
2	14	1
78	104	1
170	182	1
150	150	4
224	225	2
169	174	1
31	32	2
228	228	2
125	125	2
55	99	2
37	47	2
59	60	4
211	211	1
20	30	1
25	26	2
49	79	1
121	133	1
198	199	2
227	227	6
220	220	3
241	241	2
218	218	3
175	175	1
156	156	2
86	86	3
234	234	4
22	23	3
18	19	3
194	194	3
58	80	1
5	31	1
183	190	1
178	180	3
167	198	1
141	141	1
83	83	2
63	225	1
11	66	1
91	103	1
67	67	2
13	16	1
81	82	2
16	105	1
33	33	3
15	50	1
3	5	4
191	230	1
47	82	2
176	177	1
24	50	1
38	234	1
131	131	1
96	145	1
106	106	1
143	147	2
14	41	1
154	155	1
214	214	1
30	49	1
184	184	2
120	150	1
85	88	1
159	203	1
121	174	1
17	17	2
54	216	1
100	101	1
171	172	3
76	84	1
39	39	7
224	224	3
32	32	1
47	47	6
58	229	1
86	87	1
120	121	2
3	6	1
177	177	1
129	130	2
66	69	2
189	189	1
128	151	1
130	130	2
55	55	2
51	51	3
160	160	1
3	4	1
0	1	4
50	51	2
187	187	4
184	187	2
44	45	1
214	215	4
197	226	1
121	121	1
63	63	2
231	232	1
136	137	1
75	79	1
156	158	1
27	27	2
217	217	5
220	222	4
128	150	2
139	139	1
4	5	2
54	55	4
98	99	1
13	13	1
145	145	3
148	148	1
159	160	1
235	235	3
54	217	1
131	169	2
45	45	5
41	41	2
103	116	2
234	239	2
100	102	1
167	167	4
115	118	1
221	224	1
176	178	2
176	176	3
192	197	1
33	48	1
44	44	4
63	66	2
197	198	1
186	186	2
5	5	3
117	117	5
4	17	1
74	86	2
128	128	2
2	3	1
211	214	1
138	141	1
121	126	1
120	207	2
124	127	2
19	19	5
139	141	2
165	165	1
133	139	1
18	26	1
145	150	1
20	20	3
29	29	3
186	187	2
152	153	1
43	44	1
230	230	1
79	107	1
118	118	3
208	214	1
103	117	2
240	240	1
170	170	1
19	195	2
192	196	1
99	100	2
161	166	1
232	235	1
74	87	1
153	154	1
4	19	1
182	191	2
6	16	2
55	85	1
107	109	1
34	38	1
82	82	3
60	79	1
104	105	1
37	188	1
146	146	1
121	129	1
128	171	1
207	208	3
143	148	1
191	191	4
17	74	1
70	202	3
42	45	1
74	81	1
61	61	3
204	204	1
171	171	1
38	96	1
50	53	2
104	119	2
57	192	1
59	62	1
234	238	1
200	207	1
174	179	1
99	99	2
114	115	2
38	39	2
20	29	1
4	6	3
24	61	1
209	209	5
224	230	1
144	157	1
148	154	1
19	50	2
104	104	4
39	41	1
1	1	4
80	83	1
46	161	2
185	205	1
63	64	1
153	171	1
28	32	2
182	184	1
158	158	2
115	116	1
32	35	1
6	34	1
122	138	1
53	69	2
68	137	1
200	209	1
209	210	1
137	137	2
134	134	1
75	81	1
11	11	1
175	176	1
104	115	1
132	133	1
208	208	2
225	225	6
125	159	1
240	241	1
29	32	1
157	157	3
211	212	2
22	33	1
162	163	2
103	103	2
143	169	1
162	164	4
60	170	2
232	232	5
158	159	1
215	215	1
34	34	2
150	238	3
231	231	2
58	83	1
9	9	2
220	221	1
237	238	1
14	23	1
190	204	1
25	25	3
188	192	1
126	127	3
185	185	2
154	172	1
158	167	2
17	18	2
233	234	1
21	195	2
114	164	1
28	29	1
51	53	2
14	39	1
14	17	1
105	120	1
40	41	2
213	215	1
174	174	1
80	80	1
2	6	1
105	108	1
8	71	1
52	176	1
216	220	1
126	130	2
75	75	1
143	144	1
11	39	1
201	201	2
13	15	1
74	79	1
15	16	1
50	180	1
48	48	1
198	198	2
27	139	1
39	42	1
98	115	1
166	171	1
141	142	2
38	47	1
33	61	1
5	17	1
83	84	2
182	182	2
119	133	1
98	98	1
173	174	1
143	150	1
96	96	1
163	163	2
128	203	1
132	142	1
8	8	2
72	72	3
167	179	1
113	114	1
168	169	1
85	225	1
26	235	1
168	200	1
184	185	1
138	138	1
36	36	1
180	180	2
168	168	3
35	37	1
29	49	1
116	116	1
7	8	1
47	65	1
75	84	1
85	86	1
12	12	2
229	230	1
7	15	1
137	140	1
209	214	1
190	191	2
0	0	1
101	101	1
75	77	1
151	151	2
76	77	1
205	206	1
20	28	1
194	196	1
172	172	1
72	95	1
135	139	1
97	216	1
16	16	1
31	108	1
19	22	1
143	162	1
30	144	2
10	30	1
65	69	1
218	223	1
241	242	1
54	62	1
13	14	2
34	59	1
148	152	1
2	13	2
157	177	1
122	127	1
71	72	1
195	196	1
107	198	1
223	231	1
46	66	1
157	172	1
14	14	4
140	171	1
81	83	1
6	6	1
50	179	1
45	46	1
184	186	1
36	199	1
75	85	1
199	199	3
95	95	1
28	110	1
60	60	3
36	37	1
153	166	1
69	183	1
33	51	1
125	152	1
30	105	1
165	180	1
210	213	1
120	120	1
212	213	1
82	84	1
156	157	1
108	108	2
223	223	1
167	170	1
107	108	1
225	231	1
207	207	1
68	106	1
191	201	1
199	200	1
157	173	1
4	39	1
196	196	3
56	57	1
67	69	1
12	16	1
192	223	1
161	161	1
143	143	1
183	201	1
166	219	1
202	202	1
103	105	1
37	37	1
39	40	1
133	134	1
143	146	1
100	122	1
114	207	1
47	77	1
27	62	1
3	75	1
232	233	1
146	239	1
147	147	1
165	167	1
161	226	1
219	231	1
222	223	1
14	67	1
102	104	1
4	10	1
201	202	1
57	58	1
115	124	1
126	126	1
223	224	1
6	8	1
30	62	1
213	220	1
77	80	1
226	226	1
24	24	1
183	222	1
8	9	1
115	115	1
114	114	1
157	209	1
178	179	1
