20	20	6
22	22	2
68	68	6
67	68	4
132	133	1
31	31	6
12	12	2
67	67	6
80	81	3
33	34	6
121	121	11
112	112	4
77	77	5
30	30	3
57	57	7
84	84	2
11	17	1
20	25	2
13	23	2
126	126	9
88	88	8
95	96	2
76	76	10
77	98	2
56	84	1
130	130	3
96	96	10
75	75	6
19	23	1
50	50	2
64	90	2
18	18	1
111	111	6
61	61	4
5	6	1
9	9	2
93	101	2
116	116	7
81	84	1
131	132	2
128	129	2
119	119	3
4	4	3
118	118	4
52	53	11
54	78	1
44	45	3
74	74	8
108	116	2
129	129	3
94	94	6
60	60	5
114	114	9
13	13	5
27	27	5
55	55	13
35	35	4
34	34	3
63	63	3
111	123	3
43	43	9
126	127	1
54	54	5
63	64	3
14	23	1
125	129	1
30	103	1
110	120	1
32	32	8
94	126	2
17	18	2
13	14	3
58	64	3
115	116	6
101	101	6
124	124	4
93	93	6
90	129	1
54	60	1
110	112	1
97	123	2
54	62	1
90	91	4
12	13	1
93	94	6
108	108	4
61	62	3
50	53	1
53	72	2
69	70	4
100	100	4
16	16	3
113	114	2
89	90	1
14	15	6
15	16	5
121	122	1
59	67	1
26	37	2
28	30	3
123	123	6
32	33	1
103	103	7
11	11	3
58	61	1
127	127	2
91	91	4
1	31	4
88	89	2
57	58	3
109	112	1
78	78	2
64	64	2
113	126	1
88	115	2
70	70	5
42	44	1
58	58	2
55	56	5
52	52	3
101	113	1
54	59	1
49	50	1
22	23	3
50	88	1
7	14	1
90	90	5
21	21	8
98	100	1
50	52	6
103	104	4
36	115	2
101	103	1
29	29	3
66	67	7
35	44	2
120	121	1
92	116	1
108	109	2
133	134	1
98	98	7
127	130	2
97	97	3
23	48	1
69	92	2
115	115	4
59	59	5
117	118	3
55	57	2
1	2	2
128	128	4
13	22	5
33	43	1
134	135	1
26	26	2
84	85	3
64	65	2
0	0	2
11	24	1
26	115	2
134	134	3
44	44	6
69	69	6
17	17	2
34	35	2
85	85	3
58	59	1
16	18	2
54	61	2
19	19	5
100	103	1
105	105	5
24	24	4
87	107	4
97	98	6
23	31	1
28	28	4
22	120	1
95	95	5
85	120	1
102	103	1
96	97	1
104	104	6
25	26	1
8	8	3
23	23	2
2	2	3
92	92	4
12	22	2
124	125	1
5	5	1
57	59	1
106	123	1
79	79	4
43	100	1
82	82	2
123	125	2
80	116	1
53	53	3
61	95	2
86	88	1
89	91	1
78	79	1
27	31	2
73	75	1
99	99	5
7	7	4
110	110	3
65	69	1
122	122	1
83	84	2
10	10	6
6	7	2
53	54	2
29	30	1
75	76	1
117	117	7
93	116	1
6	11	2
120	120	1
110	111	1
86	86	1
27	30	1
33	33	2
6	6	2
87	87	2
87	88	2
94	109	2
68	69	4
30	32	1
102	102	3
125	126	1
91	93	2
56	57	2
107	107	6
91	92	4
36	37	1
62	62	2
38	38	1
80	80	3
109	110	1
113	115	2
54	57	1
49	49	1
98	99	3
57	87	1
70	126	1
15	15	3
77	78	2
71	71	2
9	10	2
92	113	1
64	85	2
120	122	1
49	105	1
135	135	2
132	132	1
23	117	1
15	98	2
24	26	1
56	56	3
83	83	5
47	49	1
92	94	1
111	124	2
119	121	1
113	119	3
100	109	1
16	117	1
62	64	1
69	82	1
37	37	1
45	97	1
7	12	1
73	73	5
109	109	2
133	133	1
8	97	1
72	74	2
79	80	3
1	1	2
37	62	1
62	63	3
57	84	1
106	106	2
94	95	1
109	111	1
16	19	2
86	87	1
16	25	1
107	108	1
3	4	1
35	37	1
92	118	2
65	85	1
65	65	1
77	97	1
119	120	1
43	97	1
65	129	1
48	77	2
127	128	1
0	6	1
76	77	1
18	21	1
66	66	2
70	104	1
78	133	1
43	44	1
93	102	1
109	113	1
27	93	1
129	130	2
8	74	1
27	35	2
99	100	2
108	110	1
21	25	1
36	44	1
109	114	1
19	20	1
108	111	1
59	60	1
127	129	1
50	56	1
70	71	1
110	114	1
10	11	3
81	85	1
72	73	1
35	36	1
65	66	1
4	5	1
66	68	1
53	85	1
113	120	1
86	116	1
38	57	1
106	108	1
65	81	1
106	114	1
119	131	1
0	31	1
99	106	1
20	22	1
92	93	2
66	122	1
0	1	2
106	107	1
89	89	1
16	17	1
44	68	1
122	124	1
15	67	1
36	65	1
99	116	1
