74	74	7
213	213	4
154	154	6
157	178	1
165	169	2
27	27	5
83	84	1
76	77	3
84	87	1
32	32	2
16	62	1
70	78	1
46	166	5
33	70	1
88	90	2
196	196	4
106	107	8
81	82	8
209	209	3
225	225	8
155	155	4
170	170	2
45	45	5
238	245	1
194	194	2
164	221	1
43	55	1
185	185	6
239	240	1
187	209	2
82	84	2
96	96	4
237	237	5
187	221	1
156	156	3
212	214	1
92	92	5
69	70	3
173	244	1
15	118	3
234	234	1
62	62	1
69	69	7
77	87	3
240	240	2
9	45	2
166	166	1
119	119	8
77	78	1
93	93	2
64	64	4
76	76	2
18	18	1
86	160	1
18	19	6
88	89	3
87	88	2
231	233	1
63	63	1
10	10	4
79	80	6
15	15	5
236	237	3
42	43	3
177	177	8
48	48	1
51	51	5
112	112	4
216	220	2
182	182	4
95	95	4
61	62	2
67	72	2
64	233	1
22	23	1
221	224	1
231	231	2
78	104	3
239	239	4
226	227	3
159	159	8
248	248	1
186	186	6
82	83	2
159	177	3
153	153	5
1	1	2
11	11	6
223	223	5
118	118	3
173	189	2
175	175	5
102	102	3
222	227	1
36	36	1
174	179	2
90	96	1
73	74	9
10	11	3
217	217	7
196	197	2
34	34	4
25	25	3
60	60	5
107	107	5
244	245	1
208	208	1
164	164	4
95	96	1
56	56	4
165	165	1
181	181	6
153	179	2
111	112	3
188	189	2
85	98	2
184	184	1
76	116	1
95	97	5
215	215	12
118	119	3
31	146	3
84	84	4
75	75	4
48	73	5
185	240	2
69	78	2
211	213	1
221	221	5
22	22	8
152	240	1
44	45	2
50	61	1
101	101	6
89	90	4
159	215	2
241	241	6
61	73	2
49	117	2
36	37	2
71	71	3
172	244	2
33	33	6
38	38	3
211	211	6
90	144	3
95	98	4
3	3	1
55	55	2
197	197	4
218	218	4
236	236	1
163	210	1
86	87	2
160	160	2
28	30	2
98	98	5
170	184	1
39	39	5
21	21	5
187	187	4
48	49	3
24	24	8
179	179	2
115	119	1
243	243	3
190	191	1
94	94	5
173	223	2
2	2	1
205	225	1
92	93	2
49	83	1
37	118	1
111	111	3
200	200	3
175	176	3
171	171	4
66	67	2
81	113	2
0	167	1
80	83	1
48	80	1
151	151	2
40	40	6
192	195	2
42	42	4
44	44	4
64	65	3
144	144	1
9	9	4
216	248	1
162	217	2
70	70	7
146	215	2
162	182	1
226	232	2
187	188	6
187	193	1
18	20	2
14	14	6
43	43	1
91	100	1
10	81	1
231	241	1
177	178	3
73	73	3
77	77	4
84	85	2
64	73	1
82	82	5
96	99	5
220	220	6
188	190	1
99	111	2
222	238	2
51	53	1
17	18	1
72	78	1
13	14	1
176	176	5
173	173	4
97	98	1
176	218	1
198	198	4
232	232	1
117	117	4
154	171	1
28	29	1
154	155	2
105	105	7
108	108	3
199	200	4
223	233	2
117	118	6
68	68	3
193	201	1
163	163	4
100	100	6
219	219	3
203	203	3
178	180	1
15	16	2
231	232	1
171	183	1
79	84	2
216	216	9
218	219	1
41	41	5
244	244	5
90	90	6
46	65	1
109	109	5
222	223	1
152	206	3
82	111	1
242	242	4
6	6	2
243	244	3
175	187	2
21	23	1
201	201	3
99	99	7
169	245	1
189	192	1
188	197	4
54	55	5
73	76	2
57	57	7
27	28	2
99	101	2
6	47	2
183	183	2
49	50	1
56	163	1
219	243	1
115	115	1
65	66	2
185	209	1
49	49	6
150	150	10
50	101	1
166	175	1
177	217	1
168	168	3
63	71	2
23	23	2
55	66	2
106	108	1
185	188	1
235	235	3
163	164	3
81	81	2
103	108	3
171	184	2
12	12	1
174	174	2
159	196	1
20	21	1
85	85	2
96	97	7
208	210	3
169	169	4
91	91	2
116	116	3
36	62	1
189	189	4
170	172	2
78	79	3
174	175	2
156	159	1
158	158	4
59	59	4
212	212	3
17	17	2
37	37	1
225	237	1
10	118	2
151	174	1
32	33	1
116	117	1
67	67	1
173	174	2
178	179	5
169	178	1
178	178	2
56	81	1
198	201	1
245	246	2
79	81	1
50	50	2
224	232	1
153	191	2
98	111	3
189	191	2
84	86	1
61	77	1
54	54	1
112	116	2
72	72	6
221	222	1
170	183	3
110	110	2
173	180	1
62	94	1
4	5	3
229	230	3
90	100	1
78	78	1
115	116	4
2	3	1
21	44	2
26	26	2
206	207	2
53	118	1
6	8	1
65	67	1
86	104	4
52	52	4
162	162	1
159	160	2
63	64	4
77	117	1
7	37	1
55	56	1
34	35	3
71	85	2
68	81	1
57	58	2
233	233	4
103	105	1
96	104	1
169	183	3
238	238	6
193	210	1
51	52	1
26	27	2
86	101	1
182	185	1
189	190	4
29	29	2
158	160	1
58	58	5
74	75	2
155	156	3
7	59	1
97	97	1
119	178	2
8	8	3
88	101	1
29	35	1
35	35	3
216	246	2
187	190	1
114	117	3
86	150	1
98	99	1
55	64	2
19	20	1
6	46	1
91	97	1
171	207	1
151	222	1
93	94	3
152	210	1
46	46	1
72	74	2
59	60	1
119	177	2
172	173	2
66	66	3
91	98	1
80	81	1
193	193	5
47	47	2
90	91	3
54	72	1
106	106	4
4	4	3
31	35	1
47	48	1
205	227	1
61	61	2
28	28	1
14	53	2
205	205	1
222	224	1
198	200	2
224	237	2
61	227	2
113	113	1
2	5	1
81	83	1
213	217	1
213	214	1
79	79	5
35	62	1
232	236	1
211	219	3
178	186	3
65	65	1
189	196	2
76	78	1
214	214	2
151	186	1
169	246	1
63	96	1
30	30	2
162	164	1
103	109	2
23	43	1
231	234	2
16	109	1
105	106	1
105	107	1
196	200	1
194	195	1
232	240	1
166	182	1
180	180	3
220	221	2
8	67	1
80	80	1
87	89	1
176	216	1
103	103	1
73	80	1
20	20	1
103	104	1
110	111	1
84	110	1
246	246	2
29	31	1
95	99	1
46	161	1
11	12	2
73	75	1
86	100	1
210	210	2
91	99	1
195	195	1
11	115	1
218	236	1
186	193	1
7	7	1
3	53	1
5	110	2
167	167	1
67	91	1
106	110	1
66	68	1
70	235	1
113	165	1
87	87	3
189	195	1
188	209	2
78	85	1
58	158	1
166	167	3
210	212	1
239	241	1
71	72	3
101	113	1
66	69	1
216	247	1
161	162	1
72	86	1
172	185	1
158	159	2
49	81	1
187	223	1
21	43	2
75	76	3
182	183	2
179	219	1
8	45	2
176	202	2
230	234	1
60	63	1
55	109	1
191	191	1
198	199	1
19	19	2
229	229	1
75	82	1
101	109	1
249	249	2
82	85	1
56	84	1
80	117	1
157	157	2
184	209	3
33	48	1
166	173	1
204	205	1
5	5	2
151	203	1
233	234	1
176	186	1
75	77	1
240	241	1
93	112	1
75	80	1
55	163	1
186	209	1
67	90	1
167	241	1
170	207	1
57	158	1
152	171	1
23	112	1
96	149	1
31	32	1
184	185	1
216	218	1
79	82	1
214	215	1
16	16	1
209	210	1
162	183	2
91	92	1
162	184	1
19	239	1
193	199	1
188	188	2
51	121	1
176	179	1
35	48	1
219	242	2
114	115	1
102	103	2
150	155	1
12	73	1
68	224	1
225	226	1
103	106	1
166	242	1
90	97	1
24	26	1
8	11	2
218	247	1
164	168	1
227	227	1
217	218	1
160	163	1
96	100	1
11	47	1
212	221	1
182	202	1
153	157	1
58	117	1
54	94	1
41	42	1
43	44	1
157	181	1
231	248	1
169	182	1
185	215	1
154	180	1
215	220	2
88	88	1
8	36	1
