21	41	1
35	35	4
22	23	2
36	36	2
31	31	3
16	17	2
20	41	1
36	37	3
34	40	1
39	40	3
26	26	4
22	35	1
20	21	1
19	19	2
14	14	1
29	32	1
41	41	6
21	21	1
29	30	2
38	38	4
46	46	2
23	24	2
16	16	2
24	24	2
32	33	1
42	42	2
19	20	2
44	44	4
28	28	4
29	31	1
19	36	1
40	40	2
22	22	1
25	25	1
47	47	2
45	45	3
23	25	1
31	32	1
32	32	3
24	26	1
15	16	1
17	18	1
35	36	4
37	38	2
39	39	3
34	34	3
26	39	1
11	25	1
33	35	1
26	27	1
30	30	1
23	37	1
46	47	1
40	41	1
43	44	1
27	29	1
43	43	2
33	33	1
34	35	2
19	23	1
17	17	1
40	42	1
25	26	4
38	43	1
27	27	1
37	37	3
36	38	1
17	19	1
45	47	1
48	48	1
