6	8	3
25	30	1
25	48	1
20	21	2
53	54	3
21	21	3
38	39	1
42	42	6
3	4	4
47	47	6
56	56	4
35	35	15
2	3	2
43	62	1
34	34	10
45	46	7
13	13	3
33	47	2
33	33	10
53	55	3
32	33	2
61	62	2
30	30	16
9	19	4
43	45	3
31	31	10
41	41	3
50	50	10
49	49	7
39	50	2
43	43	9
7	18	1
51	51	7
3	5	3
17	17	5
46	46	1
32	32	9
45	45	11
13	17	1
54	56	4
38	43	1
38	38	3
51	53	5
0	0	7
39	39	11
31	32	5
52	52	7
51	52	6
10	10	1
54	60	1
59	59	2
61	61	15
40	40	5
4	4	4
23	23	4
55	55	5
48	49	4
6	7	2
40	41	6
38	41	1
36	36	8
19	20	3
2	2	5
37	38	3
44	47	1
25	25	1
40	42	1
1	2	1
1	1	2
36	44	2
15	15	2
47	49	1
11	48	2
8	9	3
53	53	4
35	36	2
17	18	2
5	5	7
48	48	10
36	46	1
13	14	5
8	19	2
10	16	2
6	6	4
50	51	2
47	48	1
35	58	2
18	19	1
37	43	2
36	37	2
42	59	1
44	44	6
46	47	4
43	44	4
20	20	3
8	18	1
54	54	3
50	60	1
49	50	1
14	14	1
44	45	2
39	41	2
57	57	3
23	37	1
6	10	2
53	56	1
45	59	1
37	37	5
8	37	2
19	21	1
16	16	5
62	62	6
34	35	3
60	60	2
7	7	1
3	3	3
29	42	1
35	60	1
30	33	3
44	61	1
9	9	2
34	46	1
60	61	3
33	34	1
58	58	1
32	35	1
38	40	1
50	55	1
30	34	2
6	20	1
55	60	4
43	46	1
0	1	3
22	39	2
57	58	1
11	11	2
53	60	1
12	49	1
54	55	2
58	60	2
9	10	2
29	30	1
30	31	2
23	38	1
23	48	1
37	44	2
22	22	1
59	61	1
24	24	1
34	36	1
52	53	1
32	46	1
5	21	1
8	20	1
52	58	2
48	50	1
35	46	1
13	49	2
44	46	2
24	40	1
16	17	3
58	59	2
8	8	2
42	45	1
5	11	1
18	47	1
13	16	1
34	59	1
37	42	1
18	18	2
42	44	2
25	26	2
1	3	1
18	21	1
10	11	1
42	43	1
57	60	1
