0	0	8
17	17	5
20	20	5
56	58	2
83	83	7
30	30	5
6	6	6
54	55	2
81	81	8
75	75	3
22	68	1
23	24	2
59	66	1
72	72	4
67	67	1
27	27	4
71	72	2
78	78	5
46	47	1
26	26	5
61	61	6
59	62	2
24	24	5
65	66	4
28	30	2
51	51	3
76	77	3
48	48	5
54	54	3
6	26	1
76	76	8
26	46	1
46	78	1
13	13	6
4	4	5
49	79	1
59	59	4
15	15	2
86	86	3
65	65	3
17	22	1
62	62	2
81	82	6
77	77	4
64	65	1
12	27	2
85	85	5
23	23	3
82	84	1
61	80	1
49	50	2
6	13	1
30	31	1
16	16	1
7	51	3
20	81	1
84	88	2
74	74	5
49	56	3
19	60	1
21	28	1
61	63	1
81	83	1
7	7	5
1	1	1
70	70	2
14	14	3
32	65	3
51	52	3
2	2	4
25	25	3
50	50	3
6	7	2
21	21	2
69	70	1
87	89	4
19	19	5
34	34	3
80	80	4
10	11	3
12	12	4
50	61	1
19	34	2
78	79	4
89	89	7
47	48	2
10	10	1
19	20	2
3	3	5
15	16	1
58	60	1
75	76	1
11	11	5
63	64	3
87	87	5
56	62	1
86	87	1
68	68	4
75	80	1
69	69	5
5	7	2
9	9	2
79	79	1
19	22	1
77	80	1
51	59	1
76	81	4
72	74	1
52	52	3
1	2	1
47	47	5
55	55	1
88	89	1
26	28	1
48	49	3
47	49	2
30	56	1
57	57	2
63	63	4
50	71	1
66	66	1
19	28	1
17	20	2
10	25	1
32	32	1
67	68	2
33	34	1
52	53	1
16	22	1
84	84	5
58	58	3
55	56	2
50	51	1
63	65	1
13	73	1
1	4	1
9	10	1
64	64	1
62	64	1
62	65	2
71	71	6
2	3	1
60	61	1
15	26	1
10	12	1
82	83	1
61	78	1
5	8	2
79	80	2
12	14	1
11	14	1
48	61	3
57	58	2
77	79	1
49	52	2
12	13	1
5	5	1
22	83	1
61	76	1
62	80	2
49	49	1
4	74	1
4	11	1
9	27	1
8	8	2
19	26	1
67	85	1
55	66	2
73	74	1
64	83	1
51	55	1
56	87	1
76	79	1
51	64	2
73	73	2
26	27	1
74	77	1
2	21	1
23	28	1
6	14	1
78	80	1
50	53	1
29	29	1
15	28	1
5	6	1
72	73	1
59	63	1
5	31	1
53	54	1
32	34	1
61	62	1
18	73	1
80	81	1
11	12	1
55	65	1
48	58	1
58	81	1
31	31	1
49	55	1
65	80	1
82	82	1
27	31	1
0	1	1
7	50	1
