80	81	4
123	168	1
13	126	2
141	143	3
191	192	1
40	41	3
120	208	2
57	57	3
77	124	2
211	212	5
179	223	1
123	124	3
171	171	2
18	138	1
36	58	1
57	75	2
152	165	2
85	118	3
13	76	1
119	119	1
153	153	2
83	86	1
232	232	1
16	64	6
220	223	2
185	186	2
65	140	2
5	7	1
26	26	1
180	180	3
210	225	2
66	66	6
99	99	1
61	62	3
31	34	1
61	63	1
49	49	2
115	126	2
6	73	1
175	180	2
36	37	1
146	194	2
56	57	4
148	148	1
20	20	2
177	177	3
43	72	2
233	234	1
50	51	1
7	47	1
139	141	2
124	165	3
72	73	1
157	157	3
2	17	1
9	9	2
7	34	1
191	191	4
160	161	2
44	150	1
39	43	1
226	226	2
235	235	1
12	77	2
153	188	1
189	189	1
77	78	3
126	126	4
209	209	3
40	40	4
41	41	6
208	208	4
71	71	1
23	23	2
176	176	1
228	228	1
141	141	3
36	190	1
12	49	1
38	38	3
68	158	1
122	122	2
197	197	3
30	30	1
77	200	1
86	105	1
45	67	1
34	35	3
8	35	1
97	170	1
25	26	2
144	145	2
213	214	1
13	13	4
32	60	1
66	67	2
177	207	1
59	60	1
9	77	3
31	31	4
111	111	4
125	126	1
125	129	1
163	211	1
51	62	1
58	61	4
151	152	3
69	69	3
129	133	2
205	216	2
62	63	2
223	224	2
33	33	2
57	58	1
73	73	2
128	129	1
123	167	3
12	125	2
58	144	1
145	198	1
5	5	2
163	164	2
92	125	3
102	103	2
214	214	1
155	161	3
1	11	1
14	80	1
21	21	1
29	29	2
49	75	1
101	101	3
28	28	2
239	240	1
139	139	8
18	137	1
172	172	6
227	227	4
172	189	1
51	53	2
172	173	1
179	227	1
139	159	1
50	75	1
186	187	1
188	223	2
137	158	1
182	183	2
13	124	2
83	184	1
199	199	3
115	116	1
142	142	1
105	105	1
85	85	2
128	162	2
217	219	1
212	212	6
51	51	2
215	216	3
164	165	2
9	61	2
180	229	2
1	1	1
68	68	1
153	172	3
50	81	1
152	152	4
35	35	3
73	164	2
136	137	1
44	44	1
65	70	1
179	229	2
67	67	2
194	195	3
146	146	2
155	155	4
239	239	1
85	106	4
3	3	4
222	222	1
77	77	1
51	52	1
125	127	2
43	43	7
86	109	2
52	53	1
214	215	3
190	191	2
27	55	1
60	60	1
17	17	3
167	167	2
174	225	3
15	15	3
149	150	2
64	64	5
4	115	2
123	123	3
6	16	1
213	213	2
169	171	1
24	62	1
28	57	1
83	83	1
230	230	3
193	193	1
15	18	1
2	2	2
120	120	4
80	124	3
199	200	1
109	110	3
76	76	4
81	81	3
78	78	3
159	235	1
45	46	2
170	184	2
209	227	2
166	166	3
49	81	2
140	140	1
100	100	2
180	226	3
137	138	4
81	84	2
190	190	3
62	62	2
57	63	1
7	128	2
13	14	2
138	238	1
3	14	2
240	240	3
157	172	1
58	59	3
160	172	1
201	201	1
7	58	1
197	235	3
13	95	1
28	99	1
4	4	1
27	28	2
104	105	1
56	56	1
75	79	1
4	7	3
226	227	1
31	33	5
31	80	1
145	145	2
183	224	1
175	225	1
206	206	1
81	82	2
148	152	1
74	74	2
73	75	2
141	142	3
91	129	2
38	44	2
41	150	1
141	163	3
163	224	1
173	174	1
55	55	2
25	25	1
10	11	2
1	36	1
7	7	2
162	178	2
150	152	1
236	237	1
210	210	1
46	46	2
80	80	1
80	129	1
80	122	1
25	28	1
170	216	1
207	224	1
6	134	1
207	207	4
13	77	1
59	59	1
19	19	1
1	127	1
197	215	1
48	146	1
6	135	1
70	70	4
219	223	1
199	214	1
175	175	2
14	79	1
112	112	2
140	158	1
211	211	2
134	136	1
68	136	1
220	220	2
24	98	3
108	186	2
32	33	3
215	225	1
39	84	2
69	71	1
20	30	1
23	46	1
140	165	2
147	148	1
27	38	1
151	151	1
105	170	1
40	194	1
210	212	1
30	31	1
35	156	2
51	60	1
158	158	2
83	84	1
211	224	1
105	201	3
23	27	1
203	203	3
65	69	1
170	182	1
225	225	2
178	178	1
0	0	2
162	179	1
17	85	2
79	79	2
3	4	1
26	69	1
52	57	4
233	233	1
41	42	1
2	129	2
45	72	2
162	162	2
18	18	3
32	63	1
9	10	1
33	75	1
130	130	1
50	76	3
68	137	1
207	230	1
155	159	1
179	228	2
5	6	4
8	8	2
35	54	1
61	73	1
156	224	1
229	234	1
24	100	1
216	218	1
80	83	1
150	151	1
106	106	3
80	115	1
228	230	2
19	49	2
75	104	1
175	177	1
108	185	2
217	217	2
16	79	1
195	195	2
8	57	2
139	206	2
71	234	1
36	36	3
173	197	1
22	23	1
79	108	1
49	79	1
74	79	2
178	224	1
72	72	1
130	137	1
41	146	1
235	236	1
50	50	2
24	74	1
4	17	1
224	225	1
133	133	1
80	91	3
179	226	1
102	102	1
188	189	1
40	150	1
181	182	1
10	10	3
2	127	2
60	108	1
114	116	1
10	98	1
189	190	1
37	41	1
37	58	1
7	12	1
50	60	1
182	182	1
24	24	5
137	155	1
7	79	1
222	236	1
50	53	2
53	53	1
240	241	1
48	49	1
48	48	1
161	207	1
84	115	1
102	188	1
13	18	1
140	155	1
145	146	1
145	191	1
16	16	1
190	193	1
84	85	2
83	112	1
71	232	1
23	26	1
130	166	2
128	128	1
34	139	2
5	135	1
238	238	1
137	156	1
34	34	1
105	122	2
24	25	1
132	135	1
180	191	1
136	139	1
187	187	1
107	115	1
231	231	1
152	154	1
22	123	1
103	103	1
119	121	1
63	63	1
224	224	1
135	135	2
75	75	1
124	124	1
126	129	1
22	96	1
43	169	1
39	39	1
197	198	2
208	214	1
28	37	1
159	219	1
26	72	1
190	195	1
86	128	1
25	45	1
11	88	1
186	186	1
116	125	1
85	86	1
195	196	1
205	206	1
156	156	1
107	168	1
12	13	1
163	165	1
35	36	1
18	57	1
121	224	1
199	215	1
54	55	1
96	172	1
117	117	1
18	19	1
161	161	1
58	58	1
155	156	1
52	63	1
171	172	1
171	177	1
163	204	1
