204	205	2
112	112	4
190	190	2
16	16	10
35	39	1
107	119	1
155	155	9
110	115	4
213	213	3
18	18	1
202	203	1
214	214	7
21	89	1
37	68	1
70	70	5
163	165	2
164	164	4
232	233	4
113	114	2
193	193	3
203	203	9
49	58	1
86	86	3
72	74	2
246	246	2
85	99	2
6	21	1
47	99	2
56	56	6
102	109	1
80	83	1
185	185	2
5	18	1
115	116	3
162	163	1
196	196	2
31	32	2
103	108	1
237	237	2
217	245	1
154	154	4
242	242	4
21	21	5
191	191	4
8	9	2
163	167	2
209	209	3
103	103	1
206	207	1
30	82	3
111	111	3
166	166	5
52	52	7
186	192	1
105	110	1
146	216	1
93	212	1
46	58	1
229	229	4
150	151	2
150	150	5
76	76	4
52	155	1
108	236	1
100	115	2
215	216	1
59	59	4
172	172	3
62	64	1
247	248	1
50	50	2
157	160	1
17	48	1
33	33	2
160	160	3
41	42	1
12	17	1
92	162	1
213	214	2
109	109	8
101	103	4
47	51	1
24	24	3
194	194	6
181	244	2
45	93	1
188	188	4
94	101	1
178	178	5
161	202	1
8	10	1
97	247	1
8	26	1
239	239	1
168	209	1
166	205	2
157	159	1
52	93	2
89	111	1
89	89	3
33	35	1
69	69	2
85	85	1
111	120	1
231	231	5
81	81	2
100	101	1
210	241	2
247	247	4
35	35	1
2	2	5
94	234	1
4	4	4
61	61	4
238	238	6
157	167	2
218	218	2
116	116	4
53	53	2
66	173	1
202	220	1
90	96	2
40	40	1
8	241	1
186	186	3
69	70	2
111	114	1
11	39	2
38	39	2
181	189	1
151	222	1
206	206	6
34	34	7
174	175	1
73	73	2
63	64	1
231	233	1
8	29	1
234	234	5
152	154	2
99	115	1
180	180	4
170	174	1
54	54	4
91	91	2
195	195	3
111	248	1
57	57	1
14	94	1
216	216	2
47	60	1
65	65	4
180	182	2
188	192	1
50	51	1
196	201	1
236	237	3
84	84	2
215	215	1
230	231	1
210	210	5
78	78	2
248	249	1
224	224	6
107	107	7
5	80	2
71	74	2
10	10	2
187	189	1
7	7	2
41	45	2
179	241	1
16	64	1
239	240	2
171	171	5
8	8	2
15	15	3
194	196	2
199	200	3
192	194	1
212	212	2
167	172	1
36	37	1
43	44	2
185	186	1
82	83	2
28	28	3
244	244	4
77	78	1
241	243	1
6	7	2
209	214	1
77	82	2
159	170	1
37	38	2
191	215	1
69	104	1
198	199	1
9	10	2
80	80	2
191	195	1
38	38	5
92	95	1
202	224	1
107	115	2
72	73	1
66	156	1
32	93	1
27	154	1
160	181	2
147	147	3
205	205	3
186	188	2
44	44	4
241	246	1
167	198	2
233	233	1
106	106	3
159	159	5
197	212	2
191	192	2
93	156	1
46	64	1
47	47	3
145	151	2
9	9	2
58	78	1
22	28	1
49	49	2
211	211	4
55	55	5
195	220	1
154	155	1
202	231	1
23	23	4
188	189	2
75	76	1
168	168	6
117	117	4
228	228	2
180	181	2
235	235	4
10	55	2
178	211	1
43	200	1
50	95	1
162	241	1
15	16	1
162	162	7
51	51	2
43	43	4
217	217	5
63	238	1
55	114	1
52	53	1
55	117	2
74	74	3
183	183	2
41	61	1
119	145	1
157	157	3
169	194	1
173	212	1
220	220	4
218	219	2
225	225	1
214	217	1
75	75	2
245	246	3
204	204	8
92	110	1
167	169	1
242	245	1
172	200	1
162	237	1
63	63	2
41	41	1
191	212	1
66	66	2
82	82	3
145	244	1
161	161	1
46	75	1
46	46	4
177	177	3
189	191	1
159	181	1
20	20	1
175	176	3
240	240	4
190	191	3
22	22	2
3	3	2
60	61	1
226	226	3
184	184	4
71	72	2
26	26	7
92	99	1
64	64	4
32	33	2
32	32	3
216	218	1
241	242	3
45	45	4
35	47	1
114	114	3
31	61	1
60	60	5
219	219	2
110	112	1
117	118	1
6	56	1
105	106	5
178	179	1
98	98	4
11	11	4
191	196	1
199	215	1
77	77	2
70	105	1
58	58	2
153	153	4
62	65	1
65	66	3
17	17	1
173	192	1
63	75	2
162	180	1
39	39	1
16	17	2
38	49	1
116	117	1
12	12	4
95	96	3
222	222	3
157	170	3
183	188	1
17	19	2
116	232	1
242	243	1
153	154	2
90	91	4
230	232	1
115	208	1
153	157	1
174	174	5
28	52	1
24	56	1
14	14	4
225	240	1
197	246	1
84	162	1
24	28	2
80	169	1
245	245	2
6	6	1
57	58	3
146	147	1
169	169	2
90	90	1
115	118	2
8	46	1
243	243	2
48	49	1
53	117	1
16	45	1
18	19	2
168	174	1
157	178	1
20	34	1
177	178	1
61	67	1
228	229	2
176	177	3
92	93	1
178	181	1
49	51	1
160	168	1
116	238	1
198	205	1
223	224	1
162	234	1
177	237	1
27	27	2
196	199	2
236	236	3
155	156	1
157	165	1
214	215	1
168	169	2
1	235	1
89	93	1
26	41	1
94	94	2
94	95	1
153	182	1
161	197	2
163	197	1
73	74	2
207	207	6
79	79	1
156	179	1
92	92	2
166	171	1
21	22	1
177	207	1
223	223	2
203	206	1
202	214	1
165	166	1
93	95	1
108	150	1
114	115	2
96	96	2
99	109	1
44	94	1
113	113	2
82	116	2
1	7	1
156	156	3
156	157	1
194	195	2
207	208	1
79	80	2
151	161	1
156	191	1
78	110	1
39	60	1
68	235	1
46	67	2
23	101	1
108	108	2
170	170	3
161	178	1
12	27	1
42	42	3
1	29	1
209	213	1
188	190	1
1	1	3
163	163	1
216	217	1
4	5	1
175	175	3
170	175	2
102	102	1
159	217	2
157	158	1
36	36	1
187	188	1
94	100	1
158	158	2
157	172	1
207	226	1
230	230	1
33	92	1
37	37	1
241	241	1
101	106	1
181	208	1
197	197	4
182	182	3
160	175	1
208	213	2
181	181	4
201	202	1
14	46	1
50	74	1
150	156	2
220	243	1
152	159	1
161	168	1
200	200	2
62	63	1
224	226	1
71	71	1
10	32	1
159	163	1
166	167	1
151	151	2
169	240	1
194	201	1
15	32	1
78	79	1
155	246	1
62	78	1
25	25	3
248	248	1
85	87	1
88	89	1
189	189	1
176	176	2
197	218	1
37	46	1
91	96	1
240	247	1
48	96	1
201	201	1
28	31	1
202	202	2
221	222	2
182	223	1
95	97	1
76	240	1
186	187	1
244	245	1
197	201	1
40	41	1
24	40	1
115	115	1
221	221	1
6	9	1
68	69	2
196	200	1
74	87	1
38	227	1
85	112	1
177	184	1
192	193	1
199	199	2
163	211	1
63	74	1
242	244	2
159	164	1
174	194	1
106	108	1
212	214	3
104	104	1
208	209	1
232	234	1
35	60	1
34	35	2
54	55	2
195	196	1
58	59	1
167	168	1
94	119	1
15	56	1
33	34	1
29	29	3
164	165	1
19	19	2
6	96	1
224	227	1
67	67	1
103	105	1
93	93	2
6	92	2
183	184	2
224	247	1
47	73	1
15	31	1
72	78	1
24	25	2
176	190	1
3	16	1
143	143	1
55	235	1
225	226	1
65	73	1
110	110	5
99	100	1
193	241	1
159	165	1
9	195	1
207	220	1
120	144	1
50	98	1
210	242	1
151	194	1
165	241	1
43	50	1
205	228	1
222	223	1
177	218	1
175	245	1
181	182	1
186	200	1
23	24	1
90	95	1
115	207	2
165	165	1
31	31	1
119	119	1
117	207	1
33	54	1
209	244	1
95	95	1
45	46	1
156	235	1
80	85	1
15	52	1
170	171	1
71	73	1
101	101	1
93	94	1
166	245	1
30	30	2
149	150	1
118	120	1
37	164	1
58	91	1
28	29	1
87	87	1
36	212	1
96	97	1
52	114	1
83	83	1
163	164	1
91	93	1
167	167	2
49	50	1
209	212	1
243	245	1
107	114	1
