83	83	6
165	165	3
110	110	7
157	157	6
124	132	1
88	88	2
147	147	5
86	86	4
28	28	2
102	103	1
77	77	4
134	135	6
168	168	3
95	96	3
151	151	3
56	56	3
152	152	3
91	92	4
39	39	3
65	78	2
55	63	4
90	91	5
37	41	2
36	59	1
87	88	3
124	124	5
181	181	7
61	61	2
149	149	2
97	98	4
72	78	1
28	29	2
29	35	1
34	37	1
44	66	1
67	68	3
62	62	4
74	74	6
23	57	1
148	154	1
6	6	4
120	121	2
188	189	2
96	98	4
91	157	1
188	190	1
16	16	3
119	130	1
70	84	1
164	167	2
170	174	2
17	17	4
85	85	2
114	117	1
136	137	2
54	54	5
104	105	5
127	184	1
189	189	4
19	20	6
100	103	1
122	123	1
187	187	2
63	63	2
37	43	2
22	22	2
107	108	4
31	35	1
70	70	1
187	188	2
132	181	2
42	43	1
166	166	4
77	152	1
141	143	3
145	145	1
66	82	1
86	87	1
5	5	7
171	171	3
42	42	6
64	81	2
60	61	3
53	53	5
29	29	3
144	172	1
27	27	6
120	137	1
184	184	8
140	140	4
83	87	1
110	112	1
119	136	1
153	153	4
48	48	3
138	138	6
162	163	1
6	8	4
115	150	1
163	164	2
131	131	5
25	25	5
113	188	2
168	187	1
90	90	4
32	34	1
38	38	4
161	162	1
148	151	3
173	173	6
79	89	1
143	143	3
153	154	1
65	171	1
78	79	4
23	23	8
45	45	5
145	147	1
87	124	4
119	138	1
41	41	12
169	189	2
1	2	3
130	148	2
148	150	3
4	5	6
80	80	3
137	137	3
129	129	2
1	1	6
60	60	2
27	29	2
148	148	7
176	176	3
128	145	1
108	154	1
43	47	1
163	163	2
114	132	1
34	34	1
113	113	4
144	173	1
2	2	4
40	40	3
96	97	3
76	76	3
128	128	3
55	55	3
5	6	3
65	67	1
96	96	4
98	98	8
103	104	1
59	62	1
180	185	1
157	185	1
78	78	3
150	150	6
135	136	2
142	142	2
75	76	1
138	139	5
107	112	1
163	180	1
94	94	3
56	57	1
108	130	2
13	22	2
6	48	1
101	101	4
147	155	1
44	45	1
60	63	3
115	138	1
156	156	2
84	120	2
152	154	1
117	118	1
81	81	3
135	135	5
99	101	1
76	77	3
73	74	1
100	100	3
154	154	6
154	166	3
107	120	1
127	133	2
95	95	3
172	172	3
188	188	2
8	8	5
130	149	1
117	117	3
144	155	1
3	4	1
77	151	1
123	123	1
169	184	1
31	32	2
58	58	4
114	114	2
26	27	4
132	175	2
139	140	2
168	173	1
183	184	4
13	18	1
109	109	2
91	133	2
27	33	2
53	60	1
164	165	4
70	72	1
172	173	1
7	7	3
8	27	2
13	27	2
99	99	2
132	133	1
88	89	3
91	91	4
173	174	3
80	95	1
74	84	1
41	62	2
110	187	1
174	186	2
109	110	2
113	123	1
31	31	1
146	146	2
144	150	1
155	176	1
3	39	1
12	18	1
89	89	5
102	102	1
126	128	1
87	87	4
182	182	1
37	37	2
25	99	2
63	64	1
97	99	1
21	21	4
85	86	2
186	186	3
38	48	1
23	24	3
113	189	1
178	178	3
24	38	1
12	48	1
74	88	2
118	150	1
10	36	1
22	24	1
11	38	1
166	168	1
80	99	1
20	20	2
162	164	1
10	13	1
105	105	1
13	26	2
106	106	1
148	174	1
115	116	1
108	108	1
118	118	1
62	66	1
161	161	3
178	180	1
126	134	1
94	142	2
74	76	1
0	0	2
43	49	1
185	186	2
24	87	2
165	180	2
140	141	1
66	86	1
75	75	1
44	44	3
94	96	1
107	107	2
160	160	3
118	122	1
94	97	1
18	18	2
92	128	2
116	147	2
103	103	6
119	119	1
14	14	3
82	105	1
59	64	1
102	110	1
101	102	2
41	42	2
130	130	1
129	156	1
151	152	1
155	155	2
37	38	3
16	19	1
20	25	1
99	100	1
15	16	1
46	46	2
169	169	5
23	38	1
24	24	2
130	189	1
146	147	2
83	84	1
54	60	2
134	181	1
133	183	1
10	10	2
46	184	1
127	127	1
140	153	1
11	11	4
111	111	1
142	143	3
7	37	1
47	48	1
100	113	1
182	183	3
18	19	2
14	33	1
39	40	3
70	71	1
141	142	1
177	179	2
122	122	2
20	22	1
15	15	2
95	117	1
71	74	1
19	19	2
141	184	1
65	65	1
45	47	1
6	7	1
82	82	2
177	177	1
79	79	2
43	46	1
125	147	1
157	158	2
72	105	1
17	28	1
38	39	1
34	36	1
120	120	2
30	33	1
154	187	1
14	28	1
73	73	1
113	187	1
10	11	2
139	139	4
156	157	1
185	185	2
142	150	1
167	186	1
32	33	4
82	106	1
132	136	2
169	185	1
104	108	1
127	128	2
4	7	2
149	182	2
110	137	1
126	127	1
35	35	1
113	118	1
17	21	1
59	59	1
115	121	1
147	148	3
186	187	1
41	89	1
150	151	1
23	68	1
89	90	1
56	122	1
157	162	1
73	85	1
147	156	1
104	106	1
6	11	1
1	30	1
12	13	2
42	44	1
64	65	1
126	126	1
66	66	2
137	189	2
101	109	1
81	82	1
148	187	1
13	14	2
7	39	2
163	179	1
30	30	1
119	122	1
171	178	1
106	107	1
99	111	1
145	177	1
105	118	1
129	130	1
3	7	1
117	146	1
68	84	1
43	73	1
47	47	1
156	161	1
56	102	1
41	77	1
82	83	1
182	187	1
161	164	1
102	120	1
114	115	1
117	138	1
153	189	3
27	28	1
61	62	1
43	70	1
7	19	1
124	125	1
12	52	2
72	72	1
42	65	1
161	163	1
57	121	1
71	84	1
125	136	1
28	40	1
24	90	1
13	13	3
148	149	2
149	153	1
77	89	1
81	93	1
161	183	1
125	125	1
109	152	1
177	180	1
19	143	1
19	26	2
68	68	1
98	99	1
181	190	1
158	180	1
120	122	1
162	162	1
93	103	1
183	185	1
183	183	1
127	131	1
117	121	1
122	125	1
137	138	1
84	84	1
39	42	1
164	164	2
124	148	1
121	136	1
26	26	1
119	135	1
170	171	1
8	13	1
145	172	1
93	93	1
126	190	1
190	190	2
143	186	1
105	111	1
150	156	1
137	139	1
116	116	1
104	104	1
119	139	1
73	84	1
156	186	1
2	6	1
134	134	1
55	59	1
67	67	1
9	13	1
130	139	1
59	60	1
