139	139	12
7	8	9
171	171	41
16	16	18
28	28	13
128	129	4
14	14	45
8	8	41
35	35	26
162	162	21
32	33	21
32	32	26
26	26	16
135	135	10
52	52	5
2	12	6
6	7	1
122	123	7
126	126	15
105	106	11
7	10	5
101	101	14
59	110	3
5	5	37
67	67	17
156	158	3
60	60	8
154	180	12
161	162	13
177	177	9
73	99	3
91	94	6
127	150	2
159	159	33
92	93	3
38	38	20
165	166	3
43	44	10
25	27	6
26	27	16
93	94	1
127	128	7
66	66	8
76	76	17
161	161	7
9	10	3
86	97	3
1	2	15
86	87	6
150	150	9
24	24	27
121	123	3
95	95	18
71	71	31
43	43	29
77	77	5
3	75	3
93	93	17
3	3	14
17	18	4
169	169	12
119	120	5
172	173	6
18	18	32
168	168	11
64	64	23
17	27	6
29	29	22
103	104	5
52	54	3
22	22	32
78	78	9
83	83	14
58	58	2
166	166	8
36	36	27
96	114	4
167	179	2
81	81	19
81	98	8
31	39	8
120	120	21
50	50	9
126	136	10
145	145	26
8	9	14
10	43	4
99	99	8
130	130	16
143	144	2
4	13	2
103	103	20
146	147	4
13	13	19
54	122	5
117	117	9
81	138	4
45	45	20
42	42	26
176	176	16
7	43	4
33	33	23
11	12	10
178	178	27
45	46	5
160	160	5
1	12	2
156	180	2
145	146	7
53	54	10
27	27	18
18	19	16
97	98	4
90	91	12
124	124	19
149	149	9
113	113	10
22	32	3
161	168	6
61	64	2
96	176	5
151	151	12
2	2	37
2	3	19
140	140	18
129	130	10
100	110	2
113	117	1
155	155	16
28	30	8
6	9	3
21	21	10
39	45	9
114	116	3
107	107	11
10	36	5
147	147	13
121	121	22
41	41	29
117	120	3
114	115	8
85	85	13
1	8	5
12	25	3
163	163	5
25	25	22
18	151	3
157	157	11
8	45	5
3	4	25
119	121	4
32	89	7
68	68	16
15	15	12
1	1	6
101	110	4
65	66	6
2	4	9
95	175	2
105	105	14
20	20	10
36	44	3
31	31	29
26	28	2
9	9	21
114	140	3
90	90	7
10	10	28
16	21	4
54	54	16
31	44	4
7	7	12
154	156	3
179	179	7
18	37	1
40	41	1
63	63	11
83	84	4
96	96	9
98	110	3
44	44	18
73	101	5
91	91	14
172	172	5
3	9	2
98	98	21
159	178	3
19	147	4
84	84	11
146	146	7
34	34	21
174	175	2
12	13	5
154	154	26
153	153	11
55	57	3
15	32	1
10	13	6
10	32	5
167	167	28
87	87	14
6	157	3
41	42	12
6	6	34
5	11	8
3	12	14
133	133	20
86	102	4
158	158	9
83	107	5
129	129	9
100	100	5
23	23	24
10	45	2
12	12	21
173	174	6
138	138	7
128	163	2
114	114	14
158	180	8
113	116	1
4	4	21
84	85	12
39	39	37
116	116	10
74	74	5
132	132	12
21	23	2
25	166	5
11	11	26
139	141	3
73	74	4
118	118	4
97	97	28
41	43	5
162	164	7
36	37	3
92	94	9
82	108	6
112	112	11
40	40	14
59	59	8
16	23	3
7	11	4
120	127	3
54	94	3
17	17	17
96	97	6
7	21	2
61	61	7
57	57	7
65	73	3
153	168	2
14	15	9
152	152	4
8	11	2
16	19	2
104	106	6
156	157	8
56	56	4
169	175	3
165	165	4
104	105	1
55	56	4
109	110	8
136	153	2
163	164	4
19	19	12
28	29	4
176	177	4
106	106	10
16	40	2
148	148	19
80	80	10
173	173	18
162	180	2
154	155	7
4	5	2
125	125	15
19	20	9
10	29	4
83	108	1
117	118	5
16	17	4
30	31	7
112	116	3
134	134	10
24	25	8
156	156	6
150	161	4
33	42	1
24	39	1
12	24	6
103	107	1
42	43	9
30	30	19
159	168	3
72	99	4
9	35	4
114	118	5
72	74	3
39	42	6
115	115	6
11	15	4
168	169	4
37	38	9
88	89	4
111	111	6
54	90	1
29	31	3
61	62	5
123	125	1
75	180	1
51	51	10
164	168	2
122	122	6
141	141	20
96	102	1
41	44	5
86	86	3
134	135	2
164	165	11
73	73	20
155	156	9
50	83	2
119	169	3
76	96	5
31	59	6
118	154	1
89	98	5
32	35	2
151	153	6
19	170	1
13	15	10
22	23	10
145	147	1
102	102	9
166	174	7
91	106	2
151	152	7
17	30	2
158	159	7
24	26	6
89	89	6
170	171	5
143	160	8
0	16	3
4	62	4
3	13	6
77	83	2
15	42	4
143	143	6
152	165	4
0	0	6
63	64	10
147	148	4
72	100	1
83	87	4
16	41	2
50	51	5
107	108	1
9	15	2
28	33	3
39	40	4
136	155	5
142	142	11
152	156	3
125	176	3
112	115	3
7	13	4
149	179	3
81	82	5
136	154	1
62	63	5
174	174	20
76	122	1
79	79	7
110	154	3
5	9	5
7	9	5
123	150	2
27	29	1
15	31	2
33	34	6
42	65	2
78	83	2
34	35	2
3	6	5
137	138	2
5	6	11
120	150	1
127	127	9
81	111	2
5	15	2
2	32	3
3	7	2
132	142	6
0	1	3
128	162	1
131	131	12
12	67	4
121	122	2
135	136	3
142	143	3
2	39	2
21	41	2
177	179	3
18	62	1
40	42	2
137	137	9
136	152	2
132	140	5
29	30	2
26	31	1
159	160	1
75	75	8
5	16	2
124	125	5
33	35	7
126	132	3
91	92	4
172	174	4
72	72	6
75	127	2
122	125	4
98	158	1
159	180	4
77	100	4
83	85	3
33	38	1
123	123	9
3	8	1
61	74	2
94	132	1
151	156	1
1	5	2
144	144	5
35	38	6
42	44	3
107	125	1
4	15	5
1	17	1
37	37	29
39	41	5
24	34	3
61	67	3
3	10	4
130	172	2
11	24	6
75	128	3
152	153	1
18	20	2
2	42	1
37	42	1
89	90	4
152	155	1
113	114	4
160	162	2
30	42	2
105	107	5
110	111	1
2	9	1
8	14	3
115	116	4
167	173	1
82	82	8
73	100	2
88	92	3
9	30	3
113	115	2
14	135	3
126	158	2
94	94	7
130	160	4
131	141	1
62	67	2
113	144	1
18	25	3
149	176	2
74	180	4
109	156	1
30	45	4
100	101	3
101	155	2
27	28	6
128	131	1
70	70	1
170	170	7
88	88	6
53	121	4
31	43	2
39	44	1
62	62	2
119	119	3
72	73	2
53	53	3
16	43	2
88	91	2
26	40	3
35	44	6
31	32	1
163	169	2
16	45	5
32	82	7
114	117	4
5	13	1
154	157	2
6	31	2
14	22	4
10	33	6
1	16	2
10	25	3
6	151	3
0	24	1
20	21	4
12	31	1
16	63	1
149	150	2
76	86	2
136	151	5
98	152	3
124	133	8
99	100	3
26	58	1
56	57	4
70	143	3
84	86	2
4	16	4
141	147	3
17	19	2
169	170	8
95	103	6
136	136	9
6	152	1
27	39	2
132	133	4
2	7	3
2	6	7
120	153	1
13	14	3
4	8	2
86	106	3
133	134	4
132	134	2
6	41	1
29	38	2
55	55	9
104	119	4
72	76	2
115	117	2
65	65	3
62	134	1
123	130	1
143	145	1
71	72	2
161	166	5
171	178	3
15	101	3
162	178	9
18	45	1
180	180	1
144	145	3
60	61	1
20	154	1
52	111	1
50	81	1
6	42	1
21	29	1
10	11	4
45	50	1
90	103	2
38	40	1
128	128	1
108	109	1
12	14	4
77	123	1
64	66	2
24	65	1
23	29	2
6	10	3
21	30	2
0	139	2
7	42	1
133	138	1
159	161	2
73	152	2
136	156	1
18	24	5
12	40	2
167	175	3
76	77	2
111	112	3
135	157	4
46	46	2
59	91	2
76	89	1
144	150	1
18	23	1
90	93	3
24	31	3
9	25	1
104	104	7
25	36	1
110	110	3
37	41	2
157	158	5
32	34	2
23	28	2
150	159	1
57	123	4
154	178	2
90	104	2
15	16	2
126	140	1
5	44	2
25	26	1
90	100	1
132	150	1
15	41	2
119	129	2
73	154	1
1	20	1
8	151	3
50	107	2
16	61	1
123	176	1
151	176	2
159	162	1
152	166	2
11	31	2
59	60	1
15	38	2
120	121	1
168	180	1
19	21	1
58	59	1
147	151	1
19	155	2
109	111	1
44	45	1
109	109	1
18	41	1
118	121	2
21	32	2
3	33	1
36	40	1
22	30	1
6	8	1
175	178	2
104	109	1
10	15	2
5	7	1
66	67	1
5	42	1
80	101	2
98	126	1
1	10	1
147	162	1
107	142	2
4	46	1
50	55	1
18	43	1
102	107	2
31	35	1
78	79	1
32	86	1
170	176	2
12	15	1
13	62	1
19	45	1
79	81	1
124	137	1
23	33	1
115	132	1
160	161	1
148	175	1
98	159	1
131	132	3
96	132	2
62	68	1
13	31	1
2	11	1
124	159	1
109	112	1
23	35	1
17	22	1
147	175	1
3	11	1
50	108	1
96	99	1
