159	159	8
119	119	9
199	199	3
206	206	8
235	235	9
182	191	1
210	215	2
188	192	5
178	189	3
39	39	4
200	200	4
8	9	1
65	65	6
19	49	1
187	187	15
215	215	3
61	61	2
106	107	3
29	31	2
174	174	9
74	107	2
164	171	1
118	119	3
220	220	4
99	117	1
168	180	1
27	28	1
241	241	8
47	61	1
243	245	4
195	196	4
244	245	6
183	184	5
111	111	6
24	24	4
85	85	8
26	27	5
25	177	1
162	163	3
1	1	2
67	67	1
106	106	3
27	27	4
162	162	10
96	103	2
80	84	3
11	207	1
158	158	3
98	108	2
177	205	1
61	102	2
195	195	4
46	47	4
75	75	4
93	93	4
171	197	1
199	207	1
174	243	2
184	203	3
211	214	3
189	189	6
202	202	5
91	91	4
111	113	1
49	49	8
194	218	1
45	45	4
232	232	7
74	74	5
78	78	5
178	183	1
76	76	7
94	95	1
213	215	5
72	72	4
99	99	7
52	55	1
223	223	1
164	183	1
190	190	4
10	10	7
164	164	6
238	238	6
199	200	6
208	208	2
177	177	7
197	220	2
172	172	6
114	115	4
237	238	2
67	78	1
198	221	2
215	217	2
217	217	4
31	33	3
168	168	6
229	229	4
104	104	5
144	183	1
187	199	1
78	79	3
188	189	5
214	215	2
180	181	2
177	191	1
39	44	2
110	110	2
116	147	2
239	239	10
42	42	5
192	192	7
207	207	6
112	112	7
147	147	6
63	66	6
65	66	5
174	233	3
79	79	1
56	62	1
152	152	3
64	64	6
14	213	1
181	181	7
102	119	1
198	198	9
82	84	2
198	199	3
216	217	1
152	176	1
108	108	6
9	9	3
172	200	1
5	5	5
181	244	1
194	194	14
44	44	3
86	100	2
205	205	4
162	169	1
25	26	1
176	192	1
225	227	1
16	16	2
95	107	1
171	178	2
162	167	2
50	98	1
174	175	2
234	235	3
184	184	4
94	94	4
186	186	6
145	168	2
51	62	1
237	237	6
47	100	2
227	227	6
52	68	1
154	154	4
57	117	1
203	203	7
48	173	1
59	71	1
52	58	2
230	234	2
67	105	1
64	78	1
244	244	8
155	155	5
50	50	7
168	169	2
238	239	2
153	160	1
156	224	1
194	195	2
169	169	4
6	8	1
157	157	2
18	18	4
14	82	3
183	183	5
216	220	2
210	245	1
11	13	1
33	33	1
149	149	1
49	75	1
167	169	1
30	152	3
76	101	1
191	191	1
80	80	5
164	165	2
151	151	5
165	166	3
37	37	4
49	50	5
167	167	9
96	97	3
34	34	3
204	204	3
80	98	2
40	40	3
211	212	3
19	76	1
97	97	4
69	70	4
52	52	2
117	118	6
16	23	1
81	82	3
115	116	4
216	216	4
165	165	8
13	243	3
170	232	1
238	242	2
117	117	11
5	113	3
212	212	7
238	241	3
217	219	1
48	48	4
89	90	1
8	36	2
60	60	3
61	62	2
108	109	8
47	47	8
40	57	1
110	111	2
173	173	4
36	42	2
39	40	2
48	118	2
221	226	1
196	196	4
213	213	6
158	160	2
197	199	1
32	241	2
55	65	1
22	22	2
178	179	4
200	201	2
162	175	2
59	60	1
219	223	1
161	208	2
108	238	2
239	240	2
183	195	1
234	234	2
184	196	2
171	171	5
145	198	2
240	241	6
232	233	3
190	192	4
77	87	1
182	182	4
47	48	1
99	102	2
35	66	2
38	53	1
45	58	1
201	201	3
116	204	1
239	245	1
240	240	4
176	181	3
208	226	2
99	100	3
51	73	1
160	160	4
69	69	3
208	209	1
14	15	2
90	91	3
100	101	3
1	9	4
163	164	2
175	175	7
43	43	5
67	94	1
96	98	2
178	178	8
242	243	4
113	113	6
247	247	7
86	86	7
178	186	2
186	190	1
188	191	1
92	92	6
56	57	1
104	105	3
84	84	5
91	104	1
176	193	1
16	24	1
206	207	1
58	58	2
47	88	3
166	240	2
35	35	2
163	163	7
60	108	1
225	225	1
68	68	4
203	218	1
112	176	1
40	117	2
38	39	1
77	99	3
14	14	1
193	195	1
212	221	3
68	69	5
102	103	1
102	102	1
238	240	1
179	179	1
3	3	1
188	188	3
219	219	6
222	223	2
189	190	4
233	234	3
176	179	2
183	214	1
163	165	2
38	99	1
160	161	1
68	106	2
145	145	3
184	192	2
96	96	8
92	93	4
63	64	1
107	172	2
165	167	1
220	231	1
83	108	1
86	104	1
32	32	3
177	216	3
58	63	1
210	212	1
36	44	1
101	108	1
62	63	2
99	105	1
191	214	1
186	233	1
152	153	2
197	197	6
73	73	1
218	220	2
36	38	1
218	218	1
61	63	1
227	243	1
17	17	2
246	247	2
87	87	3
186	188	4
210	210	3
75	97	1
72	73	4
81	84	1
55	56	2
95	96	1
193	193	6
109	186	2
175	191	1
158	166	1
227	228	1
155	156	3
30	30	2
95	95	1
236	237	1
79	80	4
100	100	2
32	45	1
97	98	3
34	35	1
173	183	1
161	211	1
209	209	4
71	71	2
205	206	3
88	89	3
65	99	1
163	179	2
192	200	2
103	106	1
77	82	2
11	12	2
23	23	2
236	236	2
20	26	1
54	58	1
191	237	2
226	247	1
188	213	2
77	78	2
185	192	3
169	238	2
33	34	2
44	45	1
78	119	1
114	114	4
10	223	2
150	150	5
214	214	4
89	89	4
190	193	3
121	149	1
169	170	1
57	59	2
230	231	1
221	222	1
31	225	1
101	101	2
189	191	1
213	214	4
105	172	1
23	24	2
212	214	1
183	239	1
45	53	2
179	180	2
4	4	2
152	166	1
103	104	1
70	113	1
183	188	3
59	109	2
229	230	3
158	159	1
197	198	4
189	192	3
109	110	2
186	187	3
86	99	2
238	247	1
228	229	1
145	160	1
190	191	1
76	111	1
226	227	2
26	26	2
120	120	1
59	59	2
198	200	3
99	108	1
191	192	1
176	176	3
217	218	2
72	111	1
12	12	2
103	103	1
101	103	1
161	161	2
116	180	1
83	83	2
170	171	2
182	183	2
12	116	1
105	105	6
112	146	1
187	197	1
15	28	1
37	184	1
55	55	4
10	18	1
108	246	1
67	108	1
170	196	1
41	222	2
107	113	1
171	199	1
52	54	1
31	31	2
18	20	1
232	238	2
30	34	2
243	244	3
82	83	2
191	215	1
180	180	3
230	230	2
63	63	5
76	77	2
176	178	1
7	7	2
40	68	1
15	225	1
170	170	2
50	75	1
187	188	5
185	191	1
208	210	1
11	11	2
39	66	1
107	107	1
20	20	2
167	170	1
0	0	1
72	110	1
175	177	1
190	218	2
100	102	1
31	43	1
4	164	2
211	213	1
43	44	1
187	189	1
80	82	1
197	227	2
166	171	1
3	31	1
205	235	1
97	151	2
245	246	5
118	118	1
245	245	2
73	74	1
5	105	1
8	32	1
172	173	3
174	246	1
206	213	3
40	41	2
74	75	1
70	87	1
98	98	2
221	225	2
77	98	2
183	186	1
82	90	1
119	242	2
57	57	1
63	109	1
59	63	1
109	109	3
60	115	1
102	114	2
65	67	1
173	232	1
77	77	5
199	227	1
174	224	1
42	43	1
33	107	1
58	99	2
243	243	2
154	172	1
209	223	1
153	208	1
4	14	1
21	23	1
187	198	1
51	51	3
71	112	1
152	154	1
193	194	5
194	198	1
163	175	1
176	216	1
84	112	1
6	81	1
32	93	1
87	88	3
54	54	4
166	239	1
16	227	1
211	211	1
115	145	1
248	248	1
163	170	4
42	113	1
247	248	2
157	158	3
216	218	2
193	207	1
50	102	1
90	115	1
160	166	1
42	46	1
29	30	1
186	193	2
21	21	2
87	89	2
176	244	1
212	227	2
59	94	1
72	76	1
10	201	2
81	180	2
225	226	2
68	86	2
66	66	1
72	81	1
160	206	1
56	56	2
222	222	3
113	114	2
201	219	1
189	209	1
146	170	1
95	106	1
52	92	1
63	199	2
19	19	1
113	244	1
233	249	1
226	234	1
186	191	1
192	216	2
235	241	3
71	116	1
160	190	1
32	47	1
228	242	1
2	14	1
80	83	1
3	36	1
174	176	2
31	89	1
92	188	1
160	216	1
55	97	1
115	115	2
213	221	1
158	177	1
161	241	1
6	6	3
71	74	1
98	100	1
149	150	1
210	211	1
56	105	1
93	94	1
87	90	1
51	79	2
5	103	1
63	110	1
177	199	1
147	223	2
62	89	1
49	69	1
95	113	2
164	166	1
176	237	1
162	164	1
58	62	2
195	219	1
25	25	1
149	175	1
9	10	1
72	74	1
87	91	1
173	174	1
185	185	2
168	233	2
181	184	1
82	82	2
69	86	1
179	182	1
40	42	1
88	88	2
161	162	1
53	54	1
10	32	1
156	156	1
53	55	1
5	112	1
50	59	1
180	192	1
74	84	1
71	76	1
68	95	1
12	39	1
85	112	1
73	90	2
34	61	1
50	51	1
49	100	1
45	46	1
209	243	1
116	116	1
75	95	1
21	106	1
231	233	1
58	61	1
10	193	1
80	81	2
113	115	1
229	232	1
192	215	2
156	180	1
75	80	1
101	104	1
218	219	1
94	100	1
196	249	1
101	110	1
234	236	1
167	168	1
190	234	1
57	91	1
246	246	1
57	58	1
185	189	1
85	95	1
2	2	1
75	86	1
160	188	1
172	211	1
165	177	1
6	40	1
231	232	1
162	165	1
116	179	1
86	88	2
192	210	1
184	207	1
76	86	1
172	225	1
51	67	1
157	160	1
24	237	1
85	86	1
16	29	1
59	83	1
34	58	1
111	147	1
11	14	1
50	91	1
66	99	1
173	247	1
19	20	1
215	218	1
49	105	1
65	73	1
157	175	1
86	87	1
4	5	1
67	70	1
221	221	1
64	71	1
158	170	1
39	41	1
72	120	1
154	214	1
19	57	1
154	166	1
15	15	1
57	90	1
