31	31	9
64	66	2
32	32	5
54	54	11
0	0	4
91	91	3
120	121	2
67	67	7
16	16	4
3	3	5
106	118	1
15	15	7
89	90	1
18	18	6
132	132	2
57	64	1
19	23	2
27	33	1
132	133	1
90	93	2
88	92	1
29	31	2
91	99	2
75	75	2
21	23	1
79	79	3
94	94	4
133	133	2
13	13	4
22	23	3
100	100	4
43	44	5
50	50	4
72	97	3
111	111	3
40	43	1
125	126	1
86	118	3
106	108	3
76	76	9
108	108	6
44	44	5
115	119	1
108	111	1
53	53	5
45	46	1
0	8	1
71	71	9
91	107	1
24	24	1
106	109	1
99	99	4
93	94	3
23	23	3
84	84	2
53	54	3
49	49	10
93	93	2
67	97	3
83	85	2
42	44	3
56	56	5
0	1	3
63	64	2
48	49	7
73	96	1
125	130	5
7	7	5
67	68	4
112	112	5
75	76	1
121	121	2
76	77	1
89	89	1
2	5	1
85	85	4
29	58	1
25	27	2
95	95	2
72	73	3
1	41	2
21	21	2
30	30	4
78	78	7
52	52	3
123	123	5
14	18	2
40	40	7
25	26	3
14	14	4
97	98	6
48	48	5
26	27	5
33	33	10
20	23	2
68	68	2
19	19	3
61	62	4
104	104	5
98	98	5
1	10	1
82	84	3
58	65	1
122	122	6
39	61	3
61	63	2
34	41	1
113	114	4
84	85	1
128	128	3
59	61	2
58	61	1
12	14	2
76	84	2
69	70	2
22	22	5
86	106	4
126	126	2
56	88	1
109	110	3
114	118	2
126	127	1
120	120	12
20	20	2
3	16	1
124	124	2
99	100	1
112	132	1
129	129	6
118	118	6
76	80	1
128	129	1
125	128	2
103	103	4
105	106	1
26	26	4
69	69	5
117	125	1
101	127	2
33	43	1
86	108	1
57	61	1
70	94	1
90	102	4
13	20	2
57	57	4
114	116	2
92	114	1
96	96	5
87	88	1
98	106	1
6	6	5
12	12	4
39	41	1
44	45	2
17	33	1
83	83	5
41	41	8
127	127	1
69	94	3
96	98	3
29	39	3
117	118	1
60	77	1
6	8	1
38	38	3
59	63	1
92	93	1
110	117	1
14	15	1
0	11	2
51	51	4
91	92	2
110	110	2
102	103	2
54	90	1
83	84	2
124	132	1
45	45	4
101	101	4
80	83	1
87	87	4
29	48	1
10	10	3
109	114	1
54	55	6
117	117	2
39	39	5
47	47	4
65	65	1
71	75	3
11	11	3
82	93	1
1	1	4
109	109	1
94	95	1
32	42	1
50	51	2
39	43	2
131	131	3
0	2	1
29	41	2
21	22	2
116	116	1
17	17	3
11	12	2
113	113	3
10	50	2
13	14	2
33	34	2
120	132	1
114	115	4
50	55	1
15	17	1
49	50	1
65	128	1
18	23	1
108	110	1
105	124	1
28	39	1
101	102	1
127	128	1
42	43	1
8	51	1
63	67	1
63	68	1
78	82	1
126	129	1
62	63	3
104	105	3
26	31	1
2	2	4
34	34	4
88	90	2
27	27	2
24	33	1
123	124	2
46	48	2
32	50	1
65	126	1
85	95	1
1	3	1
28	28	2
73	73	4
84	96	1
62	62	4
20	54	1
126	128	1
90	90	3
60	76	1
30	32	1
62	69	1
52	53	2
65	66	1
2	6	1
59	59	1
43	45	2
79	80	2
75	78	1
81	81	1
129	130	1
60	60	6
102	102	4
117	124	2
91	93	2
77	77	2
18	24	2
89	93	1
46	46	2
23	33	1
52	54	2
31	32	1
11	118	1
37	38	1
78	81	1
89	92	1
43	48	1
38	39	4
111	114	2
58	58	2
23	24	1
54	124	1
88	93	1
29	34	1
8	8	4
125	127	1
16	39	1
5	5	1
103	127	2
74	74	1
24	34	1
12	15	1
49	53	1
43	43	2
29	29	2
100	101	1
86	87	1
124	130	1
7	8	3
9	10	1
41	44	1
94	118	3
31	33	1
54	89	1
66	67	1
82	82	1
111	118	1
115	116	2
61	70	1
12	83	1
20	24	1
53	58	1
126	130	1
14	16	1
54	57	1
15	20	1
100	104	2
48	58	1
9	52	1
15	16	2
63	63	1
72	74	1
41	42	2
125	125	2
29	30	3
112	113	1
38	40	1
68	69	2
105	105	2
70	102	1
80	80	2
84	113	2
119	119	4
82	83	2
18	19	3
77	78	1
130	130	1
124	125	1
25	25	2
125	129	1
68	75	1
66	66	1
19	32	1
10	41	1
68	71	2
34	42	1
108	114	1
113	116	1
111	112	2
60	62	1
81	82	1
60	61	1
114	119	1
4	4	2
110	111	1
42	42	1
57	69	2
90	91	1
89	91	1
28	29	3
18	34	2
74	90	1
4	32	1
27	55	1
87	89	1
0	21	1
46	56	1
47	48	1
114	114	1
72	72	1
51	53	1
115	115	1
26	28	1
12	52	1
124	133	1
5	6	1
85	86	1
58	59	1
88	89	1
48	53	1
113	122	1
43	62	1
81	86	1
91	127	1
64	69	1
24	28	1
63	71	1
64	64	1
61	61	1
10	11	1
84	99	1
9	9	1
55	55	3
70	71	1
96	97	1
117	119	1
11	25	1
70	93	1
20	51	1
92	92	1
