5	8	1
93	93	6
63	122	1
127	140	1
113	137	1
108	152	2
154	154	5
90	112	1
95	95	6
103	103	3
71	71	5
137	157	1
106	142	1
114	114	4
125	139	3
136	136	5
1	125	1
107	107	4
47	48	1
120	120	4
105	105	5
128	128	7
17	30	2
137	139	2
118	118	1
27	29	2
67	68	1
70	78	1
11	12	4
68	95	1
6	6	2
24	24	5
50	51	2
52	52	3
143	143	2
55	78	1
14	14	3
122	123	4
51	53	1
51	130	2
76	78	1
28	28	5
91	94	2
131	131	3
96	122	2
103	105	2
22	26	1
43	43	3
137	137	2
40	42	1
26	26	1
113	115	1
11	11	3
130	138	1
23	75	2
50	50	1
31	31	5
14	15	2
82	82	2
77	78	3
26	45	2
7	107	3
79	80	3
15	16	3
97	97	1
119	147	1
8	22	1
79	79	2
19	35	1
84	117	2
28	31	1
108	108	2
133	133	2
153	153	2
112	114	1
1	1	3
64	67	2
41	41	1
98	98	3
144	145	1
9	12	1
44	44	4
7	8	7
82	88	2
113	113	3
92	92	3
154	155	1
142	142	5
23	39	1
8	9	1
53	53	2
129	129	6
152	154	1
12	156	2
141	142	1
93	113	1
121	122	1
81	115	1
14	16	2
154	156	1
145	146	2
42	42	6
103	104	2
21	82	1
38	42	1
48	48	1
77	77	3
143	144	2
69	70	2
12	16	2
37	38	1
111	117	1
126	126	5
116	116	6
29	29	5
101	101	1
17	154	1
63	63	2
21	22	2
89	97	2
131	133	1
138	158	1
111	111	2
70	96	2
138	138	3
5	98	1
132	133	1
25	28	1
131	132	3
98	110	1
10	40	2
8	17	1
137	138	2
47	56	1
113	149	1
46	47	4
20	21	1
136	137	1
18	30	1
76	79	1
149	149	1
117	120	4
104	104	2
7	10	1
6	81	1
123	125	1
12	154	1
122	122	4
31	67	1
84	85	1
141	141	3
45	45	3
77	79	1
114	119	2
129	130	2
114	115	3
80	114	1
77	81	1
89	89	1
83	83	4
152	152	1
123	123	2
146	148	2
151	151	3
0	65	1
2	17	2
77	80	2
37	37	2
26	27	1
125	125	3
54	68	1
113	114	2
72	128	1
29	35	1
94	94	3
125	126	4
24	75	2
38	38	4
156	157	1
62	63	2
112	112	1
130	130	2
13	13	1
35	38	2
13	14	2
118	119	1
71	82	1
5	32	1
69	69	1
156	156	1
148	153	1
155	155	3
18	110	2
119	119	4
3	52	2
137	141	1
29	50	1
106	111	2
18	33	3
46	46	1
143	154	1
122	127	1
15	19	1
48	52	2
8	8	1
12	26	1
28	84	1
74	74	1
146	147	2
70	83	1
32	41	1
86	86	4
157	157	2
134	134	2
41	133	1
17	17	2
27	106	1
1	2	4
115	115	3
82	93	1
83	114	1
153	154	1
22	23	1
34	34	2
91	91	1
133	149	1
110	112	1
52	63	1
85	108	1
30	46	1
36	37	2
28	48	1
145	145	4
1	17	1
31	53	1
33	33	1
36	102	1
19	19	3
134	135	2
14	42	2
55	98	1
80	80	3
25	25	1
99	99	1
27	28	2
106	123	1
7	17	1
20	20	1
139	140	1
0	100	1
73	73	3
112	120	2
4	4	1
15	32	1
68	68	1
68	71	1
93	94	2
114	116	1
44	47	2
15	22	1
42	43	1
106	107	1
68	70	2
98	107	1
96	97	2
84	84	1
145	150	2
2	20	1
20	34	3
6	13	1
24	151	1
77	98	1
135	136	1
143	153	1
147	148	1
25	89	1
4	32	1
53	54	1
124	124	1
135	137	1
69	153	1
76	95	1
2	2	2
50	55	1
132	132	1
144	144	2
50	53	1
108	111	1
144	146	2
9	11	1
81	82	1
117	117	2
34	141	1
48	53	1
106	106	2
88	97	1
65	81	1
86	132	1
9	9	2
75	75	3
55	68	1
114	136	1
106	155	1
112	117	2
135	141	1
21	21	2
94	114	3
63	121	1
123	144	1
1	3	1
155	159	1
147	147	1
20	29	1
105	143	1
19	27	2
140	140	2
114	145	1
6	121	2
85	85	2
117	127	1
62	64	1
139	139	2
87	104	1
41	42	1
79	96	1
144	155	1
82	140	2
156	158	1
76	76	3
128	130	1
112	118	1
87	87	1
104	107	1
148	149	1
110	116	1
92	93	1
89	92	1
140	141	1
74	99	1
45	46	1
30	34	1
103	106	1
30	30	1
15	48	1
108	109	1
34	35	1
47	47	2
159	159	1
78	145	1
64	65	1
38	124	1
17	20	1
25	104	2
18	18	2
15	17	2
13	40	1
18	77	1
133	139	1
12	13	1
83	120	1
116	143	1
23	72	1
109	111	1
67	97	1
13	31	1
7	106	1
98	102	1
121	121	1
96	112	1
125	145	1
81	81	2
102	102	1
121	144	1
147	155	1
122	126	1
7	7	1
23	23	2
143	147	1
150	150	1
86	108	1
113	145	2
136	154	1
10	10	1
17	35	1
23	24	1
12	12	1
90	140	1
27	108	1
148	148	1
87	90	1
135	148	1
65	71	1
109	109	1
81	107	1
126	141	1
111	116	1
97	158	1
16	28	1
125	136	2
121	127	1
108	110	1
65	65	1
3	3	1
83	108	1
123	137	1
24	65	1
48	57	1
54	54	1
8	16	1
77	94	1
118	120	1
57	57	1
16	17	1
