50	51	2
7	8	3
142	142	11
45	45	19
23	41	2
70	97	2
107	107	9
155	156	6
155	155	6
118	118	9
80	80	23
53	53	8
124	124	4
90	91	5
10	10	6
78	79	3
131	133	1
110	111	2
54	54	8
49	49	5
113	132	1
106	106	10
24	24	13
31	32	4
50	54	3
50	57	4
22	22	32
55	55	10
13	16	1
23	24	4
54	150	4
158	158	5
105	105	15
25	25	5
79	86	7
95	142	5
82	82	6
38	38	9
77	77	15
23	43	5
130	148	1
36	37	7
35	38	3
67	67	10
113	113	5
121	146	1
88	88	2
48	49	2
44	44	2
111	150	3
157	157	10
86	87	5
135	135	11
144	144	4
50	50	6
7	11	4
22	40	9
104	152	1
100	100	3
33	33	8
138	138	15
50	56	2
124	125	1
84	84	8
125	125	6
131	131	8
134	138	3
13	13	12
56	56	6
91	91	13
32	33	4
13	14	2
146	146	10
30	79	3
16	16	8
47	47	3
101	101	8
147	147	5
139	139	3
39	56	7
49	50	2
83	83	4
6	7	8
11	11	3
112	153	4
48	48	5
87	88	3
66	70	4
137	145	1
96	97	3
76	108	1
89	136	2
114	115	5
9	9	5
120	120	7
79	79	8
95	149	1
88	109	3
134	135	2
117	126	2
36	36	3
151	151	5
70	71	3
17	20	3
128	128	9
67	69	11
141	145	2
31	31	8
16	30	1
42	42	3
66	73	1
8	8	6
49	96	3
140	141	3
99	99	9
85	85	4
26	26	5
70	82	3
144	145	10
35	35	6
147	148	3
123	142	5
76	76	3
75	75	5
63	135	5
114	114	3
108	108	8
123	123	8
28	29	5
107	140	3
149	149	1
111	111	6
141	141	5
126	126	18
68	97	1
11	12	5
82	83	2
111	151	3
4	4	11
30	31	5
52	52	3
71	71	9
21	22	4
112	113	3
14	51	3
3	3	5
45	46	5
116	116	6
46	47	4
37	49	2
37	38	2
39	39	8
27	27	10
43	157	1
87	87	11
96	126	4
84	87	1
21	21	13
124	127	1
125	126	6
133	139	2
19	20	3
138	139	1
137	138	5
20	21	8
17	43	3
15	68	4
109	111	1
23	155	1
73	73	6
30	36	4
62	62	2
94	94	7
150	150	4
146	153	2
123	126	2
88	90	1
147	152	5
107	111	1
119	120	4
32	32	4
35	138	3
2	4	1
78	84	1
92	92	1
137	151	2
78	78	4
91	110	2
110	110	5
8	9	3
69	69	6
127	127	4
49	71	3
156	157	3
51	51	3
12	153	1
55	56	10
135	136	4
133	133	5
16	20	2
100	135	5
0	0	5
115	115	7
111	112	2
83	84	7
6	6	4
89	89	7
113	152	3
13	49	2
68	69	4
97	118	3
120	148	2
14	14	8
144	147	3
64	69	2
40	41	3
28	91	2
23	23	2
112	135	2
86	145	1
152	152	4
150	151	2
62	135	1
6	138	3
158	159	5
55	137	4
94	95	2
154	154	3
36	39	1
122	122	1
129	130	6
114	120	2
16	37	2
96	96	12
116	148	3
55	61	1
98	98	4
130	130	4
131	132	2
52	54	4
122	147	1
119	119	5
61	62	1
38	40	2
12	12	4
46	46	7
57	57	3
9	79	3
121	121	5
113	114	4
114	145	4
149	152	1
124	126	3
156	156	13
40	40	4
147	153	2
63	63	2
3	4	4
93	93	6
128	129	1
107	139	1
18	43	4
98	117	3
108	111	5
16	17	2
72	84	1
12	49	2
86	86	6
20	37	2
81	81	3
65	141	1
84	85	5
118	119	2
23	26	1
14	48	2
112	112	3
34	34	5
68	84	3
83	148	2
120	121	1
77	79	2
37	39	2
29	29	4
43	43	1
18	18	1
142	143	1
108	109	3
6	12	1
113	115	2
153	153	5
98	127	1
137	137	8
92	94	3
139	140	1
113	144	5
20	78	3
66	66	2
140	140	2
77	78	1
41	41	1
57	62	2
122	139	3
75	106	4
145	147	2
141	144	4
136	136	2
90	93	3
54	137	2
130	131	2
148	148	2
65	66	2
62	86	1
47	65	5
145	145	10
117	142	4
103	103	4
18	36	3
115	116	2
39	40	1
15	48	2
132	134	1
65	151	1
146	147	4
46	98	1
65	99	1
37	37	1
1	2	2
2	2	2
121	141	5
65	65	3
69	142	3
109	110	1
144	153	1
67	97	1
30	30	3
40	46	2
98	141	1
70	89	1
134	134	3
12	109	1
18	19	3
125	145	2
107	152	2
132	132	2
110	150	2
33	36	1
18	22	2
8	56	2
110	139	1
11	49	1
152	153	5
43	45	3
12	112	2
115	133	3
66	68	1
13	51	2
80	81	1
100	101	1
148	154	1
5	75	1
87	145	1
129	129	2
17	17	2
118	146	1
114	134	2
15	15	4
20	20	2
102	134	2
84	99	3
13	54	1
127	139	1
76	104	1
28	28	2
70	70	2
96	98	1
19	19	1
68	68	1
73	128	2
6	35	1
50	52	1
109	136	1
66	67	1
62	63	2
119	123	1
10	11	1
24	25	1
41	43	1
123	124	1
159	159	1
47	95	1
19	21	1
64	135	1
22	103	1
1	1	3
1	3	1
89	137	1
64	154	1
114	151	1
78	80	1
14	34	1
69	98	1
11	112	1
