1	1	2
57	57	3
57	58	1
33	53	1
37	53	1
21	21	2
32	32	6
61	61	3
12	12	3
23	24	2
21	22	2
71	73	1
70	70	3
22	22	4
62	62	1
19	19	3
2	2	2
10	10	2
11	12	3
48	55	3
49	53	1
10	11	2
24	59	1
71	75	1
44	44	4
6	61	1
46	46	4
30	31	1
2	3	1
6	7	1
11	13	2
7	12	1
37	52	1
8	9	1
67	67	1
36	37	1
51	52	1
5	5	1
4	4	1
40	40	1
53	54	2
26	26	2
64	66	1
77	77	4
45	46	1
2	4	1
74	76	2
6	6	1
21	31	1
27	29	2
43	43	2
56	76	2
9	9	5
31	36	1
3	7	2
39	39	1
75	76	2
29	29	2
28	28	2
34	34	2
51	51	2
22	59	1
55	56	4
35	35	4
3	3	1
47	68	1
19	20	1
5	10	1
25	25	1
52	53	2
24	27	1
60	60	5
50	51	1
64	65	2
66	66	1
20	20	1
68	68	3
8	8	3
47	47	3
46	47	1
45	60	2
64	64	1
37	38	1
30	34	1
52	52	1
48	48	2
18	18	1
37	37	1
23	31	1
76	76	2
68	77	1
73	73	2
38	42	1
58	58	5
19	30	1
70	72	1
7	7	1
44	45	1
71	71	1
76	77	1
55	55	1
66	75	1
54	72	1
21	47	1
74	74	3
0	0	1
27	28	1
30	30	1
58	66	1
24	56	1
18	29	1
0	1	1
70	74	1
61	65	1
35	38	1
43	47	1
59	59	1
74	75	1
34	35	1
