85	85	18
202	202	10
189	189	2
6	14	2
198	200	4
33	230	5
1	1	9
200	200	12
86	86	6
120	120	10
209	220	4
30	31	5
25	25	17
2	2	6
220	221	8
223	224	3
205	205	10
78	78	3
198	199	1
241	242	5
195	197	2
189	217	6
61	63	1
178	178	13
1	32	3
48	48	8
163	163	7
88	88	9
140	141	11
62	62	18
166	167	11
8	8	17
113	114	5
2	3	5
22	23	5
222	222	8
202	207	3
144	144	13
69	69	4
13	13	2
38	38	17
71	71	13
221	222	4
192	192	13
176	176	2
33	34	2
3	3	14
227	227	12
231	231	15
61	62	4
129	129	10
36	36	10
1	176	2
31	33	2
29	29	14
128	129	3
2	41	2
28	28	9
156	165	2
216	216	1
103	103	2
161	161	6
125	126	6
77	77	17
59	59	10
192	233	3
60	60	29
26	26	16
191	191	15
64	64	5
31	31	9
24	25	19
139	187	2
79	80	2
45	46	5
20	39	3
30	231	4
36	37	7
176	177	6
74	74	17
136	137	4
180	180	7
39	42	3
14	14	4
157	157	9
128	128	9
188	189	3
80	80	4
45	45	10
100	111	5
238	239	12
179	179	8
181	183	7
155	155	6
117	117	8
20	83	3
42	42	26
199	199	19
177	177	5
140	140	7
231	232	8
29	30	4
1	40	1
152	155	2
35	35	12
56	56	4
11	11	3
145	145	3
100	101	5
89	162	5
12	12	8
107	107	8
158	158	9
231	233	4
129	154	6
3	7	3
66	68	3
17	17	13
201	201	4
126	127	6
165	165	3
73	74	4
169	169	7
57	57	6
190	195	6
144	146	6
2	8	13
234	234	7
18	18	13
40	41	5
216	224	4
127	127	6
29	55	1
74	75	5
4	29	3
98	99	3
164	164	2
240	240	5
226	226	8
39	65	3
186	186	7
151	151	3
15	16	13
19	19	13
30	30	18
98	98	8
171	171	5
33	33	14
236	236	7
198	198	11
58	58	5
191	192	9
46	47	1
242	242	9
32	175	1
96	97	1
134	134	5
51	54	6
109	111	3
78	79	8
97	97	4
146	147	1
222	227	3
58	82	2
1	2	3
83	83	6
121	121	8
44	45	1
134	154	7
54	54	3
116	116	11
31	32	4
47	61	3
174	174	5
43	43	7
17	18	3
221	221	9
148	148	2
3	206	2
180	183	1
115	117	4
65	65	16
9	9	17
23	23	6
158	180	3
10	10	13
68	68	15
68	82	1
214	214	4
46	46	7
205	209	3
208	208	5
212	216	1
101	101	10
16	17	11
45	47	4
5	5	8
95	95	3
131	131	1
8	9	1
75	76	3
65	66	2
5	14	4
102	109	2
64	74	6
241	241	8
109	127	3
3	13	3
24	24	21
153	154	4
188	188	6
50	51	6
23	24	2
20	32	2
72	72	5
162	162	3
136	136	8
69	70	2
142	143	4
63	64	3
23	25	3
170	170	6
159	159	3
237	237	9
236	237	1
129	159	1
207	207	24
52	54	1
39	39	8
72	73	4
205	206	7
65	68	4
156	156	4
16	16	12
6	6	5
146	146	4
230	231	6
45	54	5
235	236	7
233	233	1
205	221	2
26	27	1
105	105	11
12	19	2
212	213	6
4	4	9
119	119	8
170	171	3
70	70	6
22	22	12
9	10	5
204	204	8
239	240	1
140	142	4
228	228	12
180	181	7
193	193	2
220	220	6
28	65	1
152	152	3
106	106	4
73	73	19
147	147	1
99	101	4
229	229	6
8	37	1
173	173	6
124	125	6
123	142	5
61	61	8
150	150	5
89	155	2
114	114	2
190	191	1
207	209	2
224	225	2
40	40	10
219	219	12
175	175	5
198	201	5
99	99	11
29	39	3
76	76	14
210	211	6
138	192	5
230	230	6
71	78	3
156	158	3
99	100	8
32	196	1
168	168	2
217	218	2
109	109	6
17	213	1
206	210	4
112	113	4
194	194	2
182	182	11
24	36	3
27	27	7
48	49	4
81	82	3
199	200	2
51	51	2
32	32	7
0	1	2
224	226	4
223	223	3
121	122	4
75	77	1
102	102	13
158	159	3
117	118	3
217	217	8
181	185	6
195	195	6
20	21	2
32	33	6
232	233	2
209	218	1
209	209	5
186	187	3
62	75	2
19	20	5
1	33	2
44	44	5
52	60	4
49	49	5
217	226	1
65	69	1
146	148	2
65	67	2
104	105	4
168	178	1
138	172	2
78	80	3
99	111	3
10	11	2
216	231	4
149	149	7
215	230	3
15	15	1
137	137	3
199	205	4
2	31	5
197	197	3
55	55	5
172	172	5
58	59	1
123	123	5
140	179	1
202	204	4
147	148	1
168	169	3
142	142	1
136	139	8
21	21	11
135	146	1
190	196	5
28	42	2
50	50	10
91	91	5
56	59	2
82	84	3
190	218	2
37	37	6
34	34	13
168	177	2
211	211	4
233	234	3
54	55	3
36	38	1
138	146	2
79	79	5
158	162	3
125	127	3
149	150	4
0	29	3
3	6	3
37	38	1
18	19	3
201	204	2
3	42	1
47	48	2
212	212	5
25	26	2
189	216	3
193	220	5
159	160	5
201	202	6
135	136	3
204	205	3
77	79	1
113	113	2
232	232	9
138	140	2
135	135	3
213	213	8
64	75	2
174	175	3
68	74	2
8	12	3
4	63	1
187	187	1
42	160	1
133	133	3
66	69	1
82	82	1
222	223	9
49	60	1
105	106	3
124	124	3
7	8	1
181	182	1
156	159	1
118	118	3
185	190	4
63	63	7
239	239	3
130	130	3
115	115	7
70	73	2
167	167	1
171	196	2
119	153	1
50	52	1
139	140	3
190	192	3
68	96	2
88	89	1
13	15	4
96	109	1
180	185	1
180	197	2
141	143	1
42	43	5
167	197	2
195	198	2
157	158	2
162	163	3
237	238	1
117	119	2
211	212	1
207	208	1
218	220	1
164	165	3
20	20	4
83	208	2
20	22	1
2	6	1
83	84	1
200	213	3
134	137	1
19	212	5
47	47	3
55	61	5
83	88	1
89	89	2
200	214	1
214	216	8
184	185	5
27	34	1
0	0	7
53	53	4
235	235	3
100	100	9
3	62	4
163	166	2
48	52	2
79	89	4
163	164	2
154	155	2
78	89	4
191	194	2
0	182	1
60	61	2
111	111	2
224	224	3
136	138	4
122	122	5
56	57	1
225	225	2
141	141	1
216	230	2
177	180	1
27	28	2
3	17	2
81	81	5
21	23	2
135	137	1
88	162	1
140	147	1
48	63	2
166	203	3
29	32	2
14	17	3
204	206	2
10	27	2
164	167	2
52	52	2
0	55	6
204	208	2
184	184	1
104	104	1
160	160	3
66	66	3
59	82	2
181	181	1
192	193	1
51	53	1
28	30	1
148	149	2
102	103	3
151	152	1
215	215	3
71	86	1
2	210	3
50	60	3
35	36	1
238	240	1
5	6	1
185	185	2
68	86	1
127	128	4
3	16	1
13	14	3
84	85	1
75	75	7
183	183	5
29	31	4
187	188	2
70	86	2
2	16	1
185	186	1
67	67	2
169	179	1
10	29	3
63	75	1
210	210	1
116	121	2
10	15	2
2	42	1
132	132	1
138	138	2
105	162	2
150	152	5
36	197	1
12	13	4
60	84	1
206	206	3
173	174	2
14	200	1
195	196	2
68	71	1
3	33	1
53	54	3
77	78	2
208	221	2
54	74	2
189	218	1
31	231	1
59	60	2
218	218	3
196	196	1
99	159	1
80	89	2
63	69	1
193	233	1
105	108	1
84	84	1
178	183	1
8	16	1
95	113	1
233	235	1
6	41	1
65	72	1
118	119	1
2	58	1
41	41	1
40	42	1
155	156	1
96	96	1
12	37	1
122	132	1
134	138	1
71	72	1
