96	96	5
70	70	5
59	59	6
102	102	3
76	76	5
72	72	6
41	41	4
46	46	7
74	74	7
51	51	7
50	51	3
82	82	6
87	88	2
75	77	1
31	31	1
77	77	2
79	79	5
50	50	5
43	43	7
37	40	1
81	94	1
47	47	3
69	69	3
57	59	2
61	61	10
75	75	8
96	97	3
69	70	2
60	60	6
67	68	4
58	58	9
24	26	1
24	25	1
80	81	1
59	62	2
77	78	7
54	55	4
41	42	4
57	57	2
52	52	6
95	95	6
80	80	10
33	33	5
41	44	2
64	64	4
94	94	10
34	34	2
33	34	3
44	44	8
61	64	1
64	65	3
45	82	1
35	35	4
101	101	10
46	48	1
68	68	7
98	98	9
71	71	5
89	89	2
71	72	1
100	102	2
24	24	2
61	62	3
78	79	2
36	36	3
56	57	2
65	79	2
39	46	1
86	86	5
81	96	1
29	52	1
52	66	1
20	23	1
62	62	3
75	76	2
76	78	1
40	62	1
70	71	1
99	100	1
42	42	2
90	91	2
74	77	1
78	78	10
97	97	2
42	44	1
87	100	3
87	87	6
82	92	1
85	85	5
49	49	6
47	49	2
100	100	3
23	27	1
89	92	3
51	58	1
101	102	1
68	69	3
22	26	1
87	99	1
83	83	5
57	77	1
81	82	1
91	92	3
88	88	2
45	48	1
90	90	2
74	75	1
66	66	3
50	58	1
79	80	2
47	51	1
35	36	1
65	65	5
40	40	5
61	101	2
36	48	2
52	55	1
83	84	1
56	56	2
30	30	3
92	93	1
90	102	1
79	84	1
49	50	4
45	46	4
62	89	1
40	41	1
29	30	1
85	96	1
51	54	1
81	81	3
82	84	1
47	48	5
84	84	1
91	91	2
37	38	2
66	67	1
58	62	3
52	57	1
60	61	2
37	39	1
92	92	2
97	98	1
48	49	2
99	99	4
32	32	2
93	93	5
43	70	1
80	96	1
46	47	1
72	73	4
76	97	2
35	38	1
72	74	1
29	29	3
44	45	1
62	63	1
31	32	1
38	38	1
24	33	1
27	27	1
48	48	3
52	53	1
83	85	1
84	102	1
32	33	1
43	45	1
89	94	1
79	87	1
34	35	1
73	73	2
51	60	1
92	94	2
74	76	1
88	94	1
62	67	1
60	88	1
56	59	1
95	98	2
63	63	2
49	51	1
75	78	1
83	99	1
47	63	1
65	73	1
90	99	1
81	89	1
48	58	1
40	64	1
29	37	1
88	89	2
91	94	1
56	89	1
79	88	1
30	74	1
78	80	1
20	22	1
55	56	1
46	65	1
65	66	1
45	45	3
39	39	1
30	64	1
58	60	1
35	44	1
55	55	1
67	67	1
