29	29	4
93	130	4
77	78	1
89	91	1
22	57	2
56	58	1
32	56	1
18	41	2
141	142	2
31	33	1
137	139	1
101	101	1
124	124	3
60	60	2
62	62	2
71	74	2
100	100	3
132	138	3
83	104	1
79	79	5
137	137	4
119	119	4
109	109	2
4	5	1
81	81	4
122	122	2
97	97	3
124	142	1
134	139	1
27	63	1
6	24	1
130	130	3
76	77	4
88	90	1
87	87	4
57	57	4
9	61	1
118	118	2
3	3	6
9	9	3
13	21	3
120	120	6
129	129	3
18	19	2
48	85	2
90	91	1
70	70	1
132	139	1
18	18	2
135	138	2
123	123	7
84	84	1
126	126	5
138	138	2
30	30	5
38	38	3
20	20	2
125	125	6
39	40	1
26	26	3
113	123	3
134	134	6
8	8	5
31	31	2
136	137	3
59	60	4
106	109	1
34	34	4
55	56	2
63	68	2
104	104	3
109	137	1
19	19	2
143	144	3
99	106	1
50	50	1
114	114	5
140	140	5
110	110	4
113	125	1
131	131	1
32	32	3
40	67	2
48	48	2
15	16	2
36	37	3
54	56	1
56	57	2
1	62	3
22	22	3
20	21	2
3	4	1
5	31	3
135	135	4
62	66	2
128	130	2
62	63	1
73	73	2
17	17	4
83	139	4
137	138	2
53	53	7
115	115	7
6	6	3
64	65	3
17	64	2
32	40	1
132	141	2
84	97	2
55	55	2
61	61	6
83	83	2
114	121	1
40	40	1
115	116	2
80	80	2
102	110	1
145	145	3
102	103	8
99	101	1
4	4	2
85	85	4
65	92	2
120	125	1
139	139	2
124	141	2
24	62	1
27	28	2
108	108	3
28	28	1
96	106	2
132	137	1
120	126	1
97	98	2
37	61	1
38	40	2
27	27	3
90	90	4
111	111	3
95	95	4
25	26	4
10	10	3
29	32	2
70	74	2
103	111	1
36	36	4
99	99	1
101	102	3
28	79	1
10	11	1
83	137	2
32	53	1
121	121	3
135	137	2
19	40	1
11	22	1
36	38	1
143	143	2
117	125	1
68	68	4
128	128	3
34	47	1
93	140	2
4	106	1
107	107	2
98	126	1
1	1	3
132	136	3
60	61	1
140	141	2
51	59	1
64	137	1
54	55	3
54	54	2
92	140	1
134	142	3
117	144	1
133	135	3
98	98	2
58	58	3
92	125	1
99	100	2
56	60	2
17	18	1
18	33	2
144	144	5
23	23	2
142	142	4
98	107	1
103	104	2
75	76	1
134	138	1
30	53	1
104	105	2
24	24	1
124	125	1
96	96	3
73	74	1
4	92	1
141	141	3
47	65	2
43	65	1
72	73	1
66	66	4
48	52	2
123	124	1
100	102	1
119	141	3
105	107	4
123	127	1
136	138	1
116	116	3
35	35	6
48	49	1
111	124	1
26	40	1
117	118	2
83	87	1
127	127	3
92	98	1
86	87	2
55	63	1
23	25	2
91	136	1
113	115	2
91	92	1
88	88	3
111	112	3
52	52	1
63	83	1
117	117	2
113	122	1
9	69	2
14	14	3
132	132	1
5	6	1
129	130	2
9	10	1
11	24	1
118	121	2
120	121	1
9	11	1
34	35	2
136	136	3
121	134	1
56	56	1
64	71	1
42	42	1
10	68	1
13	18	1
33	33	3
118	120	2
123	143	1
76	78	1
3	5	1
119	122	2
35	36	1
11	11	1
93	94	1
19	30	1
121	123	2
103	103	2
25	42	1
65	66	1
51	51	3
70	75	1
51	52	1
97	139	1
40	41	1
133	137	1
123	142	1
70	71	3
43	43	1
37	58	2
50	51	2
31	32	1
69	70	2
39	67	1
42	56	1
74	75	1
74	74	1
69	69	2
23	24	2
89	89	2
72	72	2
35	65	1
105	108	1
84	133	1
117	132	1
71	80	1
105	105	3
24	25	1
24	26	1
57	59	1
114	117	1
19	32	1
13	47	1
102	102	3
122	123	1
106	106	1
131	133	1
113	113	3
42	57	1
70	81	1
51	58	1
4	6	2
65	69	1
13	15	1
17	20	1
39	79	1
34	72	1
133	133	1
29	42	1
25	33	1
67	75	1
37	38	2
57	61	1
24	103	1
11	23	1
119	120	1
80	81	1
20	26	1
121	125	1
37	37	1
66	67	1
119	127	1
88	89	2
84	117	2
121	122	1
0	0	1
66	69	1
53	54	1
47	47	1
57	62	1
15	15	1
133	138	1
19	21	1
38	51	1
18	20	1
60	62	1
63	136	1
59	59	1
82	92	1
49	49	1
97	121	1
78	78	1
64	68	1
131	132	1
105	106	1
20	32	1
101	114	1
134	135	1
48	67	1
103	121	1
24	79	1
75	81	1
83	92	1
5	5	1
86	86	1
