20	147	2
67	139	2
39	40	1
53	54	3
41	41	5
6	6	7
42	91	1
9	109	2
114	114	6
19	19	8
159	159	7
122	126	2
166	166	2
119	119	3
65	65	1
68	69	3
118	118	3
121	122	9
1	15	4
33	34	2
34	34	4
155	157	3
63	104	1
19	98	1
80	85	1
13	13	2
17	17	7
51	51	8
21	22	4
7	8	2
78	78	1
125	125	3
146	146	3
91	113	1
79	79	5
22	22	6
137	137	7
2	52	1
130	130	3
10	38	1
64	66	2
91	92	2
158	158	6
95	97	3
16	52	2
68	68	2
131	164	1
25	25	8
76	76	4
9	135	2
123	123	3
64	138	1
164	164	3
154	154	6
130	132	1
105	111	2
7	7	9
109	109	10
83	83	1
52	52	5
166	167	2
73	73	8
122	122	7
50	73	1
80	80	2
46	57	3
126	157	1
45	45	3
89	89	2
156	156	5
67	73	1
84	89	1
91	91	7
110	111	1
128	128	9
100	121	2
138	138	3
14	14	6
11	139	3
148	148	3
70	71	1
158	159	3
92	92	4
50	51	1
11	12	2
8	8	7
69	69	8
134	134	4
22	23	1
169	169	6
107	107	4
113	113	8
110	132	1
22	24	1
152	153	2
46	49	1
15	15	5
94	94	8
78	79	1
124	124	2
65	66	2
96	97	2
26	109	2
134	135	2
10	41	2
18	147	2
114	130	3
142	143	3
139	139	2
162	162	4
13	50	1
74	74	6
161	169	2
37	37	10
79	105	2
1	1	5
77	78	5
20	20	6
13	56	1
27	27	9
50	50	8
46	46	8
26	27	1
153	154	2
152	152	4
145	145	11
54	54	1
56	64	1
166	168	2
88	89	1
150	150	2
96	96	4
7	9	2
64	64	6
111	111	13
85	119	1
130	131	6
3	3	7
36	36	4
126	127	3
44	44	2
62	62	2
17	18	1
167	167	3
62	63	2
112	112	4
66	67	4
157	157	5
90	90	7
103	104	2
3	114	1
57	57	2
133	151	1
147	148	1
45	88	1
116	117	1
25	64	3
87	87	4
53	53	3
4	4	4
101	101	6
91	94	3
17	64	1
151	152	1
38	41	1
15	16	2
38	38	6
27	28	4
67	114	1
163	164	2
140	140	3
120	120	4
128	129	1
2	2	3
0	2	3
93	93	2
10	10	1
86	86	3
135	135	6
121	121	4
1	2	6
21	21	4
27	48	2
72	72	1
50	69	1
165	165	1
130	163	1
106	106	10
164	165	2
48	48	4
9	9	3
3	16	1
73	89	3
7	12	1
108	108	5
34	35	2
92	93	3
39	41	3
23	24	3
128	158	1
84	84	2
17	121	1
76	98	1
122	123	1
161	162	1
6	58	1
10	64	2
63	63	1
145	146	1
4	20	1
5	5	3
151	151	3
8	13	1
52	72	3
73	74	4
45	90	1
148	164	2
157	158	3
35	36	3
100	101	1
115	116	2
50	115	2
82	94	2
83	85	1
40	40	7
136	137	2
40	51	1
127	161	1
48	108	1
85	129	1
4	21	2
66	66	1
126	129	1
24	24	3
71	71	1
93	100	1
55	55	3
80	96	2
48	50	2
14	15	1
100	100	4
14	19	1
116	125	1
5	107	2
0	1	4
57	155	1
14	38	2
168	170	2
75	75	4
11	37	3
85	125	1
13	116	1
155	155	2
69	73	3
9	137	2
61	62	2
19	20	2
117	127	1
36	42	1
64	65	4
10	135	1
132	132	2
3	4	1
11	11	2
18	18	1
146	152	1
90	93	1
127	156	1
85	87	2
156	157	2
49	49	3
162	163	1
11	20	1
131	131	2
160	169	1
150	151	3
144	150	1
140	141	1
161	161	3
137	138	3
24	25	2
46	52	1
133	133	4
105	105	3
13	14	1
91	93	1
94	97	1
103	103	2
21	23	1
169	170	1
136	136	3
69	70	1
104	104	2
37	66	3
5	8	1
45	52	1
159	166	2
141	142	1
148	161	1
83	91	1
147	150	1
129	131	1
90	130	2
103	105	2
74	75	1
140	149	3
67	141	1
111	120	2
153	157	1
108	111	3
18	27	1
104	133	2
93	94	2
168	169	2
154	156	1
2	42	2
160	160	2
98	98	1
112	114	1
102	103	3
116	116	2
17	26	2
97	124	3
149	149	4
67	68	3
135	137	1
7	11	2
47	49	3
15	55	1
133	139	1
97	98	2
97	97	3
5	6	1
5	55	3
128	131	1
40	47	2
114	129	1
36	37	2
17	19	1
163	165	3
137	157	1
10	11	1
141	141	2
147	147	2
75	77	1
158	160	1
147	169	1
41	54	1
125	162	2
83	87	1
23	103	1
1	6	2
93	95	2
69	109	1
8	10	3
118	119	1
160	162	2
63	87	1
82	82	1
3	5	1
112	132	1
47	48	1
143	144	1
129	130	2
122	166	1
71	74	1
79	97	1
57	62	1
12	28	3
142	149	1
66	69	1
55	56	1
106	108	1
72	73	1
113	114	2
10	114	1
146	147	2
15	147	1
121	125	1
162	164	1
79	99	1
21	103	1
7	120	1
47	72	2
17	105	1
66	100	1
71	72	1
126	126	2
170	170	4
108	135	1
11	121	1
140	143	1
117	126	1
134	138	1
146	159	3
81	82	3
20	22	1
149	150	1
64	154	1
67	69	1
139	141	1
89	125	2
53	150	1
28	44	1
81	83	1
42	43	1
121	127	1
155	160	1
127	155	1
105	108	1
9	48	1
81	81	1
69	154	2
36	133	1
82	89	2
88	90	1
4	5	3
73	98	1
111	112	1
99	99	2
160	164	1
77	77	2
1	36	1
20	21	2
127	129	1
38	39	1
12	98	1
80	115	1
70	70	1
48	58	1
104	105	2
67	67	1
13	99	1
0	0	2
12	12	2
110	110	1
116	156	1
155	156	3
14	54	1
12	146	1
46	115	1
18	20	1
6	14	1
21	24	1
53	57	1
126	155	1
51	71	1
110	112	1
155	158	1
27	105	2
127	127	1
67	140	1
87	99	1
6	41	1
120	121	1
54	57	1
140	152	1
101	102	1
63	65	1
109	111	1
143	143	1
47	47	1
98	99	1
51	56	1
25	27	2
13	17	1
16	55	1
47	52	1
5	53	1
123	124	2
12	13	1
18	24	1
110	136	1
75	109	1
7	119	1
26	28	1
158	161	1
138	139	1
62	147	1
105	131	1
2	18	1
74	102	1
23	51	1
109	110	1
124	125	2
6	7	1
66	72	1
4	6	1
67	70	1
63	67	1
146	155	1
64	106	1
42	42	1
96	117	1
56	56	2
19	23	1
104	106	1
133	135	1
21	151	1
100	111	1
136	143	1
37	38	1
35	35	1
58	78	1
110	113	1
88	88	1
117	160	1
168	168	1
97	112	1
133	144	1
85	85	1
128	133	1
0	27	1
72	74	1
