38	39	3
58	64	1
67	102	1
71	71	2
75	75	4
67	67	3
94	94	1
38	48	1
35	35	3
79	81	3
46	48	1
54	96	1
83	88	2
42	42	4
61	93	1
90	90	1
79	80	2
30	30	1
55	55	8
106	107	2
73	73	3
33	48	1
70	71	2
98	99	3
29	30	1
56	56	2
102	103	2
61	61	3
25	25	2
69	69	3
51	70	2
68	69	1
83	85	1
66	66	2
22	22	4
52	52	3
22	23	1
59	81	1
83	83	2
70	70	4
84	85	4
41	41	1
99	99	4
72	72	4
42	44	2
27	29	2
78	79	1
68	68	2
89	89	2
51	51	2
88	88	1
72	94	1
86	90	1
82	82	2
92	101	1
95	95	2
27	27	2
65	66	2
38	53	1
80	81	1
90	91	1
33	33	2
87	87	1
40	80	1
93	93	2
47	47	2
45	45	1
72	73	2
26	26	2
39	43	1
84	87	1
40	41	1
92	105	1
80	80	2
28	31	1
31	38	1
54	74	1
77	105	1
50	53	3
86	89	2
65	65	1
47	48	2
104	104	2
81	82	1
77	77	2
37	38	1
40	66	1
40	72	1
63	71	1
74	74	3
63	63	1
28	28	1
61	62	1
85	85	1
78	97	1
41	67	1
23	24	4
93	94	1
82	86	1
25	26	1
100	100	3
92	94	1
97	99	1
39	39	1
74	102	1
53	54	1
74	75	1
59	83	1
38	55	1
86	86	3
61	63	1
46	46	1
50	54	1
62	62	2
67	70	1
88	97	1
27	38	1
58	59	1
57	57	1
64	64	2
105	105	2
52	102	1
34	34	1
81	81	1
60	60	1
40	40	1
68	76	1
52	53	1
66	67	3
97	98	1
53	53	1
45	50	1
46	47	1
76	76	1
49	59	2
55	91	1
79	79	2
23	31	1
54	54	1
62	65	1
27	45	1
71	72	1
23	23	1
98	98	1
47	50	1
76	77	2
38	57	1
80	97	1
93	104	1
101	101	2
96	99	1
90	93	1
96	97	1
42	69	1
104	105	1
31	84	1
67	68	1
76	99	1
47	65	2
91	92	1
43	44	1
42	46	1
31	32	2
42	62	1
51	69	1
50	61	1
78	78	1
48	48	1
28	87	1
60	78	1
81	101	1
70	72	2
38	38	1
73	74	1
85	86	1
29	29	1
42	43	1
97	97	1
57	58	1
47	49	1
