29	29	9
72	72	3
206	206	2
73	74	3
149	232	1
61	61	1
174	174	1
43	112	1
50	53	1
9	43	1
13	50	1
127	127	3
48	48	3
22	23	2
24	24	2
105	105	6
42	43	1
16	16	1
3	4	1
114	115	1
84	84	4
47	47	1
39	39	2
192	192	3
44	45	1
34	34	2
18	18	6
128	129	1
4	5	4
203	204	1
195	195	2
98	98	2
177	177	1
10	10	6
150	151	1
166	169	2
27	27	3
6	8	1
21	21	3
136	136	4
157	157	2
25	47	1
229	229	5
84	85	1
49	50	2
20	20	3
70	70	1
57	58	1
66	70	2
164	164	1
235	235	1
52	52	1
241	241	2
12	12	3
226	226	1
17	17	1
155	155	2
235	236	1
29	30	2
28	46	1
34	36	3
109	110	2
23	42	1
110	110	1
86	86	2
238	238	1
89	89	1
113	113	2
182	182	1
117	117	4
218	218	2
178	178	2
175	186	1
228	228	1
99	99	1
38	38	2
124	127	1
137	137	2
85	85	1
221	221	2
212	213	1
65	67	1
76	76	1
2	2	2
23	23	1
2	82	1
152	228	1
112	115	1
168	168	3
200	201	1
226	227	3
216	216	2
105	121	1
101	101	1
53	53	1
45	45	2
199	222	1
209	209	2
169	171	2
6	7	1
39	40	1
100	100	2
57	59	1
238	239	1
13	14	3
35	35	2
203	203	1
102	102	3
44	230	1
217	224	1
131	166	1
122	233	1
44	113	1
146	150	1
119	119	2
80	80	1
221	223	1
99	100	1
4	6	2
38	70	1
142	143	2
148	148	2
215	228	1
4	4	5
221	222	1
217	217	1
78	78	1
82	83	1
18	20	2
104	104	3
198	198	1
60	60	3
138	139	2
83	83	2
38	39	2
40	40	1
220	228	1
73	103	2
241	242	1
51	52	1
123	124	1
7	7	2
50	57	1
211	212	1
62	65	1
103	103	1
154	154	1
81	81	1
51	51	1
58	59	1
170	171	2
12	32	3
41	41	1
43	43	1
230	230	1
54	54	2
147	147	3
97	97	1
159	181	1
74	74	1
98	166	2
23	29	1
8	31	1
214	215	1
138	138	1
234	235	1
128	128	1
196	196	1
122	122	2
199	199	3
25	217	2
63	63	1
176	176	2
201	202	1
75	75	2
211	216	1
25	25	1
156	173	1
44	44	2
12	34	1
234	234	2
1	80	1
29	47	1
103	110	1
32	37	2
205	206	1
219	220	1
239	239	1
224	224	2
207	207	1
191	196	1
56	57	2
42	42	4
170	170	1
99	173	1
215	215	1
1	1	1
221	225	1
23	49	1
149	149	1
172	172	2
187	187	1
17	18	1
160	160	1
135	143	1
212	212	1
8	8	1
146	146	1
26	201	1
37	42	1
163	163	1
232	233	1
19	19	2
33	33	1
15	15	2
26	27	1
189	189	2
49	49	1
67	67	1
3	3	1
57	57	1
69	69	1
2	75	1
227	227	1
11	11	1
184	184	1
16	30	1
220	221	1
179	179	1
167	169	2
76	79	1
64	64	1
22	22	2
59	59	2
128	180	1
120	120	1
106	106	1
121	121	1
236	237	1
125	125	1
16	17	1
104	105	1
21	22	1
62	62	1
214	214	1
53	79	1
161	191	1
24	52	1
7	32	1
47	102	1
8	15	1
82	84	1
126	126	1
160	193	1
5	137	1
69	71	1
225	230	1
210	211	1
27	231	1
165	169	1
153	195	1
