43	43	3
56	57	2
57	57	1
77	77	3
35	35	2
23	24	1
71	72	1
31	31	2
47	47	1
20	21	1
29	68	3
42	42	2
13	31	1
2	2	2
77	78	1
19	24	2
41	41	2
27	27	4
36	36	2
40	63	5
40	40	3
19	20	1
19	19	2
66	66	3
39	40	1
3	3	1
10	54	1
53	53	2
1	2	2
73	73	1
21	21	5
59	66	1
24	25	1
60	60	1
76	76	1
24	24	1
28	29	2
28	28	1
54	56	2
58	58	1
61	61	1
29	29	3
68	68	2
26	27	1
56	56	1
30	30	1
72	73	1
51	53	2
11	11	1
9	9	2
51	51	1
54	54	1
34	46	1
25	27	1
25	50	3
22	22	2
65	66	2
2	55	1
46	55	2
65	65	1
28	72	1
45	45	1
0	5	1
54	58	1
31	74	1
46	46	2
24	70	1
7	7	1
13	14	2
3	7	1
37	52	1
55	56	1
23	23	1
33	34	1
5	5	2
19	21	1
10	10	2
5	6	3
41	44	1
36	64	1
62	62	1
55	55	1
23	27	1
12	12	1
62	63	1
25	62	1
39	39	1
21	22	1
73	74	1
37	37	1
18	19	1
1	1	1
33	54	1
62	68	1
