6	93	6
46	73	2
96	96	15
6	7	3
115	117	3
56	56	36
66	66	35
9	73	5
46	46	35
71	76	15
61	61	19
130	130	9
10	42	6
79	93	4
11	40	4
28	28	14
9	9	31
47	47	69
45	45	27
27	57	5
57	58	4
30	69	2
10	10	25
21	21	45
26	94	5
17	18	12
7	7	29
67	71	4
33	33	19
41	51	2
126	131	4
71	74	1
10	85	7
84	85	16
99	101	2
6	6	10
6	87	3
119	119	6
122	122	10
40	40	7
43	83	12
108	108	6
17	17	11
16	18	4
34	34	41
94	94	12
100	100	15
111	115	4
11	11	36
4	4	24
125	125	9
30	30	21
98	98	21
117	117	9
78	79	23
81	91	1
32	32	8
35	35	11
3	3	14
21	22	6
61	62	10
86	96	3
29	29	12
64	66	7
75	75	20
84	84	23
64	64	31
20	20	16
87	88	17
86	86	16
72	72	23
61	72	2
112	112	8
112	114	8
118	118	14
29	30	7
71	77	3
99	99	7
109	109	3
71	71	13
68	70	10
102	116	4
50	50	5
73	73	14
43	44	1
107	107	7
8	8	18
65	65	30
90	90	18
7	22	5
103	103	7
27	27	29
18	25	7
37	91	6
5	5	28
97	98	23
37	37	14
4	6	5
28	97	2
67	67	14
26	47	5
124	124	8
70	71	2
79	79	12
58	60	7
11	98	7
93	93	19
57	57	14
11	70	3
132	132	7
95	96	8
86	90	4
16	56	8
28	29	2
77	79	3
80	80	10
60	61	10
13	14	2
83	84	5
102	102	18
69	69	7
107	112	1
56	57	2
34	35	12
60	75	2
123	123	4
126	128	4
79	80	5
14	14	15
70	70	8
68	68	16
82	82	18
113	114	5
0	0	9
24	24	3
35	75	11
95	95	7
97	97	10
62	72	2
107	108	4
93	99	5
36	37	6
41	41	11
45	48	5
71	72	5
101	101	20
39	39	5
22	22	8
20	40	5
27	28	10
103	106	4
13	16	1
10	14	1
83	83	22
44	48	2
76	76	22
22	27	1
9	16	3
62	62	20
12	102	2
24	32	3
60	60	29
6	92	2
75	76	9
92	92	12
2	11	5
15	31	3
101	102	3
22	57	3
79	81	3
2	12	6
40	41	5
121	123	1
58	59	7
26	41	3
27	60	2
16	16	7
131	131	5
20	21	9
35	74	9
16	42	6
74	74	19
91	93	1
32	72	6
70	72	6
69	70	9
47	48	6
87	87	13
64	68	4
39	40	8
3	82	5
48	48	10
84	133	3
88	126	6
38	38	13
92	93	5
98	99	2
94	99	2
77	107	2
110	110	11
20	43	2
18	18	5
20	83	2
21	40	3
36	36	15
36	78	4
88	88	16
31	76	3
113	113	9
11	71	1
44	45	11
36	59	2
127	127	3
47	62	2
106	106	8
9	60	3
21	56	1
58	90	4
87	93	1
63	125	3
9	45	6
114	114	7
30	39	3
41	42	3
122	123	3
62	126	3
110	111	6
31	71	1
47	92	4
16	19	5
12	12	13
127	132	2
117	118	4
78	78	19
20	42	4
42	54	3
94	95	1
4	5	7
124	132	4
43	43	4
49	49	7
55	56	10
7	20	3
103	104	3
115	115	2
27	54	5
73	74	6
20	45	3
26	26	16
63	63	27
5	95	4
26	90	2
87	89	2
59	59	19
18	28	5
81	81	10
8	13	3
15	15	13
36	80	4
58	58	15
8	10	1
23	23	12
6	49	2
8	15	2
62	83	3
123	124	12
133	133	3
38	41	2
2	2	16
19	20	5
1	11	3
23	37	1
92	132	4
24	25	10
117	119	7
68	71	1
11	69	1
15	16	3
12	73	3
61	84	2
128	128	11
90	93	4
61	71	2
9	75	5
27	93	3
24	85	7
85	85	6
1	2	2
14	23	1
66	75	1
42	42	5
62	68	3
3	30	2
48	94	2
34	36	3
27	77	4
17	31	2
89	93	3
89	90	3
3	4	2
31	32	4
34	77	4
112	116	1
26	93	2
21	41	4
14	16	5
129	132	1
81	133	1
79	127	3
25	26	10
32	36	1
47	93	2
80	89	2
114	134	1
26	27	4
96	132	5
23	74	3
89	89	4
11	80	3
72	73	3
39	48	4
65	67	5
4	94	3
10	43	3
7	86	1
7	14	1
8	82	4
66	67	1
44	47	2
2	3	7
80	83	1
104	104	7
77	77	1
66	72	4
131	132	2
3	59	7
30	72	2
50	55	4
37	38	3
5	6	7
90	91	5
16	45	2
7	21	5
21	55	1
88	95	4
46	62	1
51	51	9
30	79	3
96	97	2
48	49	5
5	101	3
16	17	5
84	128	3
32	81	2
8	34	2
108	109	3
19	19	3
93	96	6
91	132	1
14	93	1
126	129	1
111	111	11
31	31	3
106	115	2
40	42	3
20	56	4
114	123	1
34	74	4
134	134	1
32	33	3
89	92	2
26	28	1
78	81	1
44	44	8
11	44	2
76	77	3
4	101	1
57	60	2
81	82	7
91	91	10
28	47	3
20	44	1
20	80	4
41	50	2
98	101	3
36	38	4
47	108	2
65	66	6
104	122	3
11	93	6
32	61	1
109	110	5
88	133	2
67	122	1
54	54	2
20	41	2
11	12	8
23	35	4
85	105	2
49	93	3
26	59	6
96	98	2
10	64	2
45	70	2
15	41	1
47	61	4
85	103	1
106	113	4
22	81	1
120	120	4
48	57	1
8	83	1
14	15	2
17	28	1
99	100	1
23	24	3
93	100	4
55	55	4
64	65	2
81	93	3
67	68	5
3	60	2
27	98	1
104	105	1
45	99	6
93	94	6
14	24	1
118	119	3
43	55	1
39	83	3
6	50	1
85	97	2
51	55	2
69	73	1
81	90	1
12	13	1
88	103	1
46	47	7
46	64	1
28	79	1
110	113	1
12	95	3
12	77	3
68	69	3
11	74	2
20	31	2
18	44	2
13	76	3
17	23	3
85	86	2
12	69	3
78	85	2
117	124	1
26	92	2
82	83	3
65	86	1
66	68	1
97	103	1
118	123	1
67	72	2
45	69	2
1	1	1
6	10	1
13	13	2
123	132	1
79	133	2
4	21	1
71	73	1
25	75	1
100	101	3
113	115	1
114	125	1
87	92	2
114	115	1
88	92	1
24	74	3
26	60	2
7	10	1
40	43	2
6	85	1
41	66	1
38	39	2
21	39	1
16	43	1
25	25	3
3	45	1
23	25	1
92	98	2
5	61	2
15	30	1
112	113	1
57	79	1
77	78	2
62	63	1
62	65	1
76	85	1
25	47	1
87	101	1
64	67	1
60	90	1
4	48	1
13	46	1
