40	40	2
78	80	2
29	29	1
153	153	2
24	36	4
151	151	2
41	139	1
22	22	4
173	178	2
199	200	1
184	185	4
81	84	1
21	133	2
61	62	6
213	214	1
162	184	1
188	188	4
172	172	2
26	137	1
148	149	2
137	139	1
176	179	1
19	20	1
38	38	2
27	28	3
187	187	2
32	33	2
106	119	1
34	34	1
99	99	7
0	1	2
9	56	1
51	51	3
73	73	2
190	209	1
167	200	2
177	177	1
55	56	1
70	72	3
27	27	2
150	150	1
148	148	3
8	62	1
35	49	1
76	76	2
164	184	2
57	57	2
190	205	1
143	197	3
11	11	4
4	17	2
80	82	1
79	83	1
33	34	2
39	39	3
58	58	1
30	32	1
70	70	3
84	84	2
162	165	1
169	169	2
27	53	1
42	42	5
101	101	2
68	96	1
53	53	4
49	49	1
33	33	2
178	178	3
20	55	1
139	139	1
86	112	1
125	125	2
138	139	2
115	118	4
146	147	1
194	196	1
231	231	2
186	187	3
81	81	3
65	65	3
238	239	1
192	193	1
13	14	5
165	166	2
214	216	4
81	83	1
20	20	2
77	77	4
113	113	1
180	181	2
33	152	1
228	229	1
174	174	1
28	28	2
15	22	1
24	231	2
194	194	1
161	208	1
183	189	1
28	37	1
123	124	1
207	207	1
29	38	1
153	155	1
195	199	2
48	49	1
164	165	2
43	54	2
41	41	2
47	47	2
71	73	1
161	161	3
11	12	1
75	75	1
141	142	4
2	2	1
131	134	2
209	242	1
106	124	1
85	85	3
240	241	2
175	238	1
46	47	1
12	29	2
234	235	2
187	190	1
82	82	1
208	232	1
224	224	1
162	162	1
226	227	3
147	169	1
149	222	2
175	175	1
137	153	2
107	130	1
185	207	1
95	101	2
68	68	3
0	12	1
115	115	1
4	4	2
15	16	2
10	10	1
78	79	2
8	9	1
78	78	2
44	44	2
195	200	1
192	194	1
69	96	2
181	182	2
89	104	2
198	201	1
181	181	3
145	145	1
86	87	1
188	204	1
215	216	1
80	80	3
34	35	1
168	169	3
28	62	2
57	82	1
43	43	2
111	111	1
191	197	1
104	104	5
11	128	2
234	234	2
196	201	1
21	23	1
185	212	1
109	234	1
71	71	1
98	99	1
206	206	1
15	15	1
201	201	1
28	53	1
21	22	1
104	127	1
191	202	1
223	223	1
137	137	2
121	121	1
24	24	1
20	153	2
122	122	1
5	16	2
56	60	2
136	136	2
9	9	1
70	71	1
194	199	1
107	108	1
164	208	2
37	39	2
22	37	1
67	67	2
3	208	1
26	136	2
3	12	1
224	228	1
222	227	1
166	166	1
219	219	1
16	22	1
107	119	1
157	170	1
31	34	2
104	155	2
173	173	1
110	110	1
46	48	1
188	189	1
69	70	1
5	115	1
31	33	1
22	36	1
101	105	1
23	23	1
5	5	1
3	231	1
146	146	2
222	228	1
17	17	2
240	240	1
105	107	2
189	189	1
224	225	1
31	218	1
18	18	1
225	225	1
229	230	1
157	160	1
51	52	2
50	50	2
78	233	1
233	234	1
55	55	1
232	234	1
106	106	1
214	214	2
18	19	1
86	86	1
78	84	1
19	132	1
109	109	2
16	16	3
32	153	1
36	37	1
167	167	1
221	221	1
14	14	1
114	115	1
26	38	1
18	22	1
229	229	1
72	72	2
191	191	1
123	123	1
156	156	1
64	66	1
12	229	1
128	128	1
154	156	1
29	52	1
60	84	1
134	134	1
42	46	1
230	231	1
88	103	1
60	61	1
115	117	1
128	160	1
