107	108	1
42	43	2
147	147	3
134	135	1
125	127	1
15	15	1
129	130	1
117	125	1
44	132	1
112	112	3
35	35	4
27	27	1
134	134	3
84	87	2
14	15	3
26	26	2
144	144	4
137	137	4
111	111	3
138	139	1
78	84	1
24	25	1
11	18	1
108	108	1
66	66	2
33	33	3
114	114	2
149	149	2
117	118	1
82	82	1
111	112	1
143	143	1
103	103	2
111	125	1
72	72	1
154	155	1
77	79	1
53	53	3
7	13	2
64	68	1
39	39	1
130	130	1
145	166	2
38	38	2
117	117	2
102	103	1
8	8	1
42	42	5
51	115	1
36	36	2
46	47	2
21	23	2
140	140	1
130	154	1
107	111	1
113	114	1
53	54	2
63	63	2
65	74	2
3	3	3
1	109	1
18	18	3
166	166	3
160	160	1
54	54	2
126	126	2
44	44	2
81	86	1
104	105	1
0	1	1
143	144	2
2	2	2
136	136	2
38	42	1
6	7	2
15	24	1
115	116	1
39	40	2
151	152	2
117	138	1
6	6	2
88	116	1
69	70	2
91	95	2
128	128	2
157	157	1
9	10	1
16	43	1
7	7	5
20	20	2
45	46	1
41	42	2
69	128	1
154	154	1
79	79	2
78	79	1
1	108	1
113	135	1
45	45	1
22	22	1
16	17	1
121	122	1
126	130	1
76	110	2
3	63	1
116	119	1
114	125	1
162	163	2
147	149	2
83	83	1
1	111	1
125	125	1
69	110	2
47	120	1
159	159	1
133	133	1
97	115	1
150	167	2
48	49	1
164	164	1
108	109	1
163	163	1
100	101	1
145	145	1
148	157	1
34	34	2
99	99	1
57	57	2
21	21	1
80	80	1
12	12	1
155	157	1
150	161	1
133	138	1
114	123	1
128	168	1
4	17	2
88	91	1
138	151	2
44	45	1
17	17	1
146	147	1
18	23	1
69	69	1
43	45	1
112	141	1
142	142	1
37	37	2
71	89	2
96	99	1
36	149	1
48	48	1
169	169	2
161	161	1
18	19	1
81	81	1
124	124	1
134	138	1
119	120	1
135	135	1
168	168	1
22	53	1
40	40	1
113	113	1
91	92	1
43	43	1
11	11	1
4	7	1
123	123	2
134	166	1
56	56	1
62	62	1
113	151	1
102	102	1
15	16	1
146	146	1
78	82	1
105	105	1
37	38	1
133	137	1
57	62	1
67	67	1
