122	127	1
30	31	1
119	119	1
35	67	2
129	137	1
36	36	7
7	14	1
97	99	4
138	138	1
127	127	4
10	11	1
8	8	1
103	105	1
123	123	2
96	97	1
76	77	1
47	50	2
4	4	1
101	111	2
81	81	1
33	33	1
123	127	1
17	32	3
140	145	1
103	104	3
121	121	2
147	150	2
50	51	1
56	56	2
95	96	1
114	114	1
31	31	5
82	82	3
37	118	1
5	5	3
104	112	1
83	84	2
32	32	1
44	46	1
73	75	1
22	93	1
13	13	2
41	52	1
16	16	1
133	135	1
24	24	7
43	43	2
42	42	4
20	21	2
126	126	1
9	21	1
45	47	1
55	55	3
61	81	1
116	117	2
25	25	1
141	142	1
17	18	1
106	106	2
71	71	2
100	123	4
105	112	1
85	85	1
107	114	1
14	15	3
36	119	1
148	149	1
14	17	2
35	36	2
105	111	3
52	56	1
136	143	1
39	40	2
38	67	1
29	29	3
40	40	3
133	134	1
54	55	1
47	47	4
115	116	1
78	78	3
41	41	3
121	142	3
61	75	1
34	67	2
97	97	3
99	99	3
48	49	2
19	19	2
35	38	1
14	14	1
7	7	1
4	6	2
70	74	1
22	22	1
103	115	2
44	44	2
119	120	2
29	57	4
132	134	2
8	22	1
112	118	1
37	56	3
94	107	1
37	37	3
109	109	2
3	4	3
134	135	1
35	35	3
11	30	1
147	147	1
100	100	1
145	147	1
20	20	1
144	144	3
97	106	1
148	148	2
26	26	1
131	132	1
120	120	2
146	146	1
81	113	1
102	112	2
35	37	1
67	68	3
9	9	4
69	106	1
23	26	1
145	145	2
25	26	2
116	143	1
138	139	1
7	12	1
21	21	1
137	142	1
95	95	3
137	139	2
96	96	3
65	66	1
130	132	1
23	70	1
22	24	1
54	56	1
48	48	1
92	93	1
19	69	1
16	17	1
77	77	2
146	150	1
108	109	1
80	81	1
117	118	1
64	66	1
13	15	3
123	124	1
19	35	1
62	62	1
66	66	1
76	76	1
17	95	2
10	12	1
128	129	1
29	32	1
75	75	1
23	23	2
94	94	1
68	69	1
150	150	1
42	43	1
97	98	1
100	113	1
115	143	1
55	68	1
86	86	1
70	71	1
8	124	1
20	26	2
106	107	1
124	124	2
67	67	1
86	128	1
129	129	1
34	36	2
17	96	1
28	29	1
71	72	1
78	81	1
79	79	1
128	128	1
28	28	1
8	31	1
111	111	1
42	47	1
31	40	1
17	17	1
141	145	1
143	144	1
