82	86	1
104	105	4
8	8	1
36	36	2
72	72	2
38	38	2
50	90	1
20	22	2
114	115	1
11	11	5
106	106	2
77	77	3
98	98	6
102	130	1
109	109	2
91	92	1
41	42	2
103	104	2
13	13	4
80	100	1
3	8	1
39	39	2
16	16	1
90	92	1
25	60	1
16	33	1
117	117	1
4	8	2
8	9	1
74	74	3
32	34	1
42	56	2
82	83	1
26	27	4
116	121	1
14	14	2
43	43	1
116	117	1
47	47	3
105	105	2
107	110	1
101	102	1
20	20	1
63	63	1
46	48	1
30	30	6
115	116	1
27	97	1
99	99	5
92	92	5
118	118	4
94	95	5
119	121	1
29	29	7
38	55	5
60	82	1
49	49	2
23	24	2
31	75	2
79	79	2
11	33	2
32	32	3
91	91	3
5	5	5
81	82	3
119	119	1
85	85	1
5	6	3
23	34	1
27	27	3
22	22	3
114	114	2
47	95	1
23	23	2
78	80	1
36	37	1
106	111	2
96	100	1
92	94	3
7	21	1
97	100	2
29	30	1
95	96	3
119	120	1
67	67	2
91	98	2
122	122	2
93	96	3
65	65	1
104	104	2
11	93	1
19	19	1
83	108	1
131	133	1
47	76	2
12	14	1
44	44	4
4	11	1
16	17	3
5	13	1
86	92	1
121	121	1
133	134	1
105	107	2
39	40	1
64	73	1
134	134	1
56	56	1
96	101	1
62	62	2
41	43	1
82	82	4
16	36	1
1	123	1
35	35	1
7	15	1
45	46	3
26	33	1
15	43	1
98	99	2
34	35	2
58	81	1
29	48	1
68	70	1
84	84	3
44	45	1
93	94	1
58	80	1
23	26	1
75	121	1
68	75	1
27	127	2
7	16	2
78	79	1
38	49	1
7	7	1
48	48	1
22	38	1
66	66	1
24	24	2
25	25	2
110	110	1
21	21	2
129	129	1
6	10	1
27	93	2
23	25	1
116	125	1
27	88	1
21	37	1
48	95	1
104	106	1
26	26	4
113	124	1
5	100	1
107	107	3
39	121	1
24	26	1
90	91	1
112	125	1
13	106	1
41	41	1
20	79	1
42	42	1
12	39	1
115	132	1
127	127	1
98	100	1
99	133	2
58	58	1
10	102	1
0	119	1
27	29	1
96	96	4
69	70	2
79	81	2
78	78	1
108	108	1
9	9	3
65	122	2
25	83	2
108	113	1
84	85	1
33	96	1
25	26	4
58	71	1
4	94	1
118	119	1
99	101	2
45	45	1
4	5	2
46	46	1
6	7	1
28	107	1
95	97	1
87	94	1
61	61	2
59	59	1
21	82	1
61	69	1
4	55	1
88	88	1
18	72	1
28	30	2
100	100	1
33	34	1
95	95	2
86	86	1
64	67	1
19	20	1
74	76	1
123	125	1
31	31	2
87	88	2
77	78	1
90	90	1
26	127	1
72	73	1
120	120	1
15	15	1
17	17	1
95	100	1
62	63	1
131	131	1
