9	11	2
77	77	11
50	56	1
24	24	18
83	84	7
49	49	8
13	13	11
46	48	5
64	76	2
28	28	3
7	7	6
9	9	9
81	84	5
11	11	17
47	48	2
47	55	1
30	82	3
78	80	6
87	87	8
85	85	22
31	31	11
17	20	7
53	69	2
58	58	11
56	56	10
5	9	2
89	90	3
66	68	2
66	80	1
48	51	4
25	25	13
12	54	1
9	10	4
10	10	5
70	70	12
50	50	14
72	75	1
47	70	2
59	59	5
88	88	7
12	13	8
73	73	11
26	32	1
48	60	3
78	81	1
34	34	6
79	80	5
64	75	5
53	54	4
19	19	13
19	21	1
66	66	11
81	81	7
89	89	2
66	76	4
22	22	10
17	17	5
83	83	12
22	23	3
82	82	15
13	49	2
46	46	5
50	58	3
55	55	9
61	80	4
64	65	5
52	54	3
79	79	4
77	79	7
76	77	4
54	55	5
6	9	1
80	81	3
55	57	1
47	47	4
68	68	7
18	21	1
48	49	2
26	26	6
15	16	9
9	14	1
54	54	8
0	7	1
79	84	2
5	32	3
80	80	8
69	88	2
66	79	2
20	48	2
26	49	2
51	72	4
21	21	4
26	27	2
48	48	4
22	24	4
86	87	5
85	86	7
76	76	10
14	50	1
47	54	2
72	73	7
71	72	1
67	67	11
65	66	3
53	53	8
59	83	2
51	51	7
12	12	7
75	75	5
82	83	6
5	5	5
51	56	3
6	18	1
24	26	2
64	79	1
86	86	15
60	62	3
60	63	2
19	20	3
1	4	2
7	8	1
4	4	6
67	68	7
54	66	1
71	71	2
0	0	10
20	20	5
24	25	4
72	72	7
78	78	6
51	64	3
11	14	4
3	3	12
64	64	7
77	78	1
51	55	4
48	55	1
49	75	1
6	6	7
50	59	1
51	52	6
56	57	3
22	26	1
60	60	3
32	32	1
16	27	1
26	48	2
8	9	4
59	60	4
5	10	4
15	15	8
54	56	1
54	71	2
61	75	1
23	25	2
82	84	2
57	57	8
27	28	3
16	26	2
21	22	2
52	52	8
49	50	3
9	12	4
65	65	4
90	90	3
20	26	2
2	2	10
47	72	2
23	28	2
20	46	1
4	23	2
3	4	6
10	12	4
9	20	3
0	1	2
5	6	8
70	78	1
63	63	3
17	19	2
52	60	1
66	77	4
13	14	2
1	1	13
62	62	2
74	75	3
8	13	1
73	74	1
8	34	1
69	69	5
15	17	1
30	30	3
9	13	3
76	78	1
30	31	4
51	61	1
53	74	1
23	23	6
77	80	1
87	88	2
14	14	7
66	75	4
69	71	1
59	65	1
59	64	1
29	29	3
84	84	5
8	20	1
9	55	2
59	81	4
55	63	1
48	59	3
74	74	8
47	49	1
51	65	1
53	56	3
8	52	1
8	55	1
10	13	3
74	80	1
10	55	1
63	76	1
12	16	2
60	80	1
27	27	8
2	3	1
7	20	3
11	54	1
53	57	1
4	21	1
5	23	1
63	64	4
25	26	4
1	2	2
31	80	1
73	75	1
65	78	2
68	69	1
72	74	2
0	21	1
22	31	1
47	63	2
66	67	2
12	50	2
67	71	1
59	82	1
16	23	1
29	30	1
50	68	1
46	63	1
28	66	1
61	61	1
50	55	1
54	73	2
59	63	2
8	8	6
62	79	1
61	82	1
52	55	2
50	51	1
22	25	1
46	47	2
49	60	1
11	13	1
53	75	2
17	18	2
8	48	1
71	76	1
6	23	2
48	68	1
9	15	1
30	81	1
29	88	1
0	4	1
62	81	2
50	71	1
9	19	1
17	66	1
67	89	2
62	78	1
6	8	2
31	32	1
60	81	1
56	58	1
7	16	1
58	67	3
23	24	1
12	15	1
62	63	1
52	63	1
65	74	1
85	87	2
23	31	1
10	34	2
7	9	1
65	77	2
17	21	1
61	62	1
6	35	1
57	58	3
74	78	1
4	5	2
14	15	1
84	85	1
52	73	1
74	76	1
19	31	1
48	54	1
49	55	1
35	35	1
7	17	1
69	73	2
47	68	1
53	72	1
16	16	2
72	78	1
27	66	1
18	20	1
79	83	1
47	79	1
79	81	1
12	34	1
62	84	1
29	48	1
20	59	1
13	46	1
62	82	2
59	78	1
55	66	1
5	12	1
