78	82	1
26	26	1
27	27	4
40	41	3
28	57	2
67	94	2
14	61	1
55	89	1
80	81	4
96	96	1
42	42	2
76	77	4
51	51	4
90	91	2
75	96	1
29	72	1
6	6	1
38	38	4
112	112	3
2	60	1
24	24	7
62	62	6
28	28	6
22	43	2
118	118	1
79	81	1
29	69	2
68	76	2
22	24	1
90	90	5
63	63	1
51	52	1
126	128	4
20	29	1
47	49	1
109	115	2
47	47	1
54	54	4
41	42	1
79	79	2
104	104	1
98	98	7
39	39	4
23	66	2
113	113	1
85	86	2
62	100	1
27	28	2
126	129	3
8	9	1
2	27	1
3	3	4
83	84	3
11	13	3
92	93	3
21	22	2
15	15	2
107	117	1
27	71	2
88	88	2
31	57	1
14	14	1
20	20	7
104	105	2
99	99	9
121	124	1
25	25	2
48	48	3
66	66	3
27	46	2
46	56	1
11	69	1
100	100	1
69	70	2
75	75	1
78	79	3
42	66	1
55	55	1
60	61	2
117	117	1
44	44	4
41	41	1
97	97	3
80	80	3
8	14	1
45	46	2
94	106	1
77	77	2
74	119	2
91	91	1
67	71	1
92	92	1
78	78	4
93	105	1
96	123	2
12	107	1
55	58	2
57	105	2
11	103	3
109	110	1
72	74	2
53	53	6
85	85	4
126	127	1
122	122	1
102	127	1
32	32	1
18	18	1
66	74	1
123	124	1
108	129	1
114	119	3
127	127	6
68	77	1
20	21	1
92	96	1
94	94	2
94	97	1
29	63	1
40	63	1
10	104	1
98	99	1
20	60	2
119	119	1
72	72	1
4	4	3
103	129	2
17	17	1
55	59	3
24	33	2
85	87	1
125	129	3
11	11	3
26	46	1
52	52	3
5	5	1
46	47	2
107	113	2
89	127	1
81	83	1
52	53	2
105	111	2
101	101	3
31	32	2
31	31	1
16	16	1
104	127	1
66	87	1
74	78	1
106	106	1
56	57	1
23	23	4
0	0	1
95	97	1
45	45	2
23	73	1
103	103	2
100	106	2
8	8	2
73	73	1
19	19	3
82	82	3
56	56	1
41	43	1
89	89	2
83	133	1
86	88	2
109	130	1
130	130	2
28	29	1
102	103	1
44	63	1
103	128	1
71	94	1
64	64	1
40	65	1
2	2	1
16	17	1
112	122	2
18	58	1
76	76	1
81	81	2
91	125	1
67	68	1
129	130	1
59	60	1
23	67	2
22	22	1
50	50	1
128	128	2
76	95	1
18	19	2
73	100	2
2	29	1
97	98	2
124	125	1
21	25	1
45	47	1
116	116	3
46	46	1
9	9	1
74	74	2
45	63	1
86	86	1
28	55	1
51	56	1
74	75	1
119	131	1
33	33	2
39	83	1
10	10	1
67	67	1
67	97	1
43	63	2
68	78	2
0	63	1
34	42	1
120	121	1
71	77	1
4	5	1
60	60	1
34	40	1
77	78	1
93	93	1
70	71	1
126	126	1
115	116	1
34	43	1
110	111	1
49	113	1
21	44	1
7	7	1
97	119	1
30	30	2
60	63	1
100	126	1
108	109	1
107	116	1
66	67	1
1	1	1
59	61	1
6	31	1
49	53	1
57	57	1
58	58	1
88	89	1
62	63	1
55	62	1
23	43	1
95	95	1
40	61	1
132	133	1
51	53	1
60	72	1
129	129	1
13	13	1
71	71	1
39	65	1
83	83	1
38	65	1
