175	176	2
191	192	2
186	193	1
9	158	2
150	150	5
104	121	2
158	158	4
151	154	3
45	45	5
215	215	4
163	184	2
35	35	2
166	169	3
38	39	2
85	168	1
52	234	2
104	105	1
78	80	1
156	156	1
18	18	1
12	111	2
222	222	1
240	245	3
165	179	1
216	217	1
71	74	3
165	165	4
61	208	2
61	61	1
208	218	1
210	210	5
89	109	1
239	240	3
110	110	1
119	120	2
112	112	2
118	118	5
56	56	1
45	65	1
169	170	3
114	203	1
179	211	1
177	177	2
44	44	1
209	209	1
204	204	3
165	170	2
109	242	1
191	191	1
197	213	1
213	213	2
183	192	2
40	230	1
161	161	3
201	203	1
51	52	1
57	58	1
105	111	2
236	238	4
21	200	1
164	219	2
109	109	3
190	216	2
27	27	4
200	200	4
77	77	9
87	91	1
8	8	1
217	217	3
90	90	7
65	65	5
188	212	1
55	56	1
207	207	4
57	90	1
31	31	2
213	214	2
207	212	1
118	119	4
227	227	1
99	99	1
86	93	1
15	81	1
193	197	1
149	149	2
168	171	1
180	180	1
29	62	3
175	175	2
42	43	1
60	63	1
72	72	3
160	160	3
172	195	1
168	192	3
8	9	3
4	5	4
151	151	1
238	238	2
5	76	2
189	215	2
53	53	1
20	21	1
157	157	4
26	26	4
190	241	1
74	93	1
34	61	1
49	50	2
80	82	3
81	81	1
170	170	1
85	86	3
223	223	2
87	109	2
114	115	3
50	57	2
111	244	1
57	57	1
187	192	1
154	154	3
98	98	1
24	28	1
48	51	1
87	88	2
172	183	2
12	60	1
213	219	1
198	238	3
232	232	3
63	63	1
14	15	1
104	104	3
86	86	3
174	174	3
190	191	6
163	165	2
181	184	1
170	197	1
84	84	4
116	117	1
35	116	2
247	247	4
216	216	1
100	100	2
89	89	1
97	99	1
119	119	5
181	181	7
197	197	1
201	201	1
7	7	7
4	4	1
195	195	3
184	189	2
114	114	4
207	208	2
233	234	3
73	73	6
66	66	2
191	207	1
101	101	3
113	113	1
96	96	3
178	179	1
229	231	1
173	173	3
57	59	1
107	107	2
246	246	3
31	33	1
199	200	1
190	193	1
151	153	3
85	97	1
95	96	2
62	64	1
8	20	1
88	88	3
167	167	1
221	221	1
62	63	2
163	207	1
51	51	4
32	32	1
179	179	1
78	82	1
199	203	1
96	119	1
46	46	4
208	208	6
23	23	1
209	245	1
75	76	2
92	94	1
193	207	1
226	235	1
157	182	1
179	180	3
56	67	1
182	183	2
166	167	2
97	100	4
238	241	1
220	220	1
169	184	1
168	174	2
208	209	2
16	17	1
217	242	1
191	194	1
214	242	1
80	105	1
105	107	1
154	161	1
55	207	1
171	177	1
93	93	2
74	74	1
163	166	1
157	158	1
83	83	1
212	212	2
111	111	1
56	189	1
102	103	1
171	174	2
106	107	3
225	225	1
19	230	2
51	62	2
242	247	2
205	205	2
158	159	1
166	171	1
239	239	2
25	209	2
79	79	1
82	83	1
214	214	1
178	178	2
159	160	2
203	203	1
163	163	3
50	50	1
80	108	1
85	107	1
175	181	3
162	162	1
147	188	1
211	211	1
242	242	1
183	183	2
186	186	2
71	71	2
146	147	1
237	237	2
208	226	2
158	173	1
191	213	1
54	64	2
172	172	1
49	49	1
192	196	1
34	34	1
171	198	1
244	245	1
153	153	2
59	63	1
115	225	1
43	43	2
60	61	6
58	60	1
70	70	2
206	206	1
47	47	2
94	94	1
190	190	2
198	225	1
77	78	2
243	243	1
108	108	1
185	185	1
155	155	1
218	220	2
226	226	2
45	206	1
9	26	1
48	213	1
245	247	1
65	93	1
232	235	1
115	116	1
193	193	1
185	215	1
65	67	1
241	241	2
96	104	1
93	109	1
15	78	1
23	25	1
69	69	2
52	52	1
162	200	1
185	214	1
179	181	1
196	196	1
180	239	1
92	92	2
80	80	1
158	172	1
159	159	1
74	209	1
9	231	1
168	169	1
224	224	1
240	240	1
59	59	1
174	181	1
185	186	1
60	60	1
