59	59	22
24	24	14
45	45	19
81	81	15
47	48	13
95	95	16
56	84	3
21	21	25
78	78	24
90	92	3
61	63	3
62	63	7
84	92	2
88	88	16
70	70	16
100	101	6
79	79	22
38	38	22
43	43	6
100	100	27
59	72	5
68	68	24
82	82	20
27	31	5
65	65	18
56	56	11
73	73	7
95	97	4
86	86	4
46	97	3
40	40	14
49	76	1
96	96	16
76	76	14
29	29	19
91	92	5
94	94	38
49	78	4
95	96	16
96	102	5
36	36	12
66	67	6
64	64	15
57	57	6
42	44	6
52	52	17
80	81	10
92	92	31
62	64	2
104	104	5
72	72	13
45	46	3
25	25	8
39	45	1
93	93	15
67	67	11
83	98	5
58	58	9
27	27	6
82	86	14
71	72	6
82	85	2
104	105	8
92	95	4
87	90	6
32	34	2
42	48	5
33	34	5
30	30	9
54	54	10
41	41	6
77	77	20
89	89	28
101	102	8
61	61	13
40	49	2
22	23	2
106	106	12
85	85	9
48	49	6
75	78	5
72	73	8
67	68	10
39	40	2
102	102	21
100	104	3
33	33	20
44	44	23
32	32	13
31	31	15
87	87	15
39	46	2
71	71	8
34	34	16
102	103	6
55	55	10
22	22	6
98	98	23
101	101	14
25	28	6
39	39	15
35	35	29
28	33	4
89	92	1
95	100	4
36	51	5
84	84	17
84	85	4
78	79	6
63	63	22
38	39	4
86	87	14
50	50	13
60	60	6
87	88	7
46	48	7
51	52	17
20	20	8
75	75	13
69	69	10
66	66	12
49	50	7
44	49	6
53	53	15
37	38	8
68	69	5
100	103	4
73	74	5
90	90	18
46	96	4
47	58	4
91	91	8
56	58	3
97	98	3
97	97	16
79	80	5
99	99	17
54	55	3
50	51	1
77	79	3
41	45	1
86	91	6
105	105	26
90	91	10
37	39	2
39	89	4
79	96	3
59	63	2
37	37	3
43	47	4
20	22	1
103	103	15
23	23	17
28	34	1
42	42	12
78	94	5
50	52	2
51	53	5
84	91	2
26	35	5
34	35	2
82	88	7
30	32	5
55	103	4
20	21	3
83	83	2
70	71	7
27	34	2
44	45	4
28	28	5
25	38	4
51	51	9
26	30	2
40	79	4
80	80	17
59	73	1
36	37	7
74	75	15
83	84	1
60	61	9
93	94	10
74	74	8
79	81	4
29	30	6
83	86	2
39	43	4
47	47	5
67	69	1
59	60	5
49	49	11
94	101	5
83	87	2
88	89	6
101	105	2
96	97	6
21	22	4
58	64	1
36	38	2
58	62	2
23	25	1
89	90	9
46	46	9
92	93	3
57	81	3
65	82	2
43	46	2
62	62	7
69	70	4
26	27	10
63	74	1
55	60	1
23	24	11
58	70	3
43	50	5
46	59	1
82	98	2
53	57	3
85	86	8
25	46	1
53	54	6
54	80	2
66	76	6
31	32	4
53	61	2
63	68	5
26	26	6
96	98	2
41	42	3
48	48	1
76	77	5
91	94	1
83	85	4
69	72	4
28	48	1
38	57	2
103	104	3
70	73	2
97	99	4
46	62	8
58	59	2
48	60	3
75	76	2
26	28	2
46	47	1
55	57	2
60	70	1
57	58	2
78	99	1
54	57	2
83	95	1
95	101	1
42	43	1
24	25	6
59	62	2
56	80	3
92	94	3
93	99	3
87	89	1
55	56	3
99	100	1
81	82	2
87	93	2
42	100	2
84	86	4
84	87	2
59	70	2
65	66	1
25	26	1
94	97	3
83	94	1
35	37	1
40	41	1
63	65	2
92	101	5
93	95	2
48	79	1
31	46	2
63	64	2
29	48	1
26	29	2
27	32	1
91	97	1
106	107	3
28	47	3
65	85	1
46	100	1
85	88	4
95	99	1
71	74	1
39	50	2
92	102	2
45	47	1
60	80	2
43	48	1
77	89	1
27	39	2
94	95	1
37	42	1
44	62	1
28	32	1
56	93	1
84	89	1
