82	82	5
22	23	1
85	85	2
65	65	2
61	62	3
71	72	1
18	19	1
72	83	1
86	86	1
52	52	2
48	48	2
87	87	1
9	9	1
19	19	4
14	14	2
57	61	1
74	75	1
6	9	1
67	68	1
5	55	4
59	62	1
30	30	1
26	26	3
20	20	2
69	69	4
8	26	2
17	31	4
53	58	4
75	76	2
72	72	2
24	24	1
83	84	1
89	89	2
16	19	4
59	61	1
46	46	2
86	89	2
7	7	2
76	80	3
70	70	5
51	51	1
5	49	1
23	25	1
72	79	1
55	73	1
25	25	1
9	27	2
79	82	2
78	79	1
20	47	2
10	69	1
68	68	2
60	66	2
13	14	1
80	81	1
6	26	2
61	63	3
10	28	1
88	88	2
16	16	1
5	5	1
58	58	1
57	71	1
80	80	2
82	83	1
13	13	2
5	31	1
11	19	1
6	19	1
78	80	1
23	23	1
13	17	1
75	75	1
52	53	1
20	21	1
22	26	1
54	54	1
84	88	1
28	31	1
17	25	1
27	27	2
10	11	1
12	12	2
61	61	1
6	23	1
13	63	1
48	51	1
62	62	3
54	72	1
84	84	1
73	73	1
64	64	2
17	18	1
56	56	1
71	71	1
