45	46	10
31	32	2
26	27	9
39	39	13
22	22	8
23	26	5
41	41	12
40	47	5
40	41	6
48	48	4
37	37	17
22	25	4
23	27	3
24	24	26
42	42	7
28	29	16
44	44	13
48	50	1
49	50	1
43	45	2
17	34	7
49	49	8
22	23	1
36	37	6
40	40	4
18	19	2
43	43	7
34	34	10
47	47	7
19	19	5
27	27	10
27	29	9
23	23	10
17	17	5
47	48	8
38	38	16
46	47	1
27	28	7
46	46	14
26	26	15
28	28	19
20	20	6
36	36	7
42	43	5
23	25	8
21	21	7
32	32	4
32	36	1
39	42	5
29	30	4
21	22	1
29	29	1
45	45	6
39	40	2
33	33	6
50	50	2
38	39	2
33	35	1
25	25	2
35	36	1
23	24	2
18	18	2
31	31	1
