2	2	2
8	9	5
64	68	1
11	11	9
23	23	2
34	34	6
0	28	3
73	73	3
57	57	3
20	20	11
21	21	4
7	8	3
4	4	5
1	1	6
64	64	1
29	31	2
38	39	1
26	26	1
49	50	2
41	41	3
2	3	2
38	38	1
63	63	1
20	21	2
33	33	3
61	61	1
43	43	1
10	11	2
55	55	3
45	45	1
22	31	1
56	56	1
13	13	2
31	31	5
67	67	3
61	67	1
19	29	2
29	29	5
72	72	2
23	24	1
10	10	3
22	22	2
68	69	1
0	0	1
40	40	1
18	19	3
65	66	1
62	64	1
21	22	2
76	76	1
3	3	2
75	76	1
5	24	1
68	68	1
9	9	2
30	30	4
45	46	1
36	37	1
24	24	1
36	56	1
53	63	1
6	6	2
57	58	1
63	64	1
25	30	1
0	29	1
42	43	1
0	1	1
4	5	1
8	8	2
31	32	1
50	70	1
52	52	1
25	26	1
46	47	1
3	4	1
19	19	1
60	61	2
48	53	1
6	7	1
51	51	1
74	74	2
28	28	1
46	46	1
