77	78	6
18	19	1
120	153	8
92	92	5
87	88	4
108	109	4
39	39	7
17	17	9
48	48	10
42	42	6
113	113	7
107	113	2
153	155	3
9	9	6
19	19	10
136	136	7
144	146	1
82	82	7
127	127	8
44	44	3
127	135	3
78	78	1
13	13	15
107	107	2
40	40	5
4	7	3
164	164	3
53	53	8
157	157	6
58	58	1
39	63	2
165	166	2
20	20	4
70	87	3
107	108	6
154	154	7
71	71	4
12	45	2
72	73	5
24	53	4
134	135	4
54	56	5
41	42	7
65	126	1
72	86	4
152	165	2
122	122	5
112	112	5
115	116	5
141	141	5
129	130	7
9	10	7
43	43	3
126	127	3
52	52	7
153	165	1
149	149	6
27	27	6
83	83	2
4	11	2
163	163	5
165	165	1
114	114	3
118	118	5
164	165	2
170	170	5
77	77	4
49	49	7
128	128	4
38	38	6
119	119	7
34	47	2
150	150	7
115	115	6
161	164	3
49	52	4
110	110	8
44	45	6
125	125	1
152	152	8
162	162	1
104	104	6
120	152	6
158	165	1
85	128	4
83	84	6
94	95	7
3	143	1
63	130	3
40	41	3
8	8	5
50	52	1
108	108	1
2	23	2
36	132	3
95	122	1
11	11	3
7	34	1
18	18	2
80	80	5
144	144	4
103	104	2
1	1	2
99	99	5
86	86	3
132	132	3
145	146	8
148	149	3
140	141	3
138	138	5
160	162	1
38	84	2
95	96	4
35	38	3
100	103	2
74	74	3
21	21	3
69	70	1
38	45	1
64	119	3
151	151	1
2	2	2
45	45	1
5	5	1
8	9	3
72	87	3
25	25	3
123	123	1
96	96	6
80	81	2
53	74	1
16	16	1
96	97	5
169	170	2
73	73	1
162	163	3
48	50	2
112	119	2
64	64	2
128	139	2
57	57	1
109	109	1
37	52	2
117	123	3
38	39	1
166	166	6
167	167	2
139	139	2
56	57	1
100	105	1
14	14	1
160	160	2
24	24	5
167	168	2
168	168	2
40	62	5
155	155	3
111	111	1
63	64	2
159	159	4
67	69	1
5	6	3
34	34	3
55	55	1
4	4	4
75	75	3
26	26	6
145	145	2
1	2	2
10	50	2
146	146	2
117	147	2
7	7	3
150	151	4
106	106	4
116	117	2
71	124	1
53	136	4
140	140	1
126	126	1
161	161	2
47	47	2
2	41	1
112	144	2
89	122	2
87	123	2
36	36	4
159	162	1
163	164	1
69	69	3
93	93	2
6	7	4
117	118	2
148	148	1
74	80	1
169	169	2
101	103	3
81	81	2
64	76	1
34	43	1
10	10	2
159	160	1
120	120	1
16	53	1
74	137	1
76	88	3
88	95	1
143	143	2
22	24	2
63	85	1
18	23	1
22	22	1
112	113	1
65	66	1
129	129	1
96	98	1
133	133	2
156	156	1
66	67	1
153	153	1
41	41	1
39	83	1
