123	123	6
15	16	2
122	122	4
65	66	4
54	54	7
93	95	3
33	34	6
17	17	4
9	31	1
104	104	3
75	79	2
80	80	5
32	32	7
37	42	1
57	63	1
11	20	1
67	68	4
6	23	1
150	151	5
105	106	1
5	7	2
4	4	6
85	85	7
87	88	2
83	83	4
58	81	1
109	110	3
96	110	1
38	38	6
40	41	2
6	6	8
107	108	1
37	37	3
75	75	4
98	98	12
31	31	13
150	150	5
137	137	6
21	31	1
115	115	3
125	126	1
3	21	1
124	124	5
74	77	3
68	69	2
97	98	6
68	71	1
37	39	2
38	50	1
32	33	3
84	87	3
146	146	5
10	10	4
82	82	10
40	40	3
136	136	10
3	4	3
105	105	3
107	107	3
5	5	7
10	25	1
4	30	2
23	23	2
86	90	1
39	39	12
6	25	1
48	49	3
124	125	3
131	131	3
116	117	1
75	77	2
132	132	4
108	109	3
135	135	4
31	32	3
94	95	2
46	47	4
21	25	4
12	12	10
10	11	2
122	129	2
44	44	5
121	121	2
140	140	1
149	149	8
94	98	6
133	146	1
116	116	6
50	51	4
74	74	4
4	34	1
55	56	1
110	110	5
77	77	4
7	7	13
15	62	1
128	128	2
6	7	2
17	18	7
36	149	1
71	89	1
96	98	3
8	15	2
103	124	1
20	20	9
103	103	2
93	93	6
8	36	2
127	127	7
76	77	1
147	148	5
36	37	2
70	70	7
126	127	2
112	112	7
21	22	4
65	65	3
108	108	3
8	33	1
73	79	3
92	101	1
142	142	4
24	24	5
104	105	1
45	45	7
49	49	8
78	81	1
97	97	4
148	148	5
147	147	3
18	18	9
47	47	11
39	48	1
15	23	1
130	134	1
72	72	6
68	77	1
68	75	3
49	50	3
130	130	4
80	81	3
25	37	1
112	113	2
81	81	5
73	73	5
25	25	8
121	122	3
135	137	4
7	25	2
107	111	1
25	26	2
149	150	2
93	99	2
139	143	1
75	78	3
38	40	4
137	138	4
66	66	1
16	55	1
35	57	1
63	64	4
51	51	2
122	124	1
82	83	2
130	144	2
139	146	1
84	85	3
67	83	5
42	82	1
51	63	2
102	103	2
17	43	2
5	6	4
14	15	2
53	55	2
42	43	2
68	78	1
53	53	2
6	27	4
15	21	1
112	114	2
7	16	2
29	29	7
21	21	7
19	56	1
118	118	3
74	78	2
41	41	6
64	64	6
71	71	4
129	140	2
7	22	3
41	42	4
139	139	2
56	57	1
30	30	6
61	61	1
68	85	1
104	115	2
103	112	1
68	68	2
35	35	4
45	46	4
84	86	2
71	102	1
16	23	2
140	142	1
140	143	1
120	121	2
74	75	3
10	30	2
78	78	4
65	67	3
110	111	3
35	36	1
113	113	3
56	56	3
27	27	7
67	70	1
95	95	2
26	27	4
143	143	3
46	46	1
105	111	1
42	47	1
43	43	8
129	129	2
129	130	1
39	40	4
105	121	1
48	48	2
29	38	1
128	130	1
141	142	5
76	76	1
3	16	1
21	82	3
74	114	1
19	19	8
94	94	4
52	55	3
93	94	2
11	29	1
123	125	1
144	145	3
96	97	2
55	68	2
110	113	2
117	117	2
58	58	2
40	43	1
3	26	4
9	10	2
120	120	3
41	45	1
12	14	2
48	55	4
41	47	2
9	35	1
26	36	2
79	80	4
8	9	4
64	84	1
140	141	2
9	36	2
14	14	6
62	63	2
94	96	3
103	115	2
11	30	2
11	36	4
98	100	1
27	57	1
128	129	1
9	9	11
22	66	1
81	82	3
143	144	1
96	96	4
29	30	2
11	26	1
43	57	1
63	65	2
50	56	1
69	69	2
16	16	7
63	63	4
95	97	2
106	107	2
72	90	1
28	32	2
144	146	1
20	21	1
108	111	2
11	11	9
11	37	1
115	116	1
53	54	2
72	77	2
95	96	5
144	144	3
86	86	3
93	111	2
77	84	1
26	26	4
57	58	1
5	39	1
149	151	2
50	50	2
36	36	3
133	145	2
132	139	2
154	154	2
12	20	2
6	11	4
9	33	1
47	57	1
49	57	1
58	80	1
137	140	1
13	14	2
22	22	6
122	123	4
94	97	3
28	30	2
139	144	1
28	28	2
79	82	1
64	81	1
9	13	1
124	126	1
42	42	1
24	26	1
84	84	3
98	99	6
37	38	1
130	139	3
79	83	1
27	29	2
132	133	2
152	152	4
7	8	2
62	84	2
12	19	1
114	114	3
126	126	5
3	3	5
133	133	1
62	80	1
119	119	1
22	24	1
132	142	2
31	33	1
130	133	2
78	79	1
45	48	3
11	19	1
94	114	2
106	125	1
38	39	3
123	124	2
39	42	3
57	57	2
90	95	1
47	48	2
150	152	3
134	134	3
33	33	5
62	67	1
49	51	1
55	55	2
45	53	1
28	29	3
67	75	1
100	100	4
86	88	1
69	70	1
133	134	1
17	20	1
62	62	3
133	147	1
24	25	1
20	22	1
7	12	1
35	70	1
109	113	1
105	118	2
136	148	1
54	56	2
12	16	2
3	25	3
46	62	1
25	36	1
50	58	1
83	84	1
16	20	5
27	37	1
141	141	4
85	86	2
48	54	1
11	12	1
43	62	1
63	87	1
104	122	1
52	54	1
10	14	1
13	13	4
63	67	1
78	90	3
145	145	1
7	30	4
129	135	1
100	101	2
37	71	1
105	107	1
54	55	3
6	28	1
103	111	2
7	24	1
39	41	1
74	98	1
6	24	1
151	151	1
35	69	1
79	96	1
7	29	1
61	65	1
95	99	1
102	102	4
21	30	1
43	44	2
19	38	1
24	31	1
9	11	1
3	22	1
103	123	1
93	101	1
67	67	1
92	93	2
93	96	1
137	145	1
126	128	2
153	153	1
97	100	1
5	94	1
18	38	2
57	80	1
74	102	2
36	53	1
101	101	2
105	125	1
40	42	1
39	43	1
78	86	1
109	114	1
72	75	1
37	50	1
58	67	1
88	88	2
91	91	1
38	56	1
41	64	2
6	29	1
104	116	2
53	56	1
95	146	1
94	99	1
22	23	2
8	32	1
77	114	1
134	135	2
119	129	1
18	19	2
4	5	2
41	44	1
20	24	1
77	83	1
34	34	1
145	146	3
96	113	1
134	142	1
131	132	1
47	55	1
35	37	2
128	147	1
4	95	1
8	48	1
17	19	1
7	10	1
48	52	1
68	86	1
73	82	1
132	145	1
3	7	1
106	106	1
20	31	1
6	8	1
8	30	1
8	34	1
74	76	1
68	84	1
78	82	1
140	144	1
49	67	1
28	39	1
37	44	1
65	88	1
52	52	1
102	121	1
123	135	2
77	78	1
70	95	1
134	149	1
8	8	1
51	55	1
50	69	1
12	13	1
10	26	1
131	139	1
14	25	1
103	104	1
95	98	1
116	121	1
27	35	1
135	141	1
99	99	1
78	83	1
63	88	1
109	109	1
130	136	1
66	67	1
10	12	1
111	111	1
9	32	1
23	24	2
10	13	1
100	117	1
49	54	1
136	142	2
66	86	1
12	41	1
79	79	1
123	129	1
125	125	1
