18	18	3
106	115	1
10	77	1
71	71	1
105	108	1
111	127	2
92	92	2
63	63	2
77	88	1
8	9	3
63	106	2
32	32	1
10	10	2
44	45	1
146	147	2
147	147	1
9	10	1
130	143	1
41	44	1
81	81	3
15	15	1
55	119	1
17	17	2
20	20	2
73	74	2
52	65	1
65	120	1
31	31	2
12	13	2
4	12	1
38	39	1
43	53	1
7	9	2
21	23	1
47	47	3
27	27	1
13	13	2
40	119	2
75	86	2
70	71	2
35	50	1
38	38	2
35	35	1
64	65	1
129	129	4
137	137	1
103	103	1
56	56	2
8	10	1
53	54	1
69	72	1
77	103	1
116	117	5
29	122	1
46	46	2
74	74	1
11	11	2
16	16	3
98	99	1
67	68	1
93	93	2
76	77	1
48	132	1
53	53	2
41	41	2
102	103	1
13	14	1
13	98	1
82	82	3
16	21	1
55	132	1
63	86	1
92	93	1
76	79	2
48	48	2
153	153	3
9	9	1
39	39	2
64	67	1
68	68	4
141	142	1
72	73	1
3	4	1
72	72	2
73	73	3
69	69	1
128	128	1
3	3	1
133	134	3
131	131	2
56	150	1
54	54	1
30	30	4
124	125	1
43	44	1
54	55	3
150	150	1
44	44	1
110	112	1
77	84	1
117	117	1
40	40	1
39	40	1
85	86	1
42	45	1
43	48	1
15	21	1
17	88	1
121	150	1
122	122	2
120	120	1
69	70	1
5	14	1
15	16	1
43	45	1
148	148	1
5	5	1
49	135	1
26	119	2
11	14	1
13	16	3
13	17	1
115	118	1
138	138	1
25	25	1
104	104	1
81	83	1
42	43	1
83	98	1
24	24	3
4	4	1
122	149	1
66	66	2
11	77	1
41	42	1
23	96	1
127	128	1
14	14	1
107	108	1
148	150	2
68	69	1
89	92	1
102	102	1
143	143	1
57	57	1
52	52	1
77	78	1
100	102	1
55	55	2
136	139	1
67	72	1
108	108	1
16	17	1
12	12	1
11	16	1
133	133	1
140	141	1
26	27	1
49	49	2
152	152	1
