128	128	2
157	157	4
36	42	2
32	33	2
190	191	1
78	79	1
35	38	1
24	32	1
181	183	2
119	122	1
224	224	4
179	180	1
226	227	2
151	151	4
50	107	3
114	199	1
29	29	3
31	153	1
71	72	1
2	4	2
44	45	1
0	0	3
45	45	3
4	6	1
150	150	3
199	199	5
12	12	3
51	52	1
197	201	3
126	126	2
14	16	3
48	48	3
148	148	2
71	71	1
43	66	1
52	53	2
77	99	2
17	18	3
183	183	1
202	242	1
39	42	3
74	74	5
156	157	1
154	157	2
119	124	1
25	25	2
153	153	5
51	78	1
43	43	6
19	20	3
129	129	1
193	193	3
141	144	1
227	227	2
22	22	1
40	40	6
182	182	6
35	35	1
203	203	2
229	230	3
33	33	4
145	145	2
189	189	1
14	14	2
35	50	1
24	25	3
103	103	1
168	168	2
85	85	2
139	140	1
56	56	4
38	43	1
150	158	4
13	13	2
28	28	6
88	89	2
25	62	3
27	27	4
53	56	1
106	106	1
37	37	1
214	214	3
128	131	2
29	60	1
56	58	2
137	137	1
58	58	5
173	173	1
194	196	4
135	135	3
57	57	2
235	235	1
52	52	2
10	11	2
51	51	1
102	102	4
148	151	1
32	138	1
191	192	1
41	42	1
191	232	1
221	223	4
144	144	4
108	118	1
204	204	4
207	207	1
213	216	2
158	158	1
242	242	1
217	218	2
120	164	3
107	107	1
55	55	4
83	83	4
142	143	2
143	187	1
205	205	3
115	115	1
64	225	1
39	40	2
119	119	2
72	72	1
36	89	1
173	175	1
182	183	2
37	38	1
203	210	1
230	231	1
211	211	2
173	202	1
39	39	2
160	160	5
1	157	1
19	19	2
186	187	2
81	82	2
7	223	2
53	57	1
82	82	3
4	4	4
54	54	2
163	165	3
76	84	1
205	209	2
167	167	2
6	19	3
148	176	1
84	85	1
59	60	3
79	79	2
209	223	1
20	209	2
86	86	3
105	106	2
27	28	2
80	81	6
57	79	2
177	178	1
72	101	3
232	232	2
60	60	1
237	237	1
107	152	1
85	91	1
4	5	1
116	116	3
5	7	1
185	186	2
213	226	4
142	142	1
79	81	2
62	134	1
208	209	2
80	84	1
190	209	1
193	196	1
76	76	3
231	234	3
209	209	4
41	41	2
220	221	2
114	119	2
78	80	1
160	215	3
43	69	2
32	32	2
198	198	3
27	71	1
2	207	1
25	81	1
231	231	1
36	36	4
118	118	1
157	158	1
55	65	1
72	73	1
178	178	1
8	9	3
19	58	1
229	229	2
75	75	1
70	71	1
170	170	5
133	135	1
151	160	1
24	24	3
181	185	1
44	54	1
204	205	1
110	110	2
63	64	2
63	63	2
20	20	1
42	42	3
144	154	1
140	140	2
21	22	1
210	210	2
66	67	1
12	13	1
200	211	2
176	177	1
7	9	1
37	54	1
14	15	2
65	66	1
212	212	1
109	161	1
7	8	1
124	124	3
50	50	2
104	105	4
208	221	2
192	193	1
176	176	2
143	143	2
78	132	1
53	53	2
2	2	1
68	68	2
10	10	1
8	8	1
152	177	1
183	184	1
166	166	1
152	152	1
191	191	1
99	99	2
243	243	1
11	11	1
30	38	2
144	169	1
34	62	2
75	79	3
202	202	1
35	162	1
159	159	1
234	234	1
230	230	1
7	30	1
120	120	1
29	30	1
183	197	1
165	165	1
195	207	1
226	226	1
162	163	1
238	238	1
147	147	1
67	67	1
181	196	1
2	19	1
156	158	1
211	212	1
138	138	1
61	61	1
161	161	1
213	213	1
38	38	1
33	141	2
17	119	1
69	69	1
223	223	1
28	39	1
28	151	1
201	201	1
131	134	1
134	134	1
158	166	1
188	189	1
12	223	1
184	184	1
35	36	1
26	26	2
26	28	1
151	177	2
76	77	1
225	225	1
77	77	1
175	175	3
104	104	1
77	79	1
58	59	1
99	103	1
141	142	1
140	141	1
214	225	1
42	43	1
37	58	1
209	212	1
105	111	1
51	122	1
70	105	1
20	21	1
195	195	1
215	216	1
176	188	1
217	217	1
189	190	1
178	190	1
9	9	1
216	216	1
166	167	1
49	51	1
5	6	1
16	77	1
42	60	1
26	27	1
12	19	1
239	240	1
70	70	1
132	132	1
38	39	1
27	172	1
138	143	1
17	17	1
