93	93	3
33	33	2
62	62	5
0	1	1
25	26	3
49	49	5
129	130	2
101	126	2
59	61	3
112	113	4
115	115	2
42	42	3
101	125	2
51	51	4
127	128	2
89	90	3
44	44	2
28	122	1
88	88	2
77	78	4
96	99	1
15	15	3
66	66	4
58	63	1
39	40	2
55	55	3
10	10	5
120	120	2
45	45	5
109	109	5
54	58	2
80	80	2
114	118	1
54	68	3
112	112	2
11	30	2
41	41	4
61	61	5
84	85	1
6	6	2
20	20	1
76	81	1
43	43	2
50	50	6
103	125	1
73	73	2
56	56	4
54	54	3
96	98	1
104	104	3
33	34	1
114	114	4
38	39	2
42	43	4
23	23	1
126	126	2
61	62	1
103	104	4
5	5	2
64	64	1
98	99	3
110	111	7
22	23	1
18	20	1
117	117	2
0	0	1
113	113	5
48	48	3
97	100	3
52	133	1
16	21	1
51	53	1
107	108	3
58	58	1
29	30	3
4	15	2
60	61	1
65	66	2
91	92	1
76	76	2
49	51	1
7	34	1
67	68	5
75	79	1
71	71	1
24	24	4
124	124	1
32	33	4
92	92	3
16	19	1
131	132	2
101	129	1
85	85	4
94	94	2
64	80	2
85	88	1
83	84	2
19	21	2
128	128	3
116	116	1
53	53	2
31	31	2
41	81	1
59	59	4
8	8	2
30	31	2
107	107	3
123	124	1
68	70	1
118	118	1
46	46	1
13	13	1
82	82	1
108	114	1
75	75	2
102	102	4
74	75	2
78	79	1
63	130	2
40	40	3
44	47	1
5	33	1
59	82	1
70	71	4
12	38	1
119	119	1
1	1	1
85	86	3
17	20	2
115	133	1
68	69	1
86	87	2
103	126	1
63	131	2
16	18	3
18	19	2
55	56	1
16	16	4
74	74	3
101	113	2
19	19	2
43	66	1
2	3	2
91	91	1
22	22	1
20	45	1
47	47	3
113	114	1
18	21	1
100	101	2
73	79	1
122	123	2
61	65	1
79	80	3
99	101	2
20	86	1
70	92	1
12	12	3
98	98	1
7	7	2
90	91	1
72	79	1
81	81	2
52	52	1
96	96	1
57	57	1
120	121	1
74	82	1
105	105	1
63	63	4
9	9	2
79	79	1
130	130	1
13	61	1
4	33	1
65	65	1
4	4	1
32	32	1
69	70	1
27	27	1
11	12	1
40	44	1
39	44	1
14	24	1
34	34	1
84	84	2
26	27	1
14	14	1
44	45	1
95	96	1
111	112	2
91	93	1
44	71	1
125	126	1
26	26	1
