84	84	4
9	14	2
98	102	1
78	80	2
77	77	3
23	24	3
142	149	3
87	103	1
73	78	3
32	33	2
83	83	2
4	29	1
74	75	2
22	23	2
131	131	3
38	38	1
3	3	1
124	124	1
69	70	1
119	119	2
25	30	3
36	41	1
13	13	5
133	151	1
51	51	1
55	55	1
32	32	5
11	11	1
122	122	1
41	41	3
113	125	2
12	13	1
132	138	2
4	5	2
27	27	1
11	12	2
78	78	2
26	26	1
109	110	2
16	16	2
16	17	1
31	32	2
28	30	1
147	147	3
100	100	2
15	28	2
24	24	2
20	144	1
141	142	3
41	42	2
124	132	1
121	122	2
119	130	1
80	80	1
49	55	1
138	138	2
137	137	1
20	146	1
127	138	1
64	64	3
40	40	1
14	14	2
16	22	2
81	83	2
33	33	2
111	141	1
76	76	3
27	28	3
21	107	1
8	25	1
42	43	2
94	94	3
70	71	1
87	88	2
12	12	3
35	39	1
140	142	1
135	135	2
39	39	1
53	54	1
94	131	3
96	96	3
78	86	1
21	21	2
49	49	1
117	118	1
137	145	1
151	151	1
143	143	1
10	12	2
154	154	3
138	139	2
118	118	2
11	22	1
13	25	1
4	17	1
98	98	2
17	17	1
108	149	3
120	121	1
120	120	2
32	34	1
114	115	1
112	114	1
71	73	2
15	27	1
43	43	2
102	108	1
108	108	1
56	56	1
102	106	1
11	13	1
66	66	1
15	15	2
136	138	1
97	98	2
26	27	1
92	96	1
81	82	1
63	63	1
64	66	1
146	146	1
55	56	1
24	29	1
34	34	1
97	104	2
32	38	1
69	69	1
7	8	1
26	30	1
110	110	1
126	127	2
137	142	1
47	64	1
131	135	1
26	31	1
19	19	1
93	99	2
95	109	1
75	75	1
62	62	1
36	36	1
30	31	3
6	6	1
12	29	1
66	85	1
126	136	2
44	45	1
28	28	1
5	17	2
148	149	2
19	20	1
76	105	1
21	24	1
14	22	1
