62	73	1
9	9	3
20	20	3
67	68	2
56	57	2
1	1	2
143	144	1
11	11	7
30	30	1
98	99	1
32	32	4
95	97	1
26	26	2
8	8	2
13	13	1
126	128	2
62	62	3
126	126	7
119	140	2
24	24	8
39	41	2
96	97	3
75	76	1
42	43	1
142	142	2
53	53	4
79	79	1
100	100	2
121	121	2
15	16	3
40	55	2
78	116	1
19	19	4
89	89	1
114	119	1
8	28	1
97	99	1
123	123	2
76	112	1
67	69	2
136	140	2
48	48	3
17	17	1
104	105	2
103	110	1
3	5	2
117	118	2
131	131	1
14	15	1
99	100	1
28	28	3
40	40	3
56	56	3
10	12	1
90	90	5
81	81	2
140	141	2
94	95	3
110	114	1
132	132	3
131	133	2
124	124	2
18	18	3
0	5	1
128	130	1
16	16	3
82	82	3
128	128	5
43	50	1
47	47	4
122	122	2
126	127	1
95	95	2
81	85	1
27	27	4
103	103	4
26	27	1
109	110	1
78	78	1
74	74	3
92	92	3
138	138	1
25	26	1
21	21	6
141	142	4
98	98	4
43	43	2
129	130	2
106	106	4
97	111	1
130	130	2
88	89	1
23	24	1
97	97	2
18	19	4
56	82	1
118	118	6
135	138	1
56	74	1
82	83	1
21	24	1
38	38	3
37	117	1
55	55	4
77	79	1
25	29	1
64	71	2
118	131	2
83	83	1
69	71	1
75	75	2
93	93	1
63	72	1
42	42	2
123	124	3
40	41	1
142	144	1
66	68	1
49	51	1
36	38	2
37	37	3
35	82	1
38	40	1
84	84	1
79	82	1
54	73	1
61	61	1
80	80	2
135	136	1
6	11	1
109	109	2
132	133	2
123	142	1
66	66	2
120	120	1
116	116	2
50	50	1
6	6	3
106	108	1
129	134	1
82	86	1
48	49	1
22	23	3
21	90	2
59	81	2
41	41	3
5	5	2
136	136	2
77	78	2
139	139	1
39	39	2
74	75	2
63	73	1
137	139	3
54	54	1
68	68	1
89	91	2
127	128	1
31	32	3
34	34	2
19	25	1
131	132	1
2	5	2
52	53	1
145	146	1
73	73	2
143	143	1
66	69	1
102	102	2
60	86	1
8	51	1
99	99	1
67	67	2
101	101	1
115	115	1
141	141	2
16	27	1
77	77	1
107	107	1
50	51	2
36	37	1
60	60	1
142	143	1
59	72	1
57	57	2
52	52	1
136	139	2
99	101	1
3	3	1
70	70	1
37	38	1
110	113	1
145	145	1
135	140	1
100	101	2
125	125	1
96	96	1
8	10	1
101	102	1
68	70	1
53	102	1
93	94	1
93	113	1
103	109	1
69	72	1
2	2	1
64	83	1
127	127	1
22	22	1
96	127	1
134	134	1
119	119	1
24	30	1
4	6	1
140	140	1
57	87	1
51	54	1
25	25	1
60	81	1
63	63	1
97	98	1
124	126	1
54	102	1
59	61	1
59	59	2
49	68	1
72	73	1
127	129	1
23	37	1
124	125	1
112	112	1
76	79	1
33	34	1
135	137	1
75	79	1
23	23	1
87	87	1
137	137	1
24	56	1
129	129	1
144	144	1
