74	74	2
34	34	1
64	65	2
29	99	3
80	82	1
79	80	2
73	74	1
57	58	2
20	61	1
69	69	3
99	99	2
21	104	2
98	99	2
31	34	1
47	58	1
85	87	1
54	55	2
31	33	2
38	38	4
84	84	2
42	44	1
72	76	2
95	95	2
66	66	1
52	53	2
105	105	1
47	47	1
49	49	1
56	74	1
97	97	2
35	64	1
22	49	1
40	41	2
83	86	1
73	73	2
36	36	2
79	79	2
35	36	1
32	32	1
46	46	1
52	52	1
26	27	1
62	63	1
79	95	1
71	73	1
80	80	1
92	92	4
54	91	1
41	80	1
88	95	1
72	72	1
97	98	1
78	79	1
30	98	1
23	100	3
29	29	1
21	21	2
89	89	3
37	37	1
101	101	1
50	50	2
45	66	1
40	82	2
26	26	1
23	23	1
43	43	1
100	100	1
33	36	1
75	75	2
78	78	1
94	94	1
48	48	1
35	35	1
55	55	2
99	102	1
104	104	1
76	77	1
22	40	1
45	45	1
54	54	1
44	82	1
57	80	1
76	76	1
47	98	1
25	30	1
38	39	2
33	34	1
24	105	1
83	84	1
28	28	1
53	104	2
25	27	1
93	94	1
88	88	2
59	59	2
34	36	1
68	68	2
43	90	1
77	77	1
99	100	1
102	103	1
92	94	1
32	64	1
64	96	1
27	30	1
58	59	2
56	91	1
86	87	1
96	96	1
