65	67	1
65	65	1
36	37	1
84	86	4
50	50	2
62	67	2
83	83	4
55	57	1
83	84	2
26	27	1
87	88	3
39	39	2
30	93	2
42	56	2
44	49	1
78	92	1
46	47	6
56	60	3
75	75	4
75	94	3
45	45	4
76	76	4
85	87	2
37	37	3
38	38	6
79	81	4
100	100	3
29	31	3
26	78	1
25	54	4
96	96	3
58	58	5
56	56	4
35	35	4
70	73	1
88	88	6
25	65	3
74	74	7
34	34	5
81	81	5
90	90	1
39	46	2
25	49	1
33	98	1
32	37	3
52	52	4
28	52	3
27	49	2
39	81	4
103	103	5
30	33	1
80	82	2
101	103	1
36	49	1
52	94	2
98	98	10
89	91	2
33	92	3
39	41	1
51	52	4
97	99	3
44	88	1
79	85	1
91	91	3
83	85	3
71	72	3
22	22	5
59	64	4
95	96	2
40	60	4
47	47	3
21	21	4
49	49	1
63	65	1
25	28	1
89	89	2
78	78	5
84	84	7
65	90	1
59	59	3
94	94	4
82	83	2
93	96	1
30	30	5
25	29	1
52	95	2
35	68	1
62	63	4
29	47	3
70	101	2
53	53	2
32	32	5
26	48	3
98	99	2
99	99	3
57	57	6
61	62	2
29	78	1
53	73	2
80	81	3
23	23	3
83	87	2
46	48	1
40	45	2
32	36	1
27	54	1
81	82	2
62	62	8
95	95	2
30	40	2
58	92	3
66	66	1
101	101	6
82	82	3
44	44	6
31	32	2
97	97	1
90	91	2
51	51	5
28	29	3
88	90	3
104	104	2
41	41	2
76	94	2
28	47	1
43	44	1
61	61	6
55	55	1
54	54	6
23	61	1
93	93	1
85	85	4
101	102	1
64	64	7
73	73	2
40	41	1
72	103	1
53	77	2
79	79	4
26	79	2
78	93	1
28	28	3
59	75	1
72	83	1
74	101	1
44	58	2
54	55	3
57	94	1
40	88	3
105	105	1
79	80	2
61	67	1
69	76	2
85	107	3
65	66	2
20	21	1
86	86	3
40	40	1
23	24	4
40	89	1
27	27	1
87	87	2
30	34	2
34	78	1
56	57	1
70	107	1
31	34	1
30	49	2
100	105	2
51	99	1
63	63	5
31	31	3
46	46	6
27	48	1
38	39	1
43	86	1
67	84	1
29	104	2
62	90	1
77	77	2
32	46	1
42	43	2
41	48	1
36	61	1
40	48	1
57	61	1
96	99	1
46	98	1
67	67	4
53	61	1
42	44	1
42	49	1
20	20	1
44	68	1
55	56	2
20	73	1
30	91	1
60	62	1
58	90	1
35	62	1
86	87	2
53	67	1
67	74	1
30	90	1
34	97	2
88	103	2
78	80	1
83	92	1
67	90	1
106	106	2
73	106	4
54	66	1
51	98	2
40	49	1
92	92	3
26	26	1
83	88	1
76	97	1
62	66	1
44	45	2
51	94	2
67	68	1
24	64	1
88	89	1
96	98	1
54	56	1
29	45	1
26	28	1
35	91	1
78	82	1
76	96	1
41	61	1
72	82	1
25	25	2
70	70	2
96	106	1
60	60	2
25	90	2
74	76	1
21	22	1
58	99	1
35	47	1
34	45	1
44	80	1
33	33	1
61	63	2
71	71	1
83	86	1
24	24	1
77	80	1
98	100	1
59	106	1
48	48	1
52	99	1
48	78	1
28	56	1
43	43	1
55	74	1
69	69	1
94	97	1
82	85	1
57	77	1
101	105	1
47	48	1
32	83	1
57	66	1
59	60	1
81	91	1
23	27	2
50	58	1
29	30	1
99	105	1
