71	71	5
74	74	7
80	80	5
131	131	6
126	126	6
23	23	1
15	15	3
132	132	4
80	103	3
130	131	3
75	75	3
23	24	2
126	127	2
4	4	3
134	134	8
110	124	1
34	34	4
87	114	1
87	108	2
4	29	2
108	108	5
114	114	3
77	78	3
85	85	6
71	72	3
88	88	3
94	94	3
107	107	3
89	95	2
4	32	1
128	129	4
16	17	2
4	34	1
101	101	6
94	111	2
135	136	2
16	16	3
83	84	3
79	79	11
125	125	2
2	3	2
36	37	2
136	138	2
113	115	2
72	73	6
100	100	9
19	20	2
81	81	4
97	97	4
87	87	5
75	77	1
103	103	10
129	129	5
11	11	1
135	135	6
108	110	2
14	14	4
127	127	3
89	90	4
110	110	3
81	83	1
20	20	4
127	128	2
73	108	2
5	6	2
106	107	1
102	102	6
5	14	1
21	21	2
8	8	2
83	85	2
27	30	1
103	104	5
106	106	4
1	3	2
98	98	2
124	124	3
121	121	2
72	72	4
78	79	2
74	87	2
14	15	1
138	139	1
13	14	3
22	22	5
72	109	1
105	122	3
120	122	1
25	26	3
27	28	3
122	122	4
103	109	1
18	22	1
129	139	2
76	82	2
78	80	1
89	89	6
138	138	3
104	105	2
76	76	2
78	78	4
123	124	5
77	77	3
29	29	3
95	95	7
101	102	1
93	94	1
74	75	1
33	34	2
81	82	2
74	96	1
94	98	2
3	3	3
75	95	1
90	90	2
114	130	1
131	132	1
84	95	2
18	18	1
107	118	1
102	109	2
40	118	2
115	116	2
2	22	1
130	130	5
7	29	2
115	115	8
92	93	1
133	133	3
13	13	1
18	36	2
73	73	3
102	103	1
107	108	4
134	136	1
113	114	3
0	0	2
0	93	2
1	92	2
110	112	2
31	31	2
111	111	5
136	136	10
127	132	2
118	118	3
137	137	4
4	5	3
121	122	3
82	83	1
7	7	2
86	89	1
89	137	1
139	139	2
35	35	3
124	125	2
125	126	6
117	118	2
12	13	2
132	133	4
105	105	2
28	28	1
114	115	2
120	120	1
6	6	2
140	140	4
7	8	2
87	110	2
119	119	2
7	27	1
0	5	1
88	96	1
73	74	1
136	139	1
25	25	4
106	108	1
31	32	1
82	107	2
84	85	2
24	24	1
76	77	5
76	119	1
83	83	1
26	26	1
22	87	1
134	135	2
82	82	3
81	104	1
17	20	1
82	108	2
10	10	1
93	93	2
21	22	1
87	88	1
75	76	1
33	35	1
86	86	1
112	114	1
123	123	1
78	84	1
100	102	1
74	77	3
109	110	1
108	109	2
79	87	2
80	84	1
116	117	1
33	33	3
3	4	1
112	112	1
12	12	1
98	99	1
36	36	2
114	136	1
96	96	2
23	26	1
0	1	1
5	5	1
111	112	2
2	2	2
5	91	1
91	91	1
128	128	2
130	133	1
74	100	1
123	126	1
20	21	2
72	78	2
76	80	1
117	123	1
37	38	1
95	96	1
117	117	1
4	30	1
3	93	1
5	33	1
23	85	1
123	134	1
18	19	1
23	25	1
