128	128	4
30	30	2
135	142	1
51	91	1
75	103	3
120	121	6
75	75	5
60	63	3
29	29	2
35	37	1
71	72	3
72	72	1
61	61	2
58	59	1
41	42	3
111	111	1
95	95	3
31	67	2
120	120	5
59	91	1
87	87	1
136	136	1
108	132	1
132	133	1
88	88	2
104	107	1
32	84	1
17	17	2
29	30	2
23	23	2
57	67	3
117	117	2
12	36	1
94	111	2
122	122	5
96	119	5
10	10	3
142	142	2
83	83	2
53	53	1
70	70	3
14	114	2
77	78	3
124	135	4
105	115	4
60	60	1
63	89	3
20	21	1
109	109	2
58	96	3
113	114	2
35	35	1
47	50	2
16	18	1
77	77	2
64	71	2
122	123	4
26	33	2
126	130	1
6	6	1
127	127	1
108	109	3
86	86	4
17	18	3
125	125	2
129	129	3
96	97	3
94	94	3
58	58	1
79	80	1
94	104	7
32	32	4
1	1	2
9	12	2
31	31	1
54	68	1
130	131	4
110	119	1
132	132	6
1	2	1
120	122	2
65	65	1
89	89	1
31	32	1
0	0	1
91	91	2
23	24	4
32	33	4
90	91	3
33	34	1
15	15	6
26	27	3
110	110	1
28	41	3
126	126	4
116	116	1
112	129	1
76	78	1
137	138	1
135	135	4
49	50	2
138	139	2
110	135	1
84	85	3
68	68	2
99	99	3
24	84	2
136	137	1
67	75	1
132	134	2
122	136	1
40	41	1
91	92	1
119	119	4
78	78	2
41	47	1
111	122	2
96	96	1
78	81	1
21	21	1
145	146	3
2	23	3
142	143	1
112	113	1
115	115	3
23	27	1
84	84	2
96	98	1
112	115	4
10	11	2
81	81	2
110	111	1
73	74	3
88	90	1
27	27	2
74	74	2
23	34	2
93	94	2
51	52	1
111	136	1
121	121	3
28	28	3
92	92	3
121	133	1
25	76	1
37	37	1
67	69	1
21	29	1
64	65	7
24	24	1
3	3	1
82	82	1
133	134	1
24	25	2
119	120	1
50	50	4
52	86	1
54	54	1
132	139	1
109	125	1
36	36	3
25	30	1
118	118	1
59	59	3
33	33	1
126	127	1
138	138	3
94	95	1
91	93	1
73	91	1
5	5	1
111	112	1
116	131	1
16	42	1
62	62	1
95	110	1
107	107	1
83	84	1
18	19	2
27	28	1
69	70	1
90	90	4
57	127	1
47	47	1
119	124	3
107	108	1
73	87	1
125	126	1
34	34	1
140	143	1
43	47	1
19	19	1
128	129	2
133	133	2
119	121	1
42	42	2
33	77	1
12	24	3
130	130	1
79	100	1
12	21	1
75	81	1
68	80	1
78	83	1
9	11	1
30	31	1
52	52	1
3	5	1
95	104	1
0	1	1
98	98	1
107	128	1
63	63	1
39	39	2
53	55	1
63	64	1
138	141	1
73	73	1
65	66	1
133	135	1
71	71	1
135	138	1
57	58	1
57	57	1
81	82	1
9	10	1
