23	26	1
12	12	1
101	102	2
37	37	1
13	14	3
71	93	1
131	132	2
82	83	1
5	20	1
102	132	4
138	138	3
101	101	2
121	121	2
82	82	4
134	134	3
108	111	1
28	79	1
37	38	3
28	28	1
125	125	1
84	84	5
112	112	1
86	88	1
123	124	1
118	119	1
23	23	4
3	80	1
19	21	1
129	130	3
14	19	3
76	76	1
19	20	4
85	86	1
116	116	1
98	99	1
34	34	2
107	108	2
23	27	1
36	36	1
96	96	4
7	7	1
2	3	1
21	22	2
95	110	3
10	10	1
9	15	1
21	21	3
6	6	2
73	92	2
16	16	2
29	123	1
73	103	3
73	74	1
120	121	1
79	132	1
73	108	2
100	101	1
91	91	1
125	126	1
73	79	1
20	36	2
30	30	1
74	74	1
19	19	2
14	14	1
13	22	1
86	86	5
131	131	2
128	128	2
6	24	1
77	77	1
73	76	1
126	127	2
79	103	3
7	9	1
78	78	3
79	79	2
116	128	2
139	140	1
127	128	2
2	2	1
11	11	1
130	130	1
108	108	1
107	107	2
33	33	2
121	124	1
72	120	1
81	82	2
24	24	2
127	127	3
129	129	2
102	102	2
9	9	3
123	126	2
3	86	1
73	73	1
15	17	1
88	90	1
121	123	1
0	11	1
3	3	1
134	138	1
88	91	1
105	105	2
140	140	1
135	135	2
35	35	1
89	94	1
83	84	2
26	26	1
94	95	1
106	106	1
1	1	1
85	85	2
103	103	2
22	22	1
33	34	1
8	13	2
84	106	1
27	27	1
84	101	1
128	132	1
122	122	1
13	13	1
123	123	1
104	105	1
32	33	1
114	114	3
109	109	1
132	132	1
106	121	1
23	25	1
20	33	1
71	72	1
81	85	1
98	98	1
99	99	1
139	139	1
34	130	1
90	91	1
9	102	1
115	130	1
77	105	1
133	139	1
78	79	1
12	13	1
72	72	1
126	126	2
95	95	1
31	31	1
138	140	1
97	97	1
137	138	1
72	104	1
38	38	1
135	138	1
119	122	1
123	128	1
21	80	1
14	17	1
119	119	1
109	111	1
