117	117	6
9	10	3
97	118	2
82	82	5
21	21	2
151	153	2
77	77	8
48	49	2
55	55	6
10	95	3
51	54	1
17	95	1
155	156	4
9	9	4
115	115	1
129	130	3
20	20	6
156	156	6
64	70	1
118	118	3
92	94	1
78	78	2
19	48	2
12	83	1
89	89	6
119	120	3
138	151	2
95	96	3
22	22	7
109	109	5
24	24	5
73	75	1
88	89	5
135	135	4
38	39	3
42	42	4
104	104	8
16	18	3
79	81	1
113	113	5
100	100	4
151	152	1
3	3	7
28	46	2
137	137	1
145	145	2
135	136	3
112	141	3
125	127	1
95	95	4
7	115	1
24	33	2
112	113	3
115	116	5
142	156	1
82	91	1
80	91	2
113	115	4
3	4	1
137	138	1
134	136	2
100	101	3
54	90	1
54	54	4
103	103	1
80	80	5
31	31	2
17	17	2
83	84	4
83	128	1
117	118	2
130	130	4
142	145	1
105	123	1
112	117	2
87	88	1
116	117	4
18	18	3
22	25	2
94	94	3
147	148	2
114	124	1
67	67	6
93	95	2
72	72	1
27	27	2
27	28	3
99	100	1
122	123	3
83	83	4
4	20	1
23	24	4
80	81	1
77	92	2
71	71	2
113	114	2
4	77	2
143	143	2
107	108	3
35	35	5
50	51	2
132	132	5
131	136	1
132	133	2
26	26	4
43	43	4
6	14	1
4	55	1
86	87	4
87	89	1
82	95	2
142	142	4
126	147	1
106	106	5
47	123	1
105	105	7
22	23	2
93	94	5
148	149	1
7	92	1
99	99	2
129	129	6
126	126	5
37	121	1
84	84	4
49	49	3
86	88	1
121	121	5
124	127	1
141	142	1
144	147	2
93	93	1
69	69	1
114	122	2
115	127	2
96	144	3
112	118	2
95	116	2
38	38	3
33	34	4
125	126	2
108	112	1
54	56	2
102	110	3
104	141	1
4	5	3
80	94	2
78	79	1
119	119	3
52	52	5
152	153	2
155	155	9
33	94	1
7	7	9
13	15	2
122	126	2
17	19	1
27	88	2
17	92	1
40	56	1
11	11	2
102	102	3
154	154	4
36	37	3
102	103	2
39	39	2
148	152	1
131	131	5
39	40	1
51	51	1
7	114	1
70	70	2
23	23	2
80	82	2
48	48	2
31	32	3
32	96	1
42	43	1
141	147	1
13	14	1
65	65	1
1	2	1
4	41	1
67	68	1
123	123	4
18	19	3
28	30	1
25	26	4
79	80	3
97	120	1
120	121	1
133	133	1
34	34	4
46	113	1
32	34	1
97	99	2
103	105	1
80	93	3
33	33	1
26	28	1
110	111	2
36	36	3
15	91	1
92	93	1
83	95	1
40	40	2
80	84	1
125	125	2
79	79	5
81	84	1
147	147	2
64	73	1
96	97	3
97	97	3
122	122	7
30	30	3
77	78	3
151	151	2
120	120	1
38	127	1
35	116	2
3	112	1
137	152	1
32	65	1
138	138	4
98	98	2
56	56	1
22	28	1
40	41	3
65	66	3
134	135	1
29	29	2
114	132	1
20	21	1
87	87	1
92	92	2
91	91	2
40	123	1
112	112	3
107	107	3
14	15	1
114	114	1
41	93	2
127	131	1
13	13	4
90	90	2
14	29	1
25	25	3
15	15	3
41	41	1
47	47	5
135	154	1
115	117	2
7	8	1
139	139	3
8	114	1
123	124	1
103	143	2
130	134	1
140	141	2
124	125	1
99	132	2
8	11	1
101	101	3
150	150	1
115	123	1
47	48	5
8	8	1
18	20	1
89	90	1
104	140	1
79	83	1
139	140	3
108	108	3
112	122	1
8	97	1
11	12	1
31	37	2
73	73	3
65	90	1
28	32	1
10	114	1
109	111	1
7	98	1
45	55	1
16	23	1
45	82	1
30	92	2
31	56	1
10	11	2
81	82	1
64	66	1
2	2	1
5	5	1
6	8	1
130	140	1
12	13	1
104	106	2
45	93	1
156	157	4
148	148	2
111	111	1
88	88	2
14	16	2
118	122	1
153	155	1
103	104	1
116	116	4
28	28	2
129	140	2
76	77	1
41	125	1
47	50	1
130	131	2
137	148	1
29	46	1
153	153	1
84	93	1
63	63	3
146	147	2
75	75	2
111	122	1
149	150	1
24	25	1
39	117	1
152	152	2
51	114	1
141	141	2
103	121	1
106	107	4
14	14	1
93	120	1
126	144	4
127	148	1
97	114	1
16	16	4
1	1	2
69	70	1
31	54	1
36	116	1
50	50	1
28	35	1
13	29	1
54	55	1
98	101	1
11	14	2
96	96	4
55	56	1
142	151	1
91	92	1
17	27	1
33	45	1
12	12	1
31	98	1
62	62	1
80	83	1
121	122	1
44	47	2
39	125	1
42	146	1
8	9	1
118	120	1
112	125	1
117	120	1
77	88	1
81	81	1
19	22	1
136	154	1
43	146	1
7	11	1
34	62	1
18	90	1
4	4	1
10	14	2
115	126	1
85	86	1
16	21	1
40	93	1
124	124	1
56	127	1
52	54	1
104	105	1
43	111	1
86	104	1
53	53	1
34	36	1
30	72	1
