50	57	10
44	44	5
59	59	8
45	45	10
2	2	5
8	8	3
57	60	2
40	40	9
56	56	15
48	49	2
15	16	1
36	36	3
40	41	4
42	44	3
37	37	4
44	47	2
9	11	2
36	37	1
48	48	7
55	61	3
52	58	2
4	4	1
23	23	5
41	41	15
20	21	2
46	46	7
38	38	3
39	39	12
10	10	4
42	42	1
51	51	4
54	54	3
0	5	2
34	34	5
30	31	4
9	13	2
48	57	1
24	24	2
57	58	4
33	35	1
41	44	2
32	32	1
0	0	2
17	18	2
50	50	1
42	52	2
19	19	4
15	15	5
58	58	6
1	1	2
38	58	3
45	46	7
37	38	1
54	60	3
33	33	3
60	60	2
47	47	5
52	52	6
8	13	3
49	49	4
42	43	1
13	13	2
6	6	7
21	21	2
50	51	2
31	31	2
55	56	7
16	16	3
62	62	2
57	57	5
35	35	4
41	60	4
8	19	1
51	52	2
36	56	3
30	30	1
3	3	6
20	38	1
45	49	2
55	55	1
12	12	3
18	20	1
38	39	2
8	29	1
52	61	1
25	60	2
7	11	1
37	39	1
