108	115	3
134	134	3
121	121	2
133	133	1
18	18	5
66	66	1
40	41	3
152	152	2
122	122	2
81	82	2
46	46	3
11	12	1
106	106	6
44	44	1
116	117	1
84	84	1
143	150	2
125	127	1
77	77	3
30	31	2
86	87	1
57	58	2
71	71	5
118	119	1
94	96	2
94	109	1
131	131	1
56	56	3
63	63	2
31	36	1
50	50	2
103	105	4
50	55	1
24	41	1
85	86	1
33	33	1
9	10	1
139	143	1
6	6	2
78	78	4
153	154	2
68	69	2
54	54	4
54	55	2
24	24	3
68	70	1
43	43	2
3	3	1
47	47	2
57	57	2
107	107	1
22	22	2
29	37	1
14	14	1
40	40	3
41	43	1
94	94	2
98	98	2
22	44	5
130	130	1
42	42	1
102	103	2
143	143	1
72	73	1
126	126	2
136	136	1
144	145	2
126	127	2
148	151	2
154	154	3
41	42	3
75	76	1
92	95	1
32	33	1
15	15	2
68	68	4
75	86	1
139	151	1
10	11	1
44	54	1
132	132	5
25	25	5
129	130	1
139	141	1
109	115	1
29	29	2
11	11	2
138	146	1
13	41	1
64	65	2
45	45	1
62	63	1
72	75	1
38	49	1
16	17	2
107	108	1
19	70	1
36	36	1
94	97	1
115	119	1
67	87	1
95	99	1
147	151	1
48	48	1
52	53	1
22	31	1
49	49	2
31	31	1
32	32	1
27	27	2
49	51	1
73	73	1
109	109	2
125	126	1
39	46	1
24	65	1
105	114	1
99	99	1
53	73	1
69	70	2
116	127	1
80	80	2
84	85	1
75	84	1
139	142	1
20	20	2
122	123	1
146	146	1
105	106	2
129	129	2
78	79	1
108	108	1
113	114	1
51	51	1
23	23	2
129	135	1
137	143	1
19	19	1
130	134	1
49	50	1
75	77	1
122	138	1
55	56	3
36	45	1
10	10	1
50	51	1
141	144	1
23	24	1
140	153	1
100	105	1
111	111	1
13	13	1
79	79	1
73	102	1
87	87	1
112	112	1
21	22	2
80	81	1
30	30	1
108	109	1
9	9	1
16	16	1
72	72	1
34	34	1
14	16	1
36	44	1
76	83	1
142	143	1
74	83	1
35	37	2
108	135	1
79	84	1
62	62	1
67	67	1
26	26	1
140	150	1
109	113	1
147	148	1
117	118	1
