51	52	1
13	18	2
143	143	1
47	47	4
69	69	3
70	70	1
17	19	3
114	114	3
75	76	4
111	112	1
23	24	1
85	87	1
133	133	5
82	82	2
93	98	1
104	111	2
11	16	2
109	109	1
141	141	1
72	87	1
124	148	2
34	36	1
39	39	1
38	38	1
77	77	4
14	15	2
8	8	2
12	12	6
53	69	1
129	129	3
73	73	3
54	54	1
77	78	1
154	154	1
120	121	1
80	83	1
36	36	1
81	105	2
127	146	1
45	45	3
14	17	1
4	69	1
120	142	2
27	29	1
21	22	3
86	92	2
27	28	3
102	121	1
6	8	2
37	38	2
149	150	1
20	20	3
16	16	1
79	79	3
13	113	1
78	78	1
92	93	2
83	84	2
101	102	1
123	130	2
96	96	3
24	27	2
34	35	1
64	66	1
42	43	1
10	16	1
32	33	1
46	46	2
65	65	2
99	99	3
21	30	1
14	30	2
77	99	2
22	22	2
64	64	2
102	134	1
24	24	2
10	10	3
33	37	1
34	51	1
27	112	3
123	124	1
111	111	1
11	11	4
98	121	1
92	92	1
81	83	1
68	101	1
71	112	1
128	128	2
85	98	1
28	29	3
110	111	2
48	73	2
97	97	2
13	14	3
32	32	2
123	137	1
151	151	3
76	84	1
108	109	6
11	12	1
20	21	4
104	104	2
75	75	2
116	117	2
83	83	3
42	42	2
24	25	1
15	15	1
145	145	2
14	14	2
55	55	1
67	67	2
96	121	1
84	84	1
146	146	2
47	49	1
134	134	2
38	122	1
70	80	1
66	71	1
82	86	1
41	45	2
125	144	1
65	67	1
35	35	3
32	36	1
17	38	1
23	23	2
137	140	1
79	83	1
93	94	1
12	14	1
49	49	1
48	48	2
17	18	1
135	142	1
30	30	1
17	17	1
56	57	1
16	18	1
15	32	1
96	98	1
74	114	1
110	113	1
53	57	1
117	118	1
140	140	1
139	141	2
28	28	1
2	5	1
131	131	1
133	134	1
26	27	1
128	139	1
29	29	1
142	143	1
3	5	1
132	146	1
35	36	1
94	94	1
135	150	1
82	83	2
56	74	2
124	124	1
96	97	1
31	31	1
68	78	2
147	147	3
118	118	2
39	41	1
41	41	1
3	3	1
62	62	1
150	151	2
150	150	1
101	103	1
110	114	1
77	86	1
85	86	1
134	151	1
91	95	1
38	39	1
25	25	1
106	106	1
46	47	1
