36	36	5
17	17	6
22	22	1
28	30	1
39	41	2
18	26	2
39	39	8
19	19	5
37	38	4
45	45	4
18	18	3
26	26	4
31	31	4
23	24	3
36	37	6
27	27	2
43	43	7
21	21	5
46	46	7
24	25	5
37	37	4
42	42	6
41	41	3
29	29	2
10	11	1
16	16	4
32	32	4
19	22	2
30	30	4
25	26	2
44	44	4
33	33	4
24	26	1
44	45	2
33	40	1
21	22	2
28	28	4
38	38	5
23	23	3
40	40	2
29	37	2
47	47	1
45	46	2
15	17	1
19	32	1
20	21	1
25	32	1
38	40	1
43	45	2
26	27	1
15	16	1
35	35	2
19	34	1
39	40	2
24	24	1
14	15	1
19	26	1
16	42	1
34	37	1
16	17	1
20	26	1
18	19	1
19	20	1
17	18	1
42	43	1
