64	64	6
33	137	1
6	8	2
24	28	1
63	63	10
2	3	5
76	76	15
90	94	4
42	42	23
38	40	4
156	157	4
153	153	27
174	174	13
13	15	3
161	162	5
73	74	3
108	108	8
145	153	1
19	19	9
142	147	4
127	128	6
59	59	10
157	160	5
130	130	10
31	31	18
129	150	2
60	91	1
2	2	11
36	36	25
66	66	17
93	138	2
166	169	5
137	138	3
59	64	3
173	175	2
38	39	8
7	46	3
37	37	12
17	17	21
14	57	2
68	68	11
43	71	1
56	56	10
124	125	11
105	105	3
35	44	2
92	92	18
160	160	6
111	112	10
44	45	13
41	44	2
16	16	11
73	92	1
144	148	2
60	63	2
10	30	2
32	33	11
44	44	13
10	10	24
145	145	5
92	94	5
24	40	2
13	14	7
34	37	6
12	44	2
38	93	2
129	136	1
25	25	5
101	102	1
38	38	24
59	93	3
32	32	20
15	16	10
169	169	3
35	35	19
13	13	10
21	23	2
90	99	1
30	31	5
77	78	8
91	92	10
152	152	5
4	19	3
122	126	2
8	9	8
126	126	13
59	91	2
3	21	1
116	117	8
168	168	4
65	123	4
83	89	1
113	113	7
137	137	9
67	67	9
5	5	4
141	142	8
145	146	9
34	44	1
117	135	2
144	156	2
21	21	9
100	101	8
45	46	2
65	65	7
15	15	14
41	41	11
135	135	19
100	100	3
149	149	11
10	11	15
90	92	2
156	156	8
166	166	13
93	93	17
134	135	4
33	33	17
42	43	10
8	11	1
179	179	7
58	90	2
179	180	4
39	39	8
26	43	5
95	137	2
74	90	4
97	97	8
99	100	6
71	141	1
3	8	4
35	38	1
98	117	1
124	128	3
139	143	3
175	175	11
3	3	15
119	119	11
36	39	2
1	2	4
112	113	5
155	155	7
137	152	2
60	61	9
153	155	1
126	129	1
143	144	8
144	145	4
40	40	22
103	104	3
60	60	11
14	14	16
148	148	5
122	122	18
13	67	2
77	77	8
96	98	4
161	161	6
95	95	13
128	130	1
112	143	2
160	162	1
40	41	13
4	4	13
124	130	2
28	29	6
121	136	1
72	141	4
172	172	18
55	55	12
123	123	9
11	13	8
163	166	3
45	45	9
79	79	11
138	138	10
54	59	1
0	10	2
32	34	1
64	103	1
150	153	3
32	44	2
90	90	15
75	75	9
18	18	12
73	75	2
164	164	9
170	170	11
29	145	1
124	124	9
118	118	3
74	76	5
147	161	3
107	109	3
66	68	5
104	116	1
53	53	7
171	171	8
105	107	4
150	150	12
106	107	2
143	143	8
150	157	1
86	87	9
61	61	8
132	135	5
57	57	8
36	37	4
154	155	7
7	7	5
70	71	2
173	174	10
73	73	10
162	162	9
61	65	1
112	112	18
101	101	13
4	8	1
9	16	4
17	23	1
25	26	6
2	5	2
37	38	15
0	0	4
106	125	3
94	95	9
10	44	1
1	5	1
99	99	7
30	32	1
4	7	1
50	51	12
30	135	2
144	144	9
22	23	4
135	141	3
119	120	4
3	4	9
71	73	1
157	158	2
132	132	4
53	54	8
83	83	3
12	45	4
87	87	9
43	43	18
144	147	1
51	51	14
35	107	1
64	75	2
120	120	7
121	122	2
131	131	17
3	5	1
17	20	2
25	27	4
176	176	8
18	33	3
18	20	3
31	35	6
119	127	2
151	152	4
169	170	4
75	79	2
126	138	2
58	58	6
173	173	12
11	11	15
11	14	5
128	145	1
51	52	4
139	140	3
56	58	3
58	61	1
117	117	9
175	176	3
142	143	13
102	102	11
147	148	6
24	24	11
60	78	1
1	4	4
56	59	3
55	90	2
78	78	13
23	23	14
102	103	1
86	86	11
93	95	3
72	95	2
129	129	6
26	27	6
113	116	6
111	111	9
81	86	1
131	132	3
89	90	7
98	98	4
2	130	2
5	166	3
103	122	2
9	9	16
35	42	1
11	44	1
56	71	1
143	146	4
80	80	6
133	134	7
130	136	4
177	177	4
111	114	3
38	41	3
35	36	7
123	138	2
41	42	10
176	177	2
129	144	2
89	89	9
116	116	8
54	54	12
59	142	2
61	62	7
159	172	1
172	173	6
55	131	3
95	97	2
58	59	1
130	132	4
115	115	3
63	64	9
116	119	3
12	12	12
59	92	5
13	45	2
71	71	9
6	6	10
142	145	5
65	66	9
22	22	9
71	140	2
87	88	2
50	50	4
170	173	4
103	103	7
142	142	6
64	66	3
136	136	9
19	27	3
129	130	2
9	13	1
20	20	11
83	84	4
140	141	5
82	87	1
147	147	9
58	102	1
168	173	3
67	68	3
154	158	5
132	151	2
144	146	2
84	84	4
52	52	4
114	115	5
61	93	3
54	60	1
127	127	6
10	16	4
163	163	4
30	30	4
158	159	5
89	100	1
10	31	1
87	109	1
76	150	1
8	8	8
57	59	2
141	141	8
77	121	1
75	76	1
52	53	12
14	15	1
12	29	3
20	27	1
29	30	4
29	31	2
140	140	22
180	180	4
120	121	12
2	4	8
34	136	4
92	93	5
61	73	2
34	34	11
165	165	7
5	7	1
150	151	1
73	96	3
38	55	2
152	153	2
75	130	2
168	169	3
131	154	1
14	71	2
164	167	3
21	28	4
103	117	1
109	109	6
122	123	4
16	17	2
121	123	4
2	7	3
60	112	1
37	41	3
135	136	3
143	145	7
132	133	5
43	44	5
140	142	2
145	151	1
125	129	1
57	71	6
49	132	1
16	26	1
82	82	4
108	109	5
138	139	8
6	7	6
63	96	1
163	173	1
17	24	2
146	146	11
73	91	4
155	156	7
132	149	1
18	31	1
123	124	2
167	167	3
85	86	8
94	94	10
97	102	1
16	29	1
42	45	1
127	131	5
166	167	4
77	93	1
23	24	1
76	122	1
84	85	8
76	77	6
28	28	7
57	60	1
25	28	3
154	156	3
153	154	3
72	73	5
133	133	6
177	178	1
6	35	3
24	39	1
81	81	4
27	27	9
63	101	2
178	179	5
35	137	1
112	146	1
24	25	4
66	79	2
102	125	3
35	45	3
73	142	3
163	168	2
1	3	1
90	104	3
119	129	1
154	154	12
140	150	2
29	29	17
115	116	2
91	91	6
62	67	1
7	8	6
162	163	3
145	156	2
93	94	4
50	52	3
0	1	2
25	30	2
88	88	5
30	42	2
171	172	4
34	35	2
72	72	1
35	37	3
60	62	6
26	32	2
39	40	7
18	19	10
24	38	1
27	28	8
107	108	3
77	122	2
97	107	1
117	118	6
27	33	1
66	78	1
31	32	9
169	173	2
26	26	9
104	106	4
93	96	1
96	97	6
9	10	6
129	153	1
132	140	1
146	151	1
60	93	1
14	54	3
108	110	1
95	96	6
71	72	5
104	138	2
113	125	1
129	154	2
143	154	2
160	161	7
106	106	7
60	103	1
74	74	8
126	127	5
68	139	1
125	126	6
62	71	2
104	115	1
81	116	1
167	168	2
6	38	2
139	139	6
178	178	1
27	29	3
18	43	1
17	27	3
80	89	1
148	150	2
85	85	3
50	54	1
114	124	3
14	17	2
17	18	2
97	130	1
128	128	7
66	67	4
149	150	3
24	26	3
19	28	1
58	97	1
76	78	2
143	151	1
127	129	3
79	82	3
144	154	5
82	83	1
77	79	1
90	102	2
158	158	9
71	149	1
134	151	1
64	65	2
124	137	5
154	171	4
22	24	1
77	80	1
19	20	8
128	129	1
118	131	4
110	110	2
72	78	2
72	132	1
124	131	2
121	121	2
89	109	2
123	131	1
15	67	2
170	175	2
57	100	2
132	156	2
147	165	4
73	143	2
156	171	2
135	152	2
50	53	2
121	151	1
129	145	2
118	119	5
113	114	3
107	110	3
78	82	2
63	114	2
99	111	2
83	85	4
42	44	1
59	61	1
33	126	1
7	9	2
14	158	4
81	84	6
56	57	7
25	78	2
5	6	3
56	62	1
24	29	1
72	143	1
34	36	9
119	133	2
60	114	1
77	82	2
32	134	1
170	172	4
91	94	7
105	123	1
11	32	1
98	100	3
9	11	2
53	62	1
62	62	15
165	168	1
70	72	2
49	49	4
31	33	6
18	35	2
88	89	2
62	63	5
98	102	1
100	102	1
136	137	5
144	149	1
29	38	1
55	94	2
80	81	9
16	44	2
91	93	1
73	76	1
103	107	1
63	66	2
22	26	1
124	127	3
84	86	3
78	79	1
107	107	8
167	169	1
32	135	1
153	171	2
74	88	1
165	166	1
127	152	1
160	169	1
148	149	3
10	13	1
40	54	1
111	118	2
130	131	1
141	145	3
110	111	3
115	117	1
82	85	1
11	15	2
4	6	1
132	148	2
165	169	1
57	77	2
14	134	2
54	55	4
98	99	3
21	33	1
130	153	3
68	132	2
90	103	2
64	112	2
13	29	2
105	106	1
5	10	1
13	74	1
116	118	3
55	123	3
4	5	2
97	98	1
60	64	1
159	173	2
150	154	1
97	99	1
151	151	7
95	98	3
40	42	1
21	22	8
63	73	1
60	65	1
79	84	1
99	109	2
143	148	1
62	117	1
36	44	1
81	85	2
75	89	4
59	60	1
104	108	1
97	108	1
103	110	1
71	126	1
30	132	1
96	96	3
121	124	1
14	68	3
11	45	1
113	153	1
102	122	1
125	136	1
129	152	2
43	46	1
55	56	4
65	67	1
159	159	1
91	95	1
119	125	2
1	60	2
161	174	2
0	33	2
12	13	4
133	155	4
111	126	1
149	162	1
67	124	1
8	18	2
97	110	3
171	173	1
146	147	1
150	155	1
17	34	1
54	56	3
140	180	1
134	154	1
157	159	2
80	119	1
38	138	1
119	128	1
37	40	1
156	159	3
150	162	1
78	119	2
61	114	1
41	55	1
13	68	1
132	143	2
37	42	2
134	134	3
136	140	2
153	170	1
63	71	1
66	94	1
147	149	1
8	44	4
7	40	1
59	77	2
156	158	1
17	29	1
158	160	2
112	114	1
170	171	1
37	39	1
113	146	1
57	93	1
104	105	4
136	152	6
8	19	3
2	32	1
114	119	2
5	165	1
59	103	2
111	116	1
14	143	1
10	15	1
27	42	1
121	127	1
163	176	1
123	125	1
4	37	1
140	143	1
33	35	2
157	163	1
8	37	1
58	78	1
62	66	1
81	82	1
61	81	1
104	104	4
134	142	1
54	110	2
118	125	1
95	108	1
157	157	2
73	79	1
9	35	1
70	70	2
133	138	1
164	165	3
25	31	1
10	17	1
122	153	1
89	97	1
161	164	1
10	12	1
26	29	1
23	39	1
64	111	1
29	134	2
0	5	2
26	31	1
94	96	4
136	153	1
72	140	1
36	38	2
114	114	5
19	23	1
35	139	1
55	92	2
14	67	1
0	31	4
19	21	1
117	119	3
16	30	1
68	71	1
13	147	1
55	91	2
133	149	1
119	124	1
58	91	3
64	101	1
142	148	1
113	119	1
122	125	1
39	93	1
16	27	4
113	124	2
74	95	1
1	148	1
80	82	2
106	151	1
80	86	1
109	140	1
139	154	2
20	30	1
132	134	1
55	57	1
174	175	1
17	134	1
123	133	1
17	32	1
17	25	1
20	21	4
89	98	1
125	125	2
72	79	1
117	136	1
28	30	1
106	115	1
23	28	1
97	109	1
37	138	3
136	141	1
79	80	2
159	160	2
150	156	1
25	154	4
78	108	1
55	77	1
129	143	1
79	91	2
80	116	1
90	91	2
56	92	1
80	88	1
102	127	2
162	176	1
16	45	1
150	161	1
59	102	1
58	65	1
81	88	1
106	111	1
99	101	1
162	174	1
9	12	1
61	115	1
37	131	1
29	32	2
7	165	2
38	54	2
5	34	1
99	112	1
57	103	1
28	44	1
11	12	1
9	46	1
33	34	3
25	29	1
21	30	1
96	108	1
14	169	2
64	114	1
62	65	1
23	32	1
1	1	2
62	82	1
12	42	1
36	138	1
115	137	1
136	139	1
36	40	1
159	167	1
31	44	2
4	32	1
123	126	2
43	45	1
19	39	1
141	143	2
76	100	2
58	60	2
35	136	1
72	91	1
129	131	1
112	153	1
82	84	1
146	150	1
132	139	1
127	145	2
130	154	2
137	141	2
61	90	1
149	173	1
21	37	1
57	91	1
96	124	1
119	134	1
57	104	1
16	18	1
37	56	1
67	92	2
168	170	1
124	140	1
20	26	1
89	108	1
27	43	1
166	168	1
0	6	1
89	96	1
25	39	1
64	124	1
33	43	1
112	126	1
75	92	1
19	30	1
146	148	1
102	107	1
103	105	1
74	75	1
65	93	1
62	73	1
5	33	1
85	87	1
65	79	1
9	43	1
