12	23	1
62	63	3
142	142	4
60	60	4
73	75	1
105	105	2
148	148	3
81	81	4
19	19	4
161	161	3
113	113	4
39	39	6
62	66	1
32	32	3
89	89	1
63	63	3
17	22	1
42	99	3
127	154	1
51	51	5
105	106	2
45	45	7
107	117	2
145	145	3
15	15	4
113	115	1
161	162	4
128	128	2
131	131	4
9	9	5
16	16	7
124	124	6
28	28	5
118	118	2
139	139	7
158	158	4
170	171	2
7	9	1
22	23	1
143	143	2
90	91	1
20	20	5
66	67	2
57	60	1
110	110	3
18	20	1
66	66	2
133	177	1
169	169	3
9	10	3
171	172	1
150	150	4
142	162	1
42	43	4
37	37	4
28	29	4
14	133	2
89	90	1
176	176	2
79	80	1
9	12	1
176	177	2
25	26	3
19	34	2
17	17	5
160	160	1
174	175	7
159	173	1
32	43	1
21	21	4
114	115	4
111	112	1
15	16	5
114	114	1
39	41	1
93	93	2
36	36	2
77	78	2
153	153	1
84	86	4
140	140	4
113	114	2
93	94	2
72	72	6
38	39	2
168	168	3
143	144	1
95	95	5
133	148	2
126	158	1
43	43	2
127	127	1
109	112	1
14	15	3
129	129	3
33	35	1
157	157	1
4	12	2
145	178	1
73	73	1
19	20	3
134	134	4
50	52	2
64	75	1
75	75	2
0	22	2
41	41	7
88	88	2
10	15	1
96	96	2
38	38	3
17	32	1
104	104	2
35	35	4
83	97	1
2	4	2
3	4	3
40	40	3
18	22	2
144	144	1
13	14	1
83	83	2
18	19	4
10	10	10
128	159	1
33	33	2
8	9	3
87	100	1
43	45	1
163	165	1
12	16	1
50	50	2
127	128	2
153	154	1
1	104	2
24	93	4
33	36	1
18	18	3
5	5	5
8	32	1
26	29	1
34	34	2
64	76	1
98	99	1
67	68	2
133	134	2
2	3	2
87	87	1
11	11	4
42	42	1
147	148	2
96	98	2
159	159	1
27	28	3
142	148	1
135	166	2
54	54	1
78	79	2
33	34	3
110	112	1
134	135	1
120	120	1
65	66	1
107	119	2
103	129	1
5	6	2
136	136	1
87	89	1
8	10	1
6	7	2
0	38	1
112	112	3
139	171	1
102	120	2
45	88	2
59	59	2
25	25	5
150	163	1
80	81	1
61	61	1
77	77	2
110	111	3
31	32	2
116	116	1
91	91	1
71	71	2
5	8	1
106	106	1
86	86	2
8	11	2
124	128	1
109	109	1
149	149	2
11	12	2
41	43	1
173	173	4
135	136	2
64	64	3
131	172	1
55	55	3
125	127	3
107	108	2
166	170	1
35	36	4
175	175	4
14	14	3
143	148	1
12	12	1
24	24	4
58	58	1
104	106	1
94	94	1
7	10	3
133	179	2
0	0	4
101	103	1
37	38	3
139	147	2
43	159	2
18	21	4
101	102	2
55	56	2
85	86	2
168	169	2
152	153	1
167	167	1
61	63	1
0	1	4
171	174	1
65	65	3
3	3	1
4	18	2
3	8	1
24	37	1
2	2	4
151	153	1
112	114	1
131	180	1
154	155	1
177	177	1
90	90	1
154	171	1
154	154	1
153	155	1
11	15	1
7	7	3
154	157	1
58	87	1
153	162	1
179	179	2
42	45	4
88	91	1
23	24	1
178	178	1
56	57	1
4	4	2
7	11	2
150	153	1
91	93	1
24	25	2
6	6	6
44	44	1
106	118	1
20	21	2
17	36	1
98	106	2
141	141	1
92	92	1
26	26	4
77	79	1
37	60	1
104	105	1
57	57	1
95	118	1
121	126	1
97	101	2
31	31	4
1	1	1
128	129	1
150	159	1
89	91	1
34	35	1
1	35	2
15	26	1
84	84	2
23	23	3
29	67	2
12	14	3
10	11	1
115	166	1
143	146	1
13	23	1
132	132	1
180	180	1
127	158	1
22	22	1
108	110	1
2	31	1
168	170	1
45	46	1
104	107	1
126	126	3
38	41	1
62	62	2
11	43	1
139	140	1
160	162	2
155	159	2
121	127	1
149	150	2
26	31	2
136	153	1
52	52	1
138	175	1
35	40	1
125	126	1
108	108	3
8	12	1
35	41	1
115	135	1
8	8	1
164	174	1
25	28	1
100	100	1
83	84	1
74	74	1
131	133	1
133	139	1
90	96	1
130	170	1
10	35	1
2	11	1
33	37	1
32	33	1
19	22	1
73	105	1
111	111	1
19	21	1
11	13	1
133	133	1
10	12	1
149	159	1
102	104	1
103	109	1
156	156	1
16	17	2
6	35	1
13	13	2
164	164	1
76	83	1
118	119	1
3	33	1
145	147	2
29	29	1
107	115	2
26	28	1
99	100	1
141	158	1
16	18	1
132	177	1
143	147	1
56	56	1
5	18	1
5	14	1
137	138	1
59	60	1
102	102	1
79	79	1
36	37	1
151	160	1
153	156	1
98	98	1
177	178	1
172	174	1
42	87	1
39	40	1
116	117	1
135	135	1
31	88	1
161	164	1
59	76	1
68	68	1
88	89	1
24	27	1
104	110	1
170	177	1
17	33	1
62	65	1
157	161	1
121	125	1
10	17	1
130	130	1
10	13	1
