86	89	1
94	94	3
85	85	5
100	101	1
67	67	6
95	95	5
42	75	2
44	44	3
68	68	2
65	66	4
87	88	1
62	62	3
50	56	1
35	35	1
29	30	1
47	48	3
69	69	3
90	90	6
71	72	2
50	50	2
85	88	1
43	43	2
47	47	5
93	96	2
36	38	1
45	45	2
81	93	2
80	80	3
40	40	4
45	48	1
86	93	1
32	32	1
37	38	3
84	92	1
32	33	2
48	48	2
55	58	3
93	101	2
99	101	1
65	68	1
64	64	3
48	54	2
99	100	3
75	75	2
63	63	4
49	50	4
52	52	2
46	46	2
92	92	1
69	99	2
89	89	1
64	65	1
34	35	4
73	73	1
60	60	9
56	56	3
71	76	1
48	61	1
50	51	6
68	69	1
61	61	2
101	101	7
67	68	3
31	31	1
42	76	1
56	57	1
95	97	2
96	96	1
34	50	1
38	38	3
50	62	1
36	39	1
84	88	1
99	99	2
82	82	5
57	57	4
44	45	2
51	51	6
59	59	4
53	53	2
33	34	1
93	93	3
69	74	1
25	25	1
77	78	1
87	87	2
93	94	1
34	34	1
44	67	1
34	40	1
54	54	3
58	59	2
46	47	1
69	98	1
86	87	2
77	77	1
61	62	2
63	64	1
87	93	1
86	97	1
39	39	1
59	60	1
31	56	1
59	65	2
42	42	2
49	49	2
93	98	2
40	41	1
94	98	1
49	63	3
85	86	1
36	37	1
92	98	1
98	98	1
32	56	1
74	75	1
52	55	1
55	56	1
58	58	1
52	82	1
55	55	1
83	83	1
42	43	1
51	60	2
48	49	1
81	81	1
47	55	1
78	78	1
97	97	1
