58	58	4
124	125	1
38	38	2
143	143	2
77	80	2
196	196	3
148	148	5
115	123	1
107	137	2
157	157	2
38	40	1
48	48	4
102	111	1
66	66	4
162	164	1
125	126	3
47	47	2
54	54	3
166	166	6
133	133	1
22	22	1
87	88	2
142	147	1
84	176	1
195	195	2
169	169	1
73	74	1
115	117	1
183	183	1
114	115	1
143	145	2
2	6	2
82	82	1
159	160	2
179	193	2
2	4	1
159	164	2
4	4	1
154	154	5
146	146	1
175	175	1
181	182	3
76	76	2
42	42	1
89	89	2
116	116	1
181	181	2
26	39	1
56	150	1
165	165	3
29	29	1
175	177	2
119	119	2
33	33	3
108	111	2
73	81	1
141	152	1
140	140	2
168	168	1
19	35	2
1	3	1
125	125	1
108	109	1
150	151	1
160	170	1
101	101	4
95	144	1
121	121	2
39	39	3
148	149	1
127	133	1
10	49	1
108	148	2
40	63	4
85	117	1
116	166	2
125	146	1
0	1	1
115	115	1
63	66	1
42	60	1
87	87	1
79	80	1
15	16	1
134	135	1
114	114	1
36	36	2
172	184	1
11	31	3
19	36	1
120	120	1
67	67	5
185	185	2
190	191	2
125	135	1
39	43	2
32	33	1
53	188	1
81	82	1
61	61	1
32	32	1
25	26	1
23	24	2
165	166	2
117	118	1
129	130	1
145	145	4
30	30	1
96	98	1
170	170	1
73	73	1
179	179	1
25	25	1
34	34	3
138	138	1
151	154	1
9	9	3
129	143	1
160	163	1
179	191	1
166	168	1
147	147	5
26	38	1
160	190	1
38	39	1
68	84	2
59	64	1
123	166	1
127	127	5
110	110	1
124	124	2
152	153	1
141	144	1
172	172	4
19	19	2
23	23	1
132	132	1
104	105	1
80	134	2
180	182	1
137	137	1
95	95	1
141	141	1
114	121	1
112	155	1
8	8	1
20	20	1
106	106	1
12	17	1
132	133	1
84	86	2
102	102	1
11	11	2
159	193	1
5	6	2
171	178	1
173	176	1
16	25	1
57	58	1
108	113	1
102	103	1
167	167	2
61	64	1
69	69	2
156	157	1
194	194	2
176	176	1
125	133	1
28	28	2
1	5	1
179	182	1
194	196	1
183	197	1
6	189	1
191	191	2
10	44	1
135	135	1
173	177	1
147	151	1
132	156	1
53	53	2
176	180	1
193	193	2
147	158	1
153	153	2
103	104	1
174	179	1
141	186	1
44	57	2
155	155	1
125	185	1
10	48	1
53	146	1
182	182	1
87	149	1
58	59	1
101	112	1
184	185	1
54	172	1
5	5	2
178	178	3
112	165	1
0	112	2
173	174	1
143	146	1
16	35	1
176	182	1
175	181	1
145	197	1
186	187	1
39	64	1
55	174	1
146	147	1
154	155	2
159	159	1
152	152	1
15	30	1
27	51	1
192	192	1
50	50	1
175	176	1
64	65	1
60	61	1
2	7	1
37	37	1
12	12	2
104	104	1
151	151	1
15	23	1
153	157	1
188	188	1
185	186	1
123	135	2
162	162	2
58	61	1
143	144	1
54	56	1
39	60	1
7	8	1
172	180	1
164	167	1
14	14	1
76	90	1
62	68	1
190	190	1
130	131	1
89	118	1
108	108	1
2	28	1
75	86	1
15	33	1
162	163	1
116	118	1
80	146	1
179	197	1
44	165	1
54	194	1
124	127	1
107	107	1
