63	64	1
73	73	1
58	70	1
63	89	2
86	87	5
91	91	3
91	92	1
44	45	4
23	23	1
65	65	2
99	109	2
20	21	1
80	80	2
78	78	1
72	72	8
84	98	1
101	113	1
48	49	2
77	80	1
51	51	1
31	84	3
104	104	3
40	74	1
42	43	1
91	95	5
109	109	4
79	79	2
53	58	1
111	111	2
108	108	2
42	42	1
55	100	2
31	85	1
38	38	5
67	67	1
96	97	1
26	26	1
82	82	1
84	84	1
81	81	2
73	106	1
46	46	2
84	85	1
74	74	1
20	20	1
61	83	1
64	65	1
21	21	1
34	34	2
88	90	2
49	49	1
59	59	1
33	34	1
68	69	1
87	87	1
72	107	1
89	91	2
31	100	1
81	82	3
89	89	2
35	35	2
90	94	2
102	102	1
26	27	1
56	78	1
55	55	2
87	88	2
30	31	1
78	81	1
50	50	1
34	53	2
97	103	1
104	105	1
80	88	1
53	84	1
62	94	1
35	84	2
56	56	1
93	94	1
58	59	1
24	25	1
45	46	1
60	60	1
88	88	1
83	84	1
28	28	3
35	36	1
50	52	1
64	64	1
27	27	1
33	37	1
103	104	1
66	68	3
114	114	1
67	73	1
29	29	1
103	103	2
115	115	1
68	68	1
75	80	1
50	100	1
75	78	1
