22	75	3
52	52	1
28	69	2
38	41	2
98	98	3
71	73	1
31	31	2
64	72	1
72	74	1
43	43	2
64	70	1
92	93	1
58	78	1
77	77	1
60	61	2
97	98	1
100	101	4
57	61	1
22	24	2
62	63	1
23	24	3
39	59	2
113	114	2
79	79	1
67	67	1
55	56	2
75	76	2
44	45	2
74	74	2
66	67	2
22	22	2
32	32	1
78	78	1
63	74	2
59	59	2
34	37	1
97	97	3
108	108	3
36	37	1
30	31	3
52	99	1
95	95	4
74	75	2
19	73	1
67	71	1
39	88	3
19	19	2
79	98	2
75	75	3
34	100	3
102	103	1
26	46	2
46	46	3
47	48	1
105	107	1
54	54	1
21	21	2
38	38	1
69	69	1
103	108	2
42	43	1
80	84	1
95	96	1
63	107	2
28	28	2
30	30	1
24	25	2
45	45	3
100	100	2
40	40	1
55	71	1
21	76	1
88	92	2
33	76	1
37	78	1
48	49	1
108	109	3
95	101	1
96	97	2
39	40	2
66	68	2
61	62	1
30	44	2
71	71	2
58	59	1
29	29	1
33	33	1
57	57	1
87	87	1
103	104	2
36	36	1
99	99	1
27	28	1
42	42	1
78	79	1
89	89	2
56	58	1
86	86	2
90	91	1
93	93	1
113	113	1
29	31	1
34	36	1
83	83	1
37	37	1
73	73	1
62	62	1
29	42	1
25	46	1
22	80	1
94	94	1
72	73	1
31	32	1
53	77	1
48	48	1
33	34	1
