123	123	1
168	168	2
46	91	1
100	101	2
132	145	1
108	108	2
24	70	1
55	55	3
20	85	1
99	99	2
28	150	1
145	166	1
84	85	1
7	41	3
62	63	1
38	38	2
93	124	1
14	14	3
57	62	1
109	109	1
80	81	2
3	6	2
10	74	1
6	6	2
15	15	2
113	113	3
128	158	1
151	153	1
18	18	2
163	164	2
7	7	3
28	136	2
145	146	1
25	74	1
146	161	1
149	150	2
16	22	1
140	140	1
36	36	3
33	33	2
152	152	5
111	111	6
164	165	3
69	90	1
122	122	1
127	127	2
150	150	1
53	54	1
137	137	2
166	166	1
26	27	3
0	0	1
23	53	1
4	4	1
117	125	3
148	157	1
139	139	2
163	166	1
55	56	2
38	49	1
121	132	2
56	75	1
12	126	1
152	153	1
92	93	2
57	57	2
12	13	1
86	86	2
12	128	1
127	132	1
3	3	4
91	91	3
24	24	1
49	68	1
44	45	3
9	147	1
18	20	1
98	146	2
1	66	1
126	126	1
43	43	4
50	104	1
106	114	1
12	127	1
15	24	1
54	55	1
125	125	1
6	8	1
92	106	1
94	95	1
136	136	2
94	127	1
104	165	1
117	117	2
47	79	1
125	128	1
25	26	1
111	112	1
142	142	2
8	19	1
16	129	1
100	103	1
121	133	1
45	45	1
128	128	2
93	93	2
51	52	2
47	49	2
37	43	2
87	87	1
78	78	2
126	131	1
9	9	1
133	133	1
165	165	1
21	21	2
87	88	1
108	133	2
150	151	2
116	118	1
163	163	1
98	99	1
52	53	1
13	46	1
104	104	1
16	18	1
39	40	2
55	104	1
89	90	1
114	136	1
33	34	1
113	114	1
114	114	1
13	47	2
76	76	1
8	12	1
167	169	1
22	22	1
80	111	1
45	90	1
144	153	1
125	127	1
169	169	2
12	12	1
143	143	2
23	23	1
73	140	1
1	1	1
48	48	1
103	103	2
123	124	1
80	104	1
2	2	2
104	123	1
40	40	2
15	72	1
67	116	1
116	130	1
56	56	1
13	41	1
73	73	1
88	88	3
109	110	1
102	106	1
96	96	2
68	68	1
6	110	1
50	50	1
72	72	1
24	44	1
28	47	1
85	86	1
122	167	1
108	109	1
13	36	1
41	41	2
3	45	2
121	160	1
44	44	1
20	20	1
82	82	1
135	135	1
81	108	1
27	126	1
123	137	1
113	116	1
49	49	1
23	126	1
37	37	1
14	15	1
147	161	1
62	62	1
101	108	1
16	23	1
40	168	1
102	102	1
6	16	1
116	116	1
89	91	1
161	161	1
55	101	1
16	17	1
88	89	1
9	19	1
40	41	1
42	42	1
77	78	1
105	106	1
9	40	1
47	66	1
39	49	1
139	140	1
