70	70	7
11	12	2
74	74	4
61	65	1
49	49	13
14	14	6
23	28	3
9	9	5
57	57	12
71	71	1
12	63	5
23	27	1
7	63	1
12	12	1
23	23	3
25	25	5
6	12	4
4	4	8
81	81	2
12	60	3
79	80	1
24	27	2
25	26	10
7	8	3
31	31	10
7	7	2
72	74	3
73	74	2
47	47	7
46	47	1
2	2	10
6	6	9
64	65	7
34	35	3
24	25	1
81	82	1
58	58	3
84	84	3
11	11	7
48	50	7
53	54	3
75	75	4
78	78	5
70	71	5
47	50	1
16	19	6
50	52	3
77	78	3
22	22	5
30	30	4
74	81	3
21	23	2
51	51	1
13	13	8
5	5	3
85	85	5
80	80	7
24	24	9
86	87	2
47	48	2
54	54	8
46	80	2
54	63	2
55	56	2
1	1	3
74	84	1
72	72	4
3	3	1
48	48	4
8	8	2
60	60	5
58	59	1
7	13	5
82	83	5
82	82	5
9	31	1
13	14	3
69	69	4
78	79	4
77	77	6
47	64	1
56	56	8
61	62	2
14	15	4
6	8	1
89	89	4
10	22	1
18	19	2
59	59	6
7	14	2
75	76	1
5	25	1
72	73	3
10	11	2
50	50	2
67	67	1
55	66	5
52	52	2
62	63	1
28	28	3
61	61	2
77	80	1
51	55	1
86	86	2
24	75	1
66	66	2
55	55	1
53	56	2
65	66	1
63	64	2
83	83	3
8	9	1
26	26	2
58	66	1
10	10	1
19	19	2
63	63	2
4	57	1
69	85	1
46	76	1
68	69	2
16	16	2
17	17	1
6	7	2
15	15	2
5	49	1
27	27	1
51	52	1
68	68	1
46	48	1
