88	91	1
43	43	7
64	68	1
78	89	1
72	72	2
47	47	4
25	54	1
31	59	3
91	91	9
65	66	7
76	79	1
48	53	1
50	50	15
69	69	2
67	67	10
59	59	9
44	44	8
58	101	2
60	60	11
48	48	5
62	62	4
46	46	8
58	90	2
20	20	3
24	25	3
56	57	6
54	54	4
98	98	3
65	76	2
80	89	2
70	74	2
52	53	2
61	64	2
96	96	5
21	21	2
95	95	2
65	68	2
68	68	6
60	63	5
95	98	4
63	64	2
78	78	7
70	70	3
49	50	7
29	29	2
50	51	1
100	100	4
97	99	1
88	89	1
41	41	12
33	34	3
40	45	2
52	52	4
64	64	17
49	67	1
92	92	3
101	101	4
50	66	2
97	97	8
61	63	2
76	85	2
81	81	5
71	71	6
92	95	2
80	80	5
55	55	6
34	34	6
45	45	11
66	66	7
82	84	1
55	62	3
57	57	8
99	99	5
36	38	3
63	63	6
77	77	2
47	48	6
40	41	3
59	77	3
83	83	2
94	94	2
82	82	4
42	42	8
75	75	7
33	38	1
51	81	1
28	28	3
58	59	2
83	101	1
27	38	3
53	53	5
90	90	8
88	88	2
87	88	3
93	93	7
73	73	1
25	27	2
58	58	4
55	56	2
81	87	1
85	85	11
99	101	3
39	39	1
64	66	2
59	85	4
78	101	1
86	87	1
49	49	2
102	102	1
80	81	2
57	70	3
28	38	2
66	67	3
57	58	4
59	60	1
87	93	1
25	25	1
53	55	2
38	38	1
91	101	2
79	101	1
76	84	2
75	85	1
40	40	5
49	52	2
63	65	1
28	37	1
98	99	1
60	95	2
76	77	6
99	100	3
26	26	1
51	51	3
63	72	2
95	96	2
41	74	1
56	56	4
51	55	1
37	38	2
62	63	5
35	51	1
48	50	1
68	69	3
26	81	4
79	79	4
69	70	1
44	50	1
61	61	4
86	89	1
68	90	2
67	68	6
89	89	1
33	33	2
41	53	1
82	101	1
96	98	2
74	74	4
71	72	1
87	92	1
52	64	1
31	31	1
79	81	1
97	98	2
41	42	1
26	27	1
37	37	3
85	86	2
65	75	1
76	76	6
94	100	1
58	77	1
32	32	1
51	87	1
72	97	1
60	93	1
24	24	1
75	76	1
87	91	1
23	24	1
83	84	1
55	79	1
85	99	1
22	23	1
27	31	1
65	65	1
46	53	1
49	51	1
46	47	1
41	48	1
39	51	1
32	33	1
96	97	1
34	64	1
39	40	2
45	74	1
101	102	1
90	93	1
36	37	1
59	62	1
23	26	1
52	55	1
29	38	1
87	87	1
78	86	1
64	65	1
52	100	1
