135	135	6
101	127	2
36	36	1
103	103	3
125	132	3
2	3	1
83	83	2
110	110	3
14	14	3
35	36	2
25	25	3
122	122	2
102	105	1
30	30	2
8	10	1
10	10	2
79	85	1
11	11	2
74	95	2
124	125	2
119	120	2
80	80	1
75	76	1
17	17	3
96	96	3
75	94	2
123	123	4
38	38	2
37	37	2
91	91	1
0	0	2
130	130	4
86	101	1
115	115	3
112	124	1
77	84	1
98	98	3
81	102	1
139	140	4
89	89	4
115	119	2
13	14	1
93	93	2
107	113	1
37	38	1
22	78	1
74	94	1
32	33	1
111	111	2
75	75	2
80	101	1
8	8	3
34	35	2
80	102	2
126	129	1
106	106	4
104	105	2
109	109	1
6	6	3
81	81	2
90	91	1
72	72	3
75	77	3
119	119	2
7	8	2
120	122	1
93	97	1
94	96	1
4	4	3
22	26	3
84	84	1
85	85	3
121	121	1
129	130	1
80	90	1
93	95	1
114	115	2
79	91	1
121	123	2
74	75	1
21	21	3
5	22	2
81	88	1
77	77	1
82	83	1
101	134	2
138	138	1
71	75	1
78	78	2
116	116	1
98	129	1
79	79	4
112	113	1
86	134	1
18	20	2
88	89	1
15	16	2
74	74	2
112	114	1
79	84	1
118	123	1
7	29	1
84	90	1
20	20	2
76	85	1
17	18	1
123	125	1
33	90	2
5	5	1
81	82	2
112	112	2
105	106	1
117	117	1
24	44	1
97	135	1
84	108	1
104	104	1
102	102	2
84	85	2
31	31	2
106	107	1
11	23	1
16	17	1
108	109	3
124	124	1
9	29	1
121	122	1
117	123	2
120	120	2
78	101	1
133	133	2
29	32	1
107	107	1
23	23	2
128	128	1
9	9	1
87	103	1
140	140	1
9	13	1
13	13	1
12	12	1
105	105	2
2	2	2
71	71	1
17	19	1
22	24	1
1	6	1
126	127	1
27	27	1
97	97	1
32	32	2
80	82	1
8	29	1
3	3	1
85	87	1
125	125	2
82	99	1
101	101	1
11	12	1
97	134	1
23	24	1
7	7	1
134	134	1
15	15	1
134	136	1
87	88	1
136	136	1
