44	45	2
50	98	2
125	126	1
75	134	1
75	75	6
133	133	2
64	77	1
123	124	2
111	111	3
114	115	3
112	112	4
27	27	1
26	26	5
86	107	1
99	100	4
61	61	1
90	90	3
71	71	8
60	125	1
102	102	3
115	115	4
31	31	4
84	84	2
74	74	5
79	80	3
65	80	1
114	114	3
110	110	1
132	133	2
126	126	1
89	91	2
35	35	1
54	56	2
52	53	1
119	119	3
101	101	1
7	8	1
54	60	1
89	90	3
107	107	3
75	103	2
1	2	2
112	115	1
68	68	3
87	88	3
15	16	2
106	119	2
45	45	4
25	26	2
21	23	2
109	109	2
98	98	2
13	38	1
53	54	2
19	20	1
59	59	2
3	5	1
55	121	2
121	121	3
48	48	1
52	92	2
12	33	2
70	70	3
60	100	1
125	125	4
76	76	1
120	120	3
66	87	1
65	68	1
96	126	1
63	65	3
98	108	1
117	117	1
99	99	3
73	126	1
83	83	1
73	88	2
59	63	2
3	4	2
106	106	3
87	87	1
89	89	1
92	104	1
82	83	1
21	22	2
92	93	1
127	128	2
109	129	1
74	75	1
62	62	1
4	4	3
122	122	2
130	134	1
32	33	1
2	3	1
124	124	2
5	6	1
106	107	4
78	78	5
130	130	1
78	79	2
3	3	2
107	110	1
80	81	3
82	87	4
105	119	1
91	103	1
80	127	1
108	109	1
104	104	1
85	126	1
91	91	2
92	92	2
100	100	1
36	37	1
54	55	2
73	115	1
44	52	1
29	29	1
57	67	1
64	69	1
79	122	1
93	93	1
69	69	4
106	111	1
64	64	4
37	38	2
122	123	3
117	118	1
128	134	1
62	63	1
77	116	1
121	122	1
26	27	1
133	135	1
54	54	1
98	99	1
44	57	1
96	123	3
132	132	1
55	57	1
14	22	1
65	65	1
74	89	1
56	56	2
6	6	1
10	10	2
72	72	1
11	11	1
12	12	2
44	48	1
56	58	2
113	113	2
109	110	1
20	20	1
65	109	1
95	95	1
93	111	1
103	103	2
9	10	1
60	60	2
7	24	2
71	73	1
106	110	1
14	43	1
75	91	1
73	75	1
91	92	1
64	74	1
78	131	2
79	120	1
35	49	1
5	5	1
8	27	1
106	112	2
94	94	1
118	119	2
2	2	1
23	24	1
2	62	1
134	134	1
68	127	1
58	58	1
59	60	1
105	121	1
43	126	1
2	33	1
55	60	1
47	47	1
59	61	1
93	94	1
124	126	1
85	86	1
71	85	2
0	93	1
66	66	1
6	7	1
131	131	1
105	105	1
72	73	1
68	82	1
102	103	1
43	43	1
73	73	1
20	21	1
89	98	1
100	102	3
57	58	2
96	96	2
120	121	1
24	24	1
77	87	1
123	123	1
94	95	1
86	87	1
52	52	1
123	133	1
108	129	1
67	111	1
