139	139	11
76	76	3
27	30	5
59	59	5
22	22	6
25	26	4
13	14	1
46	47	4
59	67	1
65	89	3
140	140	4
141	141	3
127	127	4
126	126	2
85	85	5
4	50	5
132	133	6
133	133	8
133	134	4
53	53	6
107	107	6
122	122	3
70	70	5
21	24	2
68	68	3
128	131	4
109	111	2
72	72	7
36	36	3
132	137	1
119	139	3
108	108	3
54	57	4
79	110	2
54	99	1
62	62	3
110	116	5
145	145	2
106	106	7
33	33	3
107	132	3
108	110	3
124	125	1
89	136	4
135	135	5
63	86	2
61	62	1
100	100	4
132	132	6
118	118	4
10	10	7
35	86	3
50	50	3
67	67	5
101	128	3
40	41	3
125	128	3
78	96	7
136	138	3
9	59	4
92	94	5
64	64	8
21	36	1
99	99	3
71	73	1
111	111	5
96	97	2
134	134	4
89	92	3
112	112	3
130	130	8
115	118	1
33	34	3
56	64	3
132	139	3
131	133	1
69	119	2
47	47	1
84	84	5
103	104	5
20	20	6
86	86	2
14	34	1
32	32	7
123	123	1
47	84	3
64	72	2
108	137	1
122	135	1
11	11	2
120	120	2
121	130	3
2	13	4
144	144	6
86	91	5
128	128	1
82	88	2
131	141	2
108	138	3
116	116	1
77	77	4
74	75	2
90	90	5
2	2	5
85	111	2
126	130	3
131	131	2
74	74	1
93	93	5
109	132	5
76	82	4
48	48	6
119	119	7
24	25	1
0	1	2
88	92	2
118	129	1
29	29	4
38	38	3
120	129	3
19	19	3
13	13	3
43	92	2
105	105	4
121	121	1
93	94	3
83	91	1
125	143	3
142	142	5
111	112	1
41	41	2
35	92	3
62	63	1
26	31	2
1	1	1
86	98	3
37	37	3
17	38	1
109	109	9
114	122	1
124	124	4
5	5	5
19	97	2
102	102	6
92	92	3
120	123	1
58	58	1
108	135	2
60	60	1
104	104	3
35	36	1
18	19	1
89	96	1
95	95	1
57	67	1
92	93	4
69	69	1
126	138	3
27	40	1
73	73	2
54	68	1
122	123	5
87	87	4
24	87	1
47	69	1
0	0	4
61	61	1
129	140	1
51	71	1
60	62	1
80	81	1
116	117	4
121	138	5
71	72	3
133	135	3
25	36	1
20	27	6
141	143	1
77	78	2
102	108	3
31	47	3
103	103	2
36	37	1
52	52	2
143	143	2
88	88	3
93	95	2
30	30	3
119	131	2
81	81	2
58	62	1
8	8	1
113	114	1
124	126	3
34	34	1
20	26	1
79	79	1
104	110	2
98	98	1
52	103	1
39	39	1
119	133	1
8	18	2
118	122	2
19	54	1
1	50	1
114	120	1
26	37	1
12	14	1
81	83	1
84	85	1
107	108	1
2	64	1
42	42	1
9	11	1
71	86	2
35	117	1
122	137	1
87	100	1
118	131	2
66	66	2
57	60	1
21	21	1
80	80	1
27	27	1
23	23	1
97	134	2
33	74	1
57	57	1
127	129	1
7	12	1
35	84	1
1	39	1
21	74	1
134	135	1
62	95	1
65	104	1
54	54	1
