47	77	1
2	2	1
36	49	2
7	7	2
34	77	2
8	8	4
106	106	3
37	37	3
31	32	1
14	14	1
112	112	3
48	48	3
93	93	4
57	58	1
110	110	4
57	116	2
25	25	2
62	64	3
93	94	1
11	11	6
63	63	2
10	11	1
28	98	2
0	0	2
94	96	1
20	21	1
94	94	2
118	118	1
102	102	1
39	39	1
132	133	2
13	14	2
18	36	3
113	113	2
9	9	1
89	89	4
128	128	1
101	101	1
117	134	1
49	49	1
4	6	1
59	59	1
5	6	1
84	85	1
60	61	2
103	105	2
58	58	1
15	15	2
85	102	1
96	97	1
89	90	1
64	64	5
84	84	3
13	13	4
75	75	2
110	111	1
36	36	1
111	111	1
41	42	2
30	33	1
69	70	1
45	69	1
46	46	1
26	26	3
105	107	1
63	64	4
100	100	1
6	6	1
86	87	3
114	115	1
109	109	3
126	126	2
131	131	1
111	129	1
89	92	1
92	92	2
103	104	1
35	35	2
83	84	1
120	120	1
46	74	1
63	69	1
64	77	1
26	29	1
87	87	2
7	35	1
23	23	2
86	98	1
9	58	2
78	114	1
117	118	1
64	69	2
126	127	1
81	81	2
76	78	1
66	66	2
63	86	1
30	30	2
119	120	1
96	96	3
116	116	2
76	77	1
130	132	1
28	28	1
7	15	3
42	42	2
14	65	1
62	62	3
94	95	2
32	32	1
121	121	1
114	119	2
12	12	5
5	17	1
80	81	2
102	104	2
79	79	3
15	16	1
105	105	1
104	120	1
82	113	1
128	134	1
63	85	1
90	90	1
45	64	1
106	107	1
23	73	1
74	75	1
78	78	1
57	57	2
59	60	2
47	75	1
73	73	1
27	27	3
70	126	1
68	69	1
81	83	1
74	74	1
61	61	1
58	104	1
134	134	2
90	91	1
16	18	1
16	16	1
65	65	4
24	24	1
114	124	1
93	98	1
44	44	1
62	70	1
14	15	1
60	60	1
25	47	1
72	72	2
91	92	1
9	10	1
31	31	1
10	115	1
3	3	1
59	130	1
71	71	1
60	96	1
69	69	1
2	46	1
0	1	1
86	86	1
79	80	2
83	83	1
43	43	1
62	74	1
76	76	1
7	26	1
29	48	1
77	77	2
26	27	1
33	33	1
91	128	1
82	82	1
4	5	1
10	48	1
107	108	1
45	45	1
