126	126	5
174	175	2
7	7	2
99	99	2
79	79	4
46	47	2
38	39	1
18	30	2
14	16	1
194	196	2
42	42	2
142	143	1
204	204	2
207	207	1
99	100	3
163	163	1
192	192	2
23	25	1
60	63	1
15	18	1
33	36	1
43	144	1
41	41	1
211	212	1
179	180	3
194	198	2
179	179	2
37	37	2
164	164	2
54	54	5
8	196	2
8	8	1
152	162	1
16	30	1
14	14	1
57	57	1
208	209	1
60	61	3
2	2	1
77	77	3
3	36	4
134	134	4
70	71	2
9	14	1
19	21	1
71	71	2
195	196	2
51	51	1
53	56	1
218	218	3
81	82	1
49	50	1
189	189	1
66	144	1
36	36	6
46	46	2
158	159	1
231	232	3
34	34	5
219	223	1
26	26	1
191	191	5
82	83	1
12	13	1
120	120	3
148	148	1
3	3	4
180	180	1
188	188	4
130	157	1
200	228	1
38	44	2
153	153	2
144	144	4
42	43	3
220	220	1
86	86	2
72	73	2
52	57	1
39	39	5
162	162	1
178	178	4
224	225	2
214	215	1
20	20	2
65	69	1
236	237	3
128	128	1
200	203	1
5	29	1
103	104	1
104	104	2
115	115	1
203	203	1
53	54	2
58	58	1
236	236	1
12	37	1
64	64	2
203	230	1
119	119	1
23	30	1
190	190	2
178	207	1
219	220	1
130	130	1
191	203	2
69	69	1
167	169	5
113	113	1
75	75	3
85	86	2
188	189	3
137	137	2
10	27	1
74	74	4
76	76	4
101	101	1
145	146	2
23	24	1
31	31	1
127	127	3
166	166	1
172	172	1
61	62	1
6	6	1
63	64	1
129	129	1
10	10	2
213	213	1
21	21	2
72	72	1
32	32	1
0	1	1
169	169	1
98	98	3
0	0	2
75	80	3
113	114	1
182	183	2
15	17	1
71	86	2
50	53	1
85	85	1
98	99	1
45	45	1
133	133	1
198	198	2
10	20	1
183	183	2
102	102	2
46	171	1
214	214	1
173	174	1
9	109	1
170	177	1
160	177	1
187	187	2
121	121	1
114	114	1
145	149	1
118	119	1
13	14	1
56	57	1
232	232	3
80	80	1
137	140	1
30	31	1
44	44	1
67	69	1
100	101	2
147	147	1
168	208	1
19	19	2
224	227	1
12	36	1
239	239	1
234	235	1
109	112	1
14	15	1
26	39	1
12	25	1
5	6	1
44	47	1
118	118	1
2	19	1
73	74	2
211	211	1
69	70	1
215	215	1
1	2	1
145	147	1
154	156	1
118	143	1
186	188	1
56	56	1
25	25	1
242	242	1
159	159	2
171	172	1
175	175	1
18	18	1
101	105	1
28	28	1
48	48	1
65	66	1
39	40	1
161	161	1
97	97	1
13	13	1
60	60	2
70	70	1
75	99	1
4	4	1
135	135	1
21	22	1
62	63	1
170	170	1
15	15	1
59	73	3
190	215	1
11	37	1
196	196	1
36	40	1
241	242	1
182	187	1
12	12	1
1	1	1
155	170	1
224	224	1
236	242	1
183	187	1
50	50	1
167	167	1
193	193	1
140	140	1
187	188	1
174	191	1
57	59	1
35	39	1
136	136	1
189	190	1
96	96	1
