237	237	8
63	63	14
158	159	10
16	16	14
15	15	15
205	206	1
63	64	9
145	148	4
144	164	4
132	138	7
116	116	8
128	129	1
71	72	10
78	79	5
150	151	5
67	68	3
70	70	21
138	139	4
242	242	22
46	46	11
131	135	3
4	8	3
113	118	2
40	66	6
230	241	5
5	5	21
105	105	14
1	2	2
67	67	14
3	214	4
52	52	14
233	233	5
122	123	5
149	150	9
34	34	14
2	2	21
146	146	7
17	19	3
241	241	19
170	170	6
99	104	6
150	150	1
33	34	12
21	22	2
209	224	1
11	15	3
126	127	3
10	28	5
77	77	12
74	74	19
109	121	1
65	68	2
45	45	16
100	100	10
24	195	2
47	47	7
20	20	23
44	44	12
42	42	16
80	81	5
112	113	4
205	209	1
80	80	18
58	58	14
153	153	2
133	133	14
75	75	22
119	154	2
117	153	3
107	117	8
185	186	5
50	50	16
3	9	8
219	219	16
202	203	7
160	160	11
135	218	6
5	15	8
240	241	11
173	174	13
48	49	1
163	163	10
210	210	10
159	159	13
179	180	3
170	171	7
19	19	15
11	72	5
208	208	6
181	181	7
59	98	9
64	65	2
65	144	2
200	201	4
144	147	4
155	155	12
142	142	7
159	236	4
49	53	4
26	26	24
95	95	2
24	24	16
197	198	8
171	183	3
173	173	7
118	118	6
199	222	5
62	62	15
53	67	3
200	200	5
238	239	4
128	128	9
33	35	3
25	26	5
84	84	16
154	159	3
228	228	9
236	236	8
176	176	7
18	18	7
207	208	8
23	23	12
147	183	3
29	29	7
191	191	24
76	77	11
11	11	32
36	36	7
73	74	3
37	37	8
5	6	6
43	43	35
136	136	9
119	119	13
224	224	23
40	42	5
70	188	2
32	32	20
85	85	33
227	229	4
35	35	17
102	102	7
54	62	7
55	55	15
27	27	27
4	7	7
17	17	6
216	216	4
183	183	14
108	122	5
13	14	8
62	63	3
65	161	2
140	140	4
232	232	13
119	155	4
8	8	3
55	154	2
164	165	3
103	105	1
55	102	3
214	214	8
3	3	4
14	14	6
146	147	3
59	60	11
159	160	3
203	203	7
146	164	5
97	97	7
34	37	1
36	48	3
68	68	6
115	123	4
195	195	6
64	144	3
55	85	2
69	69	20
48	48	9
30	30	10
32	227	7
16	18	1
211	212	4
66	66	16
129	131	2
60	63	1
15	31	4
146	234	3
32	33	11
201	224	8
129	140	1
199	199	11
37	69	1
1	3	1
199	200	5
16	17	6
59	59	17
49	50	8
35	48	4
85	86	4
24	201	1
188	190	4
201	202	8
238	238	8
188	188	8
61	61	22
79	79	14
61	121	5
151	151	9
109	109	15
34	35	7
114	115	4
49	49	13
121	121	15
36	50	1
12	13	10
61	161	2
123	123	10
121	122	12
213	214	8
73	73	6
17	18	5
57	58	2
175	176	2
21	21	22
112	130	1
0	0	6
85	174	2
189	190	9
225	231	8
131	139	4
100	101	4
171	171	11
49	51	1
81	81	14
64	64	19
30	51	6
166	166	15
8	28	6
205	205	13
1	1	6
41	56	5
184	184	5
126	126	3
227	227	13
202	202	12
143	166	8
107	118	7
4	4	4
124	124	6
224	225	4
33	33	8
181	185	1
99	101	2
39	39	13
104	104	13
61	98	4
88	88	16
40	40	8
20	64	1
12	12	22
115	115	7
228	230	3
58	122	2
17	20	6
86	86	10
207	207	5
117	154	7
85	88	4
108	117	4
114	114	4
229	229	3
135	135	7
179	179	4
156	157	6
130	130	6
116	174	2
136	191	4
6	6	5
202	232	5
208	209	10
165	165	8
25	25	20
64	162	3
134	135	7
135	138	2
226	226	7
139	140	7
144	145	5
178	178	9
206	206	7
120	218	3
117	117	5
44	55	3
240	240	11
129	129	8
180	180	2
76	76	7
143	143	7
169	169	4
196	196	2
11	32	2
220	221	1
29	30	2
177	178	3
150	152	3
96	98	4
50	64	1
99	107	1
176	178	3
51	51	8
5	34	3
19	39	4
41	41	15
0	8	1
174	175	6
103	111	8
2	23	2
139	201	3
77	82	1
48	229	5
20	37	3
235	235	4
162	162	2
120	155	2
181	182	4
3	28	1
75	76	4
149	149	15
114	141	4
229	230	4
61	74	1
79	80	5
99	123	1
201	223	5
152	152	3
70	71	5
54	100	2
115	116	1
27	43	4
154	155	9
168	168	11
164	164	7
42	61	4
151	152	7
69	70	3
12	14	1
84	85	3
225	225	11
42	55	4
27	220	1
77	78	6
141	141	10
183	190	8
194	194	1
134	134	9
9	9	9
20	21	9
139	139	12
179	187	1
0	99	4
192	192	6
6	7	7
35	39	7
2	22	3
146	162	1
222	222	2
96	96	5
66	67	3
149	160	2
60	61	1
212	212	9
99	99	8
55	101	4
122	122	3
219	220	5
50	51	5
221	222	2
10	10	11
198	199	2
231	231	6
98	104	5
25	27	2
61	99	6
98	98	2
71	71	13
6	9	10
128	209	4
154	154	7
83	83	4
106	106	7
78	78	9
120	217	2
163	183	4
81	177	2
90	116	3
82	82	7
112	112	2
125	125	12
145	146	11
64	143	3
18	19	10
177	177	12
47	128	3
220	220	6
72	72	8
230	230	8
118	155	3
39	41	3
122	125	2
232	233	6
119	120	3
222	223	2
58	82	3
51	52	10
234	235	9
167	168	3
165	182	3
146	148	5
49	97	2
28	28	14
114	116	3
186	186	8
192	193	4
38	46	6
9	20	6
147	147	2
14	20	4
63	73	2
105	106	5
44	45	2
2	21	4
22	23	2
231	232	2
69	75	9
38	38	5
95	101	2
11	28	2
104	123	3
214	216	1
36	37	1
174	174	14
66	189	4
175	175	1
10	11	2
47	73	2
195	196	8
118	119	8
137	138	5
151	190	3
8	9	10
163	164	1
29	51	4
214	215	2
103	104	4
40	49	3
197	200	3
55	62	1
190	190	12
217	217	4
162	225	1
196	201	2
127	128	1
131	136	4
65	70	1
161	161	2
37	48	4
81	82	4
209	209	7
39	40	9
7	7	15
115	118	3
104	117	4
46	47	4
203	206	1
1	20	2
213	217	4
215	216	1
54	54	5
157	159	3
82	83	4
218	218	13
202	211	4
113	113	5
51	66	4
9	19	4
158	158	7
43	46	3
56	57	3
150	235	2
142	143	2
30	31	6
187	188	4
31	32	3
51	53	7
185	185	6
7	8	5
140	142	2
172	172	5
148	150	3
45	46	3
15	41	1
4	28	2
54	104	2
26	27	3
143	145	3
210	224	1
166	187	3
98	99	1
167	187	2
37	39	4
132	216	2
41	75	1
221	221	5
201	201	14
42	56	2
52	53	4
234	234	2
65	66	5
148	148	1
148	149	3
65	65	10
116	117	2
34	36	4
102	113	1
129	130	3
202	208	4
19	36	2
88	89	1
22	22	9
3	4	2
167	189	4
56	56	5
103	103	4
110	111	2
154	185	3
143	149	1
145	145	5
101	101	1
123	125	3
97	104	1
135	136	5
44	60	9
187	189	1
109	110	2
37	38	10
1	61	2
6	8	3
23	24	2
120	120	2
204	204	8
74	76	5
8	55	1
215	215	2
13	13	3
59	108	3
209	210	1
75	79	3
239	239	2
14	15	8
62	133	1
139	219	2
170	227	2
80	84	5
123	124	5
30	34	3
211	211	12
28	37	2
141	142	1
20	38	1
108	108	3
61	109	1
18	40	3
199	220	2
155	156	3
25	196	1
155	215	4
49	229	3
80	88	3
165	166	1
4	12	1
140	141	3
69	71	2
99	103	3
184	185	2
105	118	1
105	115	3
27	28	3
217	218	2
31	75	1
224	231	2
107	108	5
113	115	3
15	17	3
129	133	3
33	47	1
147	162	2
141	177	2
104	127	3
114	118	2
223	224	2
170	188	1
193	194	2
187	187	2
41	42	2
91	158	1
58	60	2
147	149	1
233	238	1
132	132	2
42	228	1
36	168	1
152	154	1
150	183	1
53	53	6
39	74	1
124	125	1
100	124	3
80	82	1
168	169	1
166	170	1
103	127	1
133	216	1
9	27	1
81	83	2
3	133	2
56	58	1
179	181	2
111	130	1
139	218	2
70	72	3
223	223	1
4	6	2
62	64	2
107	107	3
31	33	1
13	15	1
66	84	4
21	226	2
143	165	1
212	213	4
138	138	1
0	12	1
163	165	2
129	135	1
182	182	2
68	69	2
41	49	4
198	198	1
226	228	2
201	206	1
50	66	1
137	137	1
151	160	1
58	59	2
70	238	1
169	170	1
98	103	3
26	226	2
64	145	1
66	68	1
134	216	1
182	188	1
40	41	2
89	89	2
58	65	1
43	44	2
145	147	2
46	48	1
228	229	2
219	230	1
153	190	1
178	179	2
218	219	1
213	213	1
184	214	2
10	24	2
138	143	1
206	208	1
114	123	1
193	193	1
37	228	1
226	227	1
177	193	1
9	216	1
197	197	2
42	53	1
47	48	1
38	39	2
183	187	1
131	152	1
232	234	1
95	99	2
61	232	1
203	204	2
183	186	1
35	36	2
10	215	1
3	22	3
137	141	1
219	226	2
29	49	2
180	181	1
58	79	1
2	11	2
57	60	1
50	60	1
171	172	1
105	107	1
16	225	1
77	79	1
30	75	1
79	81	1
102	105	1
163	182	1
