23	23	1
165	165	1
0	10	1
87	87	2
124	124	2
102	103	1
11	11	5
101	101	2
32	43	1
11	12	6
133	137	1
18	18	4
2	3	2
69	69	3
16	50	2
86	87	2
47	47	2
7	7	2
57	162	1
97	99	2
158	158	2
119	149	2
0	1	2
14	14	3
135	144	2
162	162	1
73	73	4
40	40	3
92	95	1
110	110	4
140	142	1
36	36	4
132	153	3
162	165	1
98	99	3
34	41	1
118	127	1
147	147	4
99	115	1
113	157	2
14	50	1
27	27	5
153	153	1
52	52	1
12	12	2
9	9	2
46	46	1
98	98	4
64	168	2
64	64	2
112	127	2
119	119	3
145	145	1
51	52	1
124	125	1
85	85	2
138	139	1
78	86	2
34	35	1
98	160	1
53	53	2
71	76	3
103	103	1
44	44	3
57	91	1
39	40	2
75	75	2
3	3	5
112	114	1
78	79	2
71	72	1
22	23	1
26	43	1
64	66	1
160	161	1
1	13	1
80	80	1
42	42	3
14	63	2
4	16	1
22	22	2
121	133	1
160	160	3
143	147	1
20	22	1
65	69	1
108	109	2
57	159	1
34	38	1
149	150	1
89	89	1
149	149	3
38	39	1
24	24	3
152	152	3
2	2	1
140	141	1
15	24	1
168	168	1
95	163	1
119	142	1
78	78	1
115	116	1
54	97	1
55	56	1
20	21	1
77	77	1
0	17	1
144	144	1
40	55	1
6	26	2
51	136	1
123	123	3
73	74	2
17	17	1
137	142	1
127	127	1
48	110	1
58	63	1
9	163	1
71	88	1
140	140	1
129	155	1
113	114	3
84	84	1
164	164	1
16	16	1
18	22	2
90	90	1
65	67	1
110	148	1
62	62	3
106	106	3
76	87	1
118	167	1
129	129	2
7	10	1
105	105	1
5	6	2
122	128	1
70	87	1
76	86	1
88	88	1
28	33	1
34	151	1
70	99	1
94	94	2
68	68	1
120	120	1
50	51	2
168	169	1
70	133	2
8	8	2
81	81	3
109	109	1
109	110	1
135	135	1
25	25	2
0	5	2
39	46	1
90	125	1
116	117	1
163	163	1
13	58	1
99	130	2
138	138	1
39	39	2
18	19	1
13	13	1
130	130	1
108	108	1
126	126	1
170	170	1
110	111	1
46	48	1
6	47	3
133	136	1
154	154	1
142	142	1
67	92	1
76	76	2
167	167	1
96	96	1
125	127	1
33	39	1
112	113	1
82	82	1
50	52	1
98	155	2
4	10	1
46	114	1
114	115	3
12	13	1
114	114	1
47	49	1
47	76	2
115	115	1
89	90	1
35	37	1
55	55	2
70	95	1
35	35	1
79	82	1
121	122	1
108	126	1
138	148	1
10	56	1
57	57	1
157	157	1
18	23	1
158	159	1
77	102	1
83	84	1
72	72	1
146	146	1
67	68	1
19	19	1
34	34	1
122	130	1
