1	2	3
59	59	3
55	55	7
31	31	3
39	39	2
57	57	2
25	25	2
53	55	1
9	13	2
35	35	3
14	14	3
43	43	2
62	62	3
48	49	1
40	40	2
47	47	1
39	40	1
10	10	3
60	61	2
29	30	1
21	22	1
31	32	1
24	24	1
57	60	1
18	18	1
39	41	1
50	51	4
30	30	3
45	46	1
15	15	2
23	23	3
19	19	3
48	48	3
4	5	1
5	5	1
61	61	1
51	52	1
56	57	3
54	54	3
0	0	1
9	9	1
56	56	1
42	42	3
13	13	2
49	52	1
61	62	2
54	55	1
21	21	2
46	46	2
30	31	1
50	50	2
53	53	1
38	38	1
6	7	1
32	33	1
45	45	1
41	59	1
53	54	1
49	50	2
16	19	1
29	55	1
49	49	3
13	17	1
18	19	1
36	36	1
17	23	1
32	32	1
50	55	1
51	51	1
35	36	1
44	46	2
12	17	1
58	58	1
37	39	1
37	41	1
54	59	1
0	3	1
19	25	1
