42	42	5
18	77	2
136	136	6
99	99	5
98	98	6
1	1	5
77	77	3
144	144	5
10	10	8
105	105	7
135	135	5
21	23	1
48	48	13
56	56	3
65	66	1
55	56	3
92	92	4
128	130	2
75	75	10
76	77	2
100	101	1
16	16	4
53	69	1
74	74	3
58	58	6
101	102	9
24	24	3
19	19	3
66	67	3
69	69	2
108	108	2
11	19	3
1	94	1
121	121	5
88	88	3
59	60	3
138	138	3
29	30	1
115	115	6
119	119	5
131	131	8
11	11	2
90	90	9
89	89	4
139	139	2
94	94	3
60	60	1
28	28	7
118	118	8
133	133	6
39	39	5
136	138	3
14	14	2
16	27	1
107	108	4
90	116	1
63	74	1
112	113	6
14	20	2
76	116	1
119	120	3
69	73	1
127	127	4
63	63	4
51	52	4
73	81	2
55	55	4
102	103	2
34	46	1
101	101	8
120	134	1
120	120	6
113	113	4
70	71	3
103	103	4
134	134	4
140	140	3
21	21	3
5	5	2
135	137	2
61	62	3
110	110	5
18	21	1
61	61	6
75	76	3
25	26	1
104	104	5
2	3	1
128	128	4
6	36	1
96	97	2
51	51	7
112	136	2
87	87	1
122	122	7
95	103	4
27	28	2
68	73	3
61	68	1
80	81	2
108	134	1
28	29	1
50	53	3
26	27	2
60	72	2
74	75	2
106	132	1
8	22	1
112	139	2
112	112	6
143	143	7
49	49	9
69	70	1
40	41	1
13	13	4
120	123	2
52	52	1
29	29	5
49	57	2
41	41	2
70	70	4
68	80	1
90	104	1
79	87	1
115	116	1
111	139	2
93	94	8
19	22	1
78	78	3
50	87	1
120	137	1
130	130	8
30	30	5
89	114	1
89	105	1
21	22	3
121	122	1
135	141	1
20	20	5
30	32	2
90	91	2
12	12	1
9	9	6
1	13	1
58	93	1
65	70	3
140	141	5
113	114	1
93	95	1
126	126	5
70	83	1
76	76	3
48	59	2
117	117	4
31	32	2
26	33	2
117	132	2
63	64	2
145	145	3
128	129	3
76	78	3
85	85	2
125	127	3
127	129	1
38	38	7
56	57	1
80	80	2
76	80	3
0	10	1
125	126	3
66	87	1
57	57	5
130	137	1
70	85	2
132	133	6
124	135	2
97	106	1
49	51	1
27	40	1
66	72	1
111	112	2
42	43	2
73	91	2
72	72	3
1	95	1
70	97	1
82	83	1
65	84	2
136	137	5
107	107	3
81	81	7
68	83	1
89	91	1
83	93	1
54	54	8
141	141	11
129	129	2
19	28	1
5	35	4
109	109	7
18	19	6
114	114	2
33	36	1
95	95	9
19	30	1
37	37	5
26	58	1
93	93	2
20	21	2
132	132	3
73	74	2
26	26	1
68	74	2
119	132	1
56	141	1
101	124	2
37	38	2
24	25	3
137	138	3
65	65	5
137	137	8
91	91	4
20	41	2
55	65	2
130	131	3
1	10	1
86	86	2
58	59	1
16	110	1
33	34	2
3	12	2
136	143	1
11	26	1
94	95	3
8	8	2
3	3	6
84	85	6
89	90	2
27	30	2
126	127	3
127	128	4
102	102	5
47	58	1
116	117	4
98	113	2
4	5	3
96	96	6
59	59	3
77	78	2
39	41	2
96	103	1
17	42	1
97	97	2
8	9	1
133	136	2
31	54	1
57	59	2
109	111	2
123	129	2
73	73	7
136	139	2
40	40	4
41	66	1
123	123	7
120	121	1
27	27	9
106	108	1
47	66	2
50	51	2
83	84	3
58	65	2
98	99	3
66	66	3
107	130	2
71	71	6
130	142	1
124	124	4
26	35	2
8	10	1
36	40	1
23	27	2
64	66	1
124	126	2
72	88	1
73	76	2
132	139	1
50	85	1
114	115	2
31	31	3
25	25	2
32	54	1
39	40	1
124	142	1
134	135	1
58	61	1
20	33	1
89	115	1
106	131	1
72	80	1
122	125	1
25	61	1
36	36	1
112	140	2
56	65	2
25	27	2
123	125	1
31	35	1
125	125	4
121	123	1
81	83	1
103	128	1
68	101	1
103	130	1
82	82	4
90	124	2
2	5	1
23	23	5
59	62	1
131	132	1
64	126	1
124	128	1
41	84	1
18	18	3
33	33	1
32	32	1
28	81	1
123	132	1
8	17	1
71	72	1
49	50	2
85	116	1
116	116	4
84	84	2
49	62	1
16	17	1
117	118	3
95	101	1
47	48	1
142	142	5
67	67	5
106	106	1
9	11	3
2	37	1
100	100	1
51	68	1
56	82	1
132	135	2
91	92	2
34	35	3
53	54	1
11	101	2
9	19	1
3	34	1
114	123	1
62	63	3
72	93	1
2	2	1
106	107	1
26	32	1
53	59	3
0	18	1
77	117	2
107	109	2
22	22	7
38	90	1
111	111	3
91	121	1
64	65	2
47	47	1
30	146	1
19	20	2
35	37	1
57	79	1
120	130	2
17	17	5
31	36	1
119	123	2
3	9	2
64	64	6
17	77	1
13	14	1
32	33	2
131	137	1
104	105	2
99	104	1
112	116	2
53	88	1
75	78	1
133	134	2
139	140	4
30	37	1
78	101	1
63	87	1
23	124	1
58	70	1
52	53	1
46	47	2
106	109	1
11	64	1
2	13	1
6	33	1
131	140	1
111	129	1
14	21	1
53	53	2
57	75	2
15	40	1
90	121	1
27	35	1
26	39	1
121	134	2
4	4	1
73	95	1
0	2	2
0	0	5
83	83	4
90	98	1
33	35	2
144	145	2
35	35	2
141	142	1
95	97	1
60	62	3
94	103	1
89	103	1
72	76	1
138	139	2
40	70	1
91	113	1
125	128	1
80	97	1
130	140	1
25	31	1
13	16	1
34	34	3
65	75	1
57	63	1
57	61	1
107	117	1
99	121	2
72	87	1
92	102	2
74	82	1
26	43	1
96	130	1
76	86	1
97	118	1
53	67	3
68	69	1
15	16	3
81	82	1
79	89	1
92	93	1
31	33	3
25	36	1
58	127	1
104	106	2
74	86	1
22	23	3
125	140	1
57	65	1
6	145	1
87	116	1
84	88	1
103	126	1
36	37	2
137	139	1
132	140	1
64	87	1
85	88	1
24	35	1
92	109	1
64	101	1
38	79	1
123	133	1
125	143	1
78	79	4
15	15	1
94	123	1
112	123	1
50	52	1
33	68	1
11	37	1
13	112	1
33	66	1
60	95	2
126	140	1
19	41	1
120	131	1
89	120	1
49	128	2
71	87	1
47	65	1
17	19	1
50	58	1
50	62	1
65	76	1
98	104	1
4	35	1
72	84	1
12	20	3
127	134	1
53	57	1
101	126	1
26	59	1
62	62	1
74	124	1
2	15	1
50	50	1
95	133	1
77	94	1
105	106	1
103	119	1
89	128	1
10	58	1
13	15	1
48	122	1
123	124	1
94	96	1
108	119	1
83	108	1
27	116	1
70	90	1
110	139	1
14	17	1
11	58	1
76	123	1
142	144	1
75	96	1
11	15	1
96	98	1
0	16	1
