78	79	4
29	36	2
106	107	2
29	29	3
104	104	7
37	38	3
88	89	10
71	71	4
38	79	2
52	52	2
75	75	3
107	107	2
111	111	3
105	105	9
66	66	6
86	86	4
54	55	3
113	113	5
89	102	2
89	89	2
109	109	2
38	41	4
27	27	4
26	37	1
68	68	8
112	112	2
82	82	9
77	77	10
28	111	2
73	74	2
82	87	4
101	101	3
38	42	3
64	64	8
81	81	4
73	80	1
54	97	2
55	79	3
98	98	6
43	43	2
46	46	6
34	94	3
30	111	5
92	95	2
55	57	2
99	114	1
85	85	7
102	103	3
90	91	4
56	81	4
97	97	3
58	70	2
95	97	5
44	110	1
49	49	4
94	94	2
55	56	4
69	69	6
87	87	3
92	93	4
34	35	2
86	88	2
31	66	2
43	84	1
74	74	1
19	19	3
65	65	2
57	57	1
40	40	2
55	89	1
97	114	1
93	94	2
62	64	3
84	88	2
65	92	1
19	20	1
58	59	3
87	97	2
59	59	1
67	67	3
41	41	1
71	76	1
100	100	1
36	50	1
33	33	2
22	22	2
91	97	1
89	91	2
80	80	1
103	103	1
33	51	1
103	106	2
110	110	2
104	105	1
74	81	1
65	67	1
30	100	1
60	60	1
48	93	1
100	101	1
99	99	1
