33	33	16
32	32	22
170	171	12
97	98	5
40	41	7
140	140	14
135	135	11
96	96	10
121	124	1
85	100	1
31	31	13
44	44	12
14	15	6
104	135	1
22	22	14
65	66	3
117	119	2
86	90	1
3	13	2
15	15	10
63	72	1
77	77	14
161	162	7
61	125	2
144	145	8
7	9	4
126	165	1
10	10	24
42	42	15
39	39	24
28	28	18
32	33	10
89	95	2
90	101	5
117	117	9
17	19	3
61	63	1
178	178	10
41	41	20
124	124	7
99	99	2
81	103	2
71	72	6
159	159	13
173	175	1
6	31	1
30	30	22
100	100	5
164	164	6
18	18	19
62	62	7
31	32	9
11	17	1
23	23	19
14	14	25
10	11	6
4	4	15
135	180	1
87	110	1
60	60	13
25	25	15
124	148	1
32	38	2
116	116	8
109	169	3
37	38	9
15	38	2
42	43	5
127	167	2
16	16	14
22	23	5
151	152	4
60	93	2
0	0	17
35	112	1
82	82	11
26	26	16
2	6	1
91	92	6
11	12	6
8	8	16
131	133	2
116	177	1
23	42	2
110	110	8
33	34	9
130	130	8
111	132	1
161	161	6
85	85	2
13	35	1
36	36	18
94	94	5
149	149	7
137	137	12
67	153	1
83	83	9
112	113	4
29	52	1
175	175	12
115	168	1
175	176	4
118	118	21
37	43	3
111	112	5
150	150	9
9	9	18
43	44	7
15	25	2
117	122	3
27	30	1
168	168	16
165	165	6
120	120	8
84	86	1
142	142	16
139	139	9
127	127	8
172	176	4
179	179	16
8	9	6
20	21	12
91	91	10
21	26	2
17	18	5
130	142	1
58	58	13
84	85	5
90	93	3
8	29	1
150	161	1
135	136	5
156	156	5
83	84	6
57	61	1
1	1	17
8	34	2
92	141	1
115	179	1
104	105	3
5	6	6
49	50	5
110	156	1
19	19	15
19	42	1
67	67	7
138	138	11
20	20	8
154	154	13
74	74	12
143	175	1
171	176	1
35	35	31
171	171	5
36	39	3
145	145	1
37	37	20
44	171	2
95	114	1
173	173	6
30	33	3
113	114	9
125	125	10
157	157	7
52	53	6
24	24	19
51	51	11
132	173	2
163	166	2
52	52	8
143	145	1
78	78	7
7	41	3
60	61	7
13	31	3
96	180	2
5	14	1
16	43	5
131	131	11
42	44	4
11	11	13
128	128	11
143	177	1
81	81	7
108	127	1
95	125	1
97	97	13
7	14	1
80	156	2
12	13	10
135	153	1
20	38	1
167	167	5
83	86	1
95	95	9
163	163	10
7	7	13
40	40	16
43	46	1
91	179	1
76	102	2
140	175	1
56	56	9
96	108	2
176	176	8
118	161	1
18	31	1
85	104	3
55	56	4
117	162	1
4	23	4
8	164	1
14	39	2
41	111	1
13	13	19
39	40	9
151	156	1
27	27	22
153	153	8
3	10	1
140	156	2
160	161	2
132	139	1
6	6	32
60	157	1
12	12	10
28	118	1
108	109	6
55	121	2
157	158	8
21	21	7
55	61	1
3	3	12
73	74	1
9	10	7
19	21	3
155	156	2
99	100	3
4	14	2
152	152	11
8	42	1
74	75	6
19	22	2
97	108	1
115	115	12
169	170	2
115	156	6
98	98	9
59	59	10
41	42	8
8	12	2
146	147	2
10	14	3
29	29	21
129	135	1
45	45	10
124	125	3
2	15	1
4	6	5
1	10	1
2	8	3
164	176	1
59	122	1
167	168	9
31	38	6
7	142	3
119	119	5
36	37	8
108	108	13
86	86	5
43	43	19
95	96	4
15	16	7
17	17	7
101	102	5
82	103	1
13	30	1
174	175	1
6	45	1
41	45	5
170	170	8
1	2	8
171	180	1
72	74	2
16	44	1
91	93	3
143	143	10
123	124	4
42	109	3
169	169	7
82	83	1
2	2	14
29	124	1
56	58	3
150	159	1
90	90	11
85	86	4
78	86	2
146	146	17
115	117	4
16	41	2
16	17	1
22	35	2
110	111	2
50	50	6
163	164	4
158	171	1
54	76	1
61	61	10
144	144	9
6	38	3
57	58	7
127	144	1
4	5	3
88	105	1
16	22	4
106	106	6
176	177	1
70	71	2
11	18	2
34	34	9
67	68	4
113	115	2
18	20	1
87	87	4
89	91	1
26	27	10
98	115	1
65	65	7
81	82	6
61	158	1
123	123	9
96	148	2
34	35	3
164	165	4
84	84	9
94	156	1
152	155	1
132	132	10
64	108	2
82	113	1
113	113	6
103	105	3
111	126	1
95	160	1
37	39	1
89	90	3
105	111	1
2	22	1
66	66	12
135	142	2
2	11	4
102	102	9
15	19	4
157	164	1
32	34	2
172	172	6
37	113	1
5	7	3
64	64	10
122	122	6
114	114	13
129	129	11
67	168	1
61	64	4
118	119	1
15	18	2
151	151	15
76	76	6
92	92	12
172	173	5
114	115	7
51	54	1
130	131	7
38	113	2
76	122	1
84	90	1
157	177	1
64	153	2
27	33	1
10	23	1
144	176	1
120	121	8
81	101	1
16	21	2
95	97	1
112	144	1
86	87	3
76	77	4
104	158	1
133	135	1
149	150	2
90	110	2
98	102	1
93	135	1
71	71	9
34	36	3
141	141	6
100	111	1
50	51	1
7	20	3
4	31	2
13	14	3
124	130	1
4	8	2
158	159	4
145	172	3
160	160	14
87	116	1
127	179	1
107	118	2
4	12	4
28	29	4
5	32	1
162	162	8
152	157	1
92	94	4
177	177	3
117	118	1
145	147	4
22	28	1
75	75	8
171	172	5
158	158	15
38	39	11
9	11	4
25	26	10
133	133	13
6	21	2
158	178	1
88	88	7
8	44	2
79	79	9
5	8	4
150	165	2
102	104	1
106	107	5
12	15	3
14	23	2
133	173	1
136	136	16
24	25	4
2	141	1
151	153	2
134	135	4
112	155	1
147	147	7
29	30	7
171	175	1
103	104	7
23	40	1
24	31	2
1	30	2
135	137	1
10	41	2
22	98	1
26	28	3
4	140	2
4	26	2
5	5	10
61	62	6
160	163	1
75	76	2
122	125	2
2	26	2
17	36	1
53	58	1
74	171	1
122	128	1
139	140	1
94	115	1
21	44	1
53	53	4
56	65	1
100	116	1
50	66	3
148	148	14
121	131	2
3	5	4
109	129	1
58	59	2
30	124	2
74	105	2
67	89	2
145	152	1
5	31	4
3	33	1
15	17	1
94	125	1
150	160	2
102	154	1
13	51	3
93	93	7
143	148	2
98	100	1
78	146	1
81	87	1
105	107	2
88	147	1
32	145	1
148	150	2
63	64	1
58	127	1
80	80	7
107	107	8
156	180	1
24	27	1
87	143	1
31	43	1
18	167	1
132	136	1
128	149	1
31	41	1
35	104	1
67	78	1
6	32	1
142	143	5
39	106	1
147	148	5
90	92	1
53	54	5
6	117	1
136	159	2
40	53	1
71	73	2
18	19	9
86	100	2
101	101	6
142	153	1
66	67	10
51	66	3
2	3	5
81	83	1
8	45	2
63	74	1
8	11	1
153	154	4
136	145	2
173	174	2
5	33	1
135	155	1
60	101	1
0	1	8
113	116	3
96	102	1
24	93	1
117	120	1
54	64	1
89	131	1
104	122	1
79	97	1
164	166	2
129	160	1
104	106	4
64	74	5
132	144	1
42	45	1
38	40	4
30	39	2
78	79	2
113	153	3
142	146	1
155	155	10
109	110	2
106	110	3
105	105	6
167	173	1
118	173	2
148	176	2
2	25	2
35	36	5
35	44	1
19	20	10
87	108	1
21	22	5
52	107	1
85	109	1
7	108	1
2	33	2
23	38	2
27	32	1
16	23	1
94	97	3
91	115	3
13	19	1
35	38	2
37	40	1
147	158	2
57	60	1
148	149	1
77	139	1
121	121	4
168	169	3
30	37	2
94	95	2
36	40	2
18	21	3
102	127	1
105	108	1
31	39	1
0	43	1
19	31	3
55	55	5
21	36	1
54	54	4
30	31	10
126	127	3
7	8	6
29	40	1
20	169	1
77	79	1
35	57	2
56	78	1
101	152	2
113	161	2
57	159	1
180	180	4
49	178	1
62	157	1
2	7	1
23	50	1
61	96	1
43	45	2
23	27	2
15	42	1
51	61	1
10	127	1
131	132	3
170	178	1
160	162	1
98	99	3
8	15	4
103	115	1
38	38	16
136	137	2
71	79	1
6	29	2
22	30	1
1	15	1
66	81	3
6	36	1
79	82	3
12	19	2
20	22	8
73	114	4
49	61	1
177	178	4
51	53	3
166	166	4
9	42	1
18	23	3
57	132	2
26	44	1
6	7	6
152	153	2
170	174	3
30	32	1
11	20	3
8	10	4
27	28	6
39	89	1
22	29	2
128	158	1
51	64	2
111	111	6
12	127	1
73	73	10
68	68	2
12	26	1
59	61	5
133	149	1
103	103	3
131	158	1
51	131	1
9	13	1
136	148	1
11	37	1
145	160	1
21	24	2
14	18	1
29	83	1
101	115	1
9	24	1
52	54	3
62	64	3
87	140	1
32	128	1
72	77	2
3	4	10
5	10	2
149	162	2
31	33	7
172	174	2
134	173	1
130	154	1
72	72	10
115	152	1
8	16	1
56	145	1
61	148	1
22	129	1
3	8	5
73	109	2
59	95	2
29	32	1
36	43	5
75	141	1
46	46	2
129	164	1
23	29	1
140	157	1
17	32	1
73	115	2
15	31	3
159	173	2
1	19	1
82	152	1
174	174	5
80	158	2
29	31	1
18	39	1
90	131	1
72	73	2
87	91	2
2	42	2
4	9	2
27	68	1
44	46	2
102	103	1
156	157	3
63	63	4
2	5	3
159	162	2
73	75	3
9	15	4
58	61	1
111	146	1
151	157	2
67	145	1
93	139	1
65	71	3
75	156	1
57	57	7
17	31	1
55	77	1
91	130	1
72	112	3
91	94	1
121	136	1
154	155	6
0	18	3
109	112	1
106	160	1
103	156	2
161	164	3
3	7	1
126	126	4
139	163	1
15	165	1
10	37	2
149	176	1
40	113	1
18	112	1
2	9	1
14	81	3
14	179	2
130	172	1
127	129	2
24	26	3
150	151	3
89	107	4
108	114	1
23	24	8
59	78	1
106	176	1
90	97	1
51	90	1
37	58	1
134	153	1
17	22	1
147	173	1
79	87	2
36	55	1
11	13	5
111	114	1
28	65	2
21	32	2
44	45	3
43	53	1
65	139	2
121	132	2
6	10	1
3	32	2
36	38	2
116	157	1
8	35	1
109	109	4
116	135	1
14	16	3
73	80	1
111	116	1
6	41	2
6	15	1
7	10	2
127	128	2
90	134	1
154	157	1
3	19	3
153	156	3
131	161	1
77	80	1
19	24	1
64	66	2
143	144	3
107	108	6
62	103	2
151	173	2
49	58	2
125	126	1
17	37	1
104	104	5
152	156	1
100	110	1
123	173	1
43	110	1
23	31	1
113	169	1
1	7	1
149	159	2
89	89	8
51	65	1
88	108	1
10	22	2
1	5	2
129	150	2
14	126	1
113	129	1
56	57	6
87	128	1
128	130	2
60	149	2
136	144	1
6	11	1
33	43	1
96	124	1
85	101	1
144	150	3
152	159	1
1	4	2
33	35	1
132	159	1
61	66	1
97	126	1
161	163	1
26	38	1
146	160	1
116	163	1
14	35	1
39	41	2
114	132	1
17	27	1
98	179	1
155	163	1
54	58	1
161	167	1
165	166	3
14	32	1
12	45	1
24	38	4
35	113	2
8	43	1
125	169	1
165	174	1
49	49	1
7	13	2
94	102	1
17	39	1
95	163	1
89	134	1
99	128	1
156	165	1
144	148	1
12	25	1
107	109	3
178	179	2
36	44	1
53	68	1
134	134	5
128	129	3
23	51	1
35	89	1
130	135	1
43	56	1
93	94	2
118	126	1
27	43	1
50	115	1
57	124	1
6	35	2
152	167	1
110	114	1
112	112	4
83	129	1
11	14	1
107	119	1
8	33	1
124	126	2
94	174	1
127	163	1
31	44	1
9	36	1
79	110	1
168	170	1
118	121	1
96	97	8
5	16	1
22	36	1
119	121	2
73	150	1
102	112	1
8	22	1
88	109	2
103	109	2
107	110	1
84	89	1
81	84	1
68	86	1
80	82	1
97	128	1
80	98	1
153	155	3
2	10	1
128	178	1
28	30	1
62	152	1
4	13	2
159	167	1
23	25	2
28	44	3
30	45	1
129	157	2
128	134	1
105	106	1
43	123	1
107	112	1
7	22	1
87	89	1
68	71	1
40	44	1
156	158	1
20	42	1
167	169	1
4	43	2
138	157	1
150	154	1
59	124	2
17	23	2
107	168	2
151	154	3
6	8	1
42	111	1
147	163	1
158	176	1
62	63	1
45	51	1
74	98	1
78	141	1
153	168	1
145	149	2
116	117	2
37	103	2
28	43	1
158	169	1
31	45	1
135	148	1
4	19	3
146	156	1
6	14	1
53	59	1
129	130	1
20	23	1
35	42	1
15	39	1
93	100	1
26	31	2
104	146	1
145	148	2
12	17	1
127	158	2
19	33	1
34	60	1
18	28	1
21	33	3
147	149	2
12	16	1
0	6	1
73	117	1
128	175	1
12	22	2
52	61	1
34	43	1
83	89	1
39	104	1
50	112	1
14	31	1
79	80	3
12	128	1
76	180	1
67	129	1
88	113	1
119	134	1
89	113	1
75	140	2
90	102	2
68	175	1
3	9	1
88	90	1
151	162	2
14	43	1
98	109	1
122	159	1
158	166	1
87	131	1
10	28	1
49	157	1
133	134	3
100	107	1
97	136	1
40	43	1
140	141	1
66	176	1
74	86	1
121	123	1
61	75	1
68	74	2
91	96	1
122	124	1
3	6	1
10	27	1
124	170	1
38	64	2
157	166	2
113	166	1
2	142	1
68	116	1
40	175	2
109	111	2
134	162	1
149	158	1
40	60	1
76	149	1
32	179	1
64	70	1
11	45	1
1	17	1
165	167	1
106	147	2
64	134	1
153	157	1
93	123	1
65	113	1
16	37	1
12	29	1
31	165	1
61	68	2
41	110	1
99	114	2
102	108	2
153	163	1
81	89	1
108	120	1
91	97	1
86	97	1
141	171	1
35	49	1
73	101	1
103	116	1
0	2	2
15	125	1
33	41	1
158	165	1
61	65	1
18	38	2
116	164	1
98	101	3
128	146	1
57	59	1
92	111	1
127	173	1
153	165	1
142	164	1
65	77	1
24	30	1
80	81	3
63	65	1
23	26	2
132	133	2
152	154	1
31	146	1
37	41	2
106	108	1
90	138	1
126	129	1
40	174	1
130	134	1
13	18	1
31	34	1
116	175	1
160	178	1
72	102	1
115	175	1
86	98	1
116	128	2
116	170	1
119	120	1
7	11	1
147	154	1
27	29	1
115	165	1
15	80	1
9	16	1
86	132	2
60	145	1
116	159	1
36	107	1
97	121	1
74	76	1
14	52	1
75	108	1
27	39	2
138	149	2
64	67	1
17	20	1
51	52	3
75	173	1
141	169	1
35	37	1
57	102	2
62	87	1
9	33	1
25	91	1
35	51	1
130	150	1
26	64	1
78	130	1
16	18	1
34	42	2
54	80	1
80	101	1
23	28	1
179	180	1
20	30	1
26	33	1
10	15	1
67	128	1
5	30	1
13	16	1
40	59	1
106	159	1
22	33	1
145	146	1
77	78	1
39	43	1
11	42	1
7	28	1
40	79	1
14	24	1
95	102	1
8	41	1
19	37	1
105	125	1
68	117	1
19	164	1
31	36	1
42	136	1
66	100	1
8	96	1
9	77	1
119	167	1
110	161	1
22	25	1
100	113	2
58	62	1
137	138	2
166	176	1
8	14	1
94	120	1
89	112	1
143	167	1
39	44	1
55	136	1
121	122	2
54	55	2
109	115	1
178	180	1
6	39	1
11	41	2
1	14	1
43	111	1
121	140	1
6	20	1
63	66	1
88	89	1
23	43	1
153	158	1
24	51	1
49	127	1
54	74	1
92	132	1
98	114	1
13	15	1
66	146	1
32	45	1
66	68	1
12	14	1
5	24	1
56	84	1
89	93	1
20	40	1
82	146	2
54	109	1
108	123	1
141	150	1
59	131	1
102	174	2
59	60	1
72	97	1
66	102	1
71	82	1
94	131	1
79	98	1
63	122	1
130	149	1
79	86	1
117	156	1
7	12	1
97	172	1
9	19	1
122	137	1
86	101	1
75	82	1
22	24	1
58	124	1
160	166	1
9	12	2
58	60	1
164	178	1
43	121	1
37	42	1
44	74	1
68	84	1
76	171	1
166	167	1
52	66	1
122	138	1
75	145	1
104	107	1
1	25	1
164	180	1
41	168	1
27	53	1
4	18	1
75	79	1
3	12	1
10	16	1
6	140	1
52	55	1
98	141	1
58	125	1
