182	188	1
149	149	3
25	25	4
91	101	1
127	135	1
111	115	1
101	106	2
19	20	2
53	53	4
107	111	2
186	186	4
141	141	4
140	140	1
183	183	1
86	88	2
30	30	3
112	112	3
13	15	3
168	168	2
8	16	1
95	95	1
63	104	2
44	44	2
75	86	1
44	45	1
134	139	1
84	84	1
66	66	4
112	114	4
78	78	3
164	169	1
91	93	2
136	136	2
121	122	2
108	108	1
93	93	1
117	117	1
110	110	1
30	31	1
3	4	4
7	7	5
119	120	1
122	124	1
109	112	1
119	150	3
4	47	2
45	45	5
172	172	1
29	29	3
20	24	1
141	142	1
76	79	1
189	189	1
108	109	2
34	102	1
124	124	1
188	190	2
123	124	3
167	167	2
72	73	1
27	27	6
70	71	2
58	58	1
113	113	2
45	61	1
140	141	1
5	54	1
147	155	1
34	98	1
149	153	1
127	128	2
137	154	1
48	48	7
17	21	2
12	54	1
72	139	2
101	101	3
67	67	1
21	24	3
31	161	1
176	176	2
26	26	3
76	76	3
148	152	3
138	139	7
180	180	2
73	81	1
53	93	1
59	59	4
19	19	3
187	187	1
34	35	1
77	77	4
65	66	1
64	64	2
85	85	3
10	12	3
94	94	1
57	152	2
59	63	3
70	70	4
149	150	1
123	146	1
96	96	6
42	44	1
77	78	1
110	113	1
174	174	2
97	98	1
27	31	1
103	103	4
130	135	1
134	134	3
59	62	1
185	185	2
155	157	1
106	108	4
65	65	1
14	14	3
133	147	1
152	153	3
29	35	2
80	116	1
54	54	1
26	30	3
39	39	1
6	7	1
114	153	2
70	133	1
67	89	1
111	112	3
139	147	4
81	82	2
112	168	1
35	35	2
126	128	1
162	162	1
176	177	1
60	60	1
23	57	1
83	87	1
71	71	1
121	152	1
16	17	1
170	170	2
150	153	2
109	109	1
73	74	1
17	17	1
97	97	1
65	68	3
134	189	1
40	42	1
184	184	3
177	177	3
127	137	1
45	46	3
145	148	1
73	153	1
3	5	1
23	56	2
25	27	1
61	62	2
89	93	2
13	13	2
91	97	1
118	121	1
167	168	1
70	134	2
137	147	2
72	117	2
95	96	1
90	129	1
40	40	2
171	172	2
73	75	2
30	36	1
80	81	2
144	144	2
76	116	1
114	116	1
75	82	1
56	56	1
97	122	1
10	10	1
174	185	2
85	86	1
174	175	1
32	34	1
78	79	1
138	138	3
15	110	1
47	47	1
79	79	1
110	111	1
130	133	1
169	172	1
166	168	1
31	31	1
185	187	1
43	46	1
114	115	2
90	90	1
156	157	2
48	53	1
23	26	3
157	158	1
115	115	1
123	138	2
136	137	1
88	89	1
148	156	1
24	38	2
105	106	1
111	111	1
75	76	1
179	180	2
183	184	1
165	165	2
21	43	3
40	43	1
32	32	3
104	104	1
60	61	2
2	2	2
56	57	1
92	94	1
15	16	1
45	47	1
162	163	1
135	136	1
119	121	1
68	106	1
144	146	2
155	155	2
120	122	1
3	3	1
64	68	2
59	117	1
46	46	1
147	149	2
106	106	1
99	121	1
122	122	2
72	159	1
71	83	1
21	21	1
150	155	1
179	179	1
42	46	1
28	28	1
151	151	1
60	62	1
52	67	1
156	158	1
123	123	1
154	155	1
105	109	1
17	20	1
181	181	1
109	170	1
89	99	1
64	65	1
153	154	1
5	31	1
34	180	1
116	119	1
180	182	1
109	111	1
