83	83	3
143	143	2
0	0	2
115	145	1
54	54	3
167	167	1
47	47	3
136	137	1
164	165	1
22	143	2
57	57	2
96	115	1
62	62	4
1	2	1
90	157	1
100	100	2
82	83	2
14	15	2
18	24	2
19	23	5
90	91	1
112	112	3
38	40	1
78	78	1
68	68	4
77	78	1
14	35	1
151	151	2
146	146	3
39	40	3
98	98	2
141	141	3
156	156	1
77	79	2
44	44	1
1	15	1
50	56	1
5	5	1
158	158	1
107	115	2
16	42	2
10	49	1
75	75	1
88	170	1
8	9	1
56	108	2
1	1	1
140	146	3
139	140	1
170	170	2
120	154	1
18	23	1
3	4	2
150	150	2
131	131	2
150	151	2
104	105	1
152	152	1
14	14	2
84	84	2
4	4	1
41	41	1
121	153	1
94	94	1
3	3	2
45	45	2
69	69	1
76	167	1
18	20	1
72	72	1
86	86	2
14	24	1
26	26	2
163	163	1
98	99	1
155	157	1
63	73	2
46	46	1
8	103	1
16	16	6
71	71	2
17	56	1
19	38	1
121	121	1
8	12	1
145	164	1
2	17	2
123	124	1
120	120	3
57	58	2
0	5	1
68	121	1
36	36	1
142	144	2
101	101	3
107	107	1
38	39	2
68	159	2
137	138	1
76	76	1
53	53	2
124	124	1
133	158	2
17	42	1
132	133	2
44	45	1
142	142	2
91	168	1
26	41	2
70	72	1
17	17	3
74	74	1
45	80	1
90	138	1
10	11	1
136	136	2
64	69	1
123	123	2
91	91	1
119	119	3
39	45	1
144	145	1
89	152	1
43	43	1
152	161	1
147	148	1
23	23	3
99	131	1
153	153	2
140	151	1
48	48	1
79	79	1
21	23	1
139	143	1
39	41	1
108	133	3
27	27	2
90	137	1
7	7	2
102	102	2
56	56	1
159	159	3
18	18	1
19	19	1
147	147	1
95	164	1
41	42	1
58	58	1
36	39	1
70	77	1
101	104	1
18	19	2
24	62	1
34	34	2
116	116	1
11	11	3
119	131	2
46	48	1
73	128	1
146	147	1
8	13	1
134	134	2
135	135	1
133	141	1
77	108	1
21	106	1
26	27	1
42	42	1
21	22	1
113	132	1
51	76	1
98	131	2
139	152	2
65	66	1
148	148	1
130	130	1
132	132	2
33	35	1
13	28	1
114	115	2
111	150	1
88	89	2
51	77	1
6	7	1
51	51	1
131	132	2
128	128	2
65	65	1
6	6	1
81	82	1
40	41	1
4	9	1
66	66	1
154	163	1
20	53	1
2	2	1
38	113	1
126	126	2
140	140	1
74	75	1
85	85	1
49	49	1
133	150	1
109	160	2
22	23	1
119	128	2
133	133	1
45	46	1
54	55	1
92	168	1
113	113	1
123	143	1
109	158	1
75	99	1
51	87	1
162	162	1
126	127	1
124	159	1
