107	121	2
124	125	3
31	31	3
57	60	1
14	19	3
32	34	1
35	36	2
26	27	2
2	2	3
92	92	3
25	27	1
72	73	2
8	9	1
78	82	2
27	27	6
71	73	1
19	19	3
11	115	1
9	10	1
82	82	1
34	36	1
19	20	2
77	86	1
127	127	2
15	23	1
130	131	2
46	47	1
17	18	1
125	125	1
63	63	4
74	75	2
85	86	1
103	106	1
20	20	3
24	24	1
75	76	2
45	45	2
33	33	4
104	104	1
64	64	3
5	17	1
97	97	2
5	5	1
121	124	1
112	113	1
21	21	2
29	29	4
47	47	2
73	74	1
66	66	4
82	131	1
42	81	1
41	41	2
70	71	2
126	126	3
118	118	4
47	48	1
66	77	1
77	78	2
108	117	1
39	40	3
87	89	1
90	90	1
59	60	1
43	48	2
103	117	2
85	134	1
6	6	2
22	22	2
11	11	3
108	113	1
12	13	3
74	74	3
36	36	4
76	76	3
10	10	3
21	35	1
23	102	1
14	14	3
75	75	2
68	68	2
96	97	1
72	74	1
78	86	1
25	47	1
28	28	1
62	72	2
89	91	3
134	134	2
25	25	2
98	100	1
28	80	1
123	126	2
35	35	3
29	32	1
65	66	1
106	106	1
108	118	1
122	122	1
71	72	2
34	34	5
15	16	2
106	107	1
100	102	1
119	119	3
66	68	2
111	111	1
23	28	2
43	44	1
60	60	2
132	133	1
2	16	2
114	114	2
7	7	1
105	105	1
11	20	1
102	102	2
72	72	1
5	6	1
89	89	2
95	95	2
18	18	3
47	94	1
97	100	1
22	37	1
82	83	2
99	100	1
59	59	2
27	35	1
20	21	2
18	19	1
90	91	1
55	90	1
39	44	1
12	12	4
92	93	1
34	35	1
48	48	1
79	85	1
91	92	1
22	26	1
121	121	1
67	67	1
71	71	2
46	119	1
21	49	1
8	78	2
97	101	1
45	75	1
11	93	1
129	129	1
62	62	2
8	8	1
107	107	1
23	24	1
47	61	1
10	46	1
27	76	1
26	26	1
15	35	1
76	119	1
67	68	1
126	128	1
7	83	1
121	122	1
82	117	1
84	84	1
40	41	1
45	71	1
78	107	1
16	17	1
72	83	1
17	17	1
66	91	1
70	70	2
97	99	1
85	111	1
81	84	1
133	133	1
79	79	1
10	19	1
120	125	2
45	47	1
69	69	1
4	11	1
6	8	1
48	49	1
80	82	1
127	128	1
39	127	1
27	29	1
121	123	1
113	113	1
33	34	1
40	40	1
89	94	1
85	85	1
27	87	1
65	65	1
77	77	1
101	115	1
