149	149	4
12	35	1
81	82	4
159	159	2
71	87	2
6	7	2
109	110	3
125	126	2
10	11	1
160	160	8
105	105	2
15	15	3
43	45	1
48	50	2
55	56	2
8	10	3
154	155	1
6	37	1
56	56	1
37	38	2
93	99	2
103	105	3
33	33	3
150	150	5
41	42	7
5	157	2
74	74	2
125	125	2
111	111	5
161	162	3
22	24	2
35	35	1
14	14	3
94	94	2
141	141	4
4	4	4
117	117	4
55	57	3
74	76	1
120	122	6
5	5	4
131	131	6
114	115	6
97	99	5
74	75	3
64	64	4
66	72	1
73	73	5
11	16	1
75	75	6
10	10	5
147	149	2
118	119	4
3	134	1
57	57	5
161	163	4
162	163	4
158	160	2
90	91	2
153	154	2
132	137	2
68	68	2
143	143	5
27	28	1
54	54	7
130	131	3
56	57	1
47	108	2
23	23	2
158	159	2
167	167	3
73	74	2
3	3	5
114	132	2
50	58	1
147	152	1
112	113	6
7	9	1
155	155	3
165	166	1
85	85	4
9	9	6
40	51	1
90	90	3
16	16	5
90	95	2
41	41	6
8	8	3
73	106	2
144	144	7
102	103	2
154	154	1
54	57	1
5	6	4
134	134	4
92	92	4
127	130	1
53	53	3
151	151	2
17	17	5
89	89	5
108	109	3
123	123	5
26	26	2
106	106	3
43	43	7
27	27	4
97	97	4
77	114	1
7	8	1
116	156	1
64	65	1
65	66	2
10	81	2
148	148	3
112	112	4
25	25	9
44	44	3
120	120	1
116	116	3
89	90	2
18	18	6
40	40	2
164	164	4
19	19	3
41	49	2
150	151	3
72	72	8
52	52	3
114	114	3
108	108	4
36	36	11
130	132	1
25	111	1
117	118	2
128	129	2
7	7	5
47	48	3
22	23	3
28	28	1
14	15	2
13	13	3
14	16	1
156	157	5
21	22	3
13	50	1
79	80	1
98	99	2
113	113	3
24	25	2
161	161	2
69	84	2
76	79	2
3	4	2
39	40	3
96	96	2
22	22	2
98	116	1
34	34	6
111	112	1
80	80	1
120	123	1
86	86	6
47	47	1
45	46	1
63	63	7
124	136	2
133	133	5
23	24	3
126	132	2
42	42	1
48	49	5
121	122	2
45	45	2
18	96	1
102	104	2
73	114	2
1	1	3
152	152	1
129	130	3
86	108	2
70	86	1
23	28	1
112	129	1
13	14	1
62	62	4
18	21	1
91	91	5
46	46	6
8	9	2
110	111	3
67	69	5
42	43	6
15	40	4
50	51	4
162	162	1
83	83	3
140	142	1
78	78	2
93	109	2
24	24	7
149	150	2
122	122	3
87	87	2
106	109	1
128	128	2
101	102	5
2	3	3
107	110	1
71	72	3
169	169	2
53	56	2
25	112	1
90	92	1
86	87	2
100	126	1
109	138	1
91	96	1
132	144	1
139	139	2
0	1	2
136	140	2
163	169	1
79	79	2
129	129	4
56	101	2
20	23	1
82	82	1
21	21	1
107	109	1
137	137	1
9	19	1
165	165	4
108	110	1
141	149	1
11	12	2
41	48	1
126	127	7
92	97	1
81	81	2
37	85	1
106	131	1
44	45	3
35	37	1
11	11	4
77	78	1
118	118	4
17	57	1
132	133	1
155	156	3
15	38	3
25	27	1
45	47	1
105	111	3
38	95	1
109	109	7
87	88	1
121	149	1
88	88	2
124	124	4
83	93	2
55	146	1
5	25	1
137	138	3
136	136	4
104	104	2
65	114	1
44	46	1
82	84	1
103	103	3
26	27	1
86	88	1
165	168	2
5	109	1
119	125	1
154	157	1
95	95	1
8	109	1
117	124	2
119	149	3
19	23	1
100	104	3
119	162	1
107	107	1
120	161	2
39	39	2
98	98	7
168	169	2
62	70	1
126	154	1
84	84	2
119	165	1
51	70	1
91	95	1
107	108	2
15	24	1
52	78	1
54	56	1
15	16	1
37	37	2
145	145	1
164	166	1
70	71	1
55	55	4
76	83	1
77	79	1
132	132	3
78	79	1
71	73	1
166	166	2
58	61	1
106	135	1
53	102	1
47	49	1
77	77	1
148	149	2
44	55	1
71	71	1
48	48	2
162	164	2
20	22	2
73	111	1
119	121	1
83	101	1
81	99	1
51	58	1
12	16	1
116	118	1
12	54	1
139	141	1
119	122	1
167	168	2
95	97	1
100	101	2
170	170	1
18	19	2
102	102	2
62	67	1
9	22	1
147	148	3
138	138	2
18	20	1
130	130	1
57	62	2
11	15	1
76	78	2
158	158	1
146	152	1
14	26	1
126	129	1
84	95	1
46	51	2
144	145	1
54	55	1
83	99	1
133	134	1
153	159	1
90	93	1
117	120	1
2	2	2
76	134	1
49	49	1
92	101	1
133	135	1
72	85	2
119	119	1
75	76	1
85	95	1
70	87	1
37	41	1
16	47	1
7	11	1
121	121	1
3	7	2
83	84	1
76	76	1
110	110	1
51	51	1
2	7	1
143	144	1
77	101	1
16	24	1
16	111	1
89	95	1
17	21	1
70	114	1
139	140	1
46	50	1
114	116	1
146	147	1
20	21	1
12	19	1
21	53	1
157	158	1
71	111	1
154	158	1
38	39	1
