124	125	5
90	131	2
93	94	6
84	84	9
27	27	2
18	21	11
102	103	11
165	165	5
68	165	11
154	154	11
128	128	3
106	106	4
111	119	1
12	12	1
4	5	4
80	82	5
141	141	14
107	107	2
1	1	8
7	7	7
37	37	7
36	118	4
17	17	13
132	132	4
125	125	10
105	107	7
6	6	10
112	112	5
20	20	13
107	132	7
116	116	6
38	38	16
140	140	6
119	122	2
130	130	8
155	158	2
19	19	17
124	124	7
127	127	8
181	181	11
155	156	10
20	114	3
143	143	7
149	149	6
83	83	12
23	23	6
32	32	14
56	56	6
8	25	5
41	41	13
44	82	9
81	92	2
53	54	5
93	95	5
107	111	4
23	139	5
138	138	4
123	123	5
168	168	3
53	55	5
78	79	3
92	93	4
67	67	9
2	2	5
131	154	4
45	120	2
185	188	1
183	183	4
26	26	10
12	46	3
91	91	7
35	60	2
40	90	4
33	33	3
148	149	1
114	114	2
10	11	4
57	106	6
25	27	1
90	92	6
126	127	9
14	15	4
42	42	3
102	183	5
34	34	2
8	41	4
97	97	6
47	47	8
110	110	5
108	115	3
60	60	2
105	115	4
187	188	2
53	53	6
25	25	9
6	20	2
5	5	4
13	61	3
2	3	5
90	98	2
145	181	1
3	42	5
81	82	3
164	164	9
82	82	1
46	46	3
120	120	2
5	7	2
55	100	3
16	16	4
68	121	2
15	15	6
22	83	1
153	153	5
174	174	7
184	184	2
144	145	6
131	137	1
40	41	6
136	137	3
102	102	5
80	121	7
122	123	3
166	166	1
8	28	6
111	111	5
98	98	6
18	18	7
22	23	6
99	99	7
85	106	3
180	180	5
122	122	10
0	0	4
129	129	4
30	88	2
126	128	3
80	104	4
54	127	6
70	70	3
161	162	4
109	109	5
145	145	7
165	184	5
98	104	4
11	12	5
87	88	3
77	77	8
5	6	2
21	21	12
176	177	4
148	162	5
167	167	3
139	139	11
149	150	3
60	62	4
189	189	2
6	63	4
100	108	3
68	68	5
134	136	3
8	153	3
179	179	7
148	148	2
92	92	2
179	180	1
14	14	1
74	74	6
24	25	3
75	75	15
10	10	5
20	33	6
109	143	5
123	125	3
25	31	3
130	131	2
142	154	3
119	120	8
15	16	3
171	172	1
10	28	6
33	34	6
40	40	4
73	73	6
158	161	2
121	121	7
177	177	5
80	88	4
100	100	8
59	59	5
18	30	4
5	21	5
126	126	7
143	155	4
88	88	1
63	63	4
23	67	1
55	57	4
35	35	5
19	45	4
7	137	4
72	72	4
162	162	4
61	61	5
121	127	1
52	53	7
151	152	1
182	182	5
1	55	3
174	175	6
37	98	5
110	111	4
4	4	6
135	135	3
0	45	3
106	108	1
134	155	1
59	60	4
3	3	10
10	45	1
129	138	5
81	81	1
85	138	4
11	26	4
62	63	8
111	112	2
116	117	2
133	137	4
17	47	2
141	142	5
101	101	8
134	157	1
31	32	7
112	157	4
99	104	2
65	65	1
7	25	1
188	189	1
113	113	4
63	64	4
54	56	2
147	148	2
133	133	3
143	144	3
148	152	1
109	110	3
25	42	4
0	130	3
80	80	7
27	36	3
100	167	2
58	75	3
17	19	2
137	154	3
55	55	2
13	32	3
108	108	3
157	157	1
118	118	6
38	96	3
175	175	7
11	11	1
109	152	5
44	44	2
119	119	2
150	155	2
90	90	2
91	92	6
47	48	3
4	41	1
165	166	8
160	160	1
136	136	2
13	35	3
64	64	3
62	62	3
21	43	5
30	30	2
60	61	2
103	103	7
161	161	4
96	97	5
15	46	2
83	114	2
146	147	2
4	8	2
65	66	2
36	36	3
94	94	3
75	104	2
159	159	6
76	76	3
117	117	1
177	187	3
66	66	2
8	48	1
95	95	7
43	44	2
8	8	1
114	116	2
70	71	4
58	58	3
76	111	2
28	30	2
155	155	3
154	155	2
46	47	1
104	104	2
188	188	1
43	43	2
97	121	3
80	81	2
134	134	2
3	5	2
96	96	5
31	61	2
152	152	2
122	125	2
184	185	2
176	176	3
78	78	1
4	33	1
80	100	4
142	143	1
161	163	2
129	148	1
143	148	1
116	119	2
55	64	1
94	121	2
159	160	1
56	66	2
69	106	1
52	52	2
123	130	2
54	54	2
128	129	1
38	168	1
27	28	4
160	161	1
19	85	1
151	151	2
20	21	1
10	29	1
22	22	1
6	8	2
30	33	1
57	66	1
131	139	1
29	30	1
13	13	1
92	94	2
75	151	1
101	102	1
186	186	2
17	28	1
161	169	2
76	119	1
163	186	1
48	48	1
134	137	1
144	144	3
140	141	1
171	171	1
83	86	1
58	60	1
