66	66	2
59	59	4
37	42	1
25	25	2
22	26	2
9	9	8
19	19	9
60	61	3
61	61	6
27	57	3
0	5	2
35	36	1
3	3	9
46	46	4
32	32	5
11	11	2
20	21	3
40	59	1
64	65	1
30	31	2
21	21	8
68	68	2
18	22	1
34	48	1
22	27	2
12	12	10
56	56	6
41	41	4
22	23	4
43	43	7
76	76	3
57	59	1
10	11	1
4	22	1
33	48	1
33	37	1
43	44	1
14	14	1
48	48	6
61	62	1
54	55	3
23	23	3
61	63	1
10	12	1
27	29	1
57	60	2
6	7	3
69	71	2
45	45	3
31	31	2
2	2	6
1	1	5
18	20	1
24	26	1
5	5	9
23	24	1
28	28	3
20	20	12
32	34	2
7	14	2
58	60	2
49	49	2
2	29	1
24	25	2
35	35	3
30	35	1
19	20	3
8	8	3
44	45	4
34	34	6
55	55	1
6	6	7
63	63	6
39	43	2
25	26	2
67	67	4
63	68	2
38	63	1
75	75	2
7	7	2
65	65	5
51	53	1
37	43	1
71	76	1
51	56	1
26	42	2
24	28	3
26	26	1
7	8	4
72	76	2
64	76	1
58	58	4
22	22	9
67	68	2
7	21	4
52	52	2
27	27	4
38	39	2
54	54	1
7	9	1
7	13	1
1	4	1
49	50	2
21	51	1
40	42	1
18	57	1
47	48	2
8	13	1
34	36	1
10	10	4
13	14	1
30	30	4
20	57	2
74	74	2
12	21	2
5	6	2
28	29	3
0	26	1
9	10	4
62	63	1
35	48	1
46	47	1
62	62	1
2	4	1
2	5	1
31	49	1
13	13	5
43	57	1
34	43	1
63	64	2
44	55	1
11	21	1
4	4	2
36	36	5
33	34	2
30	41	1
33	33	5
29	30	1
24	24	4
19	45	1
1	3	1
44	44	3
40	40	1
1	2	2
68	69	1
0	0	3
11	12	3
38	38	1
5	7	1
7	29	1
57	57	5
3	14	1
3	22	1
75	77	1
47	47	2
0	1	1
76	77	1
19	58	1
39	39	2
33	44	1
43	47	1
77	77	1
3	7	1
48	50	1
59	62	1
28	52	3
31	33	1
53	53	1
21	57	1
18	21	1
22	25	1
59	68	1
31	36	1
35	42	1
41	54	1
26	56	1
63	65	1
36	37	1
2	57	1
24	27	1
59	60	1
22	58	1
12	13	1
30	51	1
33	76	1
39	40	1
73	73	2
3	21	1
37	37	1
8	9	1
29	51	1
62	64	1
23	26	1
22	28	1
57	58	1
1	28	1
41	42	1
28	50	1
