44	44	2
55	63	1
92	92	3
76	100	2
35	35	1
59	67	2
58	58	4
104	104	1
46	48	2
49	49	2
93	93	4
37	37	1
26	26	3
46	49	1
101	101	1
55	62	2
57	57	4
68	68	1
78	78	2
53	53	2
28	29	3
62	62	6
77	77	2
43	44	2
79	79	1
32	32	5
55	56	1
64	99	1
74	74	5
97	97	4
61	61	3
76	91	4
97	99	2
102	102	1
84	84	1
59	59	1
35	40	1
66	66	1
85	85	2
89	90	3
39	39	5
60	60	2
60	62	1
95	102	2
83	85	1
48	48	2
98	106	1
67	67	3
46	46	1
33	33	1
21	22	2
66	71	2
63	63	1
65	89	1
55	58	2
21	23	2
39	40	2
89	89	2
95	95	1
47	48	1
30	30	2
54	55	1
80	81	4
88	88	4
29	30	1
20	20	2
59	60	1
66	72	1
22	22	2
25	25	2
96	96	1
79	85	1
106	106	4
61	62	1
75	75	4
70	70	2
26	28	2
26	48	1
45	45	1
89	92	2
66	67	2
97	98	1
101	102	2
20	24	1
65	66	1
83	83	2
86	86	1
83	84	1
47	47	1
29	29	2
73	91	1
81	81	1
31	31	2
99	99	1
56	56	1
96	97	1
50	74	1
93	94	1
94	96	1
57	64	1
100	100	1
60	90	1
38	38	1
98	104	2
62	63	2
43	56	2
63	64	2
40	41	2
30	48	1
90	91	1
64	64	1
70	77	1
53	54	1
41	60	1
46	47	1
21	21	1
31	58	1
37	99	1
