75	128	2
91	91	3
60	66	1
34	34	4
32	32	2
117	117	5
77	77	1
118	118	4
107	108	4
52	53	2
14	15	1
94	116	2
88	88	2
68	68	4
112	112	4
63	63	3
119	120	2
74	75	1
92	92	4
31	31	3
67	67	2
108	108	4
6	6	2
19	19	2
54	54	4
52	54	2
72	73	2
111	112	2
36	37	2
86	86	2
5	5	4
76	76	9
55	56	1
70	70	6
102	102	2
71	71	1
101	101	1
105	106	1
30	30	1
128	131	2
16	20	1
109	109	4
89	89	7
44	44	4
23	25	1
96	97	5
31	34	2
35	35	2
115	115	2
130	132	1
119	119	4
79	79	2
113	113	4
65	83	1
95	116	1
8	8	1
11	12	1
93	93	3
69	85	2
11	11	1
113	114	4
37	44	1
23	43	1
61	63	1
64	64	7
53	53	1
20	22	2
57	57	4
55	55	2
99	99	2
26	28	1
43	43	4
60	61	4
55	60	2
15	16	1
69	70	1
61	64	2
35	36	2
60	60	1
17	17	1
125	128	4
98	98	5
19	21	1
88	89	3
81	82	2
91	92	2
38	38	2
57	58	3
97	128	1
61	65	1
94	95	3
103	104	2
95	95	2
115	118	1
106	106	5
129	132	1
63	67	1
107	109	1
26	26	3
122	122	2
8	9	5
14	43	1
76	77	1
66	84	1
116	117	2
120	124	1
69	69	2
57	66	1
128	128	2
67	83	1
60	62	1
116	116	4
17	32	1
72	72	2
114	114	3
96	98	1
10	10	1
110	117	1
66	67	2
6	7	3
80	80	4
36	77	1
56	56	5
111	114	1
122	125	1
62	62	1
3	5	1
68	69	3
27	28	1
110	110	4
127	128	3
107	122	1
37	38	1
109	112	1
3	3	2
74	74	3
130	131	1
112	113	3
35	77	2
129	129	6
79	80	3
75	75	1
9	9	2
57	59	1
132	132	2
118	120	3
7	7	2
115	116	1
55	84	1
62	64	2
98	99	1
83	84	4
96	124	2
22	22	1
29	29	5
108	110	3
53	54	4
78	78	1
116	119	1
50	50	3
37	55	2
85	92	1
59	60	2
82	84	2
49	59	2
134	134	1
103	103	1
32	33	1
123	123	2
69	71	1
6	9	5
25	52	1
1	1	1
23	24	1
14	89	2
89	90	1
107	107	2
57	60	1
37	37	1
15	17	1
10	68	1
117	119	1
101	102	1
6	8	2
16	16	3
26	27	1
14	36	1
124	124	2
23	23	1
2	2	2
18	19	1
0	3	2
44	49	1
81	81	1
14	14	1
100	100	2
61	66	1
90	90	1
119	121	1
111	111	1
49	50	1
120	123	5
56	58	1
66	66	2
109	110	1
3	4	1
63	73	1
86	87	1
11	68	1
25	25	1
50	55	3
106	108	1
61	61	2
7	11	1
131	133	1
123	124	1
126	126	2
62	81	1
52	98	1
26	35	1
85	85	2
105	105	2
91	122	1
25	26	2
108	111	2
113	123	1
131	131	1
32	34	1
70	86	1
52	56	1
83	83	1
122	130	1
34	78	1
63	64	2
36	55	1
106	130	1
117	120	2
96	96	1
84	84	1
13	13	1
125	125	1
24	25	1
110	122	1
52	52	1
21	21	1
87	87	1
73	74	2
56	57	1
11	67	1
93	94	1
4	5	1
97	97	1
104	104	1
124	127	1
92	93	1
