58	58	1
46	46	4
20	20	2
116	116	3
94	95	2
48	55	1
111	111	1
72	72	6
89	89	1
96	113	1
17	46	2
93	95	1
69	69	2
17	17	3
40	40	3
70	71	5
102	103	2
79	79	1
127	133	1
117	117	4
33	33	2
87	87	4
15	15	1
86	88	2
59	60	2
93	111	1
103	103	2
39	42	1
6	19	2
112	113	2
10	58	1
31	32	3
113	113	3
48	48	1
66	66	2
75	105	1
84	84	3
1	1	5
66	67	2
55	111	2
9	9	1
81	87	4
64	65	2
47	47	1
56	56	4
52	53	1
90	103	2
29	30	4
65	65	6
127	127	2
129	130	1
110	110	2
47	62	1
42	42	5
32	32	1
40	60	1
28	29	1
12	13	1
72	76	2
115	117	1
101	102	7
43	44	1
21	21	1
0	1	2
4	9	1
121	121	3
29	29	1
58	59	3
65	73	2
62	63	2
116	117	1
44	44	2
43	43	3
120	131	2
26	26	1
116	126	2
96	97	1
53	59	1
106	106	1
51	51	2
62	62	1
66	72	1
119	119	2
118	118	2
8	83	2
77	77	1
93	94	2
105	110	2
112	112	1
39	39	2
50	50	1
43	58	1
16	67	1
81	81	3
112	125	2
100	100	1
105	105	1
49	49	6
43	45	1
96	96	3
109	111	1
105	106	1
109	109	2
125	125	1
97	98	3
114	118	1
25	25	2
14	14	1
91	91	1
48	62	1
59	59	2
32	33	2
52	52	1
96	114	2
20	33	1
101	101	1
125	130	1
93	93	2
63	64	1
91	92	1
10	10	1
114	120	1
120	120	1
95	95	3
5	5	2
70	74	1
12	12	1
28	41	1
63	104	1
89	91	2
16	17	2
9	10	1
74	88	1
20	29	1
16	43	1
85	85	1
63	80	1
81	83	1
65	66	2
86	86	2
104	104	1
101	109	1
70	70	1
21	31	1
44	45	1
21	22	1
99	100	2
15	16	1
88	88	1
101	107	1
18	18	1
129	129	1
108	108	1
89	113	1
4	5	1
28	28	1
26	40	1
106	107	1
40	48	1
10	20	1
104	105	2
60	60	1
25	44	1
53	107	1
24	24	1
98	101	1
122	122	1
104	111	1
126	128	1
41	41	2
31	31	1
88	89	1
107	107	1
45	45	1
54	54	1
32	46	1
68	69	1
4	4	1
63	92	1
102	102	1
6	6	1
25	45	1
99	99	1
107	111	1
24	25	1
27	27	1
50	51	1
69	71	1
49	54	1
40	41	1
