16	16	5
8	10	1
10	10	2
57	57	5
31	32	1
44	44	2
52	53	2
46	47	2
31	31	2
30	30	2
32	32	1
4	4	3
3	3	1
41	42	1
44	49	1
38	39	2
54	54	2
56	56	2
12	12	3
45	45	3
50	51	2
7	7	2
38	38	1
34	35	1
37	37	1
1	1	3
34	34	4
48	48	2
55	55	2
5	5	1
40	42	2
6	6	4
0	0	2
29	32	1
11	11	1
15	15	2
20	20	1
13	13	2
13	15	2
30	35	1
55	56	1
45	46	1
17	18	2
45	54	1
58	58	1
35	35	2
51	56	2
40	41	1
12	13	1
39	39	1
10	13	1
2	3	1
19	20	1
40	40	2
1	2	1
46	46	2
53	53	2
51	51	1
36	36	1
45	55	1
43	43	2
28	28	1
11	12	1
41	41	1
51	54	1
37	38	1
30	31	2
38	55	1
