54	54	3
28	28	3
46	47	3
84	84	2
22	22	2
52	61	2
20	24	1
6	7	1
86	86	2
80	80	3
22	23	1
48	72	1
68	68	1
26	26	9
64	64	2
55	64	3
82	82	4
50	62	1
5	6	1
72	72	5
47	47	3
75	75	2
53	55	1
79	82	1
18	20	1
60	60	2
66	72	3
87	87	3
17	19	1
52	53	3
69	69	4
21	26	3
85	85	2
57	57	1
32	49	2
16	16	1
48	49	2
6	6	1
16	75	1
12	72	1
34	34	1
12	31	1
4	68	1
30	58	1
78	79	1
6	8	1
5	5	1
17	33	3
53	54	2
9	9	3
71	72	1
8	8	4
61	62	1
23	23	3
58	61	2
61	61	1
83	83	1
24	24	5
62	62	4
17	17	2
12	12	3
61	83	2
58	66	3
4	73	2
10	75	1
50	58	2
55	55	1
7	7	5
51	51	1
64	76	2
52	52	5
76	76	1
80	81	1
3	3	1
59	59	1
15	15	1
49	49	1
74	74	2
11	11	1
63	63	2
82	83	1
21	23	1
13	25	1
48	81	1
51	83	1
22	24	1
49	83	1
31	31	2
72	73	3
18	32	1
30	30	1
20	20	1
62	63	1
17	20	2
59	60	1
62	64	1
14	14	1
10	10	2
50	52	1
60	61	1
78	78	1
81	85	1
25	26	1
61	63	1
21	21	1
