18	18	3
41	42	5
9	9	2
78	78	2
64	99	4
133	133	2
8	23	1
38	65	1
118	118	4
136	151	3
75	81	1
49	64	2
146	147	1
150	150	9
87	87	1
148	148	1
12	12	1
134	134	2
70	70	2
4	10	2
119	133	1
51	66	1
32	56	2
40	52	1
102	102	3
104	110	2
131	131	1
53	53	3
127	128	2
125	125	1
33	33	2
26	26	2
64	76	2
128	138	1
38	38	1
107	107	3
29	29	1
71	72	2
126	126	2
5	12	2
97	99	1
7	8	3
142	143	1
109	110	1
84	86	2
74	74	1
123	124	1
57	57	3
68	68	1
47	47	2
12	15	1
139	139	1
42	42	4
98	99	4
54	54	4
55	55	2
35	35	2
123	123	1
32	104	1
3	124	2
111	111	1
16	21	2
12	13	1
48	48	2
141	143	1
109	109	3
32	32	1
124	124	3
75	75	3
24	24	2
76	81	2
131	149	1
18	50	1
67	67	3
28	28	2
26	27	2
39	41	1
105	105	1
117	117	4
39	50	1
22	23	1
26	28	1
50	57	1
62	63	2
110	111	1
21	21	3
87	98	1
97	97	1
4	4	1
5	6	2
29	30	1
47	56	1
32	34	1
14	19	1
31	53	1
107	108	1
135	135	1
140	142	1
77	109	1
11	12	1
137	138	3
117	118	1
55	57	1
99	101	1
72	73	2
72	72	1
72	83	1
5	16	1
54	55	2
63	86	2
45	45	3
37	37	1
82	98	1
133	134	1
104	104	2
81	82	3
122	122	3
64	65	1
77	94	1
8	9	1
24	27	1
34	54	1
119	119	1
65	68	1
79	97	1
83	84	1
152	152	1
42	47	1
33	36	1
75	76	1
26	54	1
42	56	1
147	148	1
87	88	2
71	71	1
102	103	1
143	143	1
30	37	1
121	121	3
77	77	3
62	113	1
82	83	1
19	21	2
16	16	1
86	86	2
98	104	1
49	49	1
96	100	2
81	93	1
47	48	1
126	132	1
114	114	1
82	82	2
28	32	1
20	20	1
12	17	1
16	18	1
77	122	1
74	81	1
66	66	1
153	153	1
147	147	1
139	140	1
73	73	1
73	77	1
56	56	1
113	114	1
87	111	1
14	14	1
141	142	1
76	76	1
22	22	1
58	58	1
95	96	1
106	109	1
26	29	1
99	106	1
76	84	1
132	132	1
136	150	1
126	127	1
8	8	1
31	31	1
42	43	1
96	96	1
103	103	1
145	145	1
144	144	1
124	149	1
129	129	1
75	103	1
75	77	1
85	98	1
51	51	1
