104	105	3
0	1	2
55	55	4
73	73	4
81	81	8
100	101	3
112	112	3
71	72	1
66	70	4
134	134	3
130	131	5
62	72	1
23	24	6
28	28	4
74	74	1
119	119	4
83	111	1
45	87	1
102	102	4
66	85	3
92	93	1
102	103	3
114	114	10
66	67	1
120	120	4
33	52	1
108	134	1
20	24	2
25	98	1
10	11	1
98	98	2
8	8	3
53	53	3
68	69	2
5	59	2
6	7	1
25	97	1
69	129	2
71	71	7
35	35	2
56	87	1
72	72	5
9	9	1
61	61	3
122	122	6
12	12	7
76	116	1
81	83	1
15	15	3
44	83	3
44	44	6
119	127	1
49	50	2
82	105	1
50	50	4
61	68	1
59	100	3
76	76	3
108	108	4
15	16	1
74	88	1
52	53	4
99	100	2
37	84	1
13	32	1
52	84	1
55	56	2
92	118	1
111	133	1
34	48	1
21	23	2
109	110	1
20	20	2
84	84	6
116	117	1
4	5	2
91	91	4
134	135	2
133	133	6
74	83	2
72	73	4
122	123	4
59	59	5
66	66	2
80	81	1
117	117	4
110	134	1
117	118	2
24	97	1
27	99	1
58	58	2
53	54	1
86	87	1
99	99	2
87	87	2
68	70	1
44	134	1
85	85	4
22	22	3
59	61	1
13	33	2
64	65	1
34	35	3
78	79	1
78	78	4
93	93	3
14	14	2
105	105	1
89	112	1
16	16	2
57	58	3
82	111	3
123	123	3
38	42	1
111	111	5
84	85	2
18	22	2
83	84	1
24	37	1
8	10	1
106	106	3
10	13	1
115	115	5
68	68	5
28	29	1
121	121	4
63	63	2
67	114	2
19	19	4
109	109	4
73	74	1
24	25	2
4	59	1
19	21	4
132	132	4
106	107	1
79	87	1
90	90	4
107	107	1
110	135	1
116	116	6
83	83	5
16	34	1
126	126	6
123	124	2
101	104	1
79	79	1
90	134	1
132	133	5
124	124	1
103	103	3
17	17	3
127	128	1
45	51	2
33	53	2
7	9	1
125	125	3
56	58	1
113	113	4
92	92	7
18	18	2
37	77	2
36	54	1
82	83	1
54	54	2
80	80	4
106	110	1
29	29	5
60	132	1
91	130	1
87	88	3
81	120	2
59	60	2
113	117	2
130	130	2
70	71	2
130	133	1
95	96	2
111	112	1
47	84	1
99	120	1
104	104	6
124	126	1
108	110	1
1	3	1
64	64	7
59	87	1
42	79	1
19	30	1
111	119	1
3	4	2
69	69	3
62	62	2
67	67	7
10	37	1
78	85	1
125	134	1
61	69	1
114	115	3
89	90	1
124	125	2
9	37	1
106	118	1
110	110	2
32	32	4
54	55	3
63	118	2
11	11	2
97	100	1
50	52	2
100	100	1
60	61	2
25	25	3
97	97	3
97	117	1
68	71	1
75	75	1
101	101	1
7	11	1
94	94	3
37	78	3
91	94	1
93	103	1
10	34	1
20	50	1
45	84	2
36	76	1
0	0	1
122	132	1
14	23	3
69	73	1
73	99	1
52	67	1
93	101	1
89	89	3
83	85	3
66	78	1
11	12	1
22	77	1
120	122	1
37	37	1
36	36	3
79	90	1
81	85	1
82	82	1
52	87	1
50	77	2
90	105	1
129	129	3
65	66	2
33	36	1
7	7	2
90	92	1
11	20	1
13	34	2
1	2	1
8	20	1
70	103	1
53	102	1
46	46	1
56	57	3
9	38	3
121	132	1
105	118	1
43	43	2
16	33	1
45	110	1
38	50	1
95	95	5
32	71	1
65	65	2
43	85	1
73	114	1
130	132	1
94	102	1
106	108	1
121	127	1
16	27	1
99	101	1
113	114	1
108	118	1
53	77	1
73	93	1
27	27	2
111	120	2
63	73	1
82	101	1
24	26	1
23	23	1
74	124	1
60	86	1
11	17	1
64	79	1
42	44	1
87	103	2
101	102	1
30	30	2
2	88	1
61	83	1
116	118	1
21	21	1
88	88	2
49	49	1
52	77	1
78	84	1
96	96	1
91	110	1
91	108	1
90	100	1
57	57	1
119	120	1
127	129	1
66	68	1
36	115	1
112	117	1
26	27	1
24	24	1
117	122	1
81	126	1
70	70	1
17	22	1
30	31	1
5	5	1
76	95	1
70	73	1
62	64	1
31	35	1
26	26	1
52	85	1
12	32	1
8	9	1
16	20	1
113	116	1
33	33	2
10	16	1
32	47	1
86	103	1
112	114	1
21	34	1
50	82	1
72	101	1
91	105	1
2	2	1
6	6	1
100	106	1
38	43	1
93	95	1
