68	68	4
108	108	6
117	118	5
75	75	5
104	105	6
145	146	1
137	137	4
7	7	17
99	99	6
84	85	2
10	40	1
9	43	1
6	6	12
85	85	5
105	111	2
106	111	1
91	92	1
118	119	2
54	54	10
41	42	1
116	116	7
4	8	2
125	125	3
50	50	4
95	96	7
87	90	1
68	69	4
101	101	11
23	25	3
53	53	5
4	33	1
31	35	2
150	150	8
89	91	3
107	115	1
111	112	1
93	97	2
50	56	1
14	15	2
92	98	1
87	105	2
121	121	2
126	141	2
8	10	1
9	9	8
98	99	6
92	93	2
7	18	2
104	104	6
39	53	2
144	146	1
40	42	1
133	133	1
53	64	1
34	35	6
137	141	3
103	108	1
55	55	9
103	103	11
135	135	10
68	77	1
113	113	5
146	147	6
44	53	1
42	42	8
81	82	1
140	140	6
133	142	1
88	93	2
157	158	4
50	54	1
138	138	5
127	130	2
105	106	3
11	12	2
16	18	2
33	33	4
20	21	4
11	11	2
46	47	3
157	157	8
3	3	12
146	146	7
12	14	2
71	71	3
72	107	1
73	73	8
96	108	1
7	8	2
36	38	1
151	151	14
128	128	7
88	91	1
131	131	10
150	158	2
110	111	3
80	93	1
46	48	1
102	148	2
62	62	3
132	132	7
69	69	3
1	2	6
52	53	2
133	153	1
45	45	6
108	112	1
119	119	6
23	23	8
100	101	2
144	144	3
117	120	2
69	135	2
103	105	2
105	105	2
88	92	1
71	87	3
124	124	3
40	41	3
70	82	1
28	28	7
78	79	2
19	30	2
8	8	7
8	9	2
140	141	2
129	129	5
33	47	3
18	18	6
21	23	1
4	4	10
128	130	2
137	147	2
11	41	2
148	148	4
17	17	3
135	157	1
118	120	1
134	136	1
15	15	4
90	90	5
100	100	8
135	136	4
65	65	5
130	134	1
76	76	5
51	52	2
102	112	2
48	51	1
111	149	1
126	126	9
25	42	1
155	155	3
83	84	2
78	78	3
134	139	1
24	24	5
124	125	1
156	156	6
51	51	9
43	43	3
43	44	2
53	61	1
94	126	2
32	37	1
152	153	1
18	19	5
49	49	4
52	52	4
111	111	5
40	40	2
113	114	1
29	31	1
80	80	6
110	129	2
108	109	3
44	45	3
27	30	1
23	28	1
144	145	2
129	130	6
19	29	2
12	13	1
108	111	4
35	35	5
48	49	5
110	110	2
5	5	12
106	131	2
20	30	1
8	39	1
31	47	3
96	96	6
132	137	1
125	131	3
63	63	2
103	123	3
16	16	7
1	1	12
87	87	3
148	150	1
55	56	2
82	82	3
81	81	5
46	49	1
112	112	2
13	13	4
29	33	1
56	61	2
73	135	2
25	41	1
17	18	4
38	38	9
117	157	1
17	47	1
70	71	1
108	113	1
36	36	7
31	32	4
2	43	1
90	91	3
86	86	3
42	43	1
139	140	1
95	95	9
3	13	1
2	2	9
149	151	1
33	34	3
87	93	2
32	33	4
72	72	4
89	113	2
112	149	2
117	117	2
71	72	2
91	91	2
116	117	2
150	157	3
41	41	6
148	158	1
13	18	1
84	84	4
134	141	4
118	118	2
139	139	5
31	31	7
73	74	3
141	141	5
93	93	3
9	21	1
138	148	4
37	38	2
158	158	3
120	120	2
19	25	2
30	37	1
116	156	1
117	133	2
0	1	5
34	37	2
147	148	4
88	89	1
50	51	2
122	155	2
111	150	2
155	156	1
121	122	4
21	22	1
123	123	4
1	30	1
14	14	4
109	110	2
94	94	6
142	142	5
122	122	6
118	138	3
104	135	1
3	33	1
127	131	1
18	25	1
153	153	4
106	106	3
68	81	2
140	142	1
64	66	1
22	22	3
112	124	1
40	43	1
113	153	1
109	112	2
26	27	3
37	39	1
4	51	1
111	130	1
28	29	3
51	54	1
127	127	5
2	23	1
112	113	2
5	53	1
106	107	3
11	38	1
77	90	1
29	29	2
69	71	2
130	130	5
8	14	2
34	34	6
15	20	1
65	66	2
110	150	2
125	126	4
54	55	4
48	48	3
32	32	2
96	97	2
26	30	4
98	98	7
21	21	11
68	82	2
79	79	2
31	34	1
107	107	3
44	44	10
67	67	3
144	147	1
46	46	3
131	132	1
32	50	1
5	7	3
98	110	1
53	54	1
79	82	2
96	127	1
66	66	5
32	43	1
19	20	1
25	39	1
33	43	1
122	135	1
2	34	1
2	3	2
20	39	1
80	81	3
149	154	1
12	12	2
68	87	3
69	82	1
67	69	1
66	73	2
156	157	3
148	149	1
124	131	1
114	115	3
103	104	2
29	38	2
111	113	1
39	39	2
29	39	2
38	39	1
134	134	7
3	4	5
92	92	7
54	66	1
0	0	8
124	156	2
1	3	1
64	64	1
1	45	1
102	110	1
27	27	2
120	123	2
69	77	2
26	43	1
115	115	3
7	37	1
121	123	1
145	145	4
83	83	1
154	155	2
36	37	2
67	68	1
45	48	1
89	114	1
136	146	1
138	158	3
23	26	1
34	46	1
131	133	3
89	89	2
77	78	1
102	104	2
130	131	6
123	156	1
151	152	1
88	90	2
70	84	1
88	104	1
22	26	1
13	37	2
145	155	1
17	19	1
153	154	1
115	117	2
77	81	1
10	11	1
105	109	1
35	36	1
138	144	1
82	83	1
144	155	1
79	80	2
24	71	1
55	76	1
20	20	1
136	136	3
52	55	1
110	130	1
99	100	2
88	103	1
148	157	1
31	40	1
8	35	1
4	34	1
121	156	1
15	16	1
66	68	1
93	94	1
102	102	4
26	26	2
73	109	1
67	87	1
55	63	1
147	150	1
137	138	2
102	130	1
97	97	1
91	97	1
92	97	1
87	88	2
139	157	2
15	23	1
68	70	1
48	52	1
94	102	1
30	30	2
10	12	1
155	157	1
77	79	1
109	109	1
79	85	1
116	137	2
49	52	1
128	129	2
115	116	2
4	9	1
61	62	1
70	70	2
66	75	1
133	134	1
154	154	1
147	147	1
22	23	2
61	61	1
13	24	1
47	49	1
29	36	1
7	10	1
115	122	2
132	146	1
133	138	1
70	86	1
38	40	1
66	72	2
8	11	1
126	127	2
125	130	1
24	91	1
89	102	1
23	41	1
77	77	2
25	25	2
103	135	2
125	132	1
150	151	1
123	131	1
32	51	1
0	2	1
137	145	1
88	88	3
142	148	1
96	115	1
45	46	2
75	76	1
148	155	1
13	14	2
4	5	2
25	73	1
45	47	1
92	95	1
118	156	1
48	61	1
114	116	1
24	90	1
28	36	1
132	134	1
52	65	1
135	155	2
28	30	1
67	71	2
92	104	1
94	95	1
20	29	1
43	105	1
86	93	1
123	126	1
121	157	1
139	148	1
68	71	1
136	137	1
24	54	1
39	40	1
16	40	1
16	23	1
29	30	1
115	138	1
8	53	1
138	139	1
23	24	1
33	50	1
33	49	1
47	47	1
27	29	1
27	44	1
19	22	1
143	143	1
