45	45	59
48	84	1
109	110	20
125	125	23
88	88	11
8	8	48
62	75	2
78	116	4
5	5	57
42	55	4
108	108	29
99	99	26
9	10	10
9	9	57
97	104	4
97	97	27
20	62	4
95	98	11
9	19	4
93	93	59
29	29	71
117	120	14
78	83	5
60	60	26
96	104	4
6	65	6
93	128	6
29	36	7
123	123	19
83	84	21
65	65	35
62	77	4
26	27	49
4	4	31
34	34	74
34	35	24
19	61	3
47	47	66
55	55	17
112	118	3
20	20	26
45	48	5
47	48	21
66	66	59
102	102	15
82	82	61
6	7	30
77	77	40
113	113	18
47	102	2
83	83	44
68	68	53
114	114	31
62	62	26
106	106	24
78	78	34
87	87	12
12	14	23
33	75	5
30	30	39
24	30	7
6	6	40
45	64	11
45	65	3
128	129	19
21	21	30
27	96	7
27	80	9
61	61	43
32	32	26
94	98	6
134	134	13
96	102	5
42	50	5
92	92	24
18	18	32
36	36	29
22	22	10
96	100	1
64	64	50
17	17	36
67	67	34
21	46	5
70	70	37
7	8	20
98	120	2
78	80	7
126	126	37
50	50	2
6	96	11
57	57	51
8	34	4
68	72	6
2	18	12
28	80	13
92	93	22
23	23	20
94	106	5
104	104	28
14	19	3
9	96	3
67	69	6
27	37	2
8	14	4
11	19	4
18	47	7
119	119	19
115	115	24
45	120	3
61	62	5
11	93	31
63	76	10
46	46	42
85	85	34
90	91	3
124	125	10
15	17	9
16	43	6
93	95	5
87	88	25
91	92	4
7	7	64
56	56	20
10	10	59
112	113	15
16	68	4
76	76	70
130	130	50
57	59	6
7	83	4
30	31	14
63	63	35
93	97	5
33	33	27
37	37	32
78	82	4
44	44	35
27	27	69
26	26	51
8	9	23
87	99	6
33	47	3
120	130	4
16	17	23
45	121	6
42	133	5
5	6	10
11	11	146
105	105	22
43	43	19
66	67	15
3	3	35
90	96	8
47	101	10
116	128	3
63	64	13
100	100	61
122	122	14
35	36	37
57	58	27
74	75	10
75	75	61
96	97	16
94	94	52
109	109	22
42	42	35
35	35	40
103	105	15
12	12	53
15	16	12
100	101	10
112	116	2
62	63	9
117	117	20
19	19	42
19	20	5
79	79	36
4	6	5
40	42	6
82	84	3
46	63	2
111	111	16
126	127	36
2	6	1
96	96	52
126	129	3
59	59	30
16	31	3
29	79	5
20	22	2
103	103	14
95	103	6
19	25	2
121	121	16
33	34	25
100	110	3
28	28	82
48	48	29
74	74	38
75	76	14
18	33	11
47	65	3
119	120	15
127	127	28
99	110	2
61	75	10
15	15	22
88	94	2
119	132	4
81	81	30
27	28	28
56	57	7
84	85	24
84	87	2
33	71	15
26	47	6
125	127	2
14	14	45
38	50	4
8	20	5
41	41	8
73	118	6
72	119	4
92	105	3
14	97	8
77	79	16
5	48	3
64	70	7
18	19	10
32	33	11
27	95	5
62	76	7
75	78	2
120	122	4
107	107	28
46	49	2
3	48	4
48	76	6
57	111	6
40	41	15
94	128	11
30	87	3
75	93	23
7	94	6
15	19	2
131	131	14
8	10	5
100	102	11
111	113	5
31	31	29
90	92	8
79	115	2
120	132	4
116	121	6
62	118	5
48	80	4
10	58	2
16	16	21
2	2	26
98	98	22
86	104	11
69	69	19
56	87	2
95	95	42
45	46	15
42	43	4
58	58	16
11	13	19
94	95	15
17	35	17
74	78	5
5	7	5
49	49	19
76	77	8
101	101	26
24	24	26
28	96	10
3	4	23
90	93	2
26	30	10
116	116	10
1	3	6
94	105	4
27	29	9
117	128	2
17	44	1
85	87	4
59	87	2
70	72	3
36	37	15
5	88	4
81	82	14
25	26	18
31	76	5
12	13	24
90	95	1
31	83	2
9	47	2
82	110	5
10	11	28
9	11	7
99	101	14
62	64	2
106	107	8
87	89	4
115	127	4
48	49	31
118	119	10
15	20	4
17	27	11
90	90	12
13	13	44
112	112	26
95	96	21
0	7	6
113	114	16
99	109	5
44	45	24
43	44	11
130	131	24
82	111	3
21	43	6
86	87	3
21	22	14
102	103	3
21	30	3
11	26	20
129	129	33
45	73	2
7	95	6
35	47	2
114	115	4
82	83	19
16	18	2
105	106	2
103	106	4
4	5	6
91	91	17
4	101	3
23	83	3
4	11	5
101	102	5
28	91	3
41	43	7
31	62	1
26	29	12
27	34	5
91	96	4
28	29	13
124	124	16
46	47	11
27	30	4
108	110	8
27	93	10
94	96	3
24	25	13
63	65	3
15	28	7
11	92	8
56	59	16
25	25	19
48	56	6
85	86	12
73	73	16
39	39	1
41	133	3
31	35	3
83	109	2
5	95	3
84	84	43
79	80	14
76	78	6
93	96	11
78	84	2
4	8	1
92	94	3
13	46	2
80	80	24
8	95	9
56	71	2
121	124	4
77	78	8
56	58	6
49	56	5
93	111	4
93	98	10
81	83	2
28	30	6
32	36	2
3	101	6
48	83	5
85	96	4
74	77	9
123	124	11
24	82	3
10	14	4
8	36	1
16	25	3
59	60	8
77	80	2
76	82	7
89	105	3
41	42	9
29	46	4
46	67	3
128	128	12
93	106	3
45	78	4
111	117	2
32	35	6
99	100	15
13	14	4
21	42	2
18	125	2
75	77	3
66	98	4
8	94	12
28	77	3
6	42	5
117	119	7
67	71	1
62	78	4
39	45	2
63	74	6
21	89	6
71	71	18
10	12	7
93	102	5
119	122	3
38	45	7
55	74	2
96	103	2
78	79	17
55	56	6
87	91	8
93	94	24
26	48	8
20	32	3
91	93	3
86	88	6
0	2	7
97	102	2
50	54	2
0	0	13
6	66	5
73	74	3
6	86	2
23	71	1
12	64	8
49	79	5
75	111	2
116	129	3
86	86	18
16	26	1
96	101	11
40	132	1
3	6	2
113	116	2
16	44	1
27	33	5
133	134	10
9	12	10
30	38	7
60	84	1
29	78	3
26	49	3
122	123	5
12	46	5
72	73	12
110	110	11
33	35	3
40	40	10
24	55	2
97	99	7
60	83	2
131	132	2
41	49	3
91	98	5
63	77	6
94	102	3
73	75	2
28	36	2
120	120	13
84	86	1
46	64	1
63	78	1
33	36	2
115	123	7
0	1	6
45	131	6
88	89	11
43	57	2
14	16	2
27	91	3
48	92	6
3	18	4
30	82	1
121	122	2
33	46	4
84	114	3
40	133	3
2	3	4
61	71	6
29	59	4
115	116	12
40	131	1
47	80	1
44	60	5
49	55	5
4	36	9
24	26	3
3	5	4
19	46	2
28	35	8
19	62	1
132	132	4
94	113	2
1	1	10
6	95	4
88	107	2
82	85	5
102	111	4
121	123	9
43	131	3
81	84	1
35	76	2
43	45	4
20	21	7
47	68	7
38	39	4
5	87	5
125	126	6
84	92	4
84	96	3
88	106	3
11	12	3
66	83	4
43	130	2
5	89	3
115	130	3
72	72	11
58	59	11
4	21	3
112	117	5
91	99	3
120	126	3
12	93	1
61	64	12
48	101	3
94	100	6
75	82	5
29	49	6
7	12	3
26	84	1
88	92	3
120	123	4
23	24	6
49	61	1
97	98	15
12	77	5
45	97	3
101	104	3
79	101	2
28	48	4
121	125	6
39	40	3
32	38	3
92	95	4
9	14	9
27	35	4
60	82	4
68	73	5
27	36	2
28	33	3
39	42	6
69	70	4
17	18	3
93	103	4
0	47	4
22	57	2
70	76	1
95	104	4
19	23	2
100	122	2
20	36	4
65	75	2
38	38	10
17	61	4
25	93	3
113	117	1
3	86	2
4	58	1
93	129	6
92	134	3
6	8	5
7	75	2
7	14	3
34	71	4
20	61	5
87	108	3
14	66	2
122	124	5
68	122	3
17	47	6
130	133	2
6	94	3
29	30	5
111	122	2
3	36	3
133	133	10
127	128	6
121	129	2
26	28	1
54	54	2
89	92	2
77	81	3
2	8	5
12	70	3
4	100	1
47	86	5
27	83	1
88	93	4
33	45	3
86	102	4
11	21	3
15	26	3
62	72	3
35	65	1
132	134	6
44	130	3
112	115	4
27	84	1
18	25	1
116	123	2
37	38	3
55	73	3
13	15	8
67	68	8
15	18	4
87	101	3
65	118	2
27	92	2
31	47	2
69	74	2
56	90	2
10	34	2
7	99	1
101	110	1
101	111	5
64	65	3
127	134	4
126	128	1
46	83	2
29	83	2
29	82	2
128	130	3
120	133	2
9	17	3
19	21	4
10	13	3
126	134	2
10	61	2
44	46	1
35	68	1
42	44	2
118	118	13
89	89	2
17	48	4
9	95	3
60	61	3
93	99	1
82	112	1
16	61	4
34	47	3
23	25	4
10	102	3
6	9	2
64	73	2
30	81	2
117	118	2
109	111	3
71	72	4
61	78	3
28	99	1
34	74	3
39	41	3
10	57	2
79	112	3
123	125	1
8	86	2
129	134	2
44	90	2
100	106	4
3	87	3
64	71	3
51	55	3
120	121	4
25	48	2
62	67	2
119	121	3
42	45	2
125	129	3
8	47	1
35	74	11
131	133	2
102	104	1
4	19	3
19	33	3
2	101	1
7	11	1
85	90	2
19	32	3
7	91	1
10	92	1
40	45	1
104	105	4
68	75	2
45	74	2
17	33	2
29	34	2
130	134	2
72	122	2
108	109	3
68	69	2
93	112	1
116	132	1
115	128	1
51	51	1
102	105	1
62	104	1
103	104	3
50	81	1
11	14	2
15	45	2
100	103	4
31	43	2
107	108	3
20	81	2
27	32	3
21	41	1
111	114	1
37	49	1
85	106	2
32	75	1
80	112	2
14	15	1
36	86	4
1	47	1
47	93	2
91	133	1
32	47	2
44	47	1
0	64	1
45	72	1
17	49	2
3	65	2
28	97	1
45	59	1
17	26	1
22	23	1
84	110	1
85	95	1
28	37	1
78	115	2
28	74	3
50	51	2
127	130	1
29	48	1
32	78	1
35	78	6
95	112	2
86	107	1
103	114	1
8	11	1
18	20	1
11	97	1
98	99	1
12	67	1
16	45	1
9	20	1
116	130	1
123	131	1
81	110	2
23	31	1
79	82	1
0	29	2
117	130	1
68	70	2
44	56	1
79	111	1
129	130	2
78	112	4
95	114	1
75	85	1
20	33	1
29	47	2
8	21	2
31	32	1
84	109	1
8	32	1
66	71	1
81	112	1
122	125	1
20	57	2
91	100	1
104	106	1
21	87	1
9	71	1
70	74	1
88	90	1
59	71	1
110	111	1
