30	30	1
167	167	3
79	79	2
173	173	2
172	172	3
84	84	2
170	170	2
95	96	1
140	140	2
5	26	1
24	28	1
1	1	4
176	179	1
47	47	1
162	164	2
101	101	2
113	113	3
103	103	2
109	120	1
171	175	1
125	126	2
58	58	1
28	35	3
76	77	2
178	178	3
10	11	2
161	161	1
38	38	3
186	186	3
36	37	2
88	89	2
68	68	3
144	144	1
92	92	1
26	26	5
13	15	1
15	15	3
104	110	1
151	152	4
118	119	1
151	151	2
38	68	1
52	53	2
55	55	3
188	188	2
129	129	3
11	11	2
107	107	2
140	141	1
124	124	2
89	89	1
55	79	1
96	96	2
141	160	1
0	0	3
85	85	2
25	26	1
175	175	1
180	181	1
83	83	1
183	183	2
105	106	3
42	42	2
27	57	1
149	151	1
136	136	2
172	173	3
39	39	3
186	188	1
139	139	1
59	62	1
101	108	2
116	119	1
29	29	2
20	20	1
165	177	1
15	18	1
54	54	2
105	105	1
110	110	1
161	187	1
185	185	3
99	100	2
189	190	2
139	149	2
58	59	3
4	5	1
82	82	1
22	24	1
129	140	1
128	129	3
87	87	2
38	39	1
163	163	1
157	158	1
67	68	1
55	67	1
41	41	1
30	130	1
7	8	2
10	10	3
61	61	2
157	157	3
12	14	2
57	57	1
80	80	1
105	109	1
21	22	1
156	157	1
18	18	1
76	76	1
190	190	2
185	186	2
66	67	1
25	25	1
161	163	2
10	12	1
179	179	1
60	60	1
134	138	1
74	74	1
100	100	2
36	56	1
17	17	1
79	81	1
65	65	1
11	16	1
142	142	2
35	71	3
14	14	1
26	34	1
163	164	2
81	82	1
152	152	1
38	48	1
15	170	1
111	112	1
128	131	1
93	95	1
59	65	1
43	43	1
32	144	1
164	164	1
31	31	1
93	94	2
71	71	1
169	169	2
166	167	1
40	40	2
42	43	1
16	16	1
122	122	2
133	134	1
178	179	1
147	147	2
182	182	1
37	37	1
141	143	1
94	95	1
27	37	1
54	55	1
126	127	1
169	170	1
84	85	1
116	118	1
7	7	1
6	6	1
56	56	1
81	83	1
39	41	1
22	22	1
77	77	2
12	12	1
174	175	1
111	111	1
134	136	1
14	15	1
29	36	1
90	90	1
