51	52	4
9	10	2
62	63	3
127	127	9
45	45	10
93	93	14
148	151	2
7	124	1
45	51	2
13	15	3
91	91	15
30	32	5
30	30	5
37	37	11
147	147	6
70	70	7
5	44	2
130	130	5
7	7	7
11	11	7
71	71	11
44	45	4
7	31	1
73	73	13
50	50	7
21	22	7
150	158	2
18	18	6
118	148	1
137	138	5
63	63	5
2	2	7
124	124	8
136	137	3
68	105	1
96	98	4
103	104	5
75	76	3
135	136	5
46	46	11
95	97	2
148	148	15
5	25	1
25	25	11
90	90	11
15	20	2
121	122	7
87	87	6
117	118	7
68	68	6
36	37	3
11	20	3
122	122	6
139	140	8
141	141	11
83	88	1
146	147	11
8	34	2
76	77	1
72	128	1
128	128	6
113	113	5
32	32	5
32	33	5
99	99	6
96	96	11
135	135	6
145	145	7
1	2	11
75	75	13
9	50	2
158	159	2
154	156	1
89	91	2
17	44	1
79	122	1
143	145	1
133	152	3
125	125	4
23	25	5
138	138	12
21	21	11
101	101	11
51	51	5
30	50	1
105	105	7
26	26	11
24	150	2
39	81	1
42	43	5
16	16	8
67	69	3
9	9	5
93	94	3
97	97	13
79	107	1
151	157	1
80	80	6
73	75	1
116	116	6
100	100	14
141	142	2
89	97	3
125	126	7
110	147	1
20	20	4
1	1	12
111	112	10
150	150	7
47	48	10
97	98	2
37	41	1
104	105	3
81	81	8
87	92	1
17	17	9
1	148	1
94	94	14
41	111	1
66	67	5
135	137	5
49	49	9
57	57	3
109	109	6
154	154	3
141	158	1
48	49	10
86	87	2
123	123	10
103	103	4
7	20	2
23	24	4
134	134	18
129	130	3
126	127	2
92	92	14
23	30	4
12	26	1
82	82	12
46	132	2
41	43	3
155	157	4
27	27	8
156	156	8
120	132	2
129	129	12
132	133	7
56	65	2
0	0	7
44	44	10
92	93	3
39	107	1
98	98	6
26	28	2
43	43	12
107	108	3
1	44	3
105	106	4
5	5	9
49	52	4
119	120	2
137	137	11
134	156	1
37	86	1
104	104	8
98	100	3
15	15	6
99	100	2
144	150	4
152	152	12
132	132	9
112	112	4
24	27	2
67	67	8
130	135	2
12	20	1
84	84	6
110	110	8
106	107	11
131	132	7
95	95	9
124	125	5
21	158	2
126	126	7
31	32	1
90	91	7
78	83	1
78	78	9
34	34	4
38	38	10
43	104	1
88	95	1
14	14	4
81	82	5
54	107	2
157	157	7
115	124	2
142	142	7
23	23	5
88	88	7
18	81	1
25	30	3
140	141	5
71	76	1
116	127	1
38	81	1
37	110	1
120	126	1
14	69	1
29	29	4
13	13	3
3	3	6
19	20	5
0	1	6
94	129	1
123	126	2
90	106	1
24	24	8
32	110	1
79	92	2
111	118	1
3	10	1
63	104	2
46	50	1
120	121	4
138	139	3
87	88	3
35	35	7
24	148	1
39	39	11
2	4	1
117	146	1
25	31	1
25	26	4
46	72	2
40	41	5
152	153	4
151	156	1
146	146	8
119	119	8
7	8	6
48	51	3
147	148	1
108	108	4
114	115	4
113	116	1
76	87	1
27	28	5
119	122	1
157	158	4
3	4	5
65	65	5
55	56	5
29	30	3
118	119	7
100	102	1
145	146	6
100	129	1
107	107	6
156	157	3
5	27	1
47	49	2
134	139	1
108	116	2
55	55	6
97	110	1
36	36	12
122	123	2
85	86	2
67	68	3
23	129	1
6	7	3
4	4	8
31	31	5
29	44	3
72	72	4
95	98	2
117	132	1
21	28	4
88	93	1
46	73	1
13	44	1
44	98	1
92	119	1
43	99	1
77	92	1
54	55	3
41	42	3
90	112	1
62	70	2
98	99	7
117	119	1
146	148	2
12	13	6
56	56	5
19	19	3
148	149	3
21	32	2
75	77	3
4	30	1
39	159	4
56	57	1
131	147	1
120	120	6
123	134	3
86	86	6
7	114	1
82	115	2
138	152	1
128	130	2
103	105	2
16	18	1
39	48	1
102	102	3
151	158	1
68	69	2
102	103	4
122	136	2
139	139	10
82	83	3
40	40	5
8	9	4
22	30	2
108	109	1
92	95	1
41	41	6
34	97	1
136	136	7
14	22	1
10	35	2
109	111	1
131	131	4
95	96	6
66	66	3
149	152	1
7	104	1
12	12	10
12	127	1
89	89	4
54	54	2
126	142	1
48	50	4
92	134	1
151	151	7
106	110	1
4	6	2
121	134	1
130	131	7
118	120	3
158	158	7
147	150	1
10	11	5
91	130	1
46	48	3
83	85	2
51	133	2
48	48	12
97	101	3
84	85	1
103	129	1
142	143	3
80	83	1
17	19	2
44	56	1
49	67	1
29	43	1
51	54	2
95	152	1
65	82	1
133	135	1
19	21	3
140	140	6
155	155	7
77	79	1
8	8	5
54	61	1
22	22	7
16	20	1
50	51	2
68	70	1
134	137	4
10	12	3
132	134	3
125	146	1
5	6	7
83	112	2
79	82	3
91	93	2
30	36	1
8	117	1
27	157	2
12	14	1
8	11	3
24	39	2
91	92	2
28	28	11
73	74	1
76	84	1
92	98	1
116	117	6
110	132	1
106	106	6
118	118	5
17	27	1
31	42	3
74	75	3
114	114	4
43	64	1
81	92	1
73	131	2
27	50	1
126	158	1
78	133	1
41	101	1
72	75	1
49	50	1
138	158	1
67	71	2
82	90	1
85	85	7
139	141	1
14	25	1
117	127	1
19	26	1
98	101	2
99	107	2
40	94	2
130	156	1
25	150	2
115	116	1
46	47	6
20	22	1
37	38	3
23	139	1
39	41	1
79	79	9
145	152	1
20	21	5
28	98	1
112	113	2
45	103	2
94	97	1
94	95	3
151	153	2
27	29	3
16	17	2
34	40	1
121	121	8
4	5	4
115	115	2
28	29	10
153	154	4
144	157	1
37	51	1
50	140	1
89	115	1
9	38	1
38	39	5
29	110	2
122	124	1
151	155	2
88	89	1
22	23	4
144	145	4
2	99	2
33	33	6
106	111	1
17	18	5
23	65	1
7	37	2
42	45	1
135	138	2
13	16	1
92	117	1
94	103	2
39	51	2
119	141	1
36	104	1
96	97	1
84	108	1
97	111	2
143	143	3
93	112	1
70	71	4
89	90	3
72	132	1
84	125	1
101	102	2
67	70	3
105	110	2
53	53	7
77	145	1
117	121	1
14	36	2
134	152	1
69	69	1
52	52	3
84	86	1
123	127	2
110	111	5
113	115	4
127	128	1
33	34	6
9	35	1
81	84	1
53	54	1
133	133	7
14	41	1
48	92	2
112	122	1
145	158	1
17	102	1
144	147	2
52	55	2
3	28	2
131	133	5
77	77	2
91	121	1
127	130	3
44	102	1
17	54	1
121	147	1
51	55	1
134	142	1
150	152	1
117	117	9
45	71	2
28	84	1
34	128	1
109	110	2
78	122	1
120	140	1
50	54	4
87	103	1
77	141	1
18	21	1
108	130	1
63	70	1
22	31	2
24	155	1
42	42	6
8	101	2
129	131	1
52	53	2
43	151	1
101	105	1
99	139	1
101	107	1
95	120	1
5	8	1
15	16	2
65	87	1
137	139	2
132	151	2
24	34	1
84	87	2
38	140	1
45	54	2
128	145	2
20	25	1
1	4	1
18	38	1
93	106	1
4	46	1
18	44	1
103	126	2
80	81	3
130	132	1
95	131	1
21	25	1
47	113	1
47	47	3
2	3	3
83	83	4
33	35	2
29	156	1
71	72	2
72	129	1
75	80	1
50	53	1
142	144	2
9	15	1
54	72	1
43	44	3
112	123	1
80	86	1
32	105	3
114	116	2
52	86	2
31	34	1
153	153	5
83	84	4
50	52	1
13	101	3
144	144	2
2	65	1
126	141	2
100	113	1
63	99	1
78	79	2
94	98	2
36	126	1
30	31	1
102	119	1
49	51	1
10	10	7
57	58	1
17	23	1
14	16	3
146	149	1
17	37	1
28	49	1
29	34	1
27	56	1
45	46	3
9	96	1
98	108	1
16	106	1
72	73	1
44	110	1
23	64	1
13	14	4
32	45	1
1	130	1
10	97	1
104	110	1
136	140	3
149	149	4
87	97	1
132	147	2
119	132	1
82	84	1
91	158	1
5	47	1
113	114	2
155	156	2
77	78	3
102	104	1
50	81	2
150	151	3
7	30	1
18	23	1
69	70	1
128	144	1
91	110	1
33	131	1
88	97	1
66	72	1
88	125	1
123	141	1
143	148	3
102	112	2
44	47	1
33	36	1
30	80	1
18	84	1
31	33	2
37	43	1
132	156	2
126	143	1
96	100	1
102	126	1
46	54	1
22	39	1
108	111	2
112	143	2
80	94	1
110	126	1
111	111	2
142	159	1
106	108	1
64	64	2
79	80	1
128	129	2
124	130	1
69	71	2
127	132	1
65	101	1
79	83	2
97	121	1
46	92	2
28	47	1
127	143	1
6	6	2
101	127	1
120	147	1
49	68	2
67	77	1
39	40	3
8	30	2
25	54	1
123	128	1
38	138	1
110	116	1
11	12	1
16	28	1
101	117	1
8	33	1
85	89	2
17	111	1
34	36	1
65	66	1
40	99	1
140	154	1
40	45	1
28	146	1
4	11	1
7	32	1
66	85	1
107	123	1
6	13	1
26	35	1
9	31	2
28	85	1
120	123	1
86	88	1
144	148	1
119	136	1
118	145	2
19	41	1
144	146	1
57	67	1
87	107	2
9	112	1
24	25	1
14	15	4
106	114	1
85	87	1
21	119	1
71	86	1
108	110	1
126	151	1
90	153	1
143	144	3
123	142	1
38	80	1
44	92	2
5	94	1
65	100	1
107	148	1
99	101	1
102	105	1
72	99	1
66	152	1
15	29	1
14	39	1
86	90	1
109	112	1
39	43	1
107	109	2
19	33	2
95	122	1
121	130	1
44	46	1
26	98	1
15	17	1
1	5	1
35	36	2
78	85	1
100	105	1
28	30	1
121	127	1
9	19	1
40	43	2
64	142	2
64	70	1
10	46	1
88	90	1
70	131	1
50	86	1
63	71	1
125	149	1
38	71	1
9	11	1
6	8	1
123	125	1
95	123	1
4	42	1
5	7	1
25	28	1
22	46	1
133	158	1
133	134	1
66	129	1
123	148	1
52	95	1
148	152	1
145	153	1
123	124	1
40	42	1
16	21	2
87	118	1
47	53	1
45	47	1
105	124	1
48	107	1
64	69	1
22	128	1
4	14	1
17	20	1
50	64	1
96	99	1
136	138	1
52	140	1
118	131	1
37	55	1
141	144	1
37	121	1
19	25	1
30	144	1
77	117	1
117	124	1
80	102	1
80	84	1
92	96	1
93	99	1
2	17	1
41	102	1
111	124	1
22	27	1
22	90	1
22	25	1
138	140	1
76	111	1
151	152	1
94	96	1
89	93	1
76	76	1
132	136	1
128	138	1
88	124	1
18	25	1
112	114	1
55	80	1
115	117	1
111	123	1
7	101	1
97	115	1
159	159	1
4	23	1
143	152	1
48	94	1
41	69	1
16	153	1
29	32	1
55	57	1
