45	46	2
47	47	7
31	32	13
20	21	6
40	40	5
17	17	9
22	26	4
19	19	7
30	30	9
16	18	3
21	21	12
26	29	1
17	18	11
22	24	3
22	22	7
34	34	10
36	36	10
15	15	6
36	37	13
37	38	3
29	29	5
28	28	6
42	42	3
23	25	3
43	43	8
23	23	8
25	25	6
37	37	9
15	16	7
21	23	1
46	46	8
39	39	9
41	41	3
18	22	1
23	24	7
27	27	7
16	19	2
42	43	3
24	24	1
38	38	10
41	42	3
14	31	1
28	29	4
34	35	4
35	37	3
22	23	5
18	28	2
46	47	1
33	33	4
16	16	8
31	31	4
17	25	1
35	35	2
23	31	1
31	42	1
34	37	1
16	17	3
24	40	1
20	20	11
32	32	4
27	38	2
18	18	6
24	25	3
26	31	1
21	25	1
45	45	4
25	30	2
22	35	1
20	22	2
25	31	1
24	30	1
26	41	2
16	41	2
16	40	1
20	25	3
19	20	6
25	32	1
39	40	5
27	31	2
30	33	2
17	28	4
26	26	3
37	40	1
17	19	1
28	31	1
18	21	1
26	32	2
19	21	1
19	26	1
16	26	2
16	20	2
44	44	2
22	25	3
40	45	1
30	32	1
25	26	1
17	42	1
47	48	1
37	43	1
21	26	1
27	41	1
19	30	1
15	19	1
18	26	1
28	30	1
