30	31	1
18	21	1
27	27	5
18	18	10
26	26	7
20	21	3
39	39	8
18	36	1
43	44	2
29	29	2
22	27	4
25	25	5
20	27	1
16	16	11
36	36	6
42	42	5
40	40	10
39	40	6
10	10	1
45	45	3
44	44	7
35	35	3
26	30	2
31	31	4
41	41	15
34	35	2
24	25	1
35	38	1
18	37	1
40	43	1
21	21	10
37	37	6
18	27	1
18	24	1
19	19	2
24	24	7
28	40	1
29	30	3
43	43	2
21	32	1
27	43	1
37	39	4
30	30	2
27	40	1
20	24	1
32	32	5
17	23	1
36	38	1
16	33	4
32	33	2
40	42	1
33	33	6
26	27	3
32	34	1
46	47	1
15	16	3
43	45	2
26	28	1
18	19	3
34	34	5
25	26	2
19	22	1
25	31	1
36	37	3
31	32	1
21	22	6
17	17	4
15	23	1
28	30	2
28	45	1
25	28	1
43	47	2
27	29	3
19	20	1
45	46	2
20	20	3
42	43	3
45	47	1
23	24	2
48	48	1
16	17	1
16	31	2
37	45	1
38	39	3
28	29	3
28	28	2
27	41	1
24	26	1
16	18	1
22	22	1
16	38	1
37	38	1
21	23	2
41	42	1
34	37	1
35	36	1
44	45	3
27	28	1
19	26	1
36	40	1
23	25	2
20	23	2
22	24	1
20	39	1
24	28	1
41	43	1
30	33	1
16	23	1
17	25	1
23	27	1
16	39	1
28	41	2
23	23	1
47	47	2
24	38	1
38	38	1
22	26	1
20	25	1
46	46	1
