4	4	1
130	132	2
106	121	1
87	89	2
46	117	1
6	6	3
83	83	1
75	75	3
82	82	2
79	79	1
11	11	2
109	109	9
32	33	2
130	131	2
123	123	4
64	112	1
26	27	3
7	26	1
96	97	1
25	49	1
30	31	3
38	42	2
2	2	2
100	100	6
93	99	3
6	84	1
7	12	1
91	91	1
38	59	1
102	103	2
39	39	1
29	131	1
32	41	2
106	113	2
32	32	4
111	112	2
20	23	2
49	49	1
15	21	1
26	28	1
31	83	1
17	17	1
34	35	1
13	35	2
8	19	1
41	41	3
87	87	1
11	12	2
36	36	1
114	115	1
8	26	1
32	40	1
46	46	3
124	124	2
5	76	1
59	60	1
84	90	2
31	120	1
23	23	1
17	105	1
30	30	4
56	88	2
84	84	2
61	61	3
27	43	1
101	101	5
99	99	2
102	115	1
106	106	5
58	87	1
74	98	1
85	93	2
8	14	1
8	75	1
90	92	3
24	26	1
81	129	4
77	105	1
81	87	1
122	122	4
18	20	2
62	90	1
14	14	3
82	116	1
125	128	1
42	43	1
48	50	2
37	38	2
44	78	1
118	118	1
11	15	1
31	98	3
91	131	1
20	20	3
16	36	1
38	112	2
37	40	2
57	104	1
61	62	1
18	18	1
19	19	2
57	57	1
7	8	1
98	98	2
92	93	1
46	47	1
80	87	1
13	14	3
29	30	1
7	108	1
27	131	1
11	102	1
95	95	1
83	90	1
77	79	2
27	27	4
33	33	1
7	65	1
107	108	2
80	81	2
47	47	3
93	93	2
94	96	1
18	42	2
62	120	1
0	0	2
91	127	4
101	102	1
99	100	2
55	97	1
90	90	3
7	7	2
6	93	2
127	132	1
42	42	1
73	73	1
91	97	1
10	10	1
15	16	1
48	49	1
92	92	2
90	130	2
103	103	1
11	14	1
6	33	1
27	47	1
11	27	3
11	26	2
17	46	1
81	82	2
12	83	1
72	72	1
26	64	1
29	29	1
55	90	1
113	113	2
14	48	3
35	35	2
87	88	1
25	30	1
111	131	1
78	80	1
85	99	1
67	68	1
132	132	1
12	12	1
79	80	2
78	79	1
21	84	1
97	98	1
95	96	2
26	26	2
15	43	1
72	112	1
70	78	1
81	81	1
5	101	1
131	131	2
11	37	1
32	94	1
10	35	2
6	7	1
122	123	1
83	91	1
62	62	1
15	15	1
46	90	1
58	59	1
85	88	1
90	117	1
98	99	1
42	49	1
25	80	1
5	7	1
17	18	1
112	113	1
21	22	2
46	61	1
17	57	1
59	59	1
57	58	1
37	44	1
8	21	1
31	31	2
111	123	1
16	39	1
120	120	2
37	82	1
15	42	1
6	17	1
110	125	1
79	86	1
19	23	1
39	90	1
88	88	1
92	105	1
5	107	1
58	58	1
