8	9	1
56	56	2
26	26	3
41	42	1
50	52	3
77	77	1
51	51	1
12	13	1
30	30	5
30	39	1
34	34	4
23	24	2
73	74	2
70	71	2
30	35	1
76	76	1
73	73	4
22	22	2
58	61	1
3	3	2
68	68	1
74	77	1
26	27	3
43	43	2
56	72	1
38	38	1
2	3	1
29	30	1
21	21	1
72	72	1
25	26	1
10	10	6
75	75	2
69	69	1
27	27	1
2	2	1
9	11	2
56	59	1
37	38	1
24	24	1
5	6	1
35	73	1
71	71	2
8	8	3
5	5	3
65	65	1
23	23	1
3	4	2
33	33	1
49	49	2
8	11	1
9	9	4
68	69	1
52	52	1
46	46	1
32	32	2
1	1	2
7	7	3
0	0	2
64	64	3
25	25	1
26	41	1
35	35	3
36	37	2
58	59	2
4	5	2
50	50	1
6	6	2
66	67	1
48	48	1
22	23	1
19	19	2
47	47	1
53	53	1
60	60	1
19	20	1
67	67	1
12	12	2
74	76	2
48	75	1
7	20	1
20	20	1
27	42	1
65	66	1
7	8	1
44	44	1
47	48	1
9	10	1
31	33	1
13	13	2
55	67	1
57	68	1
59	59	1
62	73	1
70	70	2
