59	59	1
57	58	1
20	33	2
64	64	2
27	79	1
67	67	1
111	111	5
29	29	2
77	77	5
32	32	1
97	97	1
88	88	3
47	48	1
56	56	1
93	104	1
51	51	3
95	96	2
58	58	2
42	45	1
64	65	2
80	83	1
55	70	1
76	78	1
57	59	1
71	72	2
54	56	1
24	99	1
50	51	1
109	111	1
38	39	1
69	70	1
96	97	1
85	88	1
86	86	1
63	63	3
20	21	2
35	35	3
56	71	2
37	39	1
101	101	1
25	25	1
42	44	1
103	104	1
59	60	2
84	84	1
38	38	1
78	78	1
110	111	1
109	110	2
57	70	1
96	96	1
94	94	2
70	70	1
23	24	3
92	92	2
78	80	1
81	91	2
87	88	2
24	24	1
54	54	1
49	49	1
103	105	1
45	46	1
22	26	1
85	85	1
56	57	1
54	58	1
30	30	2
110	110	1
88	90	1
44	44	3
98	98	2
78	81	1
106	106	2
74	75	1
57	74	1
72	97	1
61	62	1
92	96	1
65	67	1
22	35	1
33	33	3
105	105	1
62	65	1
37	90	1
76	80	1
75	75	1
26	61	1
42	42	1
62	62	1
91	91	2
74	94	1
57	63	1
23	23	1
102	102	1
66	68	1
23	102	1
86	100	1
87	87	2
43	44	1
41	41	1
58	59	2
36	101	1
31	31	2
33	37	1
112	112	1
30	89	1
36	93	1
77	78	1
53	53	1
48	105	2
68	69	1
102	104	1
70	72	1
75	95	1
45	45	1
24	37	1
