13	14	3
0	56	2
33	33	2
73	73	2
42	42	4
57	57	1
68	68	1
2	4	1
40	40	3
71	72	3
21	21	1
78	79	1
72	72	1
61	61	1
36	37	1
55	55	2
8	8	6
65	65	1
66	66	1
9	21	1
43	43	4
49	49	1
19	19	4
66	68	2
48	48	2
78	78	5
45	45	2
39	75	3
53	53	1
14	14	3
11	14	1
62	62	2
56	62	1
63	63	1
41	42	2
9	30	1
49	51	1
26	26	1
5	5	2
12	12	5
22	22	1
46	46	2
58	59	1
77	77	2
70	70	1
9	9	1
38	38	2
0	2	1
30	30	2
27	30	1
50	50	2
79	79	1
34	55	1
16	56	1
46	47	1
8	15	1
62	65	1
67	67	1
50	51	1
10	11	1
65	66	1
41	41	2
54	54	2
80	80	1
36	45	1
30	40	1
15	15	1
0	0	1
1	77	1
32	53	1
3	3	1
11	11	1
38	40	1
75	75	1
4	4	2
7	7	3
1	1	1
0	35	1
32	32	1
28	49	1
29	30	1
56	56	1
39	39	1
16	71	1
65	70	1
74	75	1
25	60	1
16	16	1
