140	140	1
61	61	1
9	9	4
27	35	1
84	85	2
66	67	1
152	152	3
143	143	5
44	58	1
16	17	1
78	78	5
90	91	2
41	42	3
149	149	4
16	16	2
132	133	3
148	148	5
158	158	3
93	94	3
68	68	1
7	8	1
51	61	1
91	134	1
14	15	3
20	20	2
55	55	4
14	14	4
142	154	1
57	57	3
146	153	3
75	76	2
37	37	3
150	174	1
173	174	3
5	6	2
15	15	6
36	40	2
124	124	5
98	112	1
43	43	6
27	30	3
167	167	2
36	36	7
15	16	3
115	115	3
8	8	5
143	172	2
65	66	3
113	116	2
40	40	5
170	171	2
55	56	4
163	168	1
39	62	2
33	33	5
52	52	1
173	173	7
145	145	3
71	71	2
126	126	3
95	96	2
179	179	4
142	142	3
97	104	1
139	140	1
92	92	2
10	10	7
6	13	1
125	125	3
31	37	2
43	65	1
18	18	2
109	151	1
77	78	2
3	3	5
85	85	2
65	67	1
59	59	3
31	31	5
7	7	6
150	152	1
74	88	1
26	27	1
90	125	1
13	13	3
139	172	1
96	98	1
6	6	2
157	157	2
142	143	2
40	41	1
120	120	1
176	179	2
137	139	2
54	59	1
52	56	1
22	22	3
115	116	1
56	56	5
5	44	2
58	59	2
35	36	2
63	64	1
34	34	4
36	65	1
44	44	1
0	0	2
32	72	1
127	132	1
151	151	2
63	63	2
180	180	3
140	154	1
36	37	3
7	9	3
0	21	2
24	27	3
144	156	1
46	46	1
172	173	1
156	156	3
147	150	1
72	72	2
60	68	1
151	153	2
150	163	1
17	65	1
170	170	8
92	94	3
26	26	4
143	145	1
41	41	2
58	73	1
26	28	2
177	179	1
118	126	1
15	22	1
95	95	4
115	125	1
18	20	1
29	29	1
56	57	1
80	80	3
108	149	2
37	43	2
14	45	1
81	88	1
99	99	1
38	39	1
128	128	1
115	117	1
153	153	3
157	158	1
27	27	1
10	90	2
114	114	1
2	2	3
110	111	2
94	94	2
34	35	2
163	167	1
40	42	1
131	132	2
6	37	1
28	29	1
42	42	12
146	146	1
137	140	1
19	43	1
135	136	2
77	121	1
112	139	1
161	162	1
54	138	1
32	33	2
72	94	1
165	168	1
8	11	1
11	22	1
0	1	1
76	78	1
41	43	1
145	153	1
37	38	3
54	54	2
86	87	1
25	25	3
131	131	2
3	8	1
51	51	3
138	138	2
91	93	1
25	27	1
150	150	5
73	73	2
174	175	1
161	174	2
31	32	3
13	31	1
58	58	5
101	101	1
2	3	1
161	172	1
97	100	1
10	11	2
50	54	1
153	157	1
76	76	2
40	84	1
38	38	7
117	118	1
135	135	2
82	82	1
147	147	1
121	127	1
106	106	1
157	159	2
60	60	2
100	104	2
24	24	2
24	25	2
4	13	1
6	7	3
141	141	3
61	130	1
15	18	1
25	143	1
1	1	2
114	115	1
32	84	2
3	4	2
50	52	1
2	4	2
10	18	3
127	128	2
17	17	3
37	39	1
35	35	1
77	77	1
172	172	2
165	166	2
150	173	1
154	156	1
121	125	1
39	40	1
3	7	2
153	155	1
147	158	2
33	34	1
150	167	1
6	15	1
6	9	1
17	39	2
22	23	1
17	25	1
11	11	1
157	164	1
31	92	1
17	18	1
168	168	4
29	30	1
80	89	1
159	176	1
118	118	2
80	81	1
113	113	2
11	12	2
144	144	1
163	163	2
144	145	2
8	9	1
44	56	1
61	62	1
159	159	1
132	138	1
148	150	1
113	167	1
154	154	2
67	67	2
45	45	1
79	79	1
35	42	1
110	158	1
66	66	1
10	12	1
161	173	1
88	88	1
33	80	1
175	176	2
76	77	1
124	149	1
105	107	1
103	104	1
165	165	1
137	137	1
167	169	1
104	105	1
141	142	1
39	39	3
119	121	1
11	19	1
113	117	1
123	123	2
10	17	1
62	62	1
121	121	1
27	32	1
91	91	1
83	83	1
125	126	1
29	33	1
100	100	1
20	33	1
15	17	1
150	176	1
40	43	1
119	119	1
42	88	1
36	57	2
178	179	1
166	166	1
87	87	2
107	108	1
30	30	1
109	110	1
176	176	1
28	30	1
5	5	2
50	60	1
75	75	1
9	10	1
41	74	1
145	146	1
144	158	1
133	133	1
89	89	2
25	64	1
39	41	1
91	92	1
24	28	1
35	40	1
33	72	1
53	59	1
20	35	1
12	13	1
27	31	1
136	138	1
90	90	1
98	101	1
122	122	1
166	167	1
57	59	1
130	130	1
51	52	1
11	23	1
11	15	1
1	2	1
5	11	1
