9	10	2
23	23	2
52	53	3
73	75	2
75	75	1
35	39	2
56	57	1
6	8	1
34	36	3
58	69	1
64	64	2
26	26	3
11	13	1
66	69	1
65	65	1
10	11	1
29	34	2
60	60	5
69	73	1
28	28	3
60	61	2
73	73	4
53	53	2
75	76	1
11	11	2
4	4	1
33	33	1
50	50	5
29	29	6
39	39	3
67	74	1
9	11	1
65	66	2
49	50	2
72	72	1
70	71	3
23	30	1
49	49	3
24	24	3
74	75	1
11	12	1
72	73	2
53	54	1
27	38	2
31	31	2
66	67	2
0	0	4
36	38	1
5	6	1
70	70	1
46	52	1
8	8	1
72	74	1
45	47	3
63	64	3
7	7	1
35	36	1
5	33	2
24	26	1
68	68	4
44	44	1
29	30	1
60	63	3
62	63	1
35	35	2
55	55	2
21	23	1
47	59	1
5	9	1
26	27	2
49	64	1
44	45	3
12	12	1
57	59	2
13	45	1
38	39	1
30	30	2
45	46	1
5	5	2
69	69	3
2	3	1
19	19	2
18	58	1
51	51	2
30	32	1
66	66	1
25	25	1
13	13	2
52	52	1
39	67	1
3	3	1
49	54	1
36	36	1
40	41	1
36	50	1
58	58	1
41	73	1
3	6	1
27	52	1
1	1	1
45	45	1
38	54	1
22	24	1
56	56	1
57	57	1
67	69	1
61	65	1
25	26	1
28	29	1
20	21	1
