25	27	3
20	45	2
42	42	5
63	63	4
58	58	5
52	52	4
38	38	5
50	71	3
71	71	3
67	68	1
62	62	8
7	8	4
70	73	2
40	75	1
63	67	1
46	71	1
19	20	7
27	29	1
56	57	2
51	51	6
59	59	5
21	21	9
57	71	1
4	13	3
1	14	2
38	46	1
53	73	1
10	10	4
3	3	6
64	66	2
23	23	4
55	55	2
37	60	3
13	13	6
19	19	4
69	69	1
25	26	2
53	59	1
44	59	1
0	9	1
25	28	5
71	72	2
65	66	2
14	36	1
75	75	2
34	40	3
33	64	1
30	31	3
66	66	1
63	65	1
38	42	1
30	30	7
68	70	4
66	67	3
24	24	1
6	7	1
24	25	4
28	29	4
28	28	9
10	11	1
18	37	1
8	8	4
44	44	1
39	40	4
45	45	3
42	43	1
4	14	1
22	22	7
24	44	1
63	64	2
0	2	4
20	21	1
67	67	3
19	38	1
53	53	3
73	73	5
43	44	1
22	27	1
31	31	2
0	0	3
31	35	5
23	38	3
23	32	1
55	56	1
57	57	1
36	50	4
72	73	1
3	4	1
25	25	1
41	72	1
37	37	4
64	70	1
27	27	4
35	38	1
7	7	6
70	70	2
0	22	1
68	73	2
1	8	1
41	42	1
48	55	1
68	68	2
33	33	2
18	20	1
29	43	2
1	1	2
12	12	2
26	64	1
39	63	1
23	48	1
10	25	1
68	69	2
61	62	1
32	32	2
21	22	2
27	35	1
0	6	1
8	26	2
0	1	1
20	20	1
3	5	1
74	74	2
28	30	2
76	76	2
15	15	2
54	56	1
27	30	1
4	4	3
72	72	1
52	54	2
27	65	1
42	64	1
30	35	1
54	55	2
56	56	2
35	61	2
1	2	1
35	54	2
1	30	1
49	73	1
30	32	1
5	6	2
49	51	2
48	51	1
20	22	1
57	70	1
52	55	2
36	38	1
34	37	1
34	60	1
26	26	1
8	12	1
23	45	1
61	66	1
61	61	2
22	47	1
35	36	1
59	64	1
53	71	1
12	25	1
35	35	1
28	53	1
34	34	1
30	37	2
23	24	1
49	49	1
4	6	1
46	46	1
2	49	1
44	47	1
60	60	1
69	70	1
33	63	2
9	9	1
2	4	1
36	36	1
54	54	1
43	43	1
