43	44	1
96	100	3
40	40	1
30	32	1
35	47	2
68	68	2
55	55	5
48	49	1
51	51	2
24	80	1
92	92	2
54	54	4
33	33	1
92	94	1
28	35	2
99	99	4
30	63	1
68	69	1
50	50	2
99	107	3
44	44	3
46	46	2
20	38	1
57	75	1
103	103	3
79	81	2
49	49	3
25	91	2
32	32	5
73	73	3
89	89	4
52	53	3
84	84	1
61	61	2
32	33	1
70	70	1
66	66	3
20	20	1
97	98	3
40	41	3
41	41	1
62	62	3
28	28	4
105	105	2
77	84	2
74	75	1
34	34	3
100	101	3
98	98	1
58	58	2
62	63	4
21	76	1
30	59	2
42	42	1
43	43	1
93	96	1
70	77	1
93	93	3
26	26	1
31	46	2
35	36	1
72	72	2
33	34	3
46	48	1
60	60	1
94	97	2
96	96	3
97	99	1
30	30	1
22	41	1
22	23	2
77	77	2
39	39	1
42	45	1
28	72	1
28	29	1
38	43	1
57	57	1
61	62	1
75	78	1
79	79	1
69	69	3
29	72	1
20	21	1
50	51	1
65	65	3
31	32	1
24	25	1
42	46	1
22	22	3
27	31	1
76	77	1
34	35	1
70	71	1
53	53	1
58	87	2
38	78	1
35	35	1
98	99	1
49	60	1
26	64	1
85	89	1
55	67	1
56	56	1
75	75	2
104	105	2
53	70	1
72	73	1
29	29	1
71	71	2
60	61	1
36	36	2
27	27	1
52	52	1
58	61	1
40	44	1
33	45	1
92	93	1
91	91	2
27	32	1
38	99	1
73	74	1
23	23	1
31	33	2
31	31	1
25	25	2
34	48	1
92	100	1
28	73	1
23	64	1
45	96	1
91	92	1
63	63	2
81	93	1
22	25	1
62	64	1
87	87	1
30	49	1
89	91	1
94	96	1
101	101	1
25	27	1
38	39	1
51	52	1
72	90	1
59	79	1
65	66	1
78	79	1
93	94	1
39	43	1
45	45	1
35	52	1
