9	57	1
38	41	1
40	54	4
38	38	2
55	56	2
14	15	1
13	13	3
36	37	1
16	51	1
46	46	1
47	47	2
22	22	2
22	23	2
38	40	1
37	37	1
10	57	3
37	47	1
33	33	2
32	48	2
56	58	2
56	57	1
22	59	1
60	60	2
16	17	1
16	16	3
34	36	1
31	31	3
53	53	1
30	43	2
12	12	2
21	21	1
39	39	4
10	14	1
53	54	3
59	59	2
48	52	2
40	44	2
49	49	2
10	10	1
50	50	3
35	43	1
61	61	3
43	43	1
36	36	1
48	48	2
62	62	1
37	41	1
37	52	1
52	52	1
30	31	1
58	59	1
34	34	2
41	41	4
39	42	1
35	35	2
45	47	1
42	42	2
23	42	1
0	0	3
9	10	1
39	51	1
10	15	1
15	15	1
37	44	1
49	57	1
34	43	1
54	54	2
7	7	1
39	41	1
