63	64	3
41	41	14
23	23	3
24	26	2
9	25	1
149	149	5
94	103	1
21	21	3
105	106	1
61	62	1
177	178	3
29	29	2
22	22	5
43	65	1
80	81	3
117	117	1
23	26	1
180	180	3
37	37	9
18	19	1
13	24	1
14	14	1
58	59	1
7	7	3
121	121	1
134	134	3
71	72	1
18	86	1
118	120	1
11	12	2
35	35	4
60	61	1
122	122	3
124	125	1
127	129	1
95	137	1
27	40	1
147	147	3
110	111	1
22	23	1
91	93	2
165	166	4
2	2	4
129	130	3
125	136	1
2	3	5
5	7	2
131	132	4
155	155	4
62	62	1
3	3	2
11	11	3
145	153	1
89	89	2
112	112	1
147	154	1
155	156	2
141	145	1
104	107	1
25	71	1
125	125	4
72	72	4
161	161	2
9	9	7
115	115	3
130	132	2
136	136	5
36	36	6
50	51	2
38	43	1
101	103	1
116	116	3
77	77	2
118	118	2
95	95	4
10	15	2
19	19	6
4	44	1
33	34	2
0	0	6
150	150	1
42	42	2
153	154	3
124	124	4
55	56	2
1	44	2
19	86	1
61	61	1
90	90	2
139	149	2
1	1	2
166	166	1
146	151	1
117	119	1
167	167	1
9	45	1
6	6	2
118	119	1
110	110	1
172	172	4
77	78	1
93	93	1
24	25	1
32	32	2
158	159	1
143	144	1
168	168	4
76	76	1
17	17	2
153	153	1
140	140	5
36	37	1
104	105	3
18	30	1
16	17	1
38	38	1
11	26	3
79	79	1
109	117	1
31	31	5
12	12	3
133	133	4
85	85	1
82	82	1
158	172	1
14	15	1
12	13	1
7	43	2
163	163	3
141	143	1
15	15	5
86	86	2
146	146	1
111	112	2
158	158	2
43	43	2
30	31	3
25	30	1
52	52	1
38	39	3
27	27	3
113	113	2
28	30	1
59	60	5
13	13	2
148	155	2
150	153	1
19	36	1
114	115	3
95	124	1
174	174	1
38	58	1
135	135	2
60	60	1
30	30	2
115	116	2
146	149	2
99	99	1
159	159	2
138	145	1
10	63	1
8	10	1
74	74	2
120	121	1
54	91	1
102	103	1
18	18	1
94	118	1
123	123	1
149	150	1
66	67	1
39	43	1
39	40	1
43	46	1
140	155	1
1	29	1
34	34	1
83	83	3
30	32	1
179	180	1
140	149	1
10	14	1
128	128	1
10	10	2
13	38	1
91	91	1
57	57	2
89	91	1
2	45	1
55	57	1
147	148	2
176	176	1
20	32	1
177	177	2
138	139	2
32	33	2
3	44	1
39	39	1
94	95	1
37	38	1
93	121	1
173	173	1
20	24	1
23	43	1
138	138	1
162	163	1
21	43	1
28	32	1
163	167	1
95	98	1
152	152	1
5	5	1
135	136	1
106	108	1
8	9	1
87	110	1
171	171	1
80	80	1
175	176	1
148	148	2
75	75	1
0	1	1
91	106	1
84	84	1
87	87	1
178	178	1
41	43	1
4	5	2
38	40	1
130	130	1
44	44	2
37	43	1
19	105	1
131	131	1
143	143	1
82	83	1
31	33	1
126	126	1
78	79	1
142	142	1
98	98	1
23	25	1
59	59	1
128	135	1
13	14	1
18	22	1
72	75	1
70	71	1
52	53	1
127	127	1
72	74	1
88	88	1
119	121	1
98	99	1
42	43	2
2	4	1
61	65	1
140	145	1
150	154	1
64	64	1
57	58	1
52	54	1
170	170	1
8	8	1
125	131	1
20	20	2
40	40	1
172	176	1
8	13	1
34	36	1
87	88	1
164	167	1
150	151	1
1	14	1
79	88	1
25	25	1
96	97	1
26	29	1
4	4	1
65	65	1
10	11	1
