83	84	4
85	85	11
86	86	3
64	64	3
79	80	1
67	68	3
46	47	2
49	49	4
56	94	1
70	71	4
80	83	1
23	25	1
84	84	6
95	95	1
46	46	1
56	57	4
58	79	1
94	95	2
63	91	1
99	99	1
51	65	2
62	99	1
48	49	1
54	54	1
45	83	1
61	63	1
77	77	3
47	49	2
77	79	1
62	68	1
55	100	2
90	91	2
52	95	2
36	36	3
47	47	1
65	65	6
33	37	1
51	52	3
72	72	3
73	77	1
55	56	2
41	43	1
26	27	1
62	65	1
80	101	2
63	63	4
39	39	1
100	100	2
24	28	3
38	39	2
62	63	2
88	88	2
93	93	4
42	43	1
90	96	1
93	95	2
66	66	3
48	99	1
57	57	5
64	65	1
23	24	1
61	62	2
67	67	2
89	93	2
75	76	1
29	29	2
28	29	1
62	62	1
53	53	2
25	25	2
44	90	1
55	55	7
52	53	3
50	63	1
58	58	1
52	52	2
72	73	2
80	91	1
56	100	2
57	100	1
37	47	1
66	68	1
44	44	1
72	76	2
94	94	2
47	48	2
53	55	2
41	41	3
96	97	1
46	48	2
34	34	2
91	91	2
73	73	2
61	96	1
56	59	1
25	41	1
93	96	2
98	100	1
92	93	1
91	92	2
45	64	1
80	80	1
26	26	2
96	98	3
66	80	1
78	78	1
93	94	1
63	64	1
42	42	1
72	79	1
71	72	1
101	101	2
43	43	4
60	84	1
62	98	1
38	38	1
59	60	1
66	67	1
90	90	2
35	84	1
54	57	1
69	69	1
63	71	1
70	70	2
69	71	1
31	31	2
100	101	1
36	55	2
23	31	1
61	61	2
33	33	1
33	35	1
50	51	1
58	59	1
47	53	1
93	98	1
92	94	1
71	71	1
34	35	1
22	28	1
87	87	1
