24	24	2
112	112	3
120	120	1
104	105	3
129	129	1
2	80	1
126	127	3
113	113	1
80	81	2
98	101	1
91	98	3
86	86	1
108	109	1
132	132	1
18	18	1
115	116	2
87	87	2
103	109	4
101	102	1
95	95	1
93	93	2
123	123	5
85	85	3
96	116	1
2	4	1
76	76	1
135	135	4
71	76	2
121	121	2
80	80	3
89	89	1
132	136	1
103	115	1
110	118	3
94	94	2
27	27	4
84	109	2
125	125	5
130	130	2
74	75	1
131	131	2
78	78	4
15	88	1
99	100	1
5	5	4
137	138	2
107	107	2
109	109	3
7	12	1
21	27	1
84	86	1
83	83	2
10	11	2
78	79	1
96	96	1
86	140	1
91	100	2
13	13	5
81	82	6
110	110	2
103	103	1
34	36	1
104	104	1
139	139	2
83	84	1
122	122	1
104	129	1
138	138	2
103	104	2
128	128	4
107	115	1
2	16	3
110	111	2
22	22	1
82	83	1
78	84	1
106	108	2
101	101	3
78	115	1
97	97	1
30	32	1
34	37	1
117	117	2
134	134	1
95	116	1
20	87	1
18	21	1
112	113	1
17	17	1
21	28	2
114	114	3
0	5	1
135	140	1
10	12	1
102	118	1
111	111	1
37	68	1
26	26	1
113	124	1
121	122	1
125	126	1
136	136	1
100	100	1
30	30	2
13	15	1
14	15	1
15	15	1
24	25	1
104	107	1
20	20	1
2	3	1
9	12	1
94	95	1
98	102	1
102	102	3
37	37	1
8	8	1
18	20	1
81	131	1
80	103	1
7	9	1
115	115	3
88	88	1
122	123	1
107	108	2
33	33	1
77	77	2
3	3	1
119	120	1
97	135	1
21	23	1
25	25	1
74	77	1
4	87	1
2	2	1
81	81	1
35	35	1
123	124	1
