240	241	1
5	5	3
43	43	5
184	192	1
87	87	3
207	225	1
16	90	1
153	161	1
228	228	4
23	23	4
47	90	1
154	154	3
90	95	1
103	103	1
170	212	1
189	211	1
209	210	1
16	246	1
37	37	3
51	51	1
23	151	1
235	241	1
51	61	1
118	118	1
86	87	1
35	36	1
22	22	4
2	5	1
213	215	1
7	7	1
55	73	1
198	198	5
109	110	2
169	169	4
67	68	1
98	164	1
192	196	1
191	191	1
157	171	2
102	102	2
51	62	1
76	76	1
49	49	1
171	184	1
93	94	4
19	19	2
182	184	1
200	200	1
231	231	2
248	248	1
177	177	1
188	190	3
190	190	5
9	31	1
163	164	1
90	90	3
232	232	1
210	211	7
41	42	2
153	165	1
211	213	1
238	238	1
234	234	4
10	154	2
217	218	2
230	231	1
115	116	1
205	216	1
107	107	4
108	109	1
181	181	1
114	248	2
201	201	1
180	180	2
205	205	4
69	70	4
179	183	2
150	150	3
83	83	2
91	110	1
116	231	1
241	241	1
245	245	4
7	9	1
208	210	1
25	25	1
107	108	1
91	91	1
179	181	1
172	178	2
114	115	2
63	68	1
161	166	1
64	64	1
187	190	1
31	34	1
198	199	3
212	212	3
166	167	2
1	1	2
171	171	1
74	74	3
228	243	1
52	53	2
153	153	1
95	97	1
201	208	2
6	115	1
73	73	2
32	32	1
172	174	2
77	168	2
229	229	1
187	187	1
230	230	1
40	41	2
57	71	1
240	240	5
110	111	1
10	10	4
154	165	1
173	213	1
38	39	2
43	44	2
204	204	2
181	182	3
33	33	4
46	52	1
213	213	2
58	59	1
194	197	1
155	156	1
197	197	1
187	188	1
156	156	2
34	35	1
224	224	1
157	161	2
229	233	1
231	232	1
163	163	3
203	207	1
168	168	3
167	167	2
226	226	6
104	104	2
223	223	1
18	18	1
175	177	2
111	111	2
36	36	5
165	165	3
8	12	1
154	156	1
197	199	1
203	203	1
173	173	3
12	12	2
191	192	2
69	158	2
16	16	1
227	227	2
65	65	1
28	29	1
71	74	1
11	11	2
158	158	1
104	105	1
77	77	1
27	27	2
30	30	1
50	87	1
151	151	3
67	111	1
14	15	1
106	107	2
161	163	1
62	68	1
28	28	3
38	38	4
17	45	1
20	20	2
15	15	2
184	199	1
183	185	1
89	89	3
108	108	1
145	145	1
234	235	1
71	71	1
96	97	1
4	11	2
62	62	1
34	34	2
229	231	1
24	24	2
30	36	2
56	225	1
77	225	1
215	233	1
178	179	1
51	52	1
102	103	1
4	6	1
167	201	1
152	153	1
13	15	2
120	120	1
230	236	1
206	206	1
9	29	1
48	49	1
173	197	1
35	35	1
62	64	1
114	116	1
173	174	1
247	247	1
172	173	1
96	96	1
173	229	1
217	220	1
7	8	1
12	33	1
144	144	1
116	116	2
218	218	2
209	209	1
56	244	1
114	114	1
164	165	1
5	41	1
88	88	2
189	191	1
94	95	1
91	93	1
100	100	1
233	233	2
202	204	1
92	92	2
174	174	3
109	109	1
171	175	1
4	4	1
52	52	1
46	47	1
82	85	1
210	210	1
93	93	1
146	151	1
53	53	1
39	39	1
167	169	1
95	95	2
215	218	1
194	195	1
201	202	2
95	96	1
187	189	2
207	208	2
45	45	1
80	83	1
55	55	1
98	106	1
185	185	1
8	8	3
160	160	2
85	106	1
102	104	1
77	157	1
213	214	1
19	242	1
217	233	1
223	224	1
75	75	1
196	210	1
117	117	1
115	115	1
77	82	1
175	175	1
232	241	1
225	225	1
178	178	1
242	243	1
78	94	1
151	155	1
237	237	1
46	89	1
211	211	2
63	112	1
149	150	1
203	235	1
99	99	2
246	246	1
208	208	1
30	37	1
102	108	1
56	87	1
162	162	1
208	236	1
95	105	1
61	61	1
164	198	2
9	10	1
0	1	1
216	216	1
168	169	1
242	242	1
61	202	1
196	216	1
12	37	1
243	244	1
159	159	1
147	161	1
63	64	1
