96	96	4
47	47	4
80	82	1
133	133	8
118	120	6
82	82	7
47	57	1
5	6	7
120	120	6
51	51	3
80	80	7
97	97	2
94	94	3
131	131	5
26	26	3
23	24	6
71	71	6
139	141	1
38	95	1
31	34	2
4	5	2
14	14	4
132	132	6
65	65	4
63	63	9
21	21	8
52	52	5
112	113	2
137	139	3
95	95	5
6	15	3
1	31	1
15	26	2
69	76	1
118	118	14
49	50	3
30	32	2
70	71	5
103	104	1
114	115	7
135	137	1
88	120	1
140	141	2
119	138	1
129	130	3
83	83	7
99	99	8
100	101	3
104	132	1
96	106	3
112	112	8
91	91	9
90	92	3
74	74	4
98	98	11
107	108	1
28	37	1
11	84	2
116	117	6
20	24	1
80	86	2
76	79	2
18	18	5
98	99	3
54	55	4
131	133	2
3	6	2
87	87	9
77	77	6
50	53	1
88	89	2
75	75	3
57	78	2
137	138	17
121	121	4
38	38	4
71	72	6
125	125	6
57	58	2
55	55	5
116	116	7
128	128	15
1	2	6
114	116	2
35	35	11
136	136	9
133	136	1
4	4	5
32	36	2
103	103	5
139	139	5
5	5	5
111	120	1
129	129	6
122	123	5
66	77	3
84	84	3
110	142	3
62	70	1
29	29	8
48	78	2
9	34	2
97	98	4
127	140	1
65	103	1
125	126	4
136	138	10
123	123	6
29	38	1
24	25	1
3	34	5
82	83	5
99	100	3
84	88	2
124	124	2
29	30	2
144	144	8
142	144	2
113	113	6
68	68	7
69	71	1
137	137	3
122	122	5
90	103	2
24	54	2
107	107	2
89	89	5
101	102	3
90	109	1
115	115	4
113	115	5
1	30	1
1	34	1
139	140	7
117	117	6
102	129	1
128	130	3
20	21	5
105	105	1
66	68	4
94	115	2
66	66	6
106	107	4
130	130	5
87	111	2
3	3	2
135	135	5
131	132	2
87	89	1
110	110	6
140	140	4
113	114	5
15	16	7
143	143	3
39	52	2
25	26	2
36	36	5
58	59	6
85	87	2
79	114	1
33	33	4
107	117	1
89	92	1
120	125	2
65	90	2
69	69	4
34	34	2
126	126	13
98	104	1
1	1	5
8	10	1
13	16	1
109	109	5
85	85	4
16	18	1
31	40	1
9	13	3
119	119	5
25	78	2
2	3	4
81	83	1
129	134	3
13	15	1
29	75	2
109	116	1
41	49	1
53	53	3
23	23	6
22	23	2
34	35	1
121	122	2
3	4	2
16	63	1
18	50	2
49	102	2
19	22	1
78	146	2
59	86	3
24	64	2
119	120	1
65	70	3
104	104	9
130	136	1
62	83	3
130	133	1
101	104	4
81	81	6
54	54	2
96	97	3
13	13	4
118	119	11
21	23	1
127	135	1
125	129	2
61	80	2
60	60	2
0	1	1
115	116	3
91	105	2
23	56	1
99	104	4
106	106	2
78	79	2
55	56	3
30	37	4
29	47	2
58	61	2
24	77	1
63	64	2
90	90	6
132	133	4
20	67	1
31	31	2
28	28	5
128	129	2
43	73	2
67	68	4
10	10	5
123	124	6
138	138	4
68	70	1
60	64	1
64	65	4
102	107	1
43	54	1
109	111	1
112	114	1
96	98	6
69	70	3
59	59	3
78	78	6
30	30	9
130	131	2
81	84	1
41	41	2
2	2	3
132	134	3
59	61	2
30	39	1
85	86	1
51	52	1
32	33	3
13	65	1
118	121	1
142	143	1
19	19	4
58	58	5
67	67	6
123	126	1
141	142	1
143	144	1
134	137	2
30	50	1
16	16	7
9	9	9
52	101	1
128	138	1
42	42	7
62	87	2
98	117	3
83	93	2
63	87	1
61	62	2
32	32	5
27	27	4
68	69	2
74	93	1
73	80	1
105	106	1
92	93	2
101	130	2
103	119	2
42	43	3
145	146	1
134	134	2
72	72	6
133	135	2
32	69	1
77	78	4
73	74	1
33	35	1
82	85	2
133	134	2
59	82	1
105	115	5
111	111	4
61	61	3
108	108	4
117	118	2
10	11	3
76	76	1
27	49	1
59	60	2
104	105	3
30	31	1
82	86	1
114	114	2
106	108	1
117	119	3
50	50	6
26	30	1
98	110	1
110	111	1
14	33	3
102	106	1
60	113	1
78	101	1
118	125	3
52	75	1
31	33	1
64	64	6
39	39	7
127	130	4
21	24	2
37	37	2
74	80	1
89	90	3
86	91	2
39	41	1
76	77	2
22	22	3
102	102	1
91	96	1
70	76	1
111	141	2
125	127	2
111	112	3
66	104	1
6	8	2
146	146	1
23	27	1
49	49	1
108	109	2
25	25	2
91	92	2
125	141	2
52	70	2
65	66	4
92	96	1
90	104	1
51	54	2
105	131	1
101	107	2
99	119	2
22	24	2
79	81	1
25	83	2
13	14	3
33	55	1
2	5	1
93	93	2
73	73	2
136	137	2
80	81	1
109	142	1
77	79	4
53	68	1
69	89	1
67	79	1
29	146	2
32	39	2
80	98	2
78	87	2
105	107	3
98	115	1
142	142	2
129	138	1
93	94	3
38	41	1
41	42	1
42	71	1
37	41	2
62	62	2
14	16	3
121	124	1
23	42	1
103	107	1
57	57	3
70	70	2
75	79	1
56	56	3
56	57	1
83	84	2
20	20	1
92	92	5
114	132	2
76	78	3
126	127	3
43	43	4
88	90	1
40	41	1
63	85	1
92	95	2
97	114	1
31	32	1
57	61	1
93	97	2
2	127	1
67	69	1
63	84	1
88	110	1
1	25	1
9	10	2
10	76	1
99	107	1
15	17	1
75	81	2
48	48	4
86	86	1
101	101	2
13	66	1
8	36	1
80	103	1
141	141	2
12	36	2
6	11	1
1	4	3
9	16	1
63	68	1
50	51	2
56	115	2
55	57	1
94	95	2
134	140	1
98	102	1
123	125	1
88	116	1
29	100	1
38	39	1
8	8	1
24	27	1
62	68	1
4	41	1
17	17	2
145	145	1
51	69	2
30	33	1
49	51	1
135	141	1
92	94	1
72	91	1
85	121	2
61	131	1
110	141	1
98	107	2
134	135	1
12	12	1
2	4	1
105	108	1
106	110	1
106	133	1
4	39	1
119	140	1
18	24	1
95	106	2
23	33	1
15	15	1
4	34	2
125	130	1
24	24	2
42	127	1
20	28	1
135	142	1
43	47	2
16	21	2
0	25	1
30	141	1
75	83	1
100	100	1
96	114	1
9	93	1
32	38	1
113	120	2
48	57	2
75	76	1
33	36	1
18	86	1
141	144	1
19	67	2
132	135	1
8	11	1
61	81	1
6	6	1
26	27	1
101	117	2
94	96	1
85	115	1
89	91	1
35	36	1
66	94	1
33	39	1
109	110	2
72	73	1
16	17	1
76	84	1
54	73	1
11	11	1
127	128	2
60	67	1
2	132	1
58	74	2
32	126	1
99	118	1
86	94	1
127	139	1
27	28	1
107	122	1
102	103	1
110	114	1
96	105	1
2	34	1
108	127	1
104	119	1
8	12	1
37	38	1
40	50	1
106	116	1
13	20	2
79	79	1
82	87	1
61	103	1
112	115	1
81	82	1
36	119	1
63	104	1
42	52	1
8	123	1
34	36	1
106	131	1
85	93	1
12	53	1
113	117	1
66	67	1
62	64	1
60	114	1
84	86	1
91	107	1
28	48	1
33	133	1
51	53	1
41	71	1
36	56	1
49	103	1
