120	127	1
8	8	1
2	2	1
40	98	2
141	142	1
130	130	5
11	96	1
128	128	4
42	65	1
37	37	2
35	130	3
94	94	1
24	24	1
137	137	2
16	145	3
98	101	2
74	74	1
95	140	1
4	25	2
68	75	2
147	147	2
112	113	1
85	86	1
23	36	1
15	51	1
153	157	2
125	127	2
145	145	2
44	45	1
113	114	1
90	91	1
91	92	1
103	103	4
18	19	3
6	7	1
98	98	3
145	146	1
15	52	1
102	103	1
30	30	1
27	27	4
82	82	1
15	15	4
109	129	1
53	53	3
72	73	1
16	17	3
110	110	1
22	22	3
84	107	1
39	40	2
85	85	4
80	81	2
112	119	1
120	122	1
110	114	1
49	53	1
28	28	3
143	143	3
92	92	1
87	87	1
140	140	1
21	21	1
80	80	1
96	96	4
13	126	2
26	27	2
89	89	1
105	107	1
138	140	1
124	124	2
149	158	1
11	11	2
10	11	2
20	20	1
77	77	3
27	28	1
39	39	3
87	132	2
99	101	1
9	23	1
136	137	1
136	136	3
144	146	3
5	5	1
122	154	1
52	54	2
109	109	4
77	118	1
126	126	1
23	23	6
131	131	3
56	56	1
156	156	2
104	105	3
24	27	1
146	146	1
84	104	1
20	26	2
93	93	2
116	117	1
120	155	2
158	158	1
43	66	1
12	12	1
2	3	1
127	127	1
149	150	2
157	157	3
112	112	2
148	148	1
40	41	1
113	113	2
120	120	2
146	147	1
17	17	2
111	127	1
14	19	1
68	69	1
114	114	1
15	21	1
50	50	4
87	117	1
130	138	1
11	20	1
35	37	1
116	156	1
27	42	1
14	14	4
121	125	1
111	111	1
17	18	2
151	151	2
33	91	1
142	147	1
99	99	1
91	91	1
66	66	2
97	112	1
77	109	2
36	37	2
46	46	1
104	104	1
49	63	1
110	111	1
115	115	1
15	16	2
55	55	1
20	93	1
23	144	1
34	35	1
132	133	1
48	48	2
6	6	1
108	109	2
31	31	2
49	49	3
51	51	1
7	50	1
78	78	1
79	79	1
106	106	1
114	115	1
10	10	1
33	33	1
108	108	2
9	10	1
68	68	1
101	107	1
152	152	1
88	89	1
105	105	1
84	84	1
83	107	1
25	38	1
144	148	1
139	139	1
40	43	1
82	83	1
97	97	1
54	54	1
33	34	1
6	65	1
48	89	1
29	29	1
1	1	1
34	140	1
133	133	1
19	21	1
32	32	1
45	46	1
106	147	1
3	20	1
4	4	1
26	26	1
92	93	1
