189	189	1
2	29	6
117	117	2
149	149	20
184	184	3
157	157	2
32	32	6
125	125	8
50	51	5
28	30	5
172	172	10
109	180	1
74	106	5
186	187	5
42	42	5
194	197	2
28	28	4
116	116	2
36	36	8
7	64	2
136	188	3
152	152	3
154	155	5
164	164	7
5	5	5
126	126	5
160	195	3
111	111	4
53	53	8
47	47	1
9	9	6
151	152	2
11	43	3
137	137	3
154	156	2
124	124	6
113	132	1
110	110	5
119	119	3
132	133	1
8	66	2
149	196	2
120	120	4
33	33	3
174	174	3
63	63	3
71	79	2
6	22	3
122	122	6
104	106	4
169	170	2
6	25	4
113	113	4
5	42	2
193	193	3
10	11	5
135	135	7
0	0	2
34	41	3
22	22	5
149	174	3
71	71	2
72	72	4
67	68	3
107	108	3
45	45	8
155	163	2
168	169	4
146	146	2
142	143	7
95	100	1
182	182	8
13	13	5
24	31	5
15	15	6
156	156	10
15	16	2
110	136	2
131	131	7
57	84	6
38	47	2
176	176	3
14	14	6
6	6	1
114	190	4
136	136	2
83	84	2
147	148	2
195	196	2
99	118	3
52	52	6
26	26	2
94	95	2
46	46	4
140	140	5
95	95	2
41	180	2
69	85	3
144	154	2
163	164	4
32	58	1
182	190	4
62	62	4
40	41	3
16	16	5
40	40	1
150	150	6
19	19	3
59	59	4
38	38	4
175	175	6
7	7	1
57	67	4
9	10	2
136	145	3
17	17	6
118	118	7
152	153	2
185	185	9
194	194	5
159	159	7
107	107	9
19	64	2
93	97	3
151	197	2
116	117	2
42	43	4
31	57	1
46	47	2
162	162	3
186	186	2
82	83	3
25	25	4
65	66	8
188	189	2
137	192	3
29	30	4
138	138	2
6	7	3
1	1	2
18	38	3
134	143	2
70	71	4
50	50	4
160	161	7
113	172	2
65	70	1
73	73	1
177	177	1
179	180	1
165	165	4
144	144	4
183	183	2
157	192	1
141	143	2
115	115	2
3	6	1
121	162	1
168	170	2
158	158	6
109	185	3
44	44	4
160	163	2
165	166	4
109	110	2
155	164	3
11	46	3
110	111	1
112	112	5
76	76	4
133	140	4
79	86	2
33	35	3
169	169	1
139	139	7
26	27	1
190	190	3
40	66	4
150	151	4
150	156	1
85	85	1
154	159	1
180	180	3
64	64	1
119	130	3
36	41	3
177	191	4
12	12	3
69	69	1
105	120	2
166	166	4
133	133	2
145	145	4
3	43	6
29	43	3
98	98	2
106	114	3
54	55	2
173	178	1
187	188	2
176	178	1
50	56	1
163	163	2
115	117	3
111	112	2
96	97	5
41	41	3
114	114	6
106	106	2
173	174	3
126	127	2
33	34	2
86	86	3
96	99	2
159	165	3
152	156	1
197	197	2
75	76	2
51	51	2
30	32	2
124	125	1
195	195	1
100	100	1
173	173	1
9	20	2
20	21	3
184	186	1
158	159	2
24	24	1
42	112	1
161	161	1
78	105	2
171	171	7
15	17	4
151	151	1
68	68	1
34	36	2
172	180	1
49	49	1
98	99	1
144	156	1
100	169	2
74	74	1
18	18	1
48	48	2
136	177	1
27	27	1
22	23	1
2	20	1
123	124	1
19	40	1
37	37	1
76	80	1
10	14	2
148	148	3
16	17	1
145	167	1
44	45	1
17	20	1
118	119	1
121	121	2
169	176	1
79	110	1
123	127	1
145	185	1
