26	27	3
27	27	2
42	43	2
35	35	1
55	55	1
62	63	1
49	51	1
77	77	1
6	6	2
2	2	4
74	74	2
30	31	1
28	28	1
26	26	3
44	45	3
72	73	1
24	24	1
59	59	3
71	71	1
72	72	1
25	25	2
41	42	1
25	26	1
11	11	1
65	65	1
34	34	3
38	39	1
55	56	2
35	62	1
67	67	1
69	69	3
21	22	1
70	70	2
9	21	3
47	47	2
37	37	1
34	66	1
48	49	1
47	49	1
29	51	1
39	55	1
31	31	2
50	53	3
49	50	1
7	8	3
52	53	1
13	57	2
13	13	2
31	32	1
3	3	2
9	10	1
61	62	1
6	10	1
60	60	1
39	39	1
73	73	3
58	58	1
63	63	1
7	7	1
18	57	1
5	22	2
21	21	2
25	49	1
66	66	1
9	9	1
51	51	1
1	18	2
9	12	1
48	48	1
20	20	1
36	36	1
54	54	3
52	70	1
32	58	1
20	21	1
43	43	1
1	1	1
28	29	1
54	55	1
