82	82	3
87	87	2
132	132	3
131	132	3
37	37	1
11	12	1
95	95	3
1	2	4
63	63	2
99	99	3
87	96	1
106	107	2
3	3	2
56	69	1
54	87	1
38	38	3
105	105	2
2	4	1
44	44	4
59	131	1
64	65	2
129	129	2
24	78	2
80	80	1
83	83	2
127	128	1
19	19	2
77	78	2
117	117	2
115	115	2
124	125	2
16	16	2
105	107	2
24	63	1
102	103	1
98	127	1
1	1	2
43	134	2
56	58	1
118	122	2
116	122	1
106	106	1
64	64	1
26	99	1
62	63	1
99	101	2
97	97	1
75	75	2
91	129	1
133	133	3
67	67	4
29	29	1
82	83	3
17	35	1
50	50	3
116	116	2
28	28	1
73	89	1
54	55	1
6	6	1
100	100	3
123	128	2
84	84	1
23	25	1
128	128	2
112	113	1
98	99	1
48	76	1
124	124	3
28	29	3
125	125	2
69	69	2
88	88	1
33	34	2
122	123	2
130	133	1
45	95	1
61	63	1
55	57	1
109	109	1
5	5	2
107	108	1
76	76	3
10	11	1
89	93	1
122	132	1
119	119	1
86	87	1
35	35	1
86	86	1
8	54	3
54	135	1
14	14	1
59	60	2
52	53	2
121	122	1
117	122	2
49	59	1
26	26	1
50	57	1
64	92	3
3	28	1
25	25	3
25	76	1
24	24	1
68	68	4
51	92	1
56	56	1
55	69	1
73	73	2
131	131	1
57	58	2
22	22	1
1	76	3
85	85	1
69	72	1
65	65	1
23	24	1
127	127	1
43	43	1
91	121	1
16	17	1
131	133	1
53	67	1
104	104	1
60	130	2
113	113	3
57	66	1
6	32	1
73	104	1
13	14	1
52	93	1
49	133	2
31	31	1
45	48	1
79	126	1
125	126	1
134	134	3
107	122	1
59	129	1
118	118	1
53	54	1
113	135	2
109	110	1
21	43	1
83	85	1
7	67	1
120	123	1
82	92	1
12	12	3
61	61	1
64	130	1
81	82	1
116	121	2
76	85	2
129	131	2
112	112	2
79	102	1
126	126	1
44	122	1
7	7	2
79	80	1
70	102	1
63	66	1
103	103	2
50	68	1
70	70	2
19	22	1
93	93	2
71	71	1
123	123	2
50	66	1
25	101	1
77	77	3
80	81	1
107	126	1
66	69	1
84	85	1
54	58	1
113	121	1
61	130	1
66	68	1
28	32	1
20	21	1
54	57	1
110	110	1
11	11	1
82	108	1
34	34	1
59	59	1
87	109	1
76	83	1
44	65	1
102	102	1
53	53	1
19	68	1
60	61	1
88	111	1
0	0	1
19	20	1
109	129	1
108	125	1
130	130	2
46	46	1
112	118	1
18	69	1
37	88	1
91	92	1
73	74	1
9	9	1
101	104	1
87	91	1
9	11	1
52	126	1
43	49	1
91	91	1
