126	126	5
73	73	4
120	121	2
28	29	2
137	137	2
77	79	1
86	88	1
8	9	2
15	15	4
108	108	1
31	31	1
134	134	2
121	122	2
72	116	1
28	32	1
123	123	5
92	92	3
2	2	1
2	3	2
32	32	1
71	78	1
73	77	1
10	10	2
104	107	5
113	118	2
13	13	1
1	1	2
10	30	2
120	122	2
7	9	2
130	130	1
0	0	2
23	23	2
3	13	1
102	102	3
125	125	1
120	120	1
77	100	2
16	16	2
118	119	1
106	106	4
110	110	1
5	30	1
75	77	1
99	99	2
108	113	1
9	11	1
140	140	1
95	125	1
28	28	2
33	34	1
100	100	1
114	115	3
37	37	2
11	11	2
75	79	1
9	10	2
72	72	1
111	111	2
71	71	2
20	20	2
14	14	4
75	76	1
6	34	1
78	78	5
115	115	2
25	25	1
29	30	1
84	84	3
11	12	2
133	133	4
31	32	1
84	85	1
110	111	3
8	8	2
29	38	1
98	98	1
94	94	1
79	101	2
119	120	1
134	138	1
127	127	1
34	34	1
1	6	3
125	129	2
0	23	1
124	129	1
88	88	1
24	24	2
127	128	1
100	102	1
114	123	3
21	22	1
3	3	2
110	117	1
79	80	1
35	37	1
74	77	1
99	129	1
29	29	2
116	119	2
113	116	1
77	78	1
137	138	1
6	6	3
7	7	2
87	87	2
117	117	3
82	82	5
81	81	2
97	98	2
108	121	1
85	86	1
88	107	1
15	17	1
83	83	2
135	135	2
126	127	1
7	12	1
101	102	1
131	131	2
1	20	1
32	38	2
133	135	1
108	122	1
9	12	1
108	109	1
130	131	1
20	27	1
126	135	1
108	123	1
5	6	1
112	133	3
8	30	1
78	79	1
13	14	1
3	4	1
71	75	1
22	25	1
129	129	1
78	118	1
31	33	1
78	101	1
82	83	1
121	121	1
132	133	1
20	26	1
75	75	1
21	26	1
24	26	1
74	128	2
105	105	1
79	127	1
21	21	1
101	101	1
