6	7	2
31	31	1
34	34	2
18	18	5
15	51	1
40	40	4
8	9	4
1	2	2
22	58	1
45	45	4
14	14	5
37	38	1
46	47	2
50	50	1
4	4	8
49	49	5
34	35	1
5	6	2
12	20	4
31	50	1
36	37	2
16	16	2
21	21	4
38	38	1
43	44	1
46	46	6
2	2	1
56	56	2
30	30	2
20	22	1
17	17	4
43	43	1
35	36	1
28	28	3
37	39	1
37	37	3
29	29	8
51	56	1
47	47	1
32	32	3
21	22	1
0	12	1
10	10	2
20	38	1
15	50	1
24	24	1
41	42	2
23	24	2
11	37	1
55	55	1
5	5	1
40	50	1
7	8	1
31	38	1
4	5	1
48	51	3
19	19	1
32	51	1
53	53	2
28	29	1
19	21	1
3	3	2
47	48	3
38	52	3
2	11	1
29	30	1
44	44	1
6	6	2
15	16	1
41	41	1
32	35	2
12	50	1
52	52	2
40	41	2
55	56	2
53	54	3
54	56	1
52	53	1
34	37	1
13	29	1
39	40	1
7	7	1
6	14	1
34	39	1
48	48	1
28	31	1
28	34	1
33	33	1
13	13	2
16	50	1
38	57	1
20	20	1
11	21	1
39	39	1
31	32	1
11	11	1
30	34	1
36	36	2
15	15	1
4	6	1
17	18	1
