80	81	2
102	102	3
101	101	3
94	96	1
46	46	2
82	96	1
75	75	3
21	25	3
60	60	2
57	57	6
40	42	1
63	78	3
97	97	2
51	52	1
84	86	2
87	87	2
86	87	1
78	85	1
88	98	1
40	44	2
26	29	1
102	104	1
36	36	2
51	51	3
25	27	2
53	53	2
62	63	6
79	79	3
85	86	1
93	93	2
40	40	6
65	65	2
27	27	4
82	83	3
73	73	1
78	101	1
80	80	2
56	56	4
51	72	1
46	49	1
38	60	1
50	50	1
84	84	2
27	49	1
42	42	3
93	94	1
64	65	1
54	54	1
91	91	1
98	106	2
97	98	3
96	96	2
92	92	3
45	45	2
59	65	1
74	75	2
23	23	2
31	31	1
32	44	1
89	93	1
31	73	1
64	64	3
71	71	2
94	94	2
66	82	1
83	83	2
70	81	1
33	33	1
20	21	1
72	77	3
83	86	2
57	84	1
71	72	1
86	86	2
77	77	2
61	62	2
46	96	1
74	74	1
31	55	1
100	100	1
22	24	1
22	27	1
55	55	2
32	103	2
56	57	1
48	48	2
51	91	1
48	49	1
89	90	2
48	95	2
29	46	1
69	69	2
72	73	1
20	50	2
61	61	1
21	21	1
22	32	1
26	26	1
32	32	1
47	48	1
65	68	1
49	98	1
23	27	1
88	88	1
70	70	2
41	44	2
105	105	1
41	42	1
58	82	1
53	54	1
98	98	2
72	72	2
34	34	2
61	101	1
55	64	1
87	88	3
47	47	1
82	87	1
61	93	1
35	35	1
55	70	1
104	104	1
79	80	1
34	54	1
95	95	1
66	66	2
94	98	1
41	41	1
82	82	3
28	28	1
22	44	1
81	81	1
43	44	2
49	49	1
78	78	1
32	89	1
82	97	1
102	103	1
58	86	1
24	24	1
61	88	1
66	79	1
77	101	1
96	97	1
73	77	1
96	99	1
90	90	1
43	43	1
61	94	1
82	94	1
106	107	1
39	106	1
