103	104	1
31	71	2
67	67	7
135	135	6
49	49	5
132	132	6
83	85	2
43	43	6
30	31	5
119	131	1
112	121	2
31	37	6
48	110	2
77	77	2
32	42	2
94	97	4
115	115	4
5	5	2
125	132	6
63	63	8
15	15	2
18	19	2
65	65	1
87	89	2
18	18	11
40	42	1
74	74	5
4	4	3
52	52	1
53	53	6
19	19	4
82	82	3
30	32	1
48	48	5
75	75	3
89	90	2
34	34	3
123	125	2
42	42	2
65	89	4
127	131	1
123	128	2
73	73	5
131	135	1
128	129	3
93	95	2
68	70	2
70	71	2
25	25	12
103	107	4
134	137	1
63	64	3
105	105	1
130	130	8
109	109	8
98	105	1
126	126	6
49	53	1
29	29	6
84	84	4
62	62	6
128	142	5
16	16	10
56	64	2
91	91	7
48	55	1
8	8	2
69	69	5
50	51	2
103	106	1
22	91	1
145	145	4
17	34	1
23	23	9
111	111	2
60	60	3
30	51	3
73	74	2
75	77	3
41	42	4
122	122	4
103	103	7
101	103	3
119	122	1
96	113	2
32	32	5
3	3	4
54	54	2
93	94	2
127	127	15
124	125	4
71	71	7
28	28	5
139	140	2
21	21	3
11	91	2
35	70	1
12	12	2
84	85	3
66	66	1
114	115	3
87	87	8
27	27	7
102	102	3
17	17	8
15	16	3
1	1	2
15	63	2
141	141	10
18	23	2
1	2	3
57	57	1
99	100	5
27	28	3
139	139	4
75	76	2
105	106	2
39	39	7
72	72	1
121	121	8
28	73	2
136	136	1
8	22	1
31	32	4
117	117	3
99	101	2
81	81	7
111	112	7
135	136	4
6	6	3
128	130	2
58	58	1
118	119	6
53	54	3
108	109	4
121	128	1
119	119	4
100	100	4
9	10	4
90	90	4
138	139	1
59	81	2
42	67	2
39	40	8
75	78	4
94	94	5
24	24	7
47	64	2
143	143	2
132	137	1
54	58	1
61	62	3
34	36	2
97	97	4
119	120	3
49	50	2
111	114	1
120	120	8
92	92	4
128	128	4
43	90	1
129	137	2
104	104	5
134	134	2
3	16	1
20	53	2
81	83	2
26	26	5
32	38	1
117	118	4
110	112	1
129	129	11
49	61	1
97	105	1
9	11	1
109	129	1
23	24	8
101	102	3
123	123	6
53	57	1
106	107	3
143	144	2
11	32	2
68	69	2
78	79	1
19	20	2
6	15	3
138	146	1
22	23	2
55	55	2
113	113	5
116	119	2
12	20	1
116	116	3
100	122	1
71	92	1
133	133	6
37	37	1
88	89	2
22	22	1
30	30	4
28	29	3
24	25	1
69	70	1
127	132	2
31	42	1
50	77	1
95	95	6
68	74	1
64	65	3
132	133	3
102	105	1
51	53	1
10	19	1
31	31	5
137	137	4
11	11	4
42	66	1
110	110	6
67	68	4
130	131	4
27	29	1
139	142	1
2	2	3
131	131	3
20	20	3
16	63	1
120	121	2
112	113	2
13	34	1
127	136	3
126	127	4
129	130	2
79	79	1
76	85	1
59	59	7
142	142	2
77	108	2
69	71	2
14	14	2
47	47	3
26	28	1
96	103	1
114	119	1
2	3	3
107	107	3
70	79	3
99	99	5
28	95	1
76	90	1
51	52	2
126	129	1
27	73	1
133	134	1
13	53	1
32	33	3
18	88	1
91	93	1
76	76	1
78	80	1
78	78	3
14	113	1
123	126	1
0	1	2
10	10	3
98	141	2
26	56	2
20	21	5
71	93	1
86	86	5
35	35	3
133	136	2
82	83	3
14	89	1
57	102	2
64	88	1
110	111	5
3	4	3
126	139	1
83	83	1
81	82	4
30	49	3
74	87	1
125	126	2
41	41	1
123	124	3
82	90	4
101	101	3
130	132	2
90	107	1
110	118	1
107	138	1
33	34	2
40	40	2
103	128	1
85	85	3
93	93	2
3	46	2
38	38	4
27	97	1
141	142	2
64	64	5
71	72	3
100	101	2
142	143	2
14	69	1
77	78	1
103	124	1
18	25	1
63	77	1
120	129	1
124	131	1
102	103	3
125	125	6
115	116	2
16	115	1
74	75	3
40	41	1
124	124	6
38	39	1
38	40	1
18	20	1
30	52	1
20	75	1
36	55	1
66	68	1
33	33	1
118	118	2
88	88	4
109	140	1
62	63	2
73	122	1
135	137	1
25	26	4
8	9	1
94	98	1
87	93	1
55	105	1
124	126	1
49	58	1
72	86	1
87	90	1
39	64	1
125	127	1
19	59	1
106	108	1
31	67	1
122	123	1
30	38	1
106	106	1
80	81	1
5	13	1
119	134	1
127	128	2
33	35	2
120	131	1
96	105	1
144	144	1
2	93	1
48	54	1
48	62	1
104	105	1
100	102	1
120	122	1
105	111	1
5	14	2
34	35	1
92	93	1
47	66	1
38	110	2
32	36	1
43	55	1
82	84	1
112	115	1
54	104	1
91	95	1
42	69	1
28	33	2
119	123	1
80	90	2
28	30	1
138	138	1
124	132	1
28	74	1
56	56	1
62	139	1
96	96	1
65	66	1
80	80	1
96	134	1
70	87	1
19	89	1
114	114	1
105	107	1
70	70	1
121	132	1
131	132	1
68	68	2
47	48	1
138	141	1
64	66	1
78	85	1
98	98	1
37	96	1
18	53	1
36	36	1
112	112	1
17	90	1
119	121	1
121	123	1
66	67	1
113	116	1
18	24	1
99	128	1
18	92	1
101	119	1
60	114	1
69	96	1
29	38	1
26	27	1
59	60	1
33	82	1
56	57	1
