136	136	1
11	30	1
74	74	2
109	110	1
133	134	3
10	10	1
144	144	1
107	108	1
87	88	1
93	94	2
148	150	2
19	19	3
137	137	4
45	45	1
135	139	1
3	4	1
81	81	1
25	25	1
28	49	1
128	129	1
126	126	1
47	50	1
117	121	1
33	37	1
10	40	1
82	109	2
17	17	3
27	148	2
121	121	1
18	64	1
80	80	2
151	151	4
107	107	1
128	130	1
21	62	1
52	53	2
103	104	2
47	47	1
29	29	4
139	140	1
36	47	2
156	156	4
33	106	1
43	43	4
31	33	1
104	104	2
133	139	1
38	41	2
135	135	2
118	134	1
138	138	3
36	83	2
132	132	3
32	107	1
102	102	2
54	54	2
142	143	1
47	48	1
75	75	2
119	136	1
117	117	1
47	54	1
6	99	1
55	157	1
93	116	3
41	41	4
37	54	1
150	150	1
115	116	1
24	43	1
143	147	1
122	122	2
31	35	1
9	9	1
90	94	1
144	147	1
28	48	1
18	18	1
155	155	1
2	2	2
119	119	1
96	96	2
53	54	3
47	49	1
131	131	3
154	154	1
13	14	1
22	22	2
8	8	3
87	91	1
63	63	2
148	148	2
52	54	2
94	139	1
26	27	1
140	141	1
16	37	1
27	27	3
120	125	1
116	131	1
104	105	1
46	47	1
66	67	1
111	125	1
21	21	1
16	25	2
3	3	1
77	77	1
68	68	1
21	34	1
129	129	3
95	96	1
105	106	1
143	153	2
135	136	2
98	98	1
65	66	1
28	28	1
69	70	1
142	142	1
72	73	1
128	128	1
68	71	1
56	57	1
69	104	2
11	11	1
154	155	1
147	157	1
121	135	1
89	137	1
22	35	1
142	149	1
149	149	3
87	105	1
143	144	1
109	111	2
33	33	5
106	106	1
88	89	1
41	42	1
145	145	1
45	47	1
33	58	1
107	109	1
49	49	1
44	44	1
78	78	2
120	122	1
123	123	2
19	27	1
86	96	1
70	71	1
32	32	2
144	145	1
24	25	1
123	156	1
124	125	1
37	37	1
124	140	1
117	122	1
118	119	1
134	134	2
1	1	1
112	115	1
131	132	1
86	88	1
53	53	2
127	128	1
137	138	1
130	131	1
115	117	1
140	140	1
15	15	3
94	95	3
64	64	1
35	35	1
145	146	1
48	49	1
50	50	1
20	22	1
72	116	1
112	113	1
81	130	1
22	24	2
13	13	1
4	23	1
116	116	2
67	67	1
22	23	1
129	130	1
4	27	1
66	68	1
30	37	1
108	109	1
69	71	1
41	43	1
2	3	1
68	69	1
108	112	1
158	158	1
8	9	1
127	127	2
82	82	1
18	21	1
4	142	1
143	143	2
73	73	2
83	103	1
117	118	1
22	25	1
6	6	1
152	152	1
5	5	1
114	115	1
12	12	1
24	38	1
