113	114	1
50	52	2
95	97	2
111	111	4
103	103	1
76	76	4
36	37	3
81	83	1
61	71	4
87	93	2
62	62	3
31	31	1
47	48	2
37	37	3
98	112	1
92	107	1
94	94	2
84	104	1
82	82	4
102	103	5
46	46	3
79	81	1
103	107	2
39	39	1
93	94	1
101	102	2
87	87	3
44	48	1
112	112	1
101	109	1
106	108	2
43	46	1
23	71	2
57	57	1
52	60	2
56	57	1
81	82	3
105	108	1
97	98	2
89	89	2
81	93	1
111	113	2
32	33	1
101	104	2
83	85	2
21	22	1
95	108	2
49	49	1
71	71	4
51	51	1
99	104	2
102	102	2
31	32	1
91	91	1
22	22	1
96	96	3
58	61	1
93	105	1
61	61	1
105	105	1
62	72	1
62	65	4
98	98	2
95	96	2
63	64	1
24	36	1
92	95	2
105	106	3
70	71	2
108	108	2
93	93	2
36	36	1
83	83	2
107	107	3
97	97	2
85	85	3
66	66	2
83	109	1
74	76	1
89	91	4
79	92	1
92	92	2
59	61	2
24	24	2
90	91	1
99	100	1
52	52	2
65	66	1
21	21	2
101	101	1
102	104	2
65	65	2
68	68	1
60	96	1
85	86	2
50	50	1
79	80	2
69	71	1
74	74	2
84	84	1
100	101	1
64	65	1
72	94	1
55	55	2
80	81	1
72	72	1
78	79	3
37	38	1
48	66	1
20	20	1
47	66	1
45	45	3
109	109	3
58	59	1
65	71	1
87	89	2
95	109	2
55	56	2
112	114	1
54	54	1
92	101	1
67	67	2
82	109	1
37	56	1
87	88	2
88	88	3
72	74	1
100	100	3
23	23	1
62	69	1
92	105	1
64	76	1
36	54	1
34	34	1
78	81	1
95	95	1
62	66	1
92	93	1
56	82	1
30	30	1
88	89	1
68	69	1
43	71	3
110	111	2
41	42	1
80	98	2
81	81	1
42	42	1
104	106	1
108	111	1
113	113	2
47	50	1
98	99	1
34	35	1
53	53	1
112	113	1
58	58	1
80	113	1
38	39	1
80	80	1
100	103	1
54	56	1
72	73	1
67	73	1
75	76	1
30	31	1
106	106	1
73	73	1
