114	114	2
99	100	1
60	74	3
24	24	2
60	99	2
97	97	6
46	58	3
51	51	1
102	102	2
28	29	1
79	80	2
41	41	2
101	101	1
100	100	1
73	73	5
59	60	3
26	26	1
75	76	1
61	67	1
50	50	1
97	98	1
85	85	1
53	53	2
89	100	1
81	84	1
66	67	1
41	101	1
63	64	1
66	68	2
55	55	2
93	103	1
58	90	1
60	61	2
105	106	1
77	79	1
104	105	3
42	44	1
98	99	1
32	32	1
60	62	2
34	34	2
92	105	1
106	106	3
27	27	1
62	64	2
25	26	2
80	85	1
41	42	2
48	63	1
94	94	5
71	105	2
37	99	1
95	96	1
65	66	1
64	65	1
91	93	2
84	84	1
53	54	2
36	36	1
42	43	2
30	31	4
92	94	1
111	111	2
37	37	1
92	110	1
40	40	1
69	69	2
103	103	4
111	112	2
70	70	1
59	61	2
39	40	1
60	60	3
71	71	2
86	88	3
63	110	1
65	65	2
43	44	3
104	106	1
73	76	1
103	111	2
109	109	4
53	57	1
74	74	1
88	89	1
91	94	1
35	72	1
33	65	1
70	75	2
34	92	1
94	99	2
105	105	3
49	49	3
76	109	1
59	88	2
73	106	1
49	52	2
38	38	3
36	38	1
75	103	1
77	77	1
90	100	1
21	21	1
43	43	2
36	93	1
102	103	2
50	51	1
101	102	4
35	35	2
44	44	1
73	74	1
83	84	3
94	95	2
109	111	1
104	104	1
96	96	1
42	42	4
80	83	1
78	94	1
92	107	1
61	82	1
56	57	1
87	88	2
54	55	1
73	75	1
91	91	1
41	44	1
56	67	1
80	80	1
79	79	1
44	45	1
61	70	1
96	100	1
95	95	1
76	76	1
86	86	2
100	102	1
75	75	1
88	99	1
95	111	1
69	71	1
55	63	1
82	84	1
110	111	1
