105	107	1
237	237	4
20	20	2
84	95	2
155	155	2
98	106	1
120	120	1
201	201	6
217	217	5
17	17	1
179	179	2
52	52	1
90	90	2
191	191	3
29	30	1
154	154	5
193	193	1
43	101	1
42	42	3
68	69	1
109	116	2
153	160	1
96	97	3
211	211	2
6	115	2
173	173	4
118	119	1
101	101	1
115	151	1
12	12	2
40	40	2
93	93	2
243	244	1
236	241	1
172	173	1
205	206	3
153	153	1
25	25	5
77	77	1
235	236	3
198	198	1
105	111	2
162	167	1
82	82	3
238	247	1
204	204	1
202	202	4
10	10	3
72	77	2
156	185	1
74	74	1
203	203	4
184	184	3
76	81	3
85	85	2
173	174	1
38	38	3
116	120	2
186	186	2
229	229	2
33	33	1
110	113	1
50	50	1
233	233	1
97	98	1
48	50	3
205	205	2
114	115	3
236	237	2
75	77	1
160	160	2
39	39	1
88	90	2
182	183	2
181	191	1
57	57	2
1	1	1
109	109	3
226	227	2
230	230	1
214	214	1
58	237	1
68	74	1
16	16	1
34	73	1
74	82	1
185	185	2
159	159	2
101	102	1
51	51	2
197	240	3
190	197	2
220	220	2
176	177	1
66	72	1
79	83	1
29	31	2
171	172	3
111	111	3
34	35	1
214	218	2
40	43	1
159	160	1
174	193	1
4	4	1
195	196	2
32	32	5
161	162	1
55	55	2
209	211	1
83	83	1
24	24	3
80	175	1
213	215	2
44	45	1
8	8	1
150	150	1
247	247	1
76	77	2
203	205	1
113	114	1
108	108	2
30	30	1
78	80	1
171	171	2
146	147	1
12	235	1
54	54	2
39	42	2
5	5	2
197	200	2
192	192	1
225	228	1
246	247	1
184	185	1
185	201	1
37	38	2
207	207	3
166	166	2
186	238	1
239	239	2
2	6	1
7	7	2
95	95	1
109	110	1
168	169	1
188	192	1
107	107	1
236	238	1
185	192	1
38	39	5
64	65	1
84	86	2
226	226	3
187	187	1
207	238	2
245	246	3
149	162	1
100	101	1
58	58	4
35	36	2
111	246	1
65	66	1
10	44	2
191	192	2
165	165	1
11	30	1
231	231	1
62	89	1
196	196	4
181	181	1
185	196	1
44	44	3
49	49	3
218	219	1
157	157	2
58	59	1
188	190	1
174	178	1
57	78	1
113	113	2
7	51	1
96	96	2
21	22	1
62	63	1
232	232	1
50	178	2
182	182	1
173	182	1
69	70	1
168	173	1
102	158	1
168	168	1
92	92	1
21	21	1
15	17	1
2	9	1
236	236	1
170	170	1
49	50	1
31	31	1
89	114	1
72	72	4
59	62	1
14	74	1
15	15	1
29	55	1
175	191	1
200	200	1
179	180	1
198	216	2
3	3	1
71	176	1
225	226	1
63	65	1
14	15	2
174	191	1
213	214	1
212	212	1
33	36	1
41	42	1
89	89	1
60	60	1
99	99	1
173	207	1
106	107	1
165	166	2
112	114	1
202	224	1
112	112	1
204	205	1
175	175	1
162	165	1
91	91	1
220	236	1
233	235	1
235	235	1
9	9	1
43	43	1
79	79	1
112	120	1
35	35	1
17	28	1
11	11	1
96	150	1
73	73	1
99	170	1
85	107	1
229	230	1
163	163	1
96	99	1
201	220	1
208	213	1
15	36	1
40	41	1
57	61	1
110	110	1
115	115	1
70	80	1
104	105	1
237	239	1
106	108	1
216	217	1
100	100	1
41	89	1
84	84	1
160	172	1
81	81	1
152	152	1
229	231	1
54	55	1
158	158	1
111	113	1
198	202	1
114	114	1
80	80	1
238	238	1
101	106	1
29	29	1
