2	2	2
184	184	3
122	122	5
181	181	7
116	116	1
111	111	2
127	127	2
155	156	1
141	142	3
187	187	1
150	156	2
149	149	3
86	87	5
177	178	1
98	100	2
106	108	1
56	56	4
17	17	4
150	154	1
33	38	2
124	124	3
174	176	2
115	115	1
58	58	2
44	44	4
105	128	1
144	144	1
153	168	3
53	54	2
179	179	5
4	5	1
28	28	4
151	170	1
103	103	2
137	137	1
182	183	1
119	119	6
172	195	1
15	15	9
136	136	3
15	16	5
29	29	7
112	113	2
112	112	2
194	195	3
190	190	2
105	114	1
105	105	1
16	16	4
65	65	1
61	61	1
100	100	2
192	192	3
117	117	1
52	53	1
174	175	4
168	168	2
128	128	4
49	50	1
121	135	2
155	155	2
51	51	1
48	48	3
125	125	4
24	24	5
195	195	5
51	52	1
23	23	2
150	196	2
96	97	1
172	178	2
196	196	11
140	140	1
192	194	2
141	152	1
156	158	1
179	188	1
23	33	1
95	96	6
188	188	4
150	150	2
185	185	2
78	78	2
194	194	1
143	144	2
145	149	2
186	186	2
11	11	4
149	167	1
117	118	1
38	39	2
149	150	2
171	171	2
156	162	1
85	87	1
19	19	2
26	27	2
142	144	1
166	166	1
102	185	3
57	57	7
163	168	1
154	158	1
69	69	2
67	67	1
45	127	2
111	122	1
178	178	2
86	89	1
66	66	2
120	120	1
169	169	3
108	112	1
33	44	1
78	79	2
158	158	2
152	152	4
159	160	5
188	189	2
22	22	3
147	148	1
23	24	1
106	132	1
172	173	4
3	7	1
142	142	3
143	156	1
99	104	1
80	80	2
119	120	1
180	180	4
34	34	4
30	53	4
160	160	2
101	101	3
121	121	1
125	127	2
5	5	3
35	36	4
3	3	4
120	121	1
190	191	2
135	135	3
1	2	4
31	31	5
53	53	2
149	155	2
134	134	1
102	124	1
176	176	3
133	133	2
70	71	2
74	74	2
42	42	3
172	189	1
171	172	1
68	69	1
17	18	2
122	123	2
146	146	2
64	64	1
147	147	1
165	165	4
148	163	1
186	187	1
148	148	7
161	161	1
121	196	1
47	48	4
143	146	1
189	189	4
82	83	1
129	129	6
107	107	3
154	169	1
56	57	3
101	105	2
164	164	1
133	135	1
30	32	2
36	36	2
152	155	1
131	131	5
93	94	2
99	99	5
159	173	2
167	167	1
23	31	1
18	18	5
21	22	2
142	157	1
2	4	1
33	34	2
160	175	1
54	55	2
175	176	2
129	130	1
187	188	2
170	170	3
138	138	2
15	30	1
62	63	1
113	115	1
66	68	1
152	154	1
14	33	1
14	128	1
137	158	1
176	177	2
5	8	1
0	1	1
136	196	1
78	80	2
15	18	1
171	178	1
179	180	2
33	33	3
159	172	1
161	174	1
153	153	1
134	142	1
150	152	2
83	84	1
71	88	1
102	103	1
110	118	1
38	38	4
103	104	2
169	170	1
79	79	1
59	59	2
12	48	1
12	49	1
22	23	1
60	61	1
39	41	1
132	133	3
107	124	1
27	44	1
86	86	1
183	183	1
175	175	3
55	56	2
15	26	1
110	110	1
4	4	1
46	126	1
54	54	1
61	62	1
171	189	2
53	111	1
157	157	2
40	41	1
163	163	2
132	148	1
21	39	1
74	75	1
50	50	1
139	142	1
13	13	1
149	190	1
80	82	1
38	122	1
106	106	2
32	32	1
173	187	1
179	181	1
64	65	1
130	131	3
40	42	2
176	185	1
101	150	1
25	26	1
26	26	1
77	77	1
162	164	1
130	132	1
49	49	1
13	51	1
165	166	1
182	182	1
37	37	1
6	35	1
65	66	1
16	17	1
148	162	1
28	30	1
193	193	1
159	159	1
143	145	1
137	140	1
40	40	1
156	156	1
148	191	1
