79	79	2
77	78	3
25	34	1
58	58	5
47	81	1
49	49	1
63	71	2
71	71	1
9	9	4
21	25	1
65	71	1
51	51	3
15	15	1
16	17	2
9	19	1
72	72	1
3	21	1
23	23	3
53	53	2
5	25	2
84	84	4
1	1	1
83	83	1
5	13	1
82	82	2
64	72	1
25	25	2
24	24	2
64	65	2
80	81	1
75	75	1
50	50	2
21	49	2
6	6	2
11	11	2
19	30	2
66	66	2
57	57	1
48	49	1
23	24	2
70	71	2
6	35	1
52	60	1
7	8	2
28	30	1
71	77	1
53	61	2
76	76	1
54	54	1
14	21	1
85	85	1
50	51	2
21	27	1
50	55	1
74	74	1
78	81	2
47	50	1
17	26	1
0	0	2
73	73	1
48	48	2
10	25	1
27	49	1
20	48	1
55	55	2
7	7	2
59	60	1
72	74	1
89	89	2
73	82	1
59	59	1
69	69	2
0	56	2
49	52	1
59	61	2
51	53	1
49	63	1
60	60	1
11	14	1
86	86	1
52	52	1
6	8	1
