54	55	10
58	60	3
17	83	3
47	47	3
61	67	2
65	65	7
15	15	4
7	8	3
63	64	1
5	18	3
64	65	2
4	5	3
69	69	1
30	30	2
54	54	5
68	68	2
22	24	1
87	87	1
58	58	2
52	52	5
5	6	3
76	84	2
24	24	3
20	20	4
63	63	5
0	88	2
2	2	1
13	13	3
86	86	4
48	48	1
7	34	1
52	54	2
59	63	3
73	73	3
5	17	2
75	75	1
58	59	3
52	53	4
5	5	2
58	62	4
51	52	4
83	84	3
81	81	2
28	28	4
1	2	1
77	78	2
19	19	4
48	57	2
10	10	5
34	34	2
61	61	4
3	3	1
85	85	7
50	51	3
11	14	1
21	21	1
79	79	2
13	20	1
58	61	1
50	50	1
76	76	1
48	49	1
83	83	4
0	0	2
25	25	1
60	64	2
48	51	2
62	65	1
19	23	1
79	81	2
80	85	2
89	89	1
27	27	1
26	83	1
71	71	3
27	83	2
53	53	2
84	84	1
46	47	1
59	59	1
27	30	1
8	8	3
12	13	2
65	74	1
26	26	1
56	56	1
30	33	4
86	87	1
59	62	1
57	58	1
80	80	2
54	56	1
10	11	2
75	77	1
79	80	1
49	49	1
71	73	1
66	66	1
