21	24	2
27	27	5
47	47	4
48	48	6
38	38	5
40	40	8
47	48	6
29	29	8
20	26	3
25	25	9
50	50	9
42	42	5
39	40	3
40	41	5
25	28	1
33	33	16
35	36	5
34	34	7
37	37	4
46	49	2
28	28	8
30	30	13
43	48	1
19	31	2
24	24	10
18	36	1
26	27	3
34	35	4
41	42	3
20	20	2
26	32	2
17	17	9
25	26	2
29	30	2
37	41	1
33	34	6
21	21	3
45	46	1
48	49	2
26	28	3
21	22	3
19	19	8
18	18	1
45	45	6
49	50	4
30	31	3
42	44	1
26	26	4
22	22	1
35	35	4
27	28	4
32	32	7
31	36	1
19	39	1
36	36	3
32	33	7
22	39	1
25	34	1
23	23	3
23	24	2
20	21	1
28	30	1
39	39	4
18	22	1
44	44	4
43	43	2
39	41	1
22	23	3
21	38	2
43	49	3
41	41	6
42	43	2
38	50	1
28	29	2
38	39	1
49	49	1
46	46	3
42	49	1
36	37	1
17	18	1
27	38	1
31	31	5
31	32	2
31	37	1
44	49	2
26	29	2
36	41	3
47	49	1
21	23	1
46	47	2
43	45	1
27	33	1
45	47	1
51	51	1
