89	90	2
73	73	10
107	134	1
23	23	4
86	90	1
164	164	4
142	142	1
101	102	1
93	93	6
14	18	1
113	113	5
100	100	4
21	23	1
130	130	1
44	51	2
79	79	4
131	131	2
12	13	1
10	11	2
161	162	1
33	34	2
95	97	3
4	4	8
49	49	3
105	105	7
111	111	6
43	43	6
27	56	3
22	24	6
112	112	4
52	53	2
52	94	2
8	8	2
141	141	1
121	122	2
92	94	1
82	96	1
123	124	1
69	69	3
15	157	3
12	12	5
143	150	2
135	135	2
134	135	1
1	1	2
91	91	4
46	46	2
147	148	1
37	37	4
116	117	3
155	155	3
10	10	2
20	25	3
98	99	2
103	104	4
125	130	1
148	148	1
87	117	2
47	47	1
52	52	8
55	55	1
88	89	2
80	83	1
44	44	7
143	143	2
167	167	1
71	72	2
118	118	1
41	42	1
98	98	1
57	77	1
94	94	3
37	39	2
63	72	1
82	86	1
163	164	1
92	93	2
38	107	1
125	125	1
104	104	1
0	4	1
75	75	1
45	47	1
109	117	1
16	19	3
106	107	1
95	100	1
12	140	1
142	143	1
96	96	2
56	56	2
138	138	3
106	106	5
143	145	1
51	52	3
27	27	2
46	127	2
103	105	2
17	153	1
58	58	1
158	160	1
152	164	1
16	16	1
19	19	1
39	62	1
16	139	2
49	141	1
100	117	3
17	17	5
151	151	2
47	49	1
16	28	2
80	80	2
86	87	3
111	112	1
52	119	1
45	58	1
129	156	1
83	83	4
66	66	4
134	134	2
65	66	1
169	170	2
62	72	1
15	153	1
81	83	1
78	78	1
160	168	1
8	37	1
66	71	1
91	94	1
0	0	3
139	139	5
48	49	2
13	14	1
46	51	3
78	98	1
94	95	1
164	165	3
152	154	1
43	44	2
39	133	1
41	41	3
156	156	3
38	38	4
18	23	1
144	146	1
62	78	1
162	166	1
1	16	1
146	167	1
124	125	2
114	115	2
110	110	1
81	82	2
83	84	2
116	116	2
154	162	1
62	64	1
46	71	1
123	123	2
151	160	1
132	133	3
21	21	4
68	69	2
100	111	1
82	82	2
140	142	2
15	15	2
49	132	1
125	142	1
89	133	1
40	40	6
141	143	1
34	34	5
117	118	1
38	150	1
4	136	3
3	4	3
68	68	2
77	78	2
27	47	1
50	57	1
87	88	3
88	88	3
76	76	3
65	78	1
26	27	3
20	21	1
149	150	1
111	150	1
4	36	1
153	157	1
9	9	3
48	55	2
26	108	1
48	48	2
40	62	1
76	80	1
142	158	1
108	109	1
51	58	1
5	6	2
116	150	1
122	123	1
109	109	1
6	7	2
1	83	1
34	48	1
84	85	2
109	110	1
1	3	1
101	143	1
63	63	1
42	42	3
93	104	1
24	24	2
117	117	4
128	128	3
106	108	1
100	101	1
110	114	1
92	115	1
154	154	1
135	136	1
37	53	1
5	18	1
162	162	2
164	167	1
88	91	1
145	151	1
57	91	2
42	46	1
28	28	1
5	5	2
5	140	1
64	74	1
119	119	1
33	41	2
100	118	1
167	168	2
54	54	1
114	114	1
96	100	1
153	153	1
9	15	2
133	133	1
103	103	2
46	47	1
64	67	1
160	166	1
126	144	2
1	6	1
73	74	2
72	72	1
153	154	2
45	45	3
57	63	2
19	25	2
70	72	1
132	157	1
69	70	1
74	74	1
50	50	2
37	52	1
15	16	3
71	71	1
57	132	1
56	73	1
11	39	1
139	153	1
76	77	2
112	114	1
38	47	1
107	107	2
134	136	2
36	38	1
77	86	1
159	159	2
78	89	2
152	163	1
11	12	2
39	72	2
20	128	1
84	84	2
74	75	2
128	130	1
130	158	2
4	15	1
16	155	1
26	53	1
6	33	1
3	3	1
111	121	2
27	107	1
42	43	1
3	16	1
141	142	2
145	148	1
121	121	1
18	130	1
61	62	1
54	55	1
18	18	1
47	57	1
97	97	2
51	131	1
8	41	1
39	39	3
102	131	1
97	98	1
1	4	1
120	120	2
109	114	2
158	158	2
133	134	1
1	2	2
161	167	1
11	11	1
44	45	1
163	163	2
146	151	1
133	149	1
151	153	1
5	16	1
2	7	1
76	78	2
8	10	1
93	97	1
32	36	1
131	152	1
70	70	2
20	20	3
144	144	1
2	3	1
93	96	1
53	53	2
26	28	2
105	111	1
86	86	1
151	152	2
145	145	1
25	25	1
18	19	1
119	126	1
61	84	2
127	128	1
149	149	2
124	126	1
27	28	1
89	89	2
143	166	1
12	28	1
78	79	1
2	11	1
82	83	1
169	169	2
90	90	1
81	81	1
64	93	1
13	13	2
91	133	1
153	163	1
129	157	1
125	126	1
79	101	1
122	122	1
22	23	1
26	26	2
148	151	1
145	146	1
11	140	1
15	162	1
40	85	1
18	27	1
102	105	1
109	113	1
8	12	1
161	161	2
94	129	1
96	97	1
160	160	1
40	56	1
85	86	1
93	95	1
159	168	1
7	8	1
17	18	1
119	121	1
50	51	1
85	117	1
39	86	1
70	71	1
165	165	1
24	25	1
97	99	1
12	38	1
124	131	1
22	22	1
97	157	1
130	155	1
17	138	1
1	9	1
129	130	1
105	116	1
65	68	1
37	134	1
136	158	1
48	53	1
162	163	1
85	85	1
35	42	1
