30	31	2
7	8	7
3	28	1
40	40	3
9	75	1
35	35	4
71	71	3
29	30	1
31	72	1
12	12	5
41	42	2
69	70	1
50	50	2
51	51	6
22	47	1
27	28	4
13	43	2
3	3	9
42	42	3
41	41	5
37	37	2
43	43	4
1	1	3
45	55	1
12	24	2
20	20	9
28	28	7
23	40	1
30	30	5
43	53	1
25	27	2
8	9	2
46	52	1
43	44	4
32	33	3
56	56	5
3	4	2
25	26	2
5	5	3
50	55	1
58	62	1
50	51	1
11	11	4
73	73	3
58	73	4
38	38	3
10	10	1
13	74	1
57	58	2
21	21	3
73	75	1
62	62	2
0	2	1
59	59	3
69	69	1
30	35	1
31	31	7
2	52	2
65	65	1
46	46	4
30	69	1
39	40	1
2	2	4
53	54	2
26	26	2
59	60	2
25	25	1
60	61	2
30	71	1
7	7	1
73	76	2
6	24	1
21	22	1
76	77	3
34	75	1
0	5	2
62	64	2
6	6	1
21	24	3
47	53	2
49	51	2
38	40	3
54	55	1
61	63	2
18	18	3
22	49	2
14	47	2
9	9	2
0	0	3
10	11	2
46	47	2
57	75	1
0	20	2
64	77	1
67	74	1
35	36	2
23	23	2
41	49	1
27	27	3
61	65	1
66	67	1
52	53	2
77	77	3
36	36	5
66	66	3
32	32	1
2	33	1
46	55	1
49	49	6
28	32	1
2	22	1
28	29	1
0	1	1
23	24	2
22	23	1
24	25	1
8	8	4
55	55	4
54	54	3
74	74	1
48	52	1
70	70	1
1	6	2
25	28	2
64	64	2
43	45	1
47	52	2
61	61	3
34	39	1
33	34	1
48	49	1
4	4	2
38	39	1
70	72	1
76	76	1
55	56	1
47	48	1
42	43	2
67	67	1
36	61	1
60	69	1
33	33	2
72	72	1
34	34	3
57	57	1
50	52	1
24	43	1
19	19	2
70	71	1
56	71	1
25	29	1
60	60	2
51	54	2
45	45	3
62	77	1
6	7	2
69	76	2
28	45	1
5	9	1
51	55	1
56	57	1
20	21	1
48	48	1
39	54	1
2	49	1
40	45	1
71	72	4
4	5	1
41	43	2
47	47	3
10	64	1
21	32	1
26	27	2
40	56	1
37	54	1
21	47	1
1	30	1
3	6	1
9	33	1
44	57	1
68	68	3
9	12	1
36	39	1
22	22	1
62	65	1
39	39	1
20	46	1
28	56	1
20	43	1
36	38	1
18	67	1
55	60	1
5	6	2
53	53	1
35	51	1
4	6	1
20	45	1
49	50	1
