41	48	1
40	41	4
38	82	1
55	57	1
37	37	3
77	86	1
76	80	2
80	80	1
20	20	5
45	45	2
53	94	1
88	90	2
99	99	2
55	58	1
75	75	1
89	89	2
57	58	3
63	64	2
101	102	1
34	35	1
25	26	1
65	66	1
60	67	1
83	85	3
87	99	1
91	98	1
44	44	2
60	66	2
28	29	2
92	92	4
43	43	2
85	85	2
41	41	2
51	51	1
95	96	1
32	35	1
26	26	5
95	97	1
87	94	1
109	109	1
35	53	2
24	24	2
108	109	1
43	44	2
104	107	1
70	71	1
79	79	2
103	108	1
104	109	1
87	88	2
100	101	3
77	78	1
60	61	3
58	58	1
42	42	2
60	60	2
20	22	1
73	75	1
35	36	1
80	92	1
31	39	1
20	21	1
36	37	1
50	50	2
44	45	2
34	48	1
100	103	1
53	54	1
56	56	1
86	94	2
47	48	3
37	38	1
86	86	1
105	107	1
67	67	3
38	39	2
114	114	1
110	110	2
66	67	1
74	75	2
25	25	1
93	97	2
78	78	2
69	70	2
30	30	1
83	108	1
36	38	1
64	69	1
39	39	1
109	110	1
73	73	1
81	81	1
64	65	1
74	88	1
108	108	1
30	31	1
68	68	1
23	24	1
101	101	1
19	19	1
74	74	2
89	90	2
61	74	1
102	103	2
78	79	2
62	70	2
23	23	1
81	91	1
26	28	1
107	108	1
97	97	2
36	36	1
27	27	1
84	108	1
84	85	1
31	31	1
111	111	1
62	62	1
49	49	1
48	48	1
76	76	1
61	71	1
62	68	1
84	84	1
