155	155	4
132	132	3
24	25	2
164	164	2
126	127	2
114	115	3
66	125	2
43	53	2
19	19	3
38	117	1
11	11	1
123	124	2
21	21	2
126	126	2
75	76	1
128	129	1
20	23	2
22	23	2
50	50	3
54	54	1
102	102	3
137	137	2
77	97	1
69	69	4
7	8	2
91	91	2
162	162	2
18	18	1
161	161	2
19	163	2
99	99	3
91	93	2
76	76	1
12	12	1
95	96	1
81	81	1
20	20	1
46	151	1
86	86	4
100	101	1
92	92	2
107	109	1
8	8	3
14	14	3
43	43	3
71	157	1
108	130	2
115	115	1
116	116	1
57	57	3
55	102	1
10	10	5
35	35	2
145	145	1
70	71	1
5	5	2
81	82	1
156	156	1
154	159	1
101	141	2
144	145	1
153	154	2
142	143	2
121	140	1
58	98	1
15	15	1
48	48	3
42	43	2
163	164	2
8	10	1
105	105	2
66	70	2
21	148	1
101	102	3
96	96	1
156	167	2
67	131	1
46	54	1
117	117	1
70	72	1
19	27	2
92	93	1
93	94	2
42	42	1
46	46	2
55	55	1
41	53	1
79	79	2
141	141	3
145	164	1
144	144	1
34	35	1
22	22	2
64	64	1
105	106	1
125	125	1
113	114	1
98	98	2
39	39	2
24	148	1
158	159	1
86	88	1
28	28	1
121	121	1
70	70	1
139	139	1
97	97	1
157	157	1
99	142	1
9	10	1
57	63	1
129	129	1
128	128	1
15	16	1
131	143	3
41	41	1
140	141	2
17	17	2
100	142	1
44	45	2
153	153	3
63	63	1
120	123	2
140	140	2
158	158	1
5	24	1
102	103	1
52	52	1
56	64	2
112	112	2
49	49	1
142	142	1
127	141	2
69	70	1
134	136	1
77	77	1
101	101	1
147	148	1
3	4	1
68	127	1
127	128	1
71	116	1
166	166	1
109	109	1
134	134	1
47	48	2
14	15	2
25	41	1
113	113	1
23	23	1
24	114	1
36	36	1
1	1	2
38	38	1
110	111	1
114	124	1
25	25	1
104	104	1
159	159	1
147	153	1
45	65	1
94	95	1
125	126	1
100	100	1
139	164	2
87	87	1
1	2	1
9	12	1
99	100	1
56	56	1
151	152	1
71	104	1
79	80	1
8	12	1
40	40	1
25	26	1
74	75	1
45	45	1
10	11	1
154	154	1
160	160	1
73	73	1
