19	19	3
25	25	9
150	151	3
164	170	1
140	141	3
83	84	2
1	9	1
88	174	3
76	76	7
12	13	2
140	140	3
80	80	1
74	74	3
45	46	5
29	37	1
46	46	1
41	41	4
93	101	2
113	114	5
5	5	2
21	34	3
77	77	5
134	134	6
147	148	1
93	93	3
142	143	4
30	31	4
154	154	3
73	73	2
158	158	4
174	174	3
97	97	2
17	18	3
8	9	5
132	133	2
8	10	2
20	43	4
52	66	1
111	111	2
77	79	3
157	167	2
77	82	1
14	16	2
6	6	8
3	3	3
101	101	1
83	103	1
130	130	4
172	173	3
94	135	2
22	22	5
3	8	1
30	42	2
159	159	7
170	170	1
146	165	1
33	34	2
3	40	1
27	142	3
12	12	2
109	128	1
44	45	2
98	110	1
130	131	1
94	94	5
32	40	2
114	114	8
80	102	1
99	99	3
22	23	3
27	27	3
57	105	2
125	125	5
34	36	1
156	156	1
16	35	2
107	107	4
18	32	2
31	32	1
39	40	1
105	108	1
90	90	2
176	176	4
18	19	1
85	97	2
166	167	4
23	31	1
51	51	3
118	118	3
57	102	1
53	53	3
175	175	2
29	29	6
87	87	2
28	28	3
73	74	1
2	2	6
65	135	2
37	37	3
117	118	1
66	68	2
82	85	1
19	32	2
133	134	4
168	169	3
29	35	1
132	132	3
34	34	5
128	132	1
23	41	3
37	54	2
152	155	1
50	51	2
12	15	1
116	117	1
1	1	1
13	24	2
25	27	7
142	142	3
174	178	2
94	95	3
145	147	1
5	7	2
60	61	3
26	26	2
56	56	1
67	68	3
84	87	1
13	16	1
43	43	4
75	75	2
24	24	8
129	131	1
39	41	3
18	18	1
116	116	2
31	42	1
113	113	1
79	90	1
152	168	1
14	27	3
171	171	3
118	121	1
134	136	1
104	104	2
161	161	3
163	163	3
15	15	2
154	155	2
5	6	1
105	107	3
113	115	2
41	42	3
91	92	1
124	124	2
32	33	1
12	16	3
42	42	5
14	14	4
72	72	1
90	93	2
66	66	2
103	105	1
101	107	1
165	165	5
24	25	2
95	95	3
156	157	2
154	156	1
149	159	1
44	44	5
77	91	2
109	109	3
118	120	1
36	121	1
98	102	2
179	179	4
82	82	1
95	96	1
20	20	3
38	38	3
50	66	1
52	56	2
38	39	3
73	80	1
39	39	4
10	10	3
29	52	1
31	31	2
166	166	2
141	145	1
139	139	2
6	7	2
151	152	1
96	96	3
147	147	1
17	177	2
104	115	1
55	58	2
40	40	3
40	42	3
3	4	2
153	153	1
119	127	1
11	11	3
45	45	1
15	22	2
24	26	1
27	28	1
145	145	2
131	132	2
155	156	2
84	96	2
80	81	1
126	126	4
43	46	1
15	23	3
88	88	3
12	17	1
25	26	1
144	151	2
25	28	1
135	136	2
85	86	1
107	116	1
110	110	1
144	168	1
167	167	1
14	15	2
33	37	1
24	28	1
19	20	2
171	172	1
122	122	1
97	99	1
68	68	1
112	112	1
78	90	2
124	141	2
78	78	2
5	38	3
9	11	1
135	139	1
14	83	1
62	75	1
76	100	1
59	60	1
2	41	1
88	89	1
5	11	2
106	107	1
51	52	1
1	24	1
60	122	1
106	106	1
89	106	1
12	27	1
164	164	1
84	84	1
65	66	1
55	55	1
159	172	2
115	115	2
81	82	2
152	152	1
122	125	1
83	86	2
8	8	2
2	5	1
141	141	2
18	21	1
76	105	1
7	8	1
78	79	1
163	165	1
120	121	1
5	18	1
111	112	2
127	128	1
91	93	1
83	83	2
148	148	1
18	177	1
3	19	2
126	127	1
58	61	1
6	22	1
34	35	3
55	96	1
16	16	1
4	4	2
13	25	1
117	117	1
152	153	1
52	54	1
8	40	2
40	41	4
93	94	1
165	166	1
49	66	1
160	163	1
43	45	1
31	33	1
32	32	1
1	6	1
84	85	1
35	35	1
141	142	1
23	23	1
108	108	1
138	140	1
137	137	2
138	139	1
35	51	1
81	93	1
62	62	2
143	164	1
9	9	2
14	39	2
161	162	2
61	61	1
30	158	1
77	83	1
61	105	1
98	98	1
168	171	1
64	85	1
120	147	1
61	81	1
143	143	1
50	163	2
146	146	2
106	136	1
66	67	1
84	92	1
177	177	1
64	73	1
0	0	1
126	152	1
136	136	1
135	135	1
34	40	1
36	56	1
65	67	1
21	142	1
170	171	1
103	107	1
103	103	1
77	78	1
59	124	1
169	169	1
99	100	1
36	37	1
105	105	1
170	172	2
178	179	1
2	4	1
110	113	1
28	37	1
