45	46	3
47	128	1
151	151	1
179	181	1
17	83	1
181	181	3
56	58	1
182	182	4
148	149	2
159	159	9
5	5	1
34	35	1
192	192	2
181	182	1
53	53	1
168	168	3
109	172	1
189	190	1
134	179	3
13	128	1
36	36	3
25	41	1
176	178	2
28	28	2
16	16	3
143	145	2
1	1	1
20	34	1
127	127	2
8	16	2
175	181	1
143	178	1
84	84	2
172	172	3
107	107	2
120	127	2
53	172	1
71	71	4
20	20	4
114	122	1
102	103	1
163	164	3
38	38	2
89	90	2
162	163	3
102	102	5
33	33	2
191	191	2
130	130	3
11	44	1
54	54	3
11	12	1
68	68	3
24	25	2
48	48	1
3	6	1
28	59	2
100	109	2
51	113	2
101	102	1
146	147	1
82	82	1
50	50	3
7	8	1
28	83	2
122	122	3
22	22	1
169	183	1
143	150	1
155	155	2
70	70	2
26	26	2
137	138	1
22	23	1
96	96	1
78	118	2
16	71	1
4	4	1
46	46	2
63	64	2
194	194	3
7	22	1
154	154	3
112	166	1
27	32	1
119	119	1
13	14	2
121	122	1
104	104	2
27	85	2
90	90	1
67	68	2
17	18	3
88	88	1
153	154	1
2	7	1
179	179	2
147	147	3
99	191	1
129	130	1
180	180	4
73	73	1
141	142	2
135	135	3
21	21	4
9	9	1
160	172	2
157	157	3
120	128	2
47	47	8
142	143	1
72	72	1
103	107	1
162	164	2
178	178	2
174	174	2
27	28	1
36	40	1
20	35	2
112	113	1
97	98	1
94	94	2
183	183	3
170	171	2
143	162	1
194	195	1
187	188	1
1	2	2
125	169	2
143	167	1
185	185	2
2	64	1
147	152	1
62	63	2
11	11	1
79	154	1
187	187	1
102	107	1
179	197	1
42	42	3
50	51	1
55	55	2
125	125	1
131	132	2
69	69	1
176	177	1
148	148	2
137	140	1
51	51	5
114	167	1
137	137	1
182	184	1
135	138	3
39	43	1
41	156	2
13	13	3
26	27	3
59	59	1
184	185	1
18	18	1
190	191	1
100	100	3
124	124	1
41	41	4
106	106	1
166	167	1
122	123	2
123	123	3
13	127	1
139	153	1
20	65	1
173	178	1
157	160	1
183	197	1
140	140	5
137	146	1
179	184	1
102	132	1
106	115	1
179	180	3
129	132	2
101	101	1
186	188	1
157	173	2
1	6	1
81	82	2
161	161	1
7	7	2
34	73	1
116	135	2
139	158	2
93	93	1
197	197	1
100	127	2
165	166	4
7	25	1
47	48	1
49	49	1
74	76	1
120	120	2
116	118	1
175	175	1
78	79	1
138	157	1
74	77	1
64	64	2
60	77	1
145	155	1
193	193	1
23	156	1
154	155	2
168	169	2
43	148	1
70	83	1
89	89	1
25	26	1
136	144	1
128	128	1
172	175	2
176	176	1
196	196	2
56	57	1
173	175	1
174	190	1
150	150	1
64	66	1
34	34	2
22	42	1
114	152	1
110	193	1
128	176	1
59	62	1
3	7	2
165	165	5
32	32	3
16	17	1
37	37	2
31	31	1
105	105	1
16	46	1
117	139	1
14	14	1
58	58	1
188	188	1
29	29	2
18	40	2
152	155	1
56	56	6
143	172	1
142	148	2
6	8	1
147	154	3
144	154	2
147	181	3
94	99	1
74	74	1
113	140	2
77	77	2
144	144	2
4	8	1
110	111	2
83	84	1
101	108	1
76	139	2
46	47	1
18	20	1
186	186	3
133	154	1
177	177	1
78	119	1
63	68	1
145	145	1
134	134	2
167	167	4
155	161	2
4	120	1
6	6	1
147	153	1
81	119	1
9	43	1
59	60	3
170	170	2
65	65	1
160	160	1
57	57	1
46	58	1
110	110	2
154	179	1
0	1	1
139	139	1
8	119	2
163	163	5
113	131	1
128	160	1
112	112	2
8	71	1
31	42	1
47	49	1
23	32	1
40	41	1
121	121	1
104	131	1
86	87	1
155	179	1
145	148	1
62	62	1
114	124	1
167	169	1
0	34	1
117	117	1
119	131	1
189	189	1
195	195	1
25	62	1
150	152	2
133	165	1
185	186	3
126	127	2
111	155	1
7	24	1
178	180	1
186	196	2
107	108	1
18	26	1
113	113	2
179	187	1
42	44	1
118	118	1
5	33	1
116	116	1
75	76	1
115	130	1
2	34	1
76	76	1
142	142	1
7	88	1
149	149	1
186	187	2
114	114	1
134	135	1
98	98	1
100	190	1
78	189	1
148	176	1
41	42	1
51	54	2
100	101	1
184	184	1
76	83	1
86	86	1
153	161	1
5	6	1
142	167	1
61	82	1
21	42	1
23	31	1
148	191	1
133	133	1
154	158	1
35	73	1
16	33	1
138	139	1
45	45	1
122	124	1
161	162	1
4	57	1
52	53	1
40	40	2
126	126	1
101	103	1
153	190	1
156	157	1
