1	1	7
164	165	1
57	78	2
103	103	4
62	65	1
136	136	3
120	124	2
150	190	1
19	27	1
79	80	2
21	22	2
138	138	1
98	101	1
121	121	5
76	76	2
18	20	1
98	98	2
57	57	3
184	184	6
82	82	2
175	175	5
109	109	7
60	60	3
129	129	2
124	124	1
0	15	1
78	79	3
127	127	4
26	48	1
5	6	1
40	40	5
113	135	1
91	91	4
167	168	1
52	84	2
17	22	1
153	153	4
105	105	3
9	9	2
26	26	2
69	69	4
35	36	2
4	4	2
116	116	3
20	20	4
45	45	1
55	56	5
19	46	2
33	33	1
150	163	1
63	63	3
141	141	2
67	68	1
154	154	7
117	118	2
95	99	1
108	113	1
102	111	1
109	144	1
10	25	1
77	77	6
76	122	1
70	116	1
168	168	4
21	27	2
46	47	3
128	167	1
18	19	5
149	149	4
96	96	5
97	97	2
57	71	1
80	80	1
135	135	7
128	128	4
115	117	3
30	81	1
22	22	7
77	78	8
48	48	8
137	138	1
93	111	1
68	70	1
2	2	7
11	11	3
24	186	1
35	35	8
38	38	2
158	158	3
58	58	3
133	133	7
72	72	4
112	112	4
88	88	8
131	131	3
74	75	2
116	118	2
5	16	2
25	26	2
37	38	6
163	164	1
120	121	3
155	156	5
59	59	4
54	56	3
174	175	1
30	33	1
149	150	1
31	32	3
115	116	3
82	83	1
186	186	2
152	152	7
102	105	1
95	96	4
2	3	1
55	55	5
30	30	6
99	100	2
78	78	4
7	7	6
183	185	1
94	95	2
151	152	2
181	181	1
10	10	5
176	176	3
85	85	5
56	139	1
0	0	4
16	16	5
140	140	3
18	21	1
67	80	1
24	38	1
52	52	2
60	108	2
72	73	2
70	119	1
40	42	2
114	114	2
26	27	2
114	139	1
67	67	3
70	71	2
2	15	2
132	159	2
60	61	1
89	89	6
39	40	2
14	19	1
60	62	2
92	92	4
0	1	3
61	62	2
75	75	3
107	115	2
169	169	7
126	127	1
184	185	2
145	147	1
141	150	1
56	57	6
38	39	4
21	21	4
76	101	1
179	179	1
110	110	2
124	126	1
68	72	1
90	90	7
90	91	2
6	6	2
23	37	4
118	118	1
69	144	1
73	74	1
31	34	1
129	153	1
173	174	2
13	24	2
7	24	1
74	77	1
80	84	1
36	36	1
84	85	1
12	12	2
8	15	3
22	44	2
16	45	1
22	155	1
152	153	3
115	115	2
58	59	1
101	108	2
133	136	1
73	73	2
119	152	2
27	27	2
86	86	5
3	4	1
162	162	3
77	110	1
169	170	4
13	13	3
87	102	1
150	150	3
99	99	5
151	151	2
145	145	4
120	120	2
115	119	1
41	177	2
148	148	1
83	84	1
24	24	6
100	102	2
32	48	1
60	107	1
159	162	1
187	187	2
79	79	3
147	147	10
37	37	3
56	56	6
147	161	1
34	38	1
123	129	2
18	18	4
142	142	1
170	170	4
68	172	1
123	123	2
32	32	4
71	72	1
132	133	2
124	136	3
36	37	2
42	42	3
125	125	1
143	143	2
23	24	2
83	83	7
153	156	1
140	141	1
12	15	1
109	110	2
0	176	1
59	60	1
5	59	1
29	33	2
17	19	1
106	110	1
113	115	1
56	89	3
115	133	1
97	98	2
100	111	1
7	16	1
15	37	2
122	132	1
129	135	1
24	177	2
169	184	1
14	14	3
110	113	3
30	82	1
0	18	1
148	149	4
12	24	1
37	153	1
159	163	1
3	6	2
8	23	1
144	144	2
156	156	2
94	94	2
129	134	1
132	154	1
11	25	2
108	108	2
14	20	1
161	161	2
177	177	5
81	111	1
93	93	4
23	25	3
66	66	2
47	47	4
43	43	3
73	146	1
75	76	1
137	137	4
81	82	1
130	130	1
64	64	2
86	87	2
46	46	1
146	158	1
30	31	1
107	107	4
19	30	4
93	94	2
114	127	1
117	117	2
146	146	3
41	41	2
112	144	1
70	70	3
107	108	3
11	14	1
157	157	1
128	169	1
10	12	1
39	39	1
105	132	1
155	155	2
12	45	1
86	106	1
130	132	3
188	188	3
43	44	1
43	46	2
137	139	1
100	101	2
111	112	3
18	37	2
13	26	1
2	37	1
19	19	2
91	92	1
142	143	1
1	2	6
92	99	1
96	98	2
7	8	1
153	154	1
31	48	1
33	35	1
126	132	1
124	135	1
15	15	5
96	102	1
121	123	1
20	34	1
139	139	2
80	91	1
130	135	1
58	60	2
185	187	2
112	139	1
190	190	1
13	21	1
38	95	1
63	111	1
23	38	1
19	35	1
19	20	2
24	26	2
146	169	1
22	24	1
1	38	1
116	117	2
3	3	3
42	46	1
79	83	1
177	178	2
124	125	2
104	107	1
44	44	1
65	65	1
58	128	1
88	101	2
34	127	2
41	83	1
35	114	1
106	107	3
77	185	1
37	118	1
126	126	2
22	69	1
139	140	1
146	157	1
24	25	1
90	109	1
88	102	1
45	48	1
68	68	2
174	174	1
113	114	1
74	74	2
57	61	1
34	34	1
47	177	2
54	73	1
125	137	1
53	53	1
159	185	2
6	61	2
150	151	2
56	77	1
103	104	2
15	39	1
5	18	1
23	152	1
16	36	1
25	25	1
184	188	1
9	10	1
35	37	3
84	84	1
46	71	2
76	78	1
15	16	1
178	178	2
90	110	1
49	89	1
65	66	1
104	106	1
4	5	1
119	137	1
28	36	1
55	123	1
17	18	1
103	141	1
59	61	1
122	126	1
80	81	1
110	169	1
134	135	1
119	120	1
92	93	3
71	112	1
109	117	1
160	162	1
131	132	1
8	24	1
10	26	1
45	46	1
78	81	1
101	103	1
149	163	1
134	134	1
90	106	1
185	185	1
16	48	1
53	55	1
85	110	1
75	101	1
13	35	1
18	32	1
13	14	1
144	162	1
135	136	1
87	142	1
111	111	1
118	123	2
175	176	1
28	29	1
8	28	2
133	134	1
72	79	1
111	113	1
5	5	1
162	163	1
2	6	1
101	101	1
100	100	1
81	81	1
123	127	1
132	132	1
6	7	1
83	89	1
185	186	1
118	130	1
40	41	1
66	68	1
77	123	1
95	116	1
77	83	1
164	187	2
126	137	1
45	95	1
41	42	1
184	189	1
80	92	1
38	97	1
113	113	1
122	122	1
15	44	1
104	104	1
146	148	1
