96	96	1
87	87	4
42	42	3
37	37	3
63	64	1
24	24	1
93	100	1
117	117	5
53	75	1
39	39	2
117	118	1
67	72	2
85	106	1
62	63	3
93	93	2
132	132	6
129	134	1
84	129	1
128	128	1
124	124	2
75	75	2
136	136	1
0	0	5
131	133	2
102	109	3
20	21	4
60	60	2
115	117	3
135	135	3
21	21	1
16	16	4
60	122	1
102	124	1
13	13	6
101	101	2
53	77	3
80	108	1
100	101	1
22	22	4
107	107	3
59	59	1
33	33	4
69	69	1
78	86	1
55	55	3
41	42	2
26	26	1
70	70	1
30	30	3
108	109	2
118	119	2
86	89	1
38	38	6
31	31	2
55	73	1
12	47	2
120	120	1
85	85	1
127	129	2
72	72	3
19	19	2
119	119	2
15	16	1
90	130	1
61	77	1
65	66	1
86	87	1
81	108	1
118	123	1
131	132	3
63	63	4
122	123	1
51	51	1
17	17	1
130	130	4
50	75	2
59	60	1
108	108	2
9	11	2
95	111	1
8	8	3
133	134	1
93	97	2
118	128	1
126	126	2
66	71	3
102	102	1
93	96	2
15	97	1
105	107	1
121	122	2
81	81	1
91	91	1
95	95	1
91	111	1
9	21	1
22	27	1
140	140	1
129	139	1
51	76	1
137	140	1
101	102	3
109	109	1
129	130	1
79	84	1
83	83	1
132	133	3
79	79	5
104	104	2
50	51	2
4	4	1
87	125	1
94	94	1
66	66	1
31	34	2
134	134	1
143	143	4
17	21	1
50	50	1
27	27	1
4	6	1
118	139	1
25	25	2
143	145	1
20	58	1
126	128	2
57	57	1
66	68	1
96	134	1
68	68	1
123	127	1
84	86	1
14	14	2
20	56	1
66	67	1
141	142	2
69	70	1
82	85	1
99	101	1
2	3	1
92	95	1
74	76	1
1	1	2
141	141	3
23	23	2
90	92	1
41	41	2
142	142	1
131	142	1
131	134	2
35	35	1
34	34	2
28	28	2
6	6	1
116	116	1
112	112	1
113	113	1
92	94	1
30	128	1
76	77	1
48	48	1
13	98	1
70	74	1
23	24	3
122	128	1
137	137	1
36	37	1
123	128	1
16	96	1
38	40	1
137	138	1
72	73	1
94	95	1
118	118	1
89	90	1
18	18	1
65	65	1
103	103	1
133	133	1
4	5	1
120	122	1
126	127	1
114	114	1
39	79	1
58	58	1
123	123	1
48	49	1
56	83	1
22	61	1
84	84	1
119	142	1
140	141	1
5	5	1
67	109	1
120	140	1
86	103	1
101	124	1
112	114	1
84	85	1
31	32	1
3	5	1
105	106	1
122	122	1
144	145	1
75	76	1
18	21	1
132	134	1
110	110	1
89	89	1
