16	21	2
8	36	1
26	26	10
149	150	4
146	147	4
162	163	1
153	156	1
10	12	1
37	37	6
110	113	2
61	61	2
41	41	9
140	140	7
159	160	2
110	166	1
77	91	3
57	61	2
42	43	6
4	4	1
102	102	10
18	18	13
86	147	1
19	20	1
40	40	15
167	167	5
84	84	13
185	185	10
129	162	2
12	12	4
177	178	2
158	158	6
124	145	1
87	139	1
99	100	6
158	162	1
33	33	5
100	100	7
150	150	12
43	44	5
52	53	3
97	100	1
55	177	2
142	142	9
179	181	3
147	147	8
125	125	8
107	173	1
129	129	3
32	33	2
11	11	6
89	118	1
118	118	10
138	139	3
148	148	6
27	91	2
148	152	2
62	169	2
152	155	4
43	43	7
11	12	5
179	179	7
170	170	9
139	139	12
163	164	4
74	84	5
0	1	5
164	169	1
7	62	1
38	38	10
28	29	2
109	109	15
72	73	5
10	10	2
130	151	2
58	144	2
140	141	2
70	102	3
45	46	1
74	85	6
179	180	4
47	47	16
166	168	6
87	145	2
14	15	5
103	104	1
9	41	2
146	146	5
84	173	1
152	152	6
47	154	1
40	90	3
7	77	3
58	73	4
86	87	4
115	115	4
92	140	1
41	140	1
184	185	4
173	173	8
80	80	12
68	71	2
186	186	10
44	44	7
105	133	2
86	86	8
177	185	1
37	109	2
22	33	2
22	23	5
169	169	8
55	178	3
85	85	10
52	156	2
87	148	3
36	36	2
76	77	3
97	98	4
181	182	2
8	38	2
67	70	3
153	153	12
16	47	1
114	139	1
45	45	6
95	102	2
90	90	9
122	124	4
164	165	5
133	133	6
37	38	5
96	97	7
137	138	4
16	42	3
11	41	1
35	35	2
114	115	4
134	135	2
59	71	5
57	83	1
85	86	3
1	1	6
189	189	6
86	139	2
14	22	1
65	71	3
119	121	2
38	42	3
109	114	1
136	137	3
74	77	4
23	23	8
77	143	1
178	178	5
31	31	7
8	8	8
3	3	8
174	174	9
94	185	3
20	20	3
104	138	3
4	5	5
60	72	5
111	111	13
63	63	5
61	65	2
148	185	1
20	23	2
136	138	1
58	58	3
74	74	6
26	27	4
122	122	13
79	111	2
59	59	3
58	78	5
1	2	3
21	21	3
86	182	4
152	153	3
108	164	1
176	179	2
167	168	3
190	190	4
54	55	3
173	174	5
77	77	13
56	56	10
149	149	14
121	184	4
141	177	2
22	24	7
103	103	8
163	165	2
44	47	2
105	107	1
48	48	4
48	49	1
87	87	9
10	42	1
130	167	1
76	174	2
108	110	1
120	120	9
138	140	2
18	20	3
129	131	2
124	159	2
134	137	1
22	22	2
91	173	1
12	13	5
134	134	10
108	109	4
152	154	3
172	173	5
68	68	7
23	112	2
7	8	4
72	72	7
184	184	5
122	151	1
34	38	1
6	6	10
89	94	4
94	94	3
131	178	1
157	158	5
136	167	1
116	116	4
62	62	5
129	170	1
96	98	1
97	97	5
83	83	4
11	37	2
164	164	7
25	27	1
94	95	4
139	140	1
12	21	2
154	154	11
76	76	11
175	175	6
79	79	13
10	15	1
74	75	7
124	184	1
15	20	2
127	162	1
41	66	3
162	167	2
130	168	1
159	159	3
55	56	6
188	189	4
97	185	1
54	54	4
169	170	6
75	75	5
41	44	1
189	190	5
122	123	8
114	114	5
103	176	2
125	160	3
137	137	1
182	183	9
123	124	3
123	125	1
32	32	4
113	113	14
111	119	5
154	156	1
53	95	1
58	79	1
145	145	4
116	118	3
74	87	1
41	124	2
68	183	2
56	57	7
55	55	10
166	167	4
176	176	7
150	151	3
81	81	1
132	134	1
177	177	3
88	89	3
54	129	1
73	76	1
96	96	8
53	63	3
124	124	6
162	162	8
119	151	1
12	14	3
134	139	1
89	129	2
82	83	3
9	42	2
182	182	15
71	77	1
175	176	3
188	188	6
71	71	4
175	179	1
60	187	1
30	31	3
104	104	14
28	187	1
85	102	5
22	112	1
38	67	2
126	127	1
57	57	14
112	113	6
33	97	1
158	161	1
88	141	3
153	160	2
119	119	2
67	67	2
154	155	3
36	37	1
77	78	2
155	157	1
53	54	2
113	121	2
147	148	8
95	95	6
112	112	5
30	95	1
103	108	1
79	80	4
111	112	4
20	21	7
58	59	5
126	126	1
15	19	1
16	20	2
131	169	1
17	17	3
106	107	9
183	183	5
34	34	4
2	2	9
164	167	1
160	160	5
133	189	1
110	111	3
164	177	1
154	186	1
113	118	1
64	64	3
94	109	1
126	160	1
90	91	1
175	181	2
131	168	1
153	154	5
155	156	2
46	149	4
92	185	1
10	11	2
59	60	5
46	47	5
15	15	5
53	181	1
88	88	7
37	133	1
60	60	5
62	179	1
147	149	4
5	6	6
90	141	2
88	139	2
144	144	5
13	20	1
12	15	2
78	82	2
155	155	7
158	159	2
76	84	1
59	78	1
92	92	2
42	145	2
60	61	4
121	122	4
95	126	3
130	131	2
103	136	1
99	113	1
89	90	6
71	186	2
133	134	4
87	185	2
46	154	4
174	176	1
42	42	6
65	67	2
89	89	8
86	185	1
7	41	1
113	115	2
142	144	2
13	31	1
134	136	1
44	180	1
12	35	1
186	187	3
125	126	4
13	14	1
168	169	1
78	83	1
6	8	1
97	99	3
73	74	2
8	68	4
23	24	2
37	189	1
75	87	2
138	138	7
107	108	3
37	139	1
48	182	2
102	176	1
109	113	2
177	180	1
14	14	4
168	168	8
107	168	1
110	146	1
2	3	5
149	154	1
41	47	1
82	82	3
63	66	1
107	107	2
166	170	2
121	124	1
34	36	1
38	141	2
73	73	2
56	177	1
59	74	2
105	168	1
98	99	1
181	181	5
186	190	1
142	182	1
75	86	3
99	177	1
151	151	6
99	166	2
171	174	5
130	130	5
25	25	7
152	157	1
76	83	3
116	117	2
16	184	1
17	136	1
123	176	1
41	42	2
163	167	2
166	166	3
84	103	1
64	65	2
90	142	1
171	171	3
161	162	2
106	139	1
28	30	1
16	16	6
174	175	3
165	177	2
13	13	6
73	82	1
172	174	1
28	89	1
13	21	2
121	121	4
156	156	1
44	147	1
127	128	4
87	184	1
100	164	3
109	110	4
8	10	3
135	136	1
178	179	3
139	170	2
173	176	1
107	134	1
72	188	1
78	79	5
78	86	1
111	177	2
110	115	1
104	168	1
89	142	4
31	139	1
127	127	4
74	83	1
91	93	2
104	105	5
24	24	8
60	74	2
36	136	1
114	116	4
148	149	5
166	169	2
2	4	1
13	34	2
58	80	1
164	171	1
7	86	1
17	105	1
53	62	1
27	31	2
125	159	1
141	141	9
56	78	2
15	16	3
120	121	3
131	131	1
24	25	3
110	144	1
132	179	1
136	136	2
124	183	1
84	85	6
41	176	4
183	184	4
145	184	1
76	86	1
90	92	3
62	63	3
108	108	3
187	188	5
84	102	3
61	62	3
95	185	2
19	19	3
93	93	2
70	71	3
117	160	1
111	146	1
110	161	2
78	143	1
61	63	2
124	156	1
165	165	1
7	7	6
24	120	1
147	183	1
139	142	2
5	5	5
75	76	3
104	106	2
115	121	1
68	176	1
148	155	2
57	58	2
127	152	1
163	163	6
155	159	1
85	110	1
182	184	2
47	48	1
114	129	3
39	39	3
86	101	2
128	128	3
116	119	2
44	181	2
118	119	1
0	0	5
17	35	1
101	103	1
152	160	1
15	31	1
40	41	1
125	166	1
156	159	3
70	70	1
79	112	2
137	166	1
58	61	2
47	57	1
57	122	3
183	190	2
180	180	2
108	116	1
14	21	4
85	146	1
37	67	1
96	101	3
38	39	3
117	117	2
149	184	1
172	172	4
78	78	7
86	190	2
72	100	1
32	39	1
102	104	2
66	66	4
26	28	1
53	53	3
55	62	1
96	99	2
96	113	2
9	10	2
38	54	1
74	171	1
38	143	1
148	156	1
25	57	1
16	137	1
172	175	2
103	138	1
171	173	1
161	161	2
10	80	1
101	102	2
160	162	1
59	111	2
185	186	3
98	98	6
40	173	2
104	135	1
36	68	1
105	108	1
141	144	1
27	79	1
29	140	1
65	66	1
128	175	1
81	83	6
149	155	2
95	109	1
108	113	3
87	103	3
81	82	2
43	136	1
115	117	1
38	184	1
103	137	3
123	183	1
101	101	6
54	161	1
128	185	1
62	170	1
99	123	1
39	184	1
103	177	1
160	161	3
140	187	1
145	146	2
99	99	5
119	149	1
119	120	2
131	133	2
186	189	1
17	18	2
155	158	3
130	133	2
77	90	1
21	22	2
126	162	1
102	103	1
8	37	1
99	183	1
13	15	1
105	106	1
99	169	1
8	70	1
83	84	2
39	40	5
78	172	1
86	103	1
80	81	3
165	167	1
110	143	1
83	85	2
103	134	1
131	137	1
66	67	3
6	7	3
117	119	2
125	127	1
123	123	5
26	174	4
77	84	1
80	82	4
18	19	2
59	73	1
124	147	1
63	106	1
109	166	1
33	39	2
16	41	2
90	135	1
75	140	1
13	32	2
106	106	5
75	189	1
65	65	2
132	132	2
125	156	1
139	178	1
44	45	2
57	178	1
170	177	2
41	175	1
40	94	1
98	185	1
121	155	1
87	153	1
16	35	1
154	182	1
36	135	1
124	158	1
132	151	1
88	90	1
137	169	1
183	185	1
94	126	1
55	63	1
30	188	1
110	110	3
56	60	2
22	31	1
76	78	1
95	96	2
18	137	1
66	71	1
183	189	1
162	170	2
38	173	1
91	91	2
124	166	1
129	163	1
38	110	1
74	187	1
77	83	1
54	56	1
124	125	1
149	151	1
55	64	1
127	183	2
67	102	1
129	130	1
9	11	2
104	167	2
140	171	1
67	107	2
25	80	1
14	24	1
168	172	1
108	166	1
105	105	1
74	102	1
73	78	1
139	189	1
17	103	1
86	183	2
86	121	1
89	91	1
90	140	1
88	129	1
34	35	1
153	155	1
42	176	1
117	129	1
46	53	1
127	154	1
27	33	1
171	172	1
29	29	1
16	17	1
141	170	1
71	73	2
5	32	1
122	176	1
95	124	1
86	187	1
123	156	1
104	137	1
11	15	1
26	187	1
11	39	1
21	36	1
68	70	1
72	78	1
14	20	1
46	46	1
49	49	2
43	144	2
39	186	1
77	86	2
39	133	1
53	154	1
28	28	3
17	20	1
56	58	1
74	82	1
100	102	1
61	67	1
121	123	1
143	183	1
148	153	1
93	144	1
95	97	1
94	103	1
103	106	1
180	181	2
83	173	1
110	119	1
157	157	1
57	82	1
76	85	1
182	185	1
117	148	1
128	149	1
74	136	1
40	143	1
52	52	1
28	31	1
9	9	2
84	104	1
67	106	1
131	151	1
71	72	1
187	187	1
13	36	1
97	184	1
35	36	1
42	177	1
93	94	1
27	27	2
110	175	1
111	113	2
37	68	1
15	189	1
170	178	1
38	40	1
54	125	1
123	159	1
184	186	1
23	142	1
14	36	1
156	157	3
123	152	1
142	180	1
12	37	1
63	64	1
109	164	2
44	46	1
187	189	1
56	62	1
108	137	1
34	136	1
11	14	1
127	130	1
14	35	1
118	133	2
78	80	1
178	180	1
7	38	1
168	170	1
92	94	1
109	165	1
87	128	1
58	83	1
60	129	1
37	42	1
42	124	1
36	138	1
73	84	1
156	161	1
87	183	1
27	30	1
66	68	1
61	140	1
167	169	1
33	36	1
30	32	1
57	62	1
48	142	1
94	171	1
120	155	1
45	47	1
162	166	1
119	159	1
68	107	1
