2	2	6
92	94	1
18	37	1
84	86	1
82	83	3
150	150	4
17	18	1
9	10	3
13	53	1
58	62	2
10	17	2
113	113	7
7	8	3
99	134	1
7	14	2
16	16	4
43	44	1
115	115	10
154	155	1
65	65	4
53	54	2
77	79	2
77	103	1
111	111	4
49	50	6
140	141	3
160	160	5
64	162	2
14	14	9
126	126	4
100	100	5
145	145	8
93	97	1
57	57	3
15	15	7
138	142	1
6	7	7
34	35	6
18	19	3
139	139	8
68	68	6
96	96	6
70	132	2
88	119	1
152	152	4
163	164	3
18	18	9
70	70	7
26	26	5
120	130	3
110	110	10
52	52	6
1	78	1
167	167	4
2	11	2
146	170	1
44	44	8
141	141	1
153	163	1
37	37	5
87	89	2
78	119	1
140	140	3
79	79	5
129	131	4
77	78	2
98	98	6
142	142	7
99	147	1
4	4	5
81	81	3
42	43	2
63	64	2
124	129	1
42	42	11
92	92	1
108	150	1
84	114	2
161	164	4
12	13	1
77	77	4
125	125	3
75	75	5
85	85	8
6	14	1
1	1	8
91	92	1
50	51	3
25	46	1
124	124	4
47	47	4
73	164	1
96	117	1
51	82	3
73	96	1
133	133	2
88	88	7
128	129	4
63	63	10
101	101	6
168	168	5
84	84	4
55	131	1
84	85	6
50	52	2
122	125	2
136	137	4
27	27	7
38	38	4
56	56	7
135	135	4
112	113	3
51	51	11
112	112	4
122	131	1
20	51	2
42	53	1
82	82	3
2	76	2
151	151	5
0	13	1
24	90	1
91	95	1
8	23	3
43	43	7
5	5	6
17	56	1
162	162	5
5	45	2
9	9	4
16	40	1
65	66	2
17	25	1
6	6	9
99	99	3
132	169	1
118	118	4
56	166	1
57	62	2
78	79	4
148	162	1
45	46	3
72	72	5
16	17	1
14	17	1
49	49	6
73	150	1
34	34	7
73	80	2
7	7	3
62	62	8
123	123	3
137	137	4
2	38	1
42	82	1
20	41	3
129	133	2
46	100	1
85	87	2
164	164	6
50	50	7
117	163	1
131	168	3
129	130	4
0	1	3
48	160	2
76	76	7
76	82	1
3	38	1
123	131	2
144	144	1
78	80	2
39	49	1
13	13	4
159	159	4
61	64	1
25	26	1
55	56	5
74	74	1
165	165	4
15	65	1
76	77	1
83	121	1
6	169	1
148	149	4
134	134	1
106	106	3
128	144	4
151	152	3
111	112	2
166	166	7
12	126	1
44	45	2
104	104	7
149	149	4
40	40	6
78	78	4
64	90	1
52	69	1
90	90	9
58	58	4
67	72	2
0	0	6
5	7	3
48	49	2
35	35	5
104	105	2
77	81	2
13	14	1
121	122	8
54	54	3
46	56	2
54	55	3
39	40	6
153	154	1
90	91	3
48	157	1
11	11	6
139	166	1
87	87	6
62	63	2
120	121	6
12	12	2
109	109	5
18	20	1
124	163	1
22	23	2
128	128	5
76	79	4
27	28	4
57	68	1
45	133	1
108	108	6
41	42	2
95	95	1
156	156	3
1	105	1
71	71	3
122	122	2
103	103	3
2	27	1
161	162	4
139	142	1
84	87	2
47	104	1
12	26	1
117	122	3
36	36	5
17	17	7
71	72	3
83	83	8
63	70	1
4	44	1
131	131	5
20	20	6
21	24	2
107	107	5
82	126	1
74	76	2
91	96	2
146	146	3
38	41	3
12	107	1
69	70	5
81	124	1
39	39	3
153	162	2
94	94	6
126	127	2
57	58	5
118	122	2
15	27	1
101	103	3
37	50	1
116	118	6
10	10	7
70	90	1
134	135	1
148	148	2
108	159	2
167	168	1
8	8	9
69	69	8
86	87	5
10	54	3
57	159	1
11	12	3
17	20	1
46	132	1
86	86	11
22	135	3
130	158	1
5	134	2
0	79	1
25	25	4
147	147	4
3	56	1
20	22	1
104	133	1
114	115	3
100	105	1
127	127	3
3	25	1
95	146	1
168	169	5
9	38	2
89	89	6
19	38	1
2	34	1
5	169	1
40	47	1
135	166	3
88	89	2
28	28	3
119	119	6
153	153	1
80	80	3
128	130	2
108	113	1
3	5	1
21	21	5
118	148	1
129	129	3
91	91	8
72	73	4
64	64	4
53	53	3
84	93	3
80	83	2
129	165	1
67	68	1
65	163	1
63	96	2
3	146	1
68	69	1
52	65	1
57	71	1
36	54	1
130	130	1
47	49	2
139	140	2
58	71	1
13	134	2
120	120	1
102	102	2
142	156	1
6	46	1
145	149	1
111	152	1
64	69	1
128	170	2
155	155	4
123	132	1
73	73	3
71	78	1
83	98	1
9	54	1
87	124	1
71	98	1
44	134	1
4	134	3
46	46	2
74	170	1
106	130	1
125	131	1
156	162	1
165	166	1
169	170	3
41	140	2
124	125	1
145	166	1
131	132	1
81	84	2
56	57	1
21	22	4
106	107	3
47	103	1
100	104	1
51	52	2
162	163	1
70	72	1
114	114	2
97	97	2
19	54	3
3	3	3
8	9	3
4	169	1
10	135	1
88	92	1
66	72	1
161	161	3
25	42	1
119	128	1
11	108	1
119	151	2
1	35	1
70	78	2
53	55	1
14	42	2
119	132	1
39	50	2
137	158	1
19	19	1
5	46	1
105	106	3
56	64	1
19	141	1
102	103	2
113	114	5
41	56	2
108	109	2
5	170	1
65	73	2
17	55	1
155	165	1
135	138	3
38	88	1
119	122	1
64	141	2
113	149	1
154	154	1
84	129	1
162	164	2
12	110	1
7	27	2
64	73	1
8	53	1
90	126	1
58	130	1
67	69	2
101	114	1
87	123	1
136	136	1
23	23	7
35	107	1
37	38	4
20	21	2
121	128	1
37	43	1
16	55	2
93	94	1
143	168	1
57	121	1
57	98	1
111	113	1
107	111	1
62	108	1
45	45	1
77	84	1
0	2	1
18	22	1
127	167	1
133	134	1
79	87	1
10	37	1
18	117	1
130	151	1
100	103	1
74	91	1
160	161	1
5	6	2
1	103	1
74	153	1
67	161	1
74	79	2
0	16	2
93	93	2
107	110	4
97	106	1
18	50	2
15	52	1
143	143	7
89	91	2
98	118	1
138	138	4
163	163	4
132	132	5
75	76	1
125	168	2
41	88	1
116	117	1
64	65	1
24	40	1
40	51	4
55	55	3
123	125	1
55	79	1
71	80	1
4	27	1
104	106	4
96	98	1
119	169	1
20	50	1
140	157	1
131	164	2
38	47	1
152	153	2
2	48	1
144	145	3
13	15	1
9	110	1
13	25	1
28	158	2
2	134	1
81	102	2
14	16	2
133	139	1
147	154	1
22	22	3
16	19	1
95	96	1
41	41	3
83	119	1
96	99	1
79	91	1
105	109	1
83	84	1
105	113	1
143	144	1
91	93	2
15	56	1
72	123	1
149	161	1
2	77	2
7	26	1
46	82	1
70	75	1
1	130	1
69	137	1
23	51	1
27	45	1
92	93	6
47	56	1
2	75	1
170	170	1
82	84	2
100	106	1
76	78	1
146	147	1
100	110	1
141	160	1
126	169	1
127	128	1
144	155	1
61	88	1
21	47	1
1	120	1
108	140	1
3	4	1
124	167	1
23	24	1
98	100	2
65	164	1
34	108	1
4	26	1
156	157	1
53	75	2
38	39	1
19	93	1
115	117	1
81	83	1
122	127	2
113	151	1
122	130	1
125	126	1
49	52	1
97	105	1
37	135	1
8	10	1
78	85	1
14	15	3
61	62	1
100	111	2
127	166	1
54	113	1
19	20	1
165	167	1
0	81	1
143	147	2
37	56	2
25	27	1
47	48	2
47	143	2
110	153	1
80	81	2
39	41	1
102	166	1
119	159	1
9	52	2
158	158	1
13	27	1
126	170	1
107	150	1
73	75	1
66	78	1
103	150	1
85	86	1
46	134	2
69	76	3
136	144	1
135	137	2
68	159	1
36	37	1
1	75	1
130	168	1
11	56	1
8	13	1
96	97	1
95	145	1
45	135	1
88	163	2
101	102	1
98	99	2
143	145	1
67	75	2
103	115	2
163	165	1
125	130	1
21	44	1
66	70	1
73	91	1
63	69	3
1	129	1
55	143	2
86	94	1
157	157	1
2	3	1
92	95	1
86	89	1
99	117	1
38	44	1
19	117	1
57	118	1
135	136	1
15	40	1
153	159	1
147	148	1
58	63	1
47	100	1
69	138	2
122	133	1
145	146	1
26	139	1
115	121	1
33	34	2
130	165	1
94	164	1
53	78	1
115	116	1
132	136	2
99	102	1
54	164	1
105	107	1
75	91	1
49	74	1
34	47	1
142	145	1
64	116	1
125	169	1
13	162	1
110	112	1
169	169	1
97	100	1
62	90	1
72	140	1
124	127	2
124	130	1
103	166	1
155	161	1
159	163	1
1	76	1
90	124	1
97	151	1
53	168	1
17	41	1
6	16	1
108	110	1
125	161	1
135	144	1
68	75	1
150	153	1
48	48	1
22	39	1
124	145	1
0	86	1
55	167	1
