47	47	2
16	21	1
12	59	1
72	74	2
16	17	3
79	80	1
26	27	2
13	14	1
49	49	6
64	64	2
14	14	2
71	71	9
51	54	5
86	86	5
58	59	1
72	77	1
82	82	3
49	51	1
48	76	2
79	79	5
73	83	1
65	65	3
60	60	2
21	21	3
55	76	1
50	54	1
62	76	1
5	49	1
13	17	1
78	79	2
68	87	1
88	88	1
46	81	5
58	58	4
20	20	7
12	14	2
34	34	3
5	8	3
29	30	2
50	51	1
48	48	1
52	52	2
87	87	3
57	57	3
62	62	3
17	17	2
5	5	2
25	82	3
64	76	2
21	22	1
3	4	3
50	50	6
55	56	3
49	52	1
18	27	1
59	59	2
89	89	3
74	74	2
78	78	1
66	66	3
46	47	3
27	27	4
59	60	2
31	31	6
22	22	3
4	4	2
18	26	1
5	34	1
3	3	5
49	53	2
13	13	2
86	87	1
12	12	4
9	49	1
7	7	2
72	73	3
77	78	2
24	24	6
19	19	1
47	64	2
53	54	2
4	8	2
24	26	1
73	75	1
51	51	3
19	22	1
12	28	1
54	54	4
76	78	1
83	83	4
2	2	2
84	84	2
67	67	3
8	74	1
56	58	1
21	23	1
9	9	3
73	74	3
13	16	1
28	89	1
15	20	1
11	11	2
15	15	5
80	80	1
73	73	3
53	53	3
50	78	1
63	63	3
57	58	3
22	86	1
54	61	2
5	6	2
76	76	4
20	23	1
62	71	1
25	27	1
22	23	3
25	25	1
35	35	1
0	90	1
50	68	1
28	28	1
16	20	1
69	70	1
50	52	1
54	63	1
17	19	1
5	66	1
9	10	2
65	66	2
61	62	2
11	12	4
23	56	1
71	72	1
20	21	2
74	75	1
53	86	1
51	64	1
48	70	1
26	26	4
73	77	2
75	75	4
46	46	1
52	55	2
19	29	1
68	69	2
8	8	1
62	63	2
67	68	4
55	55	1
7	9	1
8	11	2
58	76	1
15	16	2
0	0	3
47	48	1
25	31	1
85	86	2
23	24	1
70	70	2
30	30	1
69	69	1
58	61	1
53	55	2
10	10	2
66	76	1
77	79	2
68	68	1
82	83	2
23	28	1
63	76	1
8	9	1
68	73	1
60	76	1
27	30	1
8	12	1
88	89	1
1	14	1
62	77	1
72	72	1
15	48	1
8	90	1
53	56	1
68	72	1
49	60	1
1	1	2
13	27	1
6	6	2
75	76	1
59	62	1
62	66	1
59	63	1
30	31	2
52	54	1
64	65	1
76	77	1
90	90	1
7	26	1
27	28	1
23	23	1
61	80	1
55	58	1
49	50	1
9	82	1
51	52	1
52	62	1
85	88	1
16	16	1
60	78	1
