64	66	4
77	79	2
25	26	1
6	8	2
11	12	4
56	58	1
55	55	1
12	12	2
5	5	2
76	76	2
47	47	5
16	37	2
38	38	1
14	14	1
33	39	3
78	78	3
36	36	5
1	1	2
75	76	1
68	69	1
30	34	1
34	34	4
45	48	1
0	66	1
59	60	3
32	48	1
10	10	5
15	15	3
60	76	3
3	47	1
71	78	2
67	68	1
45	78	1
32	33	2
62	63	2
6	7	1
57	58	1
14	15	1
58	68	1
31	31	2
0	0	1
69	69	1
51	51	3
56	57	1
74	75	2
36	74	1
34	38	2
33	33	1
40	41	2
37	42	1
9	9	3
17	17	2
66	68	1
5	8	1
67	71	1
53	54	1
2	2	3
47	57	1
7	8	1
3	4	2
71	77	1
32	32	1
31	63	1
75	75	1
65	66	1
17	62	1
71	72	1
58	58	1
57	57	4
49	49	1
64	64	1
37	40	2
68	68	1
60	60	1
4	4	2
11	11	1
46	47	1
41	42	2
48	48	2
39	39	1
69	70	1
27	28	1
49	50	1
67	67	2
39	40	1
5	7	1
30	72	1
67	76	1
9	10	1
42	42	2
63	63	1
56	71	1
38	55	1
50	50	1
39	42	1
37	38	2
46	46	1
54	54	1
77	77	2
20	20	1
27	27	1
21	21	1
65	65	1
35	35	1
16	17	1
63	64	1
77	78	1
80	80	1
47	48	1
