28	30	2
52	55	1
0	0	1
49	53	1
10	13	2
11	11	1
50	50	3
24	24	4
48	48	2
56	57	3
3	4	2
29	29	1
47	48	1
78	78	1
80	81	1
34	68	2
3	3	1
11	22	1
67	67	3
7	7	3
72	73	2
6	7	1
18	18	1
57	57	4
61	61	3
75	75	3
87	87	1
21	22	4
89	89	3
53	54	2
23	23	1
30	31	1
51	51	1
31	31	2
51	52	1
58	58	3
25	27	1
52	52	6
2	11	1
80	82	1
15	17	1
21	21	1
9	16	1
54	59	2
78	84	1
66	66	7
1	1	4
48	50	2
27	27	1
68	86	2
73	73	1
86	87	2
71	75	1
7	8	1
8	8	1
7	18	1
20	22	2
29	30	1
59	59	1
25	25	3
57	58	1
26	26	3
88	88	1
6	12	2
14	14	2
79	79	2
85	85	2
25	26	1
8	9	1
9	9	1
22	22	1
55	62	1
62	62	1
4	19	1
80	80	2
70	71	1
68	68	2
9	12	1
63	63	1
69	70	1
46	47	1
68	69	3
68	71	1
63	65	1
9	10	3
86	86	2
72	72	1
55	60	1
27	57	1
49	49	2
84	86	2
2	86	1
11	19	1
34	34	2
69	69	2
81	85	1
65	66	1
74	75	2
48	49	2
77	87	1
77	80	2
4	4	2
9	24	1
2	3	1
21	28	1
82	83	1
75	76	1
12	13	1
79	86	1
12	12	1
81	82	1
2	29	1
6	6	1
23	24	1
51	53	1
63	64	1
28	28	2
54	61	1
62	65	1
21	25	1
32	34	1
49	87	1
81	81	1
5	12	2
79	80	2
52	64	1
2	2	1
30	30	2
71	71	1
70	70	1
