46	49	1
63	85	1
78	78	5
87	94	1
127	127	3
125	125	3
40	52	1
27	27	7
144	146	4
54	55	4
77	77	9
51	51	6
5	5	4
3	4	2
101	104	3
76	80	2
0	1	4
129	143	1
56	142	2
45	51	1
79	79	4
95	95	7
123	123	6
81	89	1
18	23	2
117	117	4
26	27	3
92	93	2
121	161	4
5	6	5
107	108	6
76	77	8
105	106	1
64	159	2
83	83	4
108	109	6
73	73	4
33	33	2
96	100	1
46	46	7
6	7	5
107	109	1
5	13	1
154	155	3
13	13	10
54	131	2
12	43	2
42	53	1
47	47	4
2	2	6
44	46	2
124	124	5
21	21	2
145	145	8
158	158	3
9	9	11
83	124	2
4	4	6
169	169	5
167	167	8
91	92	5
94	101	1
41	41	7
48	48	4
99	103	2
23	23	6
11	40	1
20	20	6
28	53	1
20	21	4
58	100	2
19	19	5
14	16	1
159	160	2
94	95	2
138	156	1
165	165	4
157	157	1
45	109	2
106	106	10
52	52	4
37	37	16
57	62	2
100	100	4
56	56	7
1	2	2
102	104	6
128	128	4
88	88	11
115	116	6
88	89	6
161	163	1
35	35	9
78	82	1
153	154	7
153	153	3
87	90	1
51	52	3
6	6	7
76	79	6
17	24	1
19	45	1
130	130	2
144	144	6
75	75	6
133	133	3
151	152	2
129	129	2
19	24	2
117	118	4
10	10	9
135	136	4
10	11	1
24	24	10
105	105	10
71	71	6
62	62	2
131	132	1
6	12	2
38	38	7
108	108	15
76	76	6
40	40	8
126	127	3
137	138	2
25	56	1
80	81	5
39	39	6
15	19	2
95	96	4
93	93	5
78	83	2
102	103	2
11	11	10
50	50	5
55	55	5
91	91	2
144	148	3
47	52	2
164	164	7
106	108	1
94	94	3
26	26	5
102	166	2
82	82	2
108	111	1
8	8	6
85	86	1
53	53	7
24	25	3
22	23	4
24	40	1
62	63	6
159	167	1
39	40	3
136	137	3
109	109	3
64	64	6
99	99	6
93	106	2
158	168	1
132	137	1
158	159	2
120	122	3
112	112	4
123	124	5
7	7	7
87	87	5
65	65	2
90	105	1
119	164	1
92	92	7
83	123	3
11	143	1
118	118	3
37	39	3
144	145	4
81	81	5
114	115	2
77	86	1
11	17	2
10	13	1
123	125	5
1	1	5
160	160	10
36	36	9
63	128	1
37	49	2
162	163	2
100	101	1
35	36	3
18	18	5
114	114	7
3	6	1
111	113	2
90	90	6
63	63	3
52	54	2
165	166	1
9	10	8
115	115	8
39	47	1
17	17	5
107	107	4
5	14	4
14	24	1
134	136	1
28	77	1
54	54	2
23	51	1
155	156	6
98	98	8
112	113	4
49	49	4
127	128	1
25	25	6
164	166	2
136	136	1
134	137	1
96	96	4
13	25	1
122	124	1
126	144	1
15	15	6
57	57	2
78	79	2
86	86	5
8	9	1
103	103	2
45	69	1
36	47	1
97	97	4
167	168	6
48	108	1
105	108	1
66	67	5
63	64	5
168	169	1
38	39	2
43	44	6
162	162	2
96	163	2
67	67	3
138	138	6
39	41	2
150	150	2
157	158	3
6	13	1
2	6	2
168	168	5
24	158	1
76	78	3
27	28	2
132	133	2
161	162	1
111	112	2
42	42	7
145	148	2
40	47	1
93	94	2
68	68	6
35	43	1
26	80	1
141	143	1
85	85	5
52	53	3
116	116	5
110	110	3
148	148	6
7	8	1
86	87	4
95	117	2
111	111	6
66	66	4
132	132	6
27	81	1
96	97	4
12	16	3
55	56	2
39	49	1
70	71	1
110	111	2
159	159	2
72	72	4
136	160	2
73	83	1
12	42	1
140	141	1
21	52	1
127	149	1
2	3	1
147	148	2
77	78	7
128	129	3
53	54	1
58	62	1
78	92	1
155	155	4
121	168	1
28	28	4
69	72	2
135	135	6
39	51	1
43	43	5
62	71	1
72	76	1
150	153	2
5	12	2
101	103	1
67	79	1
92	94	2
64	70	1
89	89	5
143	144	3
80	147	1
127	129	2
163	165	3
5	27	1
152	152	5
69	69	4
21	22	3
18	21	2
44	52	2
20	144	3
63	130	1
154	154	3
15	17	2
17	22	1
5	15	2
24	101	2
24	130	1
53	55	1
20	126	1
70	70	4
91	93	1
12	12	1
73	75	1
23	58	1
127	157	2
156	157	1
15	130	2
69	125	1
134	159	1
124	125	3
20	54	1
147	147	1
80	83	1
142	142	6
120	121	3
20	125	1
74	74	4
98	99	6
146	147	1
134	134	8
84	85	3
48	50	1
83	84	1
33	44	1
131	131	4
36	49	2
122	126	1
156	156	3
119	121	5
139	154	1
66	68	1
99	165	1
139	139	6
97	98	5
95	102	4
53	56	4
58	58	1
42	56	1
90	91	4
73	91	2
122	123	1
119	160	1
69	73	1
168	170	1
119	120	4
77	105	1
50	56	2
104	104	6
120	123	1
89	90	4
89	139	2
21	23	1
150	152	1
136	156	1
101	101	2
163	164	3
43	56	1
170	170	4
96	98	1
76	83	1
143	149	3
48	49	4
45	49	1
88	98	1
91	104	1
34	35	1
142	150	2
122	122	3
82	127	4
137	137	5
37	38	1
113	113	9
17	21	1
84	84	3
118	123	1
103	104	6
87	91	1
78	80	3
24	129	2
11	13	2
13	14	2
110	113	2
127	144	1
114	124	1
88	90	2
48	52	3
120	120	4
0	0	2
134	135	4
85	115	1
81	84	1
163	163	12
37	41	2
158	167	1
17	67	1
129	163	1
100	105	1
84	114	1
45	45	4
149	150	2
71	72	2
2	134	1
139	165	1
1	42	1
108	132	1
90	94	1
11	12	1
72	93	1
86	97	1
19	145	1
12	15	1
62	102	2
0	2	1
69	74	1
105	107	2
14	15	3
138	141	1
101	102	3
82	147	2
34	34	2
95	97	1
145	151	1
20	124	1
95	100	3
16	16	3
88	106	2
87	89	1
146	146	4
38	41	1
125	146	1
145	152	1
67	68	2
13	15	1
126	126	3
114	126	1
53	127	1
88	113	1
149	149	4
89	91	1
74	75	2
25	42	2
104	105	1
160	162	1
36	37	4
113	114	2
21	124	1
92	112	2
96	101	1
1	132	1
63	70	1
37	110	1
137	144	1
18	24	1
142	144	1
138	143	1
7	10	2
16	23	1
80	80	3
49	50	2
145	146	2
83	87	1
47	48	1
133	137	1
64	90	1
62	72	1
90	92	2
14	14	2
85	101	1
71	77	2
63	71	1
110	112	1
148	149	1
127	145	1
71	81	1
169	170	1
97	162	2
46	51	1
152	158	3
152	154	1
79	83	2
22	22	3
100	103	1
109	112	1
137	141	1
7	105	1
105	165	1
85	124	1
114	116	1
23	55	2
119	119	4
100	158	1
143	143	2
90	106	1
18	20	1
86	98	2
125	126	1
118	119	1
64	67	1
16	21	1
57	120	2
2	67	1
47	50	1
71	143	1
137	157	1
56	120	2
96	118	1
95	104	1
120	127	1
20	143	1
57	111	2
112	123	1
70	144	2
19	20	1
20	22	2
115	117	2
40	41	3
15	16	1
54	56	1
17	18	2
92	95	1
119	170	1
161	161	3
16	28	1
3	3	2
150	151	2
113	166	1
11	20	1
122	154	1
109	111	1
97	163	1
74	76	1
8	11	1
44	45	2
63	131	1
161	164	1
4	14	1
98	102	1
120	160	1
164	165	1
43	55	1
99	101	2
45	46	1
93	96	1
64	65	2
86	89	1
67	132	1
101	113	1
151	151	2
117	122	1
138	149	1
141	166	1
142	143	2
16	25	2
8	10	1
115	123	1
142	154	1
36	48	1
132	142	2
80	149	1
70	72	2
46	47	1
25	26	1
56	170	1
126	163	1
138	158	1
83	86	1
81	82	1
39	48	1
102	105	1
62	113	2
79	107	1
80	89	1
44	48	1
109	110	1
26	56	1
27	79	1
12	13	1
128	130	1
82	90	1
35	37	1
64	69	1
74	80	1
14	133	1
141	165	2
20	28	1
69	70	1
109	165	1
112	116	1
90	107	1
7	13	1
47	53	2
68	70	1
126	166	1
139	142	1
68	69	1
144	149	1
67	149	1
38	159	1
70	83	1
102	102	1
15	53	1
64	129	2
118	120	1
63	65	1
28	43	2
16	128	1
162	165	1
66	70	1
23	45	1
102	120	1
17	53	1
166	166	1
67	70	1
98	119	1
77	80	1
12	14	1
22	24	1
46	48	1
