181	181	5
241	241	4
65	66	3
39	39	2
208	208	1
21	21	1
154	154	3
103	103	6
137	138	2
27	28	1
9	24	1
166	166	4
142	205	1
85	85	4
46	46	2
68	157	2
66	67	5
145	147	3
89	227	1
173	173	1
34	36	1
102	102	2
164	182	3
212	212	1
168	168	1
122	122	3
38	40	1
192	215	1
29	159	1
79	83	1
52	52	3
179	180	1
204	208	1
199	199	4
38	38	7
64	65	1
5	6	3
136	137	1
15	15	2
227	227	3
170	221	1
76	76	6
58	58	3
24	155	1
14	14	6
155	214	1
194	194	2
151	151	1
120	120	1
44	44	3
138	177	2
41	41	3
99	210	2
82	82	6
197	197	4
11	11	4
177	177	3
53	55	3
12	14	3
3	4	5
136	142	3
225	225	1
61	63	1
33	197	4
28	55	2
8	8	2
193	193	4
114	199	2
22	157	1
221	231	1
20	20	3
96	96	1
153	153	1
177	228	2
74	74	3
47	47	3
64	113	1
145	145	4
30	30	3
206	206	2
159	189	4
75	75	3
192	232	1
148	148	3
169	169	3
171	171	3
154	155	1
77	80	1
67	84	2
15	30	1
29	29	4
7	7	1
171	228	2
151	158	3
143	143	2
4	6	2
109	109	3
115	116	1
1	65	1
98	98	3
1	6	1
43	43	4
201	201	3
213	213	4
187	187	2
77	88	1
234	234	1
169	176	3
55	85	1
76	127	1
191	219	1
68	69	2
182	182	8
146	226	1
46	47	1
192	192	2
50	89	1
74	75	1
203	203	1
220	220	2
1	22	1
0	3	1
106	106	4
79	180	2
77	78	3
62	121	1
187	190	2
101	208	1
137	144	1
150	158	1
100	106	1
53	53	1
180	181	2
77	77	3
36	36	2
44	53	2
18	185	1
195	195	2
99	118	1
125	126	1
100	100	2
40	212	1
140	141	1
128	129	1
70	70	7
84	114	1
1	5	1
139	139	1
64	105	1
163	163	2
82	176	1
86	97	1
177	199	2
28	28	2
80	80	2
14	15	1
192	194	2
214	214	1
24	35	1
134	135	1
146	146	1
179	212	1
100	173	1
54	54	2
81	83	4
58	60	3
14	52	2
86	105	2
167	168	5
67	152	1
16	16	1
44	45	2
19	19	2
124	126	1
227	228	1
13	13	2
40	190	1
191	217	2
132	135	1
66	66	3
22	22	3
149	149	1
33	50	1
4	5	1
98	100	2
30	31	1
206	207	1
144	146	2
157	157	2
5	5	3
7	14	1
32	50	2
95	222	1
133	133	1
50	50	3
179	203	1
61	61	2
62	62	2
183	183	1
53	56	3
204	204	1
78	106	1
32	147	1
40	42	2
65	65	4
224	225	3
189	189	2
57	57	2
38	43	1
32	32	2
184	209	1
232	232	2
72	85	2
230	232	1
99	123	3
6	6	2
114	115	3
116	116	2
211	211	1
199	220	1
117	117	1
33	34	2
32	68	1
117	137	2
149	150	2
72	72	3
170	230	2
226	226	1
65	67	2
156	157	4
198	200	1
140	140	2
69	70	1
134	138	1
123	123	1
205	206	3
169	170	1
201	208	2
19	31	2
141	172	1
104	222	1
43	78	1
203	209	1
25	71	1
49	49	3
9	27	1
63	105	1
117	210	1
155	194	1
3	186	1
23	23	2
196	196	3
18	18	2
236	236	1
12	31	4
39	236	1
216	219	1
205	212	2
120	121	1
2	2	3
175	175	1
205	211	1
1	57	1
11	12	2
68	150	1
163	165	1
75	85	1
134	137	1
59	59	1
228	230	1
147	173	1
197	198	1
133	134	2
3	10	2
210	223	1
85	86	1
10	20	1
27	27	2
182	185	2
238	238	1
121	171	1
205	205	1
165	232	2
147	172	2
16	18	1
157	191	1
197	223	1
37	38	1
41	97	1
113	113	1
173	205	1
60	115	1
211	212	1
25	35	1
150	151	1
196	227	1
40	41	1
99	99	3
214	216	1
113	198	1
86	86	1
187	188	1
213	214	1
82	83	1
228	228	1
149	156	1
73	77	1
23	27	1
71	72	1
104	104	3
221	222	1
79	79	1
7	8	1
167	167	1
191	191	1
12	49	1
98	105	1
216	216	1
202	241	1
146	147	1
33	33	2
210	211	2
204	234	1
202	202	3
205	207	1
105	105	1
61	67	1
0	57	1
49	50	3
20	168	1
14	57	3
34	34	1
237	237	1
35	35	2
27	97	3
105	117	1
164	164	3
44	54	1
209	223	1
73	73	2
71	71	2
107	107	3
239	240	2
114	183	1
117	138	1
20	68	1
170	222	1
63	64	1
136	136	2
14	28	1
47	225	1
64	150	1
50	51	1
73	74	1
108	108	1
195	196	1
42	42	1
9	25	1
130	138	1
72	152	1
64	64	1
57	83	2
126	126	2
169	230	2
116	127	1
135	135	2
180	187	1
3	3	2
181	183	1
97	97	1
138	139	2
79	143	1
129	129	1
107	108	1
38	39	1
165	165	1
40	55	1
100	101	1
72	173	1
55	241	1
96	225	1
82	133	1
223	224	1
0	0	1
36	115	1
28	29	1
32	37	1
6	18	2
104	221	1
222	222	1
36	221	1
148	205	1
96	222	1
17	18	1
149	151	1
35	44	1
80	165	1
240	241	1
3	11	1
146	225	1
10	56	1
55	55	1
204	237	1
57	58	1
63	69	1
212	214	2
52	67	1
18	33	1
78	79	1
12	39	1
37	190	1
163	212	1
13	64	1
152	157	1
202	219	1
232	233	1
158	158	1
56	56	1
178	230	1
31	31	1
152	152	1
176	176	1
161	161	1
102	120	1
34	115	1
47	241	1
235	235	1
59	174	1
7	19	1
48	48	1
124	124	1
33	35	2
183	192	1
174	174	1
140	142	1
129	131	1
22	23	1
2	18	1
62	135	1
159	160	1
64	102	1
190	190	1
81	82	1
