95	96	1
60	60	7
88	88	6
64	86	1
52	52	2
52	55	1
91	91	2
42	42	6
72	72	8
81	81	4
64	64	2
59	59	11
55	55	4
67	71	1
73	76	1
56	57	2
56	56	4
40	40	1
72	76	1
43	43	2
62	81	1
53	53	2
62	62	1
53	54	1
92	92	5
32	51	1
35	36	1
41	45	1
48	48	5
44	44	5
83	84	1
83	83	5
82	82	1
61	61	6
71	71	5
57	58	3
53	55	1
65	65	5
69	69	4
24	26	1
39	55	1
51	51	5
83	92	1
45	45	1
34	40	1
101	101	3
87	87	1
79	79	1
87	88	1
34	37	1
85	85	2
42	43	4
66	67	1
99	100	3
59	60	1
56	61	1
28	28	2
41	41	5
95	98	2
76	77	2
54	54	3
57	57	4
75	75	3
41	75	1
70	70	2
99	99	5
74	75	2
84	84	2
61	62	2
31	31	1
86	86	3
35	35	7
93	93	1
34	72	1
63	63	2
43	44	1
78	78	2
49	49	3
68	68	2
35	49	1
59	77	1
97	98	3
26	26	1
93	99	1
71	72	3
100	100	2
90	90	5
38	40	1
48	50	1
30	31	1
74	74	2
38	38	1
98	98	1
23	26	1
76	76	3
94	96	1
59	78	2
77	78	3
81	86	1
25	26	1
50	50	5
59	76	1
34	35	1
77	91	1
35	37	1
69	70	2
80	88	1
102	102	4
66	66	3
97	97	3
94	94	3
47	48	1
93	94	2
27	27	3
100	101	1
67	69	2
56	71	1
64	66	1
57	59	1
39	40	2
80	80	1
55	56	1
44	64	1
33	33	2
73	74	1
38	66	1
49	50	3
94	95	1
46	46	2
37	37	1
95	95	4
47	47	1
53	61	1
46	47	2
83	88	1
37	38	1
77	90	1
38	57	1
77	77	3
44	45	1
36	55	1
23	23	1
60	61	1
86	89	1
93	100	1
25	25	1
63	80	1
58	58	1
78	79	1
52	56	1
67	67	2
96	96	1
44	74	1
90	91	1
64	65	2
20	20	1
22	22	1
53	79	1
34	51	1
59	63	1
65	93	1
43	66	1
35	38	1
51	76	1
