29	29	2
47	47	3
72	72	2
73	73	2
114	114	1
118	118	1
62	115	2
18	43	1
62	62	1
79	79	3
75	75	1
1	1	1
63	63	2
109	124	1
107	107	4
33	98	1
42	43	3
88	89	1
14	69	1
115	115	1
131	132	1
127	128	1
18	19	3
83	105	1
64	86	1
91	115	1
97	97	4
11	20	1
15	73	1
117	118	1
26	26	2
122	122	1
59	59	3
99	107	1
55	55	2
51	51	3
95	96	1
86	91	1
85	86	1
69	71	1
96	102	1
106	118	1
56	56	3
66	66	4
90	90	1
21	21	2
104	104	3
105	106	1
60	98	1
121	121	1
130	130	3
48	48	3
43	55	1
92	96	1
51	53	2
99	108	1
53	53	4
61	61	1
88	90	2
22	24	2
81	84	2
74	74	1
103	104	1
106	107	1
85	85	2
73	74	4
59	62	2
54	54	1
67	67	3
26	91	2
88	91	1
127	129	1
96	96	1
88	96	1
117	122	1
10	13	1
99	114	2
113	120	1
124	124	4
31	31	1
77	84	1
52	52	1
38	38	2
11	12	1
15	15	1
83	83	2
109	109	2
65	69	1
29	31	1
4	4	2
84	84	2
40	43	1
68	72	1
40	51	1
120	121	2
58	93	1
13	13	2
17	22	2
106	106	2
85	95	1
41	45	1
126	126	2
58	58	2
14	14	2
99	100	1
6	22	2
7	32	2
11	49	1
12	12	1
87	101	1
108	108	1
92	93	1
104	120	1
32	32	1
55	66	1
49	49	1
17	43	2
77	103	1
105	107	1
76	105	1
22	23	2
104	106	1
13	20	1
62	106	1
29	122	1
16	17	2
34	41	3
74	89	1
81	81	2
125	129	1
71	71	1
81	82	1
44	44	2
76	93	1
49	106	1
80	80	1
56	58	1
53	124	1
41	129	1
22	22	1
125	127	1
114	117	1
128	128	1
94	94	1
121	122	1
132	133	1
18	41	1
127	127	1
30	30	1
27	31	1
92	117	1
83	93	1
8	121	1
19	19	2
0	1	1
113	113	3
57	57	1
88	92	2
21	22	1
68	68	1
38	114	1
65	65	1
100	100	2
47	68	1
34	34	2
33	38	1
38	44	1
65	67	1
89	89	1
43	43	2
91	111	1
78	78	1
5	5	1
132	132	1
112	112	2
119	119	1
71	73	1
40	40	3
29	131	1
24	24	1
17	18	1
82	86	1
114	116	1
98	98	1
87	87	1
25	26	1
89	90	1
27	27	2
126	129	1
30	70	1
3	3	1
117	117	2
80	81	1
92	106	1
29	30	1
31	33	1
22	125	1
50	57	1
20	116	1
