47	47	3
10	10	5
5	12	2
67	77	1
51	52	4
35	35	4
19	49	1
25	25	2
39	39	2
41	59	4
73	73	3
73	78	2
75	75	3
51	53	1
20	20	4
55	55	10
74	74	9
4	35	1
2	3	3
49	50	3
41	41	7
49	54	2
34	35	2
38	38	6
8	48	2
7	46	2
5	5	5
31	32	1
49	49	7
16	16	8
57	59	5
80	80	4
39	58	1
11	13	2
69	69	2
53	54	4
71	71	2
62	62	3
64	64	2
40	40	3
27	27	7
48	66	1
1	1	3
51	51	3
70	70	4
27	42	1
76	76	2
57	57	4
50	50	2
58	58	4
50	51	2
9	9	2
42	42	5
12	21	1
72	73	1
46	61	1
32	39	1
13	51	3
11	34	2
66	70	3
65	65	4
12	25	2
48	48	4
42	59	3
40	73	2
68	68	2
69	70	3
79	80	2
19	48	1
1	2	2
10	11	3
67	68	3
72	72	1
12	12	3
5	30	1
11	11	4
19	20	1
41	42	2
62	64	1
4	4	6
12	32	3
0	0	3
66	66	1
32	32	6
46	46	3
19	19	2
59	59	5
34	36	1
42	78	1
39	40	1
49	65	2
8	8	2
32	33	5
58	59	3
3	4	1
31	31	3
13	13	3
7	7	3
1	17	1
68	69	3
50	52	1
4	27	1
63	64	2
41	66	1
28	29	5
54	72	1
5	6	2
74	75	1
56	56	5
36	36	1
11	12	2
21	48	2
42	43	4
13	14	1
79	79	1
54	54	1
61	63	1
46	47	1
33	33	2
52	52	5
30	30	1
63	63	1
2	2	4
78	78	4
16	17	2
64	65	1
5	33	1
0	81	2
26	26	1
18	18	1
30	33	1
5	32	1
29	34	1
57	58	1
66	67	2
49	52	1
3	3	1
65	67	3
61	66	1
14	14	1
22	22	1
71	75	1
10	14	2
64	66	1
29	29	3
28	28	1
60	60	1
47	48	1
15	15	3
65	66	1
33	39	1
19	50	1
53	53	3
30	47	2
67	67	2
48	56	1
33	34	1
74	77	1
52	53	1
12	14	2
68	70	1
22	26	1
12	15	1
69	75	1
40	43	1
14	15	1
10	12	1
50	53	1
33	37	1
6	37	1
27	29	1
21	21	1
9	10	1
1	7	1
1	65	1
25	26	1
38	39	1
