182	182	5
51	51	2
59	59	1
65	66	2
124	125	2
136	136	4
108	108	1
159	159	2
143	145	1
8	17	1
10	12	1
155	156	3
157	159	1
190	190	3
145	145	2
20	20	3
119	119	1
177	178	3
50	73	2
174	175	1
103	106	1
129	129	3
115	115	2
189	189	2
108	135	2
152	153	2
105	106	2
160	160	3
55	55	5
116	116	5
30	31	3
5	5	5
19	28	2
155	155	3
165	165	5
188	189	2
103	103	1
173	173	3
83	83	3
73	73	3
187	187	4
169	170	1
35	35	3
27	27	2
161	192	1
7	8	1
20	21	2
140	143	1
175	175	1
172	174	1
0	2	2
111	111	3
154	154	2
181	181	2
15	112	1
17	17	3
152	152	5
117	117	1
191	191	5
53	54	1
50	50	1
48	48	3
172	173	3
179	179	2
185	185	1
43	53	1
154	160	2
1	154	1
123	124	1
165	166	1
121	126	1
139	139	2
56	56	1
8	8	2
137	137	3
156	156	1
120	121	1
99	99	1
115	116	3
9	195	1
168	169	5
160	170	2
102	105	2
102	102	1
142	142	2
149	190	1
3	4	1
19	19	4
112	112	1
168	168	3
163	163	1
170	170	5
0	22	1
150	150	8
12	12	3
42	169	1
32	55	2
121	122	1
192	192	3
61	177	1
128	194	1
127	127	3
156	159	1
102	126	1
133	133	7
152	160	1
2	165	1
72	72	3
109	110	1
24	24	1
50	51	3
167	168	1
64	65	1
172	183	1
167	167	3
189	191	1
155	160	1
76	76	1
27	28	2
123	123	1
34	34	4
0	26	1
95	96	2
59	60	1
131	131	3
173	175	1
191	192	3
190	191	3
7	117	2
143	143	1
2	2	2
58	59	2
0	25	2
30	32	1
4	148	2
178	178	5
180	180	1
146	146	2
162	164	1
117	137	1
129	151	1
64	64	3
9	9	3
8	9	1
2	3	1
43	43	2
168	174	1
194	194	6
148	148	1
68	173	1
82	84	1
196	196	1
38	38	3
163	164	2
23	30	1
144	144	2
144	177	1
16	111	1
28	56	1
58	58	2
164	187	1
161	161	3
31	167	1
197	197	3
11	152	3
61	61	1
48	70	1
11	11	3
104	104	3
37	37	1
51	52	3
113	115	1
37	38	1
163	166	2
21	21	1
77	78	1
93	94	2
14	14	1
54	54	2
5	8	2
8	11	4
0	1	1
55	156	1
16	16	5
34	35	1
44	84	3
138	138	2
165	167	1
3	172	1
132	134	2
164	164	1
174	186	1
148	167	2
113	113	2
193	193	2
120	127	1
195	195	3
19	25	1
105	105	2
94	96	4
104	110	1
38	39	1
16	17	1
53	53	2
143	144	1
48	71	1
151	151	3
25	25	1
156	157	1
28	161	2
176	176	2
145	160	1
33	37	1
180	181	1
52	52	2
13	162	1
110	110	2
53	56	1
166	166	4
134	134	2
22	23	1
98	98	1
158	158	3
54	55	2
72	73	1
114	115	2
158	159	2
49	49	1
39	39	1
161	162	2
21	22	1
42	42	3
28	33	1
154	155	1
167	169	1
141	187	1
149	149	1
164	165	1
30	111	1
1	3	1
138	140	2
115	145	1
153	164	1
70	85	1
188	194	1
114	114	2
136	139	1
4	4	3
122	122	1
5	7	1
119	120	1
124	124	1
84	84	1
95	95	1
140	140	1
135	136	2
185	186	3
1	17	1
177	177	2
1	2	1
28	29	1
7	7	1
82	82	1
42	179	1
99	100	1
172	187	1
46	46	1
106	106	1
162	181	1
88	89	1
22	22	2
132	157	1
25	58	1
162	163	1
189	190	1
15	113	1
101	118	1
126	126	1
187	188	1
23	23	1
29	181	2
176	179	1
186	186	2
142	143	1
17	24	1
94	94	1
125	126	4
159	191	1
23	24	1
18	19	2
9	149	1
19	20	2
96	97	2
161	171	1
179	192	1
29	30	1
112	120	1
132	132	1
159	192	1
40	40	1
186	188	1
11	170	1
161	179	1
137	170	1
169	169	2
0	3	1
130	131	1
59	119	1
188	188	1
33	33	1
98	99	1
107	142	1
127	195	1
93	111	1
67	67	1
6	6	1
57	169	1
190	197	1
35	70	1
21	111	1
141	154	1
164	169	1
3	5	1
194	195	1
18	100	1
40	68	1
166	167	1
71	72	1
31	31	1
106	115	1
32	56	1
44	44	1
89	89	1
33	35	1
87	87	1
175	189	1
174	174	1
137	139	1
110	119	1
102	194	1
83	84	1
