181	182	1
47	47	2
61	61	6
173	237	1
218	218	3
22	22	5
33	48	1
54	55	5
85	85	3
78	79	3
209	211	2
34	36	2
112	148	2
196	196	5
70	71	3
232	234	1
30	36	3
173	173	5
18	19	2
237	237	3
223	223	6
107	108	1
118	119	1
30	30	1
208	219	2
136	136	3
137	137	1
36	36	2
174	174	4
102	102	4
50	115	1
32	42	1
203	206	2
32	32	2
100	100	7
133	133	4
172	190	4
181	181	5
70	70	2
231	231	6
89	159	1
190	191	1
67	67	1
42	54	2
5	7	3
98	99	5
28	36	1
175	175	4
16	220	1
98	98	2
79	101	1
8	9	1
103	105	6
149	151	1
74	74	2
240	241	2
111	112	1
163	163	3
215	215	5
222	222	2
66	66	2
146	146	1
72	74	3
12	218	1
14	16	2
99	145	2
64	65	2
126	126	3
159	164	1
230	231	1
15	15	1
115	117	1
187	188	4
72	72	3
18	23	4
165	201	2
153	153	5
25	25	5
200	200	5
58	58	4
188	188	3
46	46	1
104	105	2
187	187	2
7	8	1
44	53	1
23	24	1
142	143	3
27	27	4
50	52	2
73	74	3
200	201	1
136	173	3
138	139	3
31	118	1
227	227	4
28	45	2
82	82	1
150	152	5
175	178	2
32	36	1
6	18	2
55	55	5
88	190	1
29	29	7
13	15	1
11	12	1
221	221	5
26	27	2
182	182	2
125	125	1
34	194	1
137	164	1
85	86	3
100	116	2
151	151	2
153	156	1
153	154	3
40	229	3
127	127	1
155	155	4
28	172	1
199	199	7
131	131	3
215	216	2
71	72	5
220	220	2
212	218	4
176	178	1
54	81	3
139	155	2
28	28	2
7	7	3
99	99	4
42	42	4
184	196	2
102	103	1
34	202	1
167	196	1
33	34	2
213	213	6
158	158	2
193	194	3
232	232	2
234	235	2
198	198	2
206	206	1
201	201	2
19	21	1
174	228	2
84	117	4
219	232	2
144	145	1
209	209	2
121	129	1
127	141	1
35	36	1
9	9	3
16	218	1
149	150	3
120	120	1
142	183	1
161	161	1
177	177	2
166	169	1
56	72	2
75	79	1
24	25	1
58	91	1
185	185	1
206	207	2
105	105	1
182	186	1
174	175	2
226	227	1
20	20	1
36	38	1
29	37	4
216	217	1
43	43	4
102	128	2
29	30	1
89	114	1
12	12	2
81	81	2
151	233	1
170	170	1
177	178	1
45	45	2
40	41	4
230	230	1
163	164	1
197	199	1
1	219	1
198	215	2
104	104	3
224	227	1
145	145	1
109	109	2
21	23	1
31	66	2
242	242	4
197	212	1
97	97	2
28	86	1
70	73	2
208	208	6
116	118	1
183	185	1
141	141	1
162	163	3
199	200	3
54	65	2
2	7	2
16	17	1
58	92	1
144	144	4
63	63	2
135	147	1
8	12	2
60	122	2
82	108	2
172	196	3
38	38	3
49	49	3
204	204	2
69	69	2
148	149	1
30	31	2
107	124	2
49	50	2
75	116	3
180	181	1
130	131	2
42	228	1
226	226	5
6	7	1
140	141	1
105	106	1
133	134	2
166	228	1
172	172	4
56	57	1
211	211	2
55	89	1
27	28	2
210	211	2
163	167	2
48	48	2
37	39	1
44	236	1
52	52	2
88	89	1
37	37	3
239	239	2
77	78	5
153	190	1
83	96	1
54	183	1
48	52	1
171	171	1
141	173	3
135	136	1
17	18	1
138	179	1
95	95	1
217	217	1
2	2	1
22	23	1
35	35	1
185	186	2
165	172	1
75	77	1
101	102	3
26	26	2
53	53	2
124	125	2
214	217	1
19	19	1
32	33	1
44	45	2
21	21	2
98	149	1
46	47	2
21	32	1
74	175	1
160	161	1
136	183	1
205	205	2
79	79	1
61	64	2
79	118	3
118	125	2
182	183	1
33	35	1
104	191	1
136	137	1
213	214	1
41	41	4
118	124	1
155	156	1
121	121	1
51	52	2
187	210	1
79	117	1
205	222	2
62	193	2
186	189	1
150	151	2
169	190	1
6	22	1
36	58	1
212	212	2
128	128	1
78	78	2
6	31	2
5	12	1
18	18	1
25	28	1
7	14	1
49	51	3
81	83	1
143	143	1
147	147	2
65	65	4
42	53	1
123	123	1
129	129	1
10	193	1
103	103	1
228	229	1
40	58	2
163	165	1
53	54	2
194	194	1
201	202	1
229	229	1
40	40	1
231	232	1
166	166	3
5	5	1
84	84	2
202	203	1
238	239	1
4	13	1
37	219	2
189	189	1
123	126	3
69	70	3
117	117	2
76	76	1
138	138	1
181	184	1
164	164	1
154	158	1
202	202	2
4	5	1
23	23	1
137	138	2
125	134	1
223	225	1
187	189	1
34	34	1
192	192	1
77	87	1
143	176	1
197	197	3
82	83	1
140	180	2
187	197	1
214	214	1
1	2	1
2	3	1
52	53	2
59	59	2
59	60	1
164	165	4
35	199	1
207	207	1
7	12	1
47	50	1
197	198	2
135	191	1
159	160	1
134	175	1
215	217	1
99	117	1
43	45	1
9	10	1
13	13	1
90	105	2
56	62	1
100	106	1
159	175	1
1	1	2
44	44	1
108	108	2
23	56	1
195	195	1
101	101	3
75	127	1
115	116	1
86	86	2
144	180	1
80	83	1
34	35	1
41	42	1
158	161	1
83	84	1
50	50	1
16	22	1
51	108	1
12	19	2
156	159	1
240	240	1
171	193	1
14	60	1
91	95	1
95	102	1
239	240	1
188	189	1
0	0	2
83	83	1
86	87	1
216	216	1
198	205	1
157	171	1
46	53	1
213	216	1
208	209	1
9	46	1
48	138	1
160	232	1
32	34	1
10	10	1
82	86	1
108	129	1
80	88	1
6	13	1
141	180	1
32	48	1
80	80	1
143	169	1
179	179	1
50	57	1
11	11	2
42	44	1
82	107	1
224	224	1
6	21	1
39	40	1
233	233	1
56	168	1
70	72	1
142	142	1
10	26	2
160	196	1
180	182	1
160	162	1
138	166	1
192	194	1
209	210	1
39	39	1
143	178	1
54	54	1
52	197	1
40	192	1
181	186	1
3	3	1
144	161	1
150	150	1
46	114	1
88	88	2
219	229	2
6	8	1
191	191	1
203	203	1
15	191	1
123	124	1
84	85	1
158	160	1
171	172	1
62	62	1
75	104	1
22	30	1
80	117	1
30	195	1
80	105	1
98	128	1
220	222	1
