79	80	2
15	16	1
148	149	2
29	34	1
83	83	2
73	78	2
128	128	1
29	29	2
30	30	3
12	12	3
43	62	2
115	115	4
80	80	1
20	21	2
123	125	1
11	11	1
17	17	3
4	33	1
55	85	2
25	27	2
36	44	1
112	112	1
105	105	5
19	34	1
93	93	1
47	47	2
42	126	1
38	64	1
44	44	2
117	117	3
103	105	2
36	36	1
38	39	1
77	108	2
119	124	1
22	22	1
116	120	1
120	121	4
46	80	1
96	97	1
68	68	2
116	116	2
88	88	4
29	74	2
133	133	1
62	76	1
50	56	1
131	134	2
103	103	1
124	128	1
70	70	5
25	25	5
16	20	3
115	116	1
13	13	2
20	20	2
34	34	5
65	95	1
26	26	3
113	137	1
21	23	1
143	145	1
19	19	1
84	85	1
40	40	2
108	108	1
107	111	1
149	149	1
38	38	1
147	147	1
85	96	2
15	15	3
95	97	1
16	16	4
32	32	1
23	42	2
94	94	1
67	67	2
28	28	2
37	37	4
74	74	2
18	19	1
24	24	2
10	10	2
72	72	2
57	73	1
26	30	1
145	146	1
18	18	2
57	57	1
100	100	1
126	137	1
3	3	3
74	85	1
8	10	1
76	77	2
3	4	1
55	56	1
131	131	2
47	53	1
140	141	1
15	54	2
19	40	1
56	69	1
141	142	1
9	9	2
17	21	3
101	101	2
42	42	3
51	52	2
154	154	2
115	117	1
109	138	1
118	118	1
83	84	3
136	136	1
51	55	2
121	121	1
48	48	1
8	8	1
22	27	1
4	4	2
126	148	1
69	114	1
31	31	1
112	113	1
42	43	1
139	146	1
27	28	1
109	110	2
103	108	1
123	127	1
35	36	3
71	72	1
80	94	1
15	17	2
110	110	2
36	41	1
129	129	2
9	13	1
16	21	1
27	27	1
24	62	1
73	74	1
87	87	1
2	6	1
25	29	2
124	127	1
95	98	1
63	75	1
54	55	1
68	112	1
50	54	1
67	77	2
71	154	1
40	43	1
21	21	1
94	95	2
122	122	1
22	23	2
104	104	2
124	124	1
105	138	3
125	148	1
98	127	1
23	23	1
139	148	1
4	31	1
77	114	1
111	112	1
102	108	1
34	62	1
49	50	2
81	82	1
5	6	2
139	139	1
67	83	1
141	143	1
108	109	1
22	54	1
25	62	1
76	85	1
96	96	1
19	23	1
139	142	1
54	54	1
73	73	1
98	137	1
71	71	1
50	55	1
126	128	1
106	106	1
57	67	1
82	82	1
81	81	1
86	87	3
132	132	2
45	45	1
77	79	1
9	17	3
104	111	1
133	138	1
51	51	1
78	107	1
143	143	1
106	108	1
7	14	1
140	140	1
113	114	1
70	138	1
23	48	1
114	114	1
94	99	1
3	11	1
102	102	1
39	55	1
136	137	1
85	85	2
34	35	1
146	147	1
95	99	1
128	147	1
39	43	1
107	109	1
65	75	1
114	151	1
43	44	1
39	39	1
150	150	1
44	45	1
79	84	1
132	138	1
121	147	1
14	14	1
144	144	1
16	54	1
51	53	1
120	122	1
90	91	1
69	79	1
58	58	1
36	46	1
