15	19	3
101	109	1
27	93	2
26	27	2
39	39	3
131	133	1
64	66	2
94	94	4
26	48	1
35	35	3
128	128	1
35	36	1
78	78	3
118	118	1
76	76	1
61	61	3
57	57	4
93	93	5
30	37	1
64	64	1
71	79	1
79	80	3
106	106	3
20	35	1
10	10	4
19	19	1
69	122	2
27	27	2
22	22	1
6	6	2
63	82	2
70	78	1
97	97	2
10	39	2
16	16	3
74	76	1
20	21	1
123	129	2
7	100	1
82	89	2
7	88	1
65	65	3
82	90	1
14	14	2
100	101	1
47	47	3
22	23	1
38	38	1
97	100	1
71	72	2
62	73	2
102	111	1
35	46	1
33	36	1
55	55	1
42	112	2
57	110	1
23	24	1
14	126	2
73	73	1
75	129	1
12	74	1
83	88	1
59	59	3
117	117	2
49	87	1
56	56	4
100	100	3
29	29	1
77	77	1
80	80	3
18	38	1
15	21	2
73	85	1
116	117	2
99	100	2
32	34	1
61	76	1
40	59	1
14	23	1
11	92	4
103	106	2
74	87	1
63	63	1
75	101	1
107	107	1
68	68	3
34	34	2
96	97	2
17	74	1
42	43	3
65	66	1
79	79	5
32	32	2
99	99	1
22	81	2
23	23	1
37	38	1
38	59	1
74	74	4
28	82	1
48	48	3
28	28	1
9	9	1
122	122	2
91	91	2
25	60	1
129	129	3
7	7	4
83	84	2
59	60	1
26	26	3
60	126	1
8	8	6
24	25	2
78	91	1
82	82	1
15	23	1
93	94	1
5	5	2
29	90	2
10	12	1
84	85	3
87	88	6
123	123	3
20	38	1
102	102	3
83	86	1
18	18	3
7	8	1
11	11	2
105	116	1
38	44	2
101	101	3
11	73	1
128	129	3
64	82	1
25	83	1
4	10	1
86	86	1
89	89	1
7	60	1
29	81	1
100	132	1
76	85	1
5	88	1
21	21	1
44	44	1
68	69	1
73	83	1
30	30	1
68	82	1
25	46	2
3	3	1
69	69	2
60	60	3
17	17	2
116	116	1
49	100	1
10	11	2
57	58	1
59	93	1
20	20	2
66	66	1
9	46	1
9	10	1
5	63	1
47	93	1
115	115	1
90	91	1
51	98	1
39	56	1
30	82	1
25	27	1
117	119	1
3	13	2
85	95	1
109	109	1
6	20	1
103	109	1
12	12	1
9	22	1
133	133	2
8	44	1
31	31	1
130	131	1
21	22	1
84	84	1
27	28	2
50	87	1
125	125	1
134	134	1
90	100	1
16	22	1
23	31	1
22	36	2
17	39	1
59	63	1
22	31	1
32	82	1
33	33	2
15	81	1
2	2	1
30	31	1
131	132	1
47	66	1
98	104	1
31	84	1
72	72	1
79	84	1
127	128	1
127	127	1
19	43	1
13	74	1
3	96	1
113	114	1
7	49	1
70	71	1
25	28	1
33	101	1
131	131	1
29	62	1
14	24	1
75	84	1
4	7	1
31	32	1
96	96	1
126	126	1
21	76	1
98	98	1
6	7	1
