76	77	3
23	81	2
39	39	6
141	142	2
12	25	1
23	57	2
134	134	3
5	63	1
35	36	1
112	112	5
75	86	1
71	85	1
147	148	4
13	13	5
24	24	2
82	82	3
32	32	3
16	17	4
115	115	3
71	71	4
74	78	1
152	152	2
18	19	1
142	142	2
45	46	2
111	115	2
65	78	2
117	117	1
84	85	1
19	22	2
12	34	1
121	127	1
30	30	1
3	3	2
134	142	1
4	17	1
14	16	1
63	77	1
46	57	2
131	131	2
4	20	2
13	19	1
34	35	4
6	7	2
14	15	1
121	134	1
3	43	1
74	74	2
29	68	1
36	154	1
44	44	1
126	127	1
48	69	2
26	27	1
62	62	1
4	16	1
137	143	1
97	108	1
54	54	3
27	41	1
150	150	3
57	58	3
51	55	1
102	102	1
65	65	2
10	37	1
142	143	2
99	144	1
8	11	2
80	87	1
12	12	3
93	93	5
97	120	1
133	139	1
111	112	4
9	9	3
51	51	2
126	128	1
3	64	1
99	99	2
9	41	4
31	35	1
98	98	2
25	26	5
114	114	3
75	77	1
101	102	1
51	76	1
6	6	2
72	73	2
13	15	1
106	106	1
134	143	1
8	8	3
123	126	1
8	53	1
129	150	1
11	20	1
51	52	1
147	147	3
121	122	1
90	90	2
64	110	1
138	138	1
26	82	1
139	140	1
133	133	2
14	14	5
107	108	5
33	33	6
145	147	1
31	68	1
29	29	3
85	85	3
46	46	3
74	137	1
16	16	2
97	98	3
2	25	1
74	80	1
93	105	1
120	120	2
63	64	1
143	151	1
81	84	1
148	148	1
116	116	1
119	119	3
94	96	2
55	55	2
109	109	4
21	23	3
83	83	1
119	128	1
95	97	2
48	48	3
85	93	1
140	141	1
10	28	1
5	6	1
51	92	2
141	149	1
93	95	1
101	101	4
110	112	3
136	137	1
42	42	2
50	53	1
137	144	1
144	149	1
50	56	1
11	25	3
83	88	1
68	69	2
26	26	2
20	23	1
93	133	2
30	75	2
96	96	2
35	35	4
104	104	2
26	32	1
80	83	2
128	133	1
24	25	1
83	87	1
41	42	1
7	7	6
69	76	1
68	68	1
47	73	1
85	99	1
64	65	3
100	100	3
107	148	1
113	113	2
18	97	1
150	151	2
93	97	1
40	40	4
10	11	1
6	12	1
105	106	1
92	92	2
13	30	1
51	84	1
28	29	1
121	125	1
140	140	1
105	105	1
106	113	2
75	75	2
28	28	3
40	46	1
18	20	1
41	41	2
46	48	1
29	54	1
5	5	2
32	74	2
64	64	4
111	111	1
56	56	2
80	94	1
79	79	3
38	38	2
22	23	2
144	146	1
87	87	1
76	99	1
38	39	1
112	141	2
69	122	2
24	37	1
103	108	1
125	126	1
34	67	1
76	76	2
48	71	1
95	99	1
20	40	1
103	130	1
64	83	1
21	117	1
21	21	1
126	139	2
48	152	2
97	97	1
108	115	1
79	80	2
149	149	1
98	101	1
132	136	1
93	124	1
143	143	2
16	54	2
17	43	1
49	64	1
64	69	1
130	130	1
137	137	3
65	66	1
67	67	3
56	57	1
43	43	1
23	23	2
51	122	1
20	99	2
34	71	1
109	111	2
7	10	1
11	13	1
88	90	1
42	73	1
36	36	2
125	125	1
145	145	3
32	33	1
80	80	1
47	53	1
107	107	2
32	35	1
51	80	1
17	36	1
110	124	2
46	123	1
144	144	1
106	108	1
15	15	2
27	87	1
100	124	1
12	22	1
68	74	2
124	124	2
146	147	1
111	114	1
17	18	1
25	25	1
21	41	1
6	42	1
103	104	1
13	118	1
154	154	4
25	34	1
132	132	3
77	79	1
83	111	1
32	34	1
105	110	1
37	37	2
6	8	1
139	144	1
5	22	1
8	9	1
62	64	1
131	136	1
22	25	1
9	15	1
8	32	1
20	21	2
4	5	1
49	110	2
137	138	1
56	114	2
5	34	1
4	15	1
97	99	2
25	27	1
67	70	1
69	135	1
30	64	1
66	66	1
31	32	3
49	49	3
27	27	3
65	77	1
75	78	1
18	18	1
142	152	1
80	95	1
108	108	1
66	67	1
89	94	2
8	64	1
4	4	2
5	30	1
18	22	2
68	83	1
125	132	1
38	40	1
55	67	1
110	126	1
74	75	1
54	55	2
63	67	1
77	78	1
20	96	1
85	87	1
88	95	1
11	21	1
151	151	1
53	55	1
66	69	1
49	53	1
93	104	1
139	139	1
44	46	2
117	118	1
44	54	1
8	50	1
68	88	1
62	63	1
153	153	1
93	94	1
9	27	1
42	70	1
57	84	1
77	77	1
24	48	1
43	44	1
75	76	1
11	12	1
94	97	1
80	81	1
39	116	1
23	24	1
124	138	1
35	52	1
23	93	1
104	109	1
39	142	1
111	113	1
9	12	1
27	30	1
97	149	1
19	19	1
121	121	1
56	85	1
10	54	1
68	75	1
64	77	1
118	118	1
