80	80	2
87	88	2
48	64	1
87	87	2
69	69	3
51	66	1
25	25	1
71	71	1
48	54	1
48	53	1
86	86	4
26	26	2
53	66	3
46	81	1
65	65	1
8	62	1
48	48	1
51	51	2
4	5	1
60	70	2
58	61	1
72	73	1
16	20	1
50	50	2
67	68	2
66	66	3
54	54	1
59	60	1
73	73	3
7	7	3
46	66	1
56	56	3
26	27	3
0	0	1
58	67	3
6	78	3
65	77	1
68	69	1
49	49	2
10	10	1
59	64	1
79	79	2
50	54	3
70	84	1
4	4	2
12	27	2
57	70	1
81	81	1
88	89	1
22	22	1
69	72	1
67	85	1
17	17	1
29	29	2
62	62	1
27	27	3
5	8	1
15	15	1
19	19	1
68	68	2
61	63	1
27	68	1
88	88	3
59	59	1
53	53	1
9	31	1
74	75	1
49	62	1
85	85	1
77	77	2
70	70	1
6	9	1
61	61	1
22	23	1
1	1	1
30	30	1
8	87	1
49	50	1
89	89	1
49	65	1
