89	89	3
59	60	7
82	87	2
71	71	4
49	49	6
23	52	2
27	27	7
76	89	1
56	56	7
21	21	7
55	56	4
87	88	5
48	48	3
91	95	1
89	90	5
62	63	5
57	57	3
34	78	3
70	71	1
86	86	3
23	23	4
83	85	1
22	54	2
50	53	2
78	94	1
59	65	2
81	81	4
56	57	1
51	51	3
58	58	9
93	93	8
45	47	2
39	39	5
65	65	5
39	40	2
63	69	1
33	34	2
83	88	3
23	29	1
52	52	2
76	76	4
38	40	1
61	61	2
30	30	5
72	74	2
36	36	8
52	55	2
42	53	2
88	88	3
77	78	1
55	55	9
102	103	3
75	76	2
74	75	2
46	46	2
25	50	1
77	81	1
24	94	3
101	101	3
91	92	5
37	38	5
25	28	2
54	54	6
38	39	5
98	98	6
87	87	3
52	54	4
35	36	6
29	80	2
66	66	4
50	50	7
81	82	2
77	77	14
78	78	5
36	62	1
51	52	4
34	34	3
60	62	2
60	60	3
72	73	1
73	73	5
45	45	8
78	79	3
62	62	3
22	22	3
84	84	3
26	28	1
98	99	3
29	79	1
76	77	2
59	59	3
38	38	3
42	46	1
59	79	1
97	98	6
68	69	3
84	85	5
41	41	10
33	33	5
26	26	6
30	84	1
100	100	6
57	60	4
43	58	1
27	45	1
40	41	4
48	92	1
58	92	1
53	54	8
83	83	1
59	77	2
43	45	2
85	85	7
25	26	1
71	72	4
33	39	3
24	97	1
22	62	1
92	92	6
74	74	7
32	32	3
40	40	4
46	47	4
102	102	4
65	66	1
80	80	4
22	26	1
67	67	1
20	56	2
96	96	5
68	68	7
82	82	4
36	41	3
36	37	2
57	58	2
72	72	1
67	68	1
63	64	1
24	24	4
79	81	2
94	94	9
92	93	1
61	62	3
43	44	1
90	90	2
63	72	2
64	64	8
63	63	1
45	46	2
96	106	1
29	30	2
59	66	1
47	47	2
70	72	1
30	31	2
95	95	3
95	98	1
86	87	2
31	34	1
45	107	3
42	43	2
79	79	3
87	89	1
35	35	3
51	73	1
31	33	3
50	52	2
42	42	6
28	28	2
31	31	3
55	74	1
106	106	5
83	86	1
39	97	1
44	67	1
34	35	1
94	97	1
79	80	6
100	101	1
89	96	1
107	107	1
38	42	2
84	88	1
83	87	2
53	53	2
36	40	1
25	25	2
25	33	1
28	39	2
70	70	2
77	95	1
96	98	2
54	55	1
50	51	1
31	43	1
22	23	2
103	103	4
49	90	1
26	30	2
74	100	1
60	61	1
75	75	1
36	38	1
52	53	3
32	34	2
84	106	1
34	95	1
42	74	1
42	44	1
99	100	1
44	45	1
95	99	1
22	35	1
27	38	1
104	104	1
73	78	1
82	83	1
35	61	1
99	99	1
48	49	1
29	34	1
40	91	1
27	52	1
27	53	1
67	69	1
55	92	2
93	94	2
25	30	1
37	37	2
96	99	1
64	69	1
28	53	1
78	85	1
22	55	1
88	89	1
104	105	1
61	63	1
34	85	1
77	93	1
105	105	1
22	32	1
60	99	1
69	69	1
66	67	1
91	91	2
43	49	1
38	75	1
62	64	1
47	48	1
61	99	1
52	86	1
45	49	1
