70	70	3
27	53	2
33	33	12
59	59	4
28	32	1
92	92	8
20	51	2
18	19	8
10	19	1
39	42	3
50	50	5
46	46	3
87	88	5
112	113	1
127	127	7
69	69	13
71	72	2
55	111	3
85	85	9
39	39	6
117	119	2
73	74	2
38	39	3
98	98	5
9	9	11
90	90	2
60	61	2
68	68	4
104	104	6
95	95	5
48	54	1
86	86	4
115	115	6
51	51	7
75	75	4
125	125	3
58	132	2
107	107	3
62	62	11
42	43	2
80	80	4
58	58	8
66	74	1
31	31	4
91	91	5
89	90	2
66	67	1
114	117	1
29	30	3
88	89	2
16	18	1
29	29	5
60	60	3
21	21	6
28	33	2
129	130	3
47	47	7
72	72	3
87	87	3
81	82	2
131	131	7
48	48	5
43	43	6
130	131	4
39	46	1
96	96	7
46	47	5
54	54	5
67	68	2
58	60	4
9	10	1
90	102	1
49	50	1
40	40	7
78	78	3
127	131	2
110	110	12
101	102	1
116	116	5
13	13	5
86	87	6
30	30	4
93	95	2
56	58	2
109	109	9
109	112	2
103	103	3
62	88	4
115	128	1
84	84	4
32	32	1
105	127	4
25	25	7
26	27	2
86	89	2
91	101	1
88	88	5
19	19	6
16	16	2
120	120	1
85	86	8
8	8	2
118	118	3
41	41	12
48	52	1
121	121	4
111	112	4
97	97	4
59	62	5
81	81	5
65	123	1
93	93	4
73	73	5
13	14	1
108	109	2
112	112	3
62	66	2
40	43	2
69	84	1
48	49	1
72	74	1
11	11	2
11	12	5
4	5	1
95	96	1
98	100	2
2	3	1
17	17	7
56	56	3
22	39	4
124	125	3
8	9	3
21	25	1
30	111	2
15	15	6
62	71	3
91	93	3
82	99	1
65	65	6
113	113	4
51	54	1
105	130	2
80	119	1
55	56	5
20	20	2
10	11	1
83	84	1
12	12	3
59	61	3
85	87	1
22	22	11
18	18	1
66	66	8
70	73	1
77	77	12
78	79	4
62	69	3
1	3	1
65	69	2
70	71	2
114	115	2
1	6	3
46	54	1
49	56	2
44	44	6
39	41	4
90	91	6
9	12	2
97	98	8
71	71	6
73	97	1
3	3	1
100	128	2
51	96	2
23	44	2
4	4	2
58	59	3
10	10	5
104	111	1
34	39	1
130	130	3
119	119	6
57	57	5
128	130	1
13	25	1
110	111	1
6	6	2
118	120	1
111	111	6
52	55	2
90	92	3
71	73	1
132	132	3
31	32	2
28	28	4
0	6	2
82	82	4
114	114	1
1	1	3
23	23	1
20	24	1
18	39	1
40	46	1
7	7	4
118	119	2
115	129	2
113	118	1
63	64	2
47	56	2
19	20	5
47	48	4
13	26	1
105	105	8
108	108	3
12	26	2
31	34	1
114	116	2
100	101	3
27	28	1
17	18	1
100	100	3
2	4	3
126	127	1
92	98	1
52	53	1
20	21	1
117	117	3
42	42	2
83	85	1
18	20	4
14	23	1
14	16	2
24	24	5
43	44	2
96	112	1
17	22	1
16	17	1
44	46	1
106	106	2
45	45	5
57	59	1
72	82	1
45	47	2
75	77	1
28	30	2
117	118	1
40	56	1
1	11	1
51	77	1
22	126	1
23	24	4
94	109	1
56	57	2
73	75	2
42	97	1
25	26	2
64	64	3
80	81	3
26	26	1
2	2	3
108	119	1
129	129	5
113	115	1
74	74	7
22	26	1
81	83	3
116	118	1
79	94	1
107	110	1
71	79	2
31	46	1
79	79	1
39	56	1
65	66	1
106	109	1
19	21	4
64	69	2
122	122	1
113	123	1
104	105	3
76	102	2
56	63	1
49	49	1
107	108	2
80	95	1
77	100	1
62	63	1
42	44	4
93	106	1
99	99	3
14	14	1
126	126	2
75	100	1
101	101	2
21	44	1
126	128	1
124	124	1
13	15	1
128	128	3
120	133	1
52	120	2
77	78	1
98	99	1
49	90	1
3	4	1
123	124	1
74	75	2
98	101	1
111	121	1
50	69	2
7	10	1
50	51	1
113	133	1
40	57	1
98	105	1
68	73	1
29	31	1
52	52	4
89	89	3
97	103	1
40	44	1
12	32	1
119	120	1
13	20	1
53	54	2
99	100	1
16	21	1
46	93	1
112	118	1
15	105	2
82	85	1
22	24	3
46	56	1
50	105	1
46	55	2
51	52	1
105	106	2
89	102	1
122	124	2
106	107	2
28	73	1
1	2	1
49	102	2
23	124	2
20	26	1
1	79	3
25	39	1
24	63	1
102	108	1
68	118	1
82	84	1
127	129	1
65	68	1
109	111	1
12	13	1
45	55	1
14	19	1
83	83	2
4	13	1
89	91	1
81	86	1
60	62	1
48	50	2
69	114	2
94	94	1
24	32	1
93	99	1
93	94	1
53	55	1
79	88	1
127	128	1
120	121	1
84	101	2
3	78	1
69	70	1
67	67	2
40	41	2
57	122	1
17	21	1
39	40	2
27	27	1
91	92	1
5	6	1
84	85	1
111	118	1
79	81	1
15	16	1
131	132	1
100	104	1
77	90	2
8	105	1
71	74	1
24	65	1
47	61	1
24	124	1
32	77	1
133	133	1
68	85	1
84	96	1
86	112	1
21	56	1
113	114	1
102	104	1
82	91	1
48	56	1
57	69	2
116	117	1
126	129	1
45	46	1
24	33	1
2	5	1
55	55	1
99	101	1
69	93	1
38	38	1
75	76	1
4	30	1
59	74	1
20	22	2
69	92	1
108	114	1
23	126	1
53	53	1
61	61	1
47	70	1
76	76	1
74	97	1
31	54	1
67	82	1
18	21	1
47	51	1
