162	162	2
8	171	3
127	129	3
9	30	2
180	180	3
0	144	2
3	3	11
66	119	1
134	178	1
187	187	5
109	110	2
182	183	4
4	148	1
67	68	2
57	57	4
107	108	3
0	0	2
46	46	3
65	74	1
161	163	1
143	144	3
31	31	4
175	175	13
42	43	3
31	45	1
181	181	9
135	143	2
155	155	8
34	34	8
34	35	1
22	22	1
112	112	5
146	152	1
23	26	1
176	182	1
23	24	1
111	111	5
4	30	2
70	72	2
172	176	2
89	89	1
188	193	2
171	171	2
4	7	2
15	55	2
183	190	1
13	194	2
61	62	1
36	36	3
122	128	2
14	14	4
125	125	3
53	53	2
74	190	3
22	25	2
82	82	2
130	130	4
138	185	3
153	153	6
95	96	2
147	147	3
148	148	7
20	22	1
191	192	2
70	70	2
79	79	8
99	112	3
114	114	7
147	182	1
161	161	2
109	109	3
55	176	2
88	88	1
84	84	3
164	164	5
12	12	4
136	137	4
143	170	1
152	154	1
10	139	1
110	112	2
113	113	2
54	54	3
155	159	1
10	12	1
179	191	2
174	176	1
24	24	6
172	177	2
189	191	2
167	168	6
5	8	4
177	177	3
154	166	1
174	175	6
153	154	3
59	61	1
140	141	2
21	21	5
165	166	5
11	11	10
1	2	3
37	78	1
151	152	4
156	156	9
174	191	1
172	173	6
44	45	1
142	143	1
74	75	1
180	182	1
152	155	2
154	154	11
190	191	2
152	152	3
28	56	3
25	28	1
131	157	1
47	47	1
117	118	1
4	4	6
114	115	2
186	186	3
165	190	1
9	9	6
97	97	1
118	140	1
128	129	1
52	52	2
24	27	1
40	40	3
64	64	7
33	65	2
80	80	4
143	143	11
159	159	3
179	182	2
124	124	6
39	39	1
23	23	5
29	29	1
166	167	2
174	196	3
191	193	1
26	29	2
50	51	1
17	17	1
8	9	1
98	98	3
136	136	4
187	189	1
133	134	1
20	20	3
106	106	6
73	74	4
98	99	1
149	149	10
101	101	2
156	166	2
29	112	1
197	197	3
178	178	7
18	27	3
12	66	2
56	56	2
5	7	3
196	196	9
172	174	1
113	120	1
7	7	1
78	78	3
10	169	1
172	180	2
71	87	1
159	160	1
43	45	1
15	15	4
40	143	1
147	185	1
18	190	1
76	76	4
95	95	1
184	184	7
157	157	4
28	29	3
40	131	1
40	41	3
99	99	3
81	82	3
112	113	1
35	35	2
99	114	1
42	42	5
60	60	1
173	173	7
185	185	5
22	24	1
156	181	1
189	189	9
194	195	3
192	192	5
173	191	2
11	188	2
154	192	1
98	110	1
158	158	8
160	166	1
37	37	2
174	174	3
7	132	1
142	152	1
111	112	7
31	56	3
191	191	5
188	189	4
182	182	3
57	58	2
146	168	2
61	65	1
10	56	1
194	194	2
18	24	1
83	83	1
141	141	6
103	104	1
1	1	5
163	164	1
167	167	9
163	163	4
172	172	7
148	150	1
121	121	2
19	19	5
33	33	3
103	103	1
0	1	2
177	178	4
185	196	1
150	161	2
85	85	6
23	33	1
176	176	6
149	161	1
100	100	3
63	63	2
71	71	2
72	73	2
95	97	3
170	170	3
98	136	2
81	134	1
108	108	3
11	12	4
129	141	1
133	133	6
7	8	3
32	32	3
41	41	2
9	10	2
9	20	1
30	30	7
63	148	2
160	160	3
79	115	4
118	180	2
135	178	1
182	193	1
173	177	1
54	56	3
162	164	1
44	44	6
139	139	5
169	169	5
135	136	3
173	194	1
110	110	2
114	120	1
19	35	2
100	120	2
102	102	3
101	104	1
114	116	1
129	130	3
88	90	1
168	169	4
142	142	4
159	161	1
6	6	2
187	188	5
79	80	1
135	137	2
195	196	2
56	124	1
86	93	2
96	97	1
31	32	1
118	118	5
27	27	2
170	172	1
113	114	2
176	178	2
172	185	1
28	44	1
137	137	1
2	2	1
29	31	2
183	184	1
161	164	1
30	36	1
168	168	6
134	135	2
69	69	2
176	185	1
186	188	1
154	161	1
28	28	4
80	81	1
120	120	2
130	135	1
26	26	2
171	197	1
74	79	2
168	179	2
195	195	2
138	148	1
189	190	3
12	113	1
27	160	1
190	192	3
103	117	1
104	107	1
146	146	4
28	37	2
168	175	1
96	98	1
33	58	1
150	150	5
181	182	3
62	62	2
110	111	1
117	158	2
123	123	1
29	129	1
59	59	3
100	101	2
172	189	2
187	196	1
7	10	1
12	33	2
128	128	2
0	19	2
172	179	2
134	134	1
13	25	1
193	193	3
190	190	3
150	151	1
119	119	4
56	57	3
68	70	1
135	187	1
14	21	1
113	115	4
173	176	3
178	179	1
66	66	1
120	129	2
115	115	3
65	77	4
62	70	2
16	16	3
47	48	2
132	156	1
138	138	3
105	106	4
156	160	3
140	140	2
183	183	1
117	117	2
8	34	1
130	140	1
164	165	2
60	61	2
160	167	2
196	197	2
44	46	2
18	19	2
13	13	4
130	134	1
111	120	1
15	192	1
151	170	1
160	162	1
78	113	1
75	75	1
99	137	1
188	188	5
149	150	3
131	135	2
55	56	1
21	26	1
132	132	1
105	119	1
105	107	1
52	168	2
49	133	1
68	68	2
137	191	2
37	117	2
50	50	3
138	165	1
25	26	1
161	162	1
188	194	1
171	183	1
193	194	3
16	17	4
4	23	1
45	45	2
135	135	3
58	58	2
155	180	1
179	179	2
52	53	1
116	118	1
64	73	2
175	176	3
106	107	1
141	142	1
131	131	4
147	148	1
157	158	4
166	166	3
3	35	2
3	160	3
16	193	1
159	190	1
29	171	1
13	15	1
57	125	1
131	156	1
33	120	1
141	188	1
2	3	1
15	195	2
167	180	2
87	87	1
79	111	1
30	83	1
152	153	3
116	117	3
48	48	1
117	147	2
74	80	1
175	177	1
155	158	2
94	95	1
10	10	3
136	141	1
117	120	1
13	122	1
149	179	1
151	151	2
6	26	1
29	142	1
145	146	2
7	15	1
176	192	1
46	48	1
126	128	2
3	5	1
125	127	2
105	105	2
129	129	1
160	182	1
139	141	1
73	73	3
23	187	1
101	103	1
34	36	1
13	14	1
9	161	1
118	133	1
56	127	1
77	84	1
77	77	3
155	170	1
126	126	1
99	102	1
160	171	1
176	177	2
144	173	3
122	132	1
107	112	1
149	174	1
182	192	1
25	27	2
74	74	1
102	103	1
15	16	1
32	70	1
24	25	1
159	162	1
114	151	1
27	33	2
144	144	3
157	160	1
58	59	1
107	107	1
8	8	2
26	27	2
142	155	1
111	165	1
103	106	1
161	190	1
146	147	1
62	148	1
58	63	1
103	107	1
107	117	1
145	153	3
155	156	1
77	83	1
158	168	1
185	186	1
108	109	2
19	21	2
46	49	1
64	65	1
180	185	1
161	181	1
24	35	1
127	127	1
15	19	1
179	190	1
144	146	1
156	168	1
0	23	1
188	190	1
163	181	1
173	192	1
171	179	1
130	144	1
124	130	2
109	112	1
160	161	2
17	33	1
34	163	1
8	39	1
125	141	1
129	144	1
19	20	1
173	180	1
48	49	1
33	47	2
169	193	1
67	67	1
54	58	1
156	172	1
27	31	1
174	193	1
2	15	1
113	193	1
1	35	1
86	86	1
29	44	1
129	131	1
123	132	1
101	147	1
185	187	1
20	21	1
156	159	1
43	44	1
27	29	1
78	80	1
101	102	1
35	36	1
122	122	1
186	187	1
21	22	1
165	167	1
63	68	1
117	134	1
69	70	1
24	45	1
157	159	1
27	58	1
148	149	1
97	118	1
46	196	1
3	4	1
46	50	1
