52	58	2
54	56	1
6	6	3
11	19	1
56	57	2
38	59	3
53	57	4
6	7	2
33	33	2
7	7	4
14	15	3
44	59	2
52	54	1
43	43	6
10	10	4
45	60	1
55	55	2
39	39	1
48	48	4
44	44	2
41	46	1
34	34	2
32	43	1
22	23	1
35	50	1
1	6	1
38	39	3
36	36	1
37	50	4
57	58	1
30	57	1
37	40	2
51	51	5
59	59	4
56	56	1
12	16	1
30	32	1
14	14	1
15	15	2
37	46	1
37	38	1
58	58	2
55	57	1
33	49	1
40	42	2
32	32	1
14	22	1
50	51	1
25	25	3
23	23	1
61	61	1
31	31	2
10	13	2
20	23	2
44	45	1
42	43	1
57	57	1
39	57	1
5	5	1
46	47	2
24	59	1
1	50	1
44	53	2
41	51	2
9	9	2
30	31	2
46	46	1
53	56	2
11	11	1
33	34	1
32	48	1
53	54	1
60	60	1
35	42	2
43	44	1
23	24	2
36	46	1
16	18	1
24	24	1
21	22	2
11	25	1
1	1	1
13	14	1
16	16	1
7	8	1
52	52	2
20	21	1
42	59	1
39	40	1
1	49	1
41	42	1
6	20	1
45	45	1
9	24	1
51	54	1
