104	104	6
155	156	2
54	76	1
56	57	3
20	20	4
96	97	4
164	165	3
105	105	5
46	46	3
125	125	7
19	136	1
81	81	3
37	38	6
83	84	3
152	152	6
14	14	5
41	55	2
54	54	5
88	89	2
159	159	5
125	143	1
100	101	6
49	49	9
47	48	5
45	45	8
167	168	1
45	46	1
53	54	3
126	127	2
10	10	1
116	116	6
72	73	1
111	111	6
38	40	4
122	122	3
23	23	11
150	150	5
63	69	4
155	155	4
49	64	2
72	72	6
132	132	6
17	18	4
108	133	1
12	12	2
162	162	2
3	20	2
118	118	3
24	25	11
116	117	2
83	85	2
63	86	1
8	10	1
98	119	1
136	136	2
95	95	1
99	100	3
128	128	5
34	40	1
8	8	7
22	22	4
13	13	4
79	79	3
51	67	2
8	9	4
37	37	3
11	11	3
68	68	2
92	93	2
143	144	2
74	76	3
149	164	1
163	164	7
1	1	3
110	110	6
54	56	2
162	163	3
76	78	1
149	149	3
133	135	2
58	66	1
151	152	5
6	7	1
112	112	5
84	84	4
84	102	1
12	13	1
36	37	3
94	95	4
42	42	4
2	4	2
123	123	1
17	17	4
63	63	3
63	64	4
41	42	3
26	27	5
15	16	1
110	111	2
112	131	2
99	117	3
44	46	3
34	34	5
71	72	1
169	169	3
100	100	4
163	163	1
38	41	6
160	160	1
24	24	2
119	119	3
20	21	2
50	50	2
18	19	2
23	140	3
108	108	7
15	15	1
38	38	6
166	166	7
48	49	2
0	1	3
12	16	1
101	101	2
39	39	4
16	16	2
129	129	4
64	64	4
153	153	4
58	58	5
155	157	1
142	142	2
53	69	3
101	109	3
132	136	2
26	47	2
35	35	3
116	140	3
19	21	1
36	36	6
85	86	1
5	5	8
109	134	1
106	150	1
7	9	1
4	6	2
154	154	5
131	131	5
13	15	2
107	107	1
140	140	3
91	91	6
36	40	1
4	4	4
44	125	1
50	67	1
43	109	1
133	133	4
16	20	2
165	165	1
64	69	1
52	65	2
3	3	4
6	6	3
147	147	5
106	106	2
137	161	1
53	55	1
149	156	1
107	108	1
93	95	1
158	158	3
26	26	5
113	131	2
52	53	2
2	2	1
44	45	5
66	67	1
143	154	1
87	87	6
90	91	5
110	137	3
16	127	3
51	52	2
53	53	4
49	50	2
140	141	1
16	17	2
97	98	1
27	27	3
118	119	1
25	25	6
11	16	1
144	147	1
93	93	1
52	58	1
18	27	1
77	77	2
18	18	4
136	161	2
3	4	2
55	123	1
56	122	1
6	14	2
134	134	1
143	143	3
13	14	3
139	140	2
127	128	1
145	146	2
99	116	2
77	78	1
124	124	1
92	96	1
80	80	3
11	12	2
113	113	5
78	80	1
115	116	3
167	167	3
51	94	1
146	146	3
55	55	2
157	158	4
99	99	4
112	134	1
98	98	5
47	47	4
136	140	1
108	109	1
114	114	1
154	155	2
132	141	1
146	147	3
48	48	3
164	167	1
54	119	1
142	146	1
150	151	3
39	41	1
19	19	5
76	85	1
35	36	1
5	7	2
71	71	1
76	76	1
43	43	1
36	58	1
79	107	1
17	55	1
9	10	2
139	139	3
111	112	1
57	57	2
20	25	3
161	163	2
21	21	2
141	147	1
136	141	1
85	85	2
91	92	1
111	140	3
52	52	2
80	81	3
83	108	1
65	65	1
11	26	2
124	125	2
144	144	2
43	44	1
85	92	1
74	75	2
19	73	1
83	102	2
43	107	2
49	103	3
21	140	2
156	157	2
48	50	1
112	135	1
123	153	1
1	165	2
137	138	1
27	38	1
5	6	1
1	166	1
62	62	1
152	153	1
92	92	4
156	156	1
40	52	1
109	111	2
102	102	2
145	145	3
23	24	1
135	135	1
134	138	1
4	19	2
94	94	3
22	23	2
9	11	1
70	70	2
57	63	1
7	8	2
16	26	2
113	114	2
153	155	1
121	122	1
137	141	1
93	98	1
107	109	1
105	106	3
92	116	3
107	150	2
11	20	1
122	123	1
126	136	1
115	115	3
86	86	2
64	88	1
142	143	5
128	129	3
84	85	3
49	104	1
37	123	1
1	2	4
114	131	1
147	148	3
11	155	1
2	22	1
169	170	2
74	74	1
109	109	2
92	115	1
19	133	1
65	66	2
10	11	1
72	75	1
55	56	2
156	159	2
46	47	2
67	67	1
140	144	1
87	94	1
88	90	2
138	139	1
151	151	1
47	107	2
14	15	1
12	15	1
89	90	2
157	157	1
132	137	1
170	170	1
144	148	1
168	170	1
56	56	1
0	0	2
66	66	1
103	104	1
17	21	1
21	73	2
119	120	1
159	160	2
15	18	1
64	66	1
9	9	1
127	127	1
112	141	1
142	144	1
154	156	1
111	116	1
0	7	1
53	79	1
44	44	1
90	90	1
33	34	1
38	125	1
117	117	3
51	65	1
62	63	1
98	99	1
85	99	1
123	148	1
88	88	1
87	88	1
39	40	1
69	70	1
101	102	2
112	113	2
20	22	1
138	138	2
78	82	1
104	105	1
41	41	1
0	9	1
164	164	1
97	97	1
82	83	1
80	99	1
81	95	1
42	44	1
11	15	1
52	56	1
99	112	1
137	137	1
47	116	1
139	151	1
153	158	1
75	75	1
156	158	1
160	161	1
11	13	1
