84	85	4
94	94	3
99	102	1
51	51	1
42	42	3
84	84	2
96	97	2
75	75	5
72	72	1
31	32	5
46	46	3
87	87	2
38	38	4
78	78	1
32	32	4
80	81	3
97	98	3
27	27	3
31	31	5
92	92	1
51	100	1
57	57	2
29	30	3
36	42	1
53	54	2
33	33	4
68	69	3
54	56	1
63	68	4
53	67	2
66	66	4
79	101	1
83	84	2
21	52	1
29	29	4
68	68	2
29	41	1
81	81	1
98	106	1
74	75	1
40	40	1
20	51	1
75	76	1
67	68	1
69	69	3
85	86	1
79	79	3
65	66	2
37	37	4
36	36	4
20	20	2
85	88	1
49	49	1
100	100	3
44	47	3
34	34	2
39	39	3
76	76	5
70	70	2
48	49	1
77	77	2
30	30	1
67	67	4
47	47	5
35	36	1
79	80	2
21	29	2
26	27	3
88	88	1
74	76	3
79	90	2
42	43	1
84	86	1
48	48	2
96	99	1
52	52	1
44	48	2
25	25	1
24	24	3
61	97	1
61	61	1
101	101	2
82	82	6
102	102	1
60	60	2
46	48	2
60	96	3
58	59	3
54	54	3
61	62	1
73	73	1
38	39	1
91	91	2
56	56	3
92	94	1
58	68	1
87	88	1
45	45	1
20	21	2
42	47	1
65	68	2
53	53	1
74	74	1
55	84	1
29	43	1
37	38	4
22	25	5
100	101	1
93	93	1
33	50	2
59	78	1
98	98	1
29	44	1
64	64	2
41	48	2
104	104	1
106	107	2
23	24	1
28	84	1
85	85	1
35	39	1
32	51	1
39	53	1
39	45	1
88	93	1
76	81	1
55	55	1
30	31	1
98	99	1
32	33	2
59	59	2
44	45	1
28	53	1
24	25	1
44	44	1
26	36	2
63	66	1
65	65	1
73	95	1
39	42	1
38	40	1
62	62	1
77	78	1
26	26	1
27	35	1
42	45	1
71	71	1
42	44	1
103	104	1
71	73	1
39	49	1
34	35	1
94	97	1
83	87	1
58	58	1
33	34	1
81	86	1
