43	43	6
110	117	3
68	68	10
88	88	10
107	108	8
66	68	3
79	83	2
61	61	3
3	4	5
55	56	2
29	29	6
73	129	1
96	96	3
96	97	4
80	80	10
75	75	7
104	104	12
87	87	10
112	123	1
18	20	2
74	74	4
43	83	3
54	56	1
110	110	5
62	62	6
76	76	10
18	18	6
106	106	2
94	104	1
90	92	2
101	122	1
77	77	16
71	71	14
120	120	8
44	92	1
76	77	2
82	82	6
70	70	4
116	119	2
25	26	2
107	107	8
92	92	6
31	31	9
61	70	2
90	93	1
116	118	2
6	33	1
83	83	6
135	135	2
27	27	5
47	47	5
72	128	1
120	121	7
100	106	1
93	93	3
90	90	10
36	56	1
97	97	7
101	101	7
25	25	5
109	117	1
23	37	1
85	85	6
122	122	2
105	105	6
71	73	4
115	115	7
93	94	4
4	4	4
1	1	2
73	73	8
85	93	1
84	96	1
118	119	4
37	52	1
50	50	7
53	53	3
86	86	6
72	73	4
126	126	3
124	124	5
114	114	9
115	116	2
70	71	3
22	23	3
64	64	7
81	104	1
18	19	5
78	78	10
32	34	1
34	34	3
90	131	1
123	123	10
102	102	9
81	81	5
99	124	2
127	127	4
82	85	4
87	88	7
118	118	5
110	111	8
55	55	3
111	122	2
78	81	1
129	131	1
77	113	3
86	133	2
65	128	1
48	48	2
79	85	3
8	8	1
50	59	1
33	33	9
90	91	2
12	13	4
58	58	3
7	8	5
89	89	3
98	129	1
26	26	6
71	131	2
84	84	7
18	26	2
108	109	4
116	116	7
122	125	1
63	65	2
103	103	5
69	105	1
37	58	3
121	121	5
109	133	1
61	62	3
98	98	8
7	9	2
111	112	2
52	52	4
9	9	7
106	112	1
23	26	2
72	72	6
98	101	1
65	66	3
63	75	1
20	20	3
76	78	2
1	3	1
131	132	2
89	90	2
14	14	7
52	53	2
100	100	9
28	35	1
12	12	3
61	69	3
4	6	1
111	115	2
61	71	1
27	28	4
97	117	1
94	94	4
35	35	8
112	112	6
22	22	3
72	83	1
64	121	1
49	49	4
90	94	2
21	22	2
92	93	4
57	57	10
10	11	4
57	62	1
37	37	2
22	24	1
131	133	1
0	2	2
60	60	5
65	67	1
129	132	1
62	82	1
109	110	1
34	38	1
79	84	2
16	16	5
24	25	3
69	69	9
128	129	4
130	131	3
44	45	2
24	30	1
43	45	4
59	59	2
63	63	4
61	66	1
11	11	3
67	68	4
84	87	1
125	132	1
2	2	10
122	123	1
65	65	7
20	21	3
81	82	2
19	26	1
70	120	3
128	131	1
46	46	2
17	17	3
91	91	2
54	54	3
25	108	1
11	16	2
106	107	3
56	58	2
38	122	1
79	103	1
30	30	6
127	131	2
9	45	1
102	103	1
24	24	4
82	84	3
91	95	2
112	114	5
7	7	4
126	130	1
91	100	1
23	23	2
108	110	1
56	56	9
13	13	2
111	111	4
42	45	1
32	32	1
79	79	8
58	59	3
6	79	2
1	7	1
53	58	1
11	36	1
73	74	3
94	103	1
7	31	2
19	20	1
62	69	2
6	6	7
43	50	1
21	21	5
52	88	2
129	129	6
130	130	6
118	122	1
60	95	2
79	80	4
60	61	5
21	23	1
99	100	4
105	113	2
46	48	4
105	115	1
95	97	1
59	60	2
117	118	3
128	128	6
97	110	1
97	98	3
67	85	1
7	13	2
116	117	2
60	116	1
8	9	2
85	117	1
12	100	1
51	53	2
28	29	1
56	84	1
78	97	2
23	24	4
9	10	5
22	26	1
89	121	1
83	87	2
111	113	1
5	5	4
62	71	1
0	0	3
15	18	2
100	101	1
35	95	2
20	24	1
49	50	5
64	86	2
0	3	1
28	28	2
132	133	1
1	21	1
126	127	1
80	81	4
44	44	6
34	35	3
6	7	5
101	102	2
5	14	1
88	112	1
43	54	2
53	66	3
33	34	6
82	83	1
85	107	3
71	99	1
86	115	2
92	95	1
50	133	1
66	66	4
44	75	1
7	12	3
112	115	1
53	54	2
54	77	2
68	69	2
1	9	2
36	47	1
119	120	1
49	64	1
130	133	1
73	125	1
104	105	2
99	106	2
78	86	1
44	49	1
121	122	1
12	18	1
98	104	1
11	15	2
6	14	1
72	74	1
45	45	3
95	95	7
35	36	1
75	76	2
105	111	3
22	31	1
81	83	1
100	132	1
0	7	1
123	125	2
66	67	1
17	19	2
16	22	1
58	65	2
3	3	1
39	61	1
119	119	3
10	10	2
67	67	3
8	13	1
66	118	1
79	122	1
99	101	1
72	122	1
57	58	2
64	84	2
54	125	1
60	80	2
60	67	1
64	66	1
82	87	1
2	3	1
125	126	1
17	18	1
113	115	1
4	56	1
93	114	1
79	101	1
53	55	1
52	58	1
45	47	1
128	134	1
86	97	2
110	118	1
20	45	2
72	127	2
86	108	2
129	130	1
117	117	3
56	57	1
52	54	1
37	53	3
15	16	2
89	129	2
34	36	1
29	30	4
36	37	1
71	72	3
36	36	6
29	31	1
13	14	1
38	92	1
73	78	1
62	67	1
99	103	1
28	34	1
37	54	1
0	1	1
106	108	4
69	81	1
97	118	2
125	133	1
13	37	1
19	21	1
108	117	1
66	90	1
83	86	2
126	129	1
52	74	2
52	62	1
33	35	2
113	114	1
38	38	2
61	77	1
110	122	1
78	79	1
112	113	1
123	131	2
99	99	3
83	92	1
57	114	1
57	63	1
24	29	1
78	85	1
72	75	1
64	65	1
37	38	1
115	132	1
77	79	1
87	92	1
80	97	1
15	15	2
69	70	2
3	74	1
62	64	3
105	114	1
30	31	2
27	63	1
60	69	1
73	114	1
90	134	1
113	113	2
96	110	1
5	45	1
49	68	1
49	53	1
3	6	1
94	95	1
124	126	1
82	93	2
96	118	1
96	113	1
131	131	4
84	86	2
66	69	2
1	14	2
54	80	1
79	91	1
109	109	1
77	95	1
77	78	1
4	5	1
108	108	1
88	120	2
62	85	1
92	94	1
113	129	1
126	128	2
72	129	1
85	86	2
1	6	1
115	119	1
125	125	1
31	37	1
105	106	2
124	131	1
99	105	1
124	127	1
32	33	1
79	92	3
83	84	1
74	127	1
127	130	1
129	133	1
64	69	1
133	134	1
125	129	1
74	129	1
67	91	1
20	36	1
26	78	1
16	18	1
71	89	2
133	133	1
96	100	1
55	120	1
98	99	1
87	108	1
106	109	1
55	59	1
108	118	1
113	125	1
12	101	1
26	27	1
42	43	1
77	100	1
95	96	1
48	95	1
55	66	1
54	55	2
25	66	1
56	60	1
42	110	1
124	125	1
118	130	1
58	120	1
8	10	1
77	80	1
8	12	1
95	113	1
132	134	1
77	88	1
70	72	2
134	134	1
99	102	1
98	131	1
49	54	1
