24	38	1
77	77	2
14	14	3
36	111	1
28	29	1
81	81	3
108	108	2
5	5	1
30	31	1
59	59	3
17	18	2
73	73	1
31	31	4
21	21	6
17	17	2
76	76	3
11	43	1
125	126	1
109	109	1
104	114	1
109	110	2
36	36	1
65	66	5
26	26	1
90	91	1
78	114	1
73	76	1
123	123	4
121	123	1
60	61	2
89	127	1
63	63	2
36	106	1
93	93	2
8	8	1
114	114	1
104	104	1
127	127	1
74	74	1
20	109	2
62	63	1
128	128	2
75	75	4
13	103	1
32	32	1
86	86	2
130	130	2
52	52	2
79	79	2
18	19	3
98	98	1
12	12	2
27	27	2
71	80	1
116	116	2
57	57	1
105	105	1
55	55	1
48	48	1
78	78	1
113	113	6
25	25	2
28	28	1
106	117	1
53	54	1
14	80	2
4	4	1
55	56	1
19	19	2
43	43	1
24	27	2
96	96	2
33	82	2
111	111	2
120	120	5
20	107	1
76	78	1
55	59	1
88	91	1
56	56	2
1	13	1
53	112	3
35	106	1
91	93	1
112	112	2
126	126	1
32	33	2
9	9	2
90	135	1
10	11	1
101	124	2
22	105	1
82	86	1
115	115	1
70	71	1
6	7	1
88	88	1
6	6	1
8	9	1
98	105	1
92	124	1
68	69	1
26	31	1
10	10	1
34	35	1
124	125	1
126	127	2
65	65	1
34	34	3
64	64	3
98	116	1
102	102	3
53	53	2
52	53	3
127	128	1
122	122	2
134	134	1
61	61	1
33	33	1
50	65	1
49	72	1
76	77	1
4	5	1
16	18	1
99	99	1
110	113	1
73	74	4
84	84	1
33	105	1
125	133	1
99	100	1
20	20	1
107	108	1
20	108	1
64	101	1
7	7	1
32	104	1
0	0	1
118	118	1
63	129	1
10	30	1
71	71	1
92	92	1
113	115	1
33	34	1
94	94	1
16	16	1
32	35	1
60	99	1
66	66	1
15	15	1
108	109	1
95	95	1
101	125	1
90	108	1
90	90	1
54	118	1
77	103	1
