114	116	3
5	5	6
78	79	1
1	2	1
19	19	8
92	92	1
120	120	7
18	18	2
100	100	9
16	16	2
137	137	15
108	112	4
89	90	3
1	1	7
99	99	2
124	124	6
1	9	2
112	114	4
12	12	1
102	102	9
110	110	9
113	119	1
139	139	10
32	34	3
108	108	2
2	2	3
27	28	2
137	138	2
75	75	6
34	34	14
10	12	1
126	126	3
22	23	4
131	131	9
0	0	1
127	127	8
128	129	3
112	113	2
136	137	3
129	129	9
131	132	4
134	135	3
128	128	6
113	114	2
92	93	2
6	6	5
140	140	3
103	103	3
26	26	3
87	87	6
38	38	1
74	74	11
27	27	10
34	35	1
21	21	17
101	102	2
111	111	6
35	35	7
106	107	2
130	131	3
33	37	3
125	125	10
79	91	3
10	24	2
121	121	8
17	17	1
109	113	2
119	119	4
20	20	5
117	117	8
123	123	5
102	107	1
76	83	2
96	96	3
93	93	1
77	77	4
115	116	5
74	77	2
79	79	2
101	101	9
113	120	4
105	105	4
12	13	1
74	79	4
101	120	1
113	113	2
1	13	2
86	86	1
32	32	4
112	119	3
134	134	3
132	132	4
135	135	2
23	24	4
37	37	6
31	31	2
14	17	3
73	74	1
123	124	5
22	22	3
83	83	4
76	79	1
80	80	3
108	109	2
14	14	4
136	136	5
84	84	1
107	107	6
133	133	2
36	36	2
3	7	1
81	82	2
9	9	1
14	19	1
132	134	1
90	91	3
135	136	2
100	123	1
28	28	4
109	109	1
72	72	1
127	128	1
32	33	1
138	139	5
21	24	1
23	27	1
3	4	1
122	122	4
126	127	3
97	97	4
2	3	1
29	32	1
91	91	3
75	76	2
8	8	4
35	36	2
121	123	1
36	37	3
130	130	2
95	95	1
0	6	1
118	118	1
3	3	2
98	98	1
33	33	1
7	7	1
111	112	2
82	106	2
28	31	1
93	94	1
15	15	2
71	72	1
78	78	1
98	99	1
108	111	2
25	96	1
19	20	1
139	140	1
104	107	1
84	86	1
