87	88	2
66	67	6
41	41	12
102	102	6
82	87	1
117	117	8
83	83	3
44	44	8
33	33	6
9	13	3
44	110	2
107	107	12
96	96	5
42	42	7
72	73	2
68	69	2
77	102	1
79	84	1
84	86	1
112	118	1
86	90	1
3	3	7
58	60	3
95	96	2
61	61	5
70	70	6
18	18	3
80	80	2
19	20	2
59	60	3
75	76	4
110	110	7
42	43	4
100	101	1
104	104	6
49	49	4
83	84	5
118	118	5
107	109	3
104	109	1
92	95	3
19	22	7
55	55	6
87	87	1
12	12	5
58	62	4
60	62	2
7	7	5
28	90	1
32	33	8
74	84	3
39	40	4
46	47	8
91	94	2
106	108	2
56	104	4
3	5	1
58	63	1
97	97	3
83	111	1
63	63	4
10	12	2
76	96	1
33	34	2
0	0	1
16	17	6
51	51	3
88	89	2
27	28	3
86	87	2
45	47	6
92	92	1
73	126	1
19	19	8
4	5	2
100	100	3
120	120	5
110	111	3
74	74	4
53	54	2
17	17	18
90	90	7
94	94	4
69	124	1
23	24	3
65	103	1
91	92	4
94	96	1
48	94	1
32	79	2
77	97	1
21	21	1
77	77	8
89	91	2
76	76	4
39	39	3
52	57	1
95	95	5
1	1	4
45	45	12
15	15	2
44	74	1
43	46	1
67	67	7
23	26	2
123	123	4
79	81	1
58	59	5
34	34	1
32	32	3
102	103	3
90	91	3
78	78	3
108	108	6
54	54	8
93	94	3
51	55	4
76	77	5
84	84	4
43	43	9
67	74	1
10	10	3
64	64	2
89	89	6
64	104	2
114	114	1
111	111	3
105	105	9
45	65	4
68	76	1
55	57	2
25	25	3
80	97	3
108	109	4
38	39	5
26	27	4
9	11	2
2	2	4
127	127	4
76	94	2
101	102	3
107	108	5
60	60	2
81	99	2
60	64	1
72	72	2
68	68	2
99	107	1
8	9	1
66	66	3
6	6	1
77	78	6
68	70	3
33	78	2
59	59	2
49	50	1
92	93	3
14	14	3
73	102	1
86	88	6
28	28	6
78	82	2
70	71	2
24	24	10
5	7	4
103	103	4
0	4	1
51	52	1
127	130	1
125	126	3
89	90	1
50	52	1
15	16	2
74	97	1
83	104	1
47	47	3
46	68	1
88	94	1
129	132	1
61	62	5
9	9	5
125	127	1
41	43	6
48	48	4
45	46	3
18	43	1
85	87	1
83	85	1
69	113	2
74	102	2
65	73	1
65	66	1
74	87	1
53	53	2
99	127	1
79	79	2
69	69	3
40	40	4
30	30	1
62	64	1
23	23	2
113	120	1
16	16	4
13	13	6
71	71	4
82	82	5
41	42	3
115	116	1
22	22	3
111	132	1
126	126	3
31	31	4
58	61	1
119	120	3
89	96	1
73	73	2
130	130	4
119	119	5
81	82	3
31	33	2
20	20	3
125	125	4
112	124	3
46	46	8
112	114	1
120	121	1
25	26	2
64	108	1
112	112	4
44	66	1
32	80	1
43	45	1
11	13	1
74	76	2
128	128	2
73	74	2
48	80	1
114	115	3
15	67	1
63	64	2
23	25	1
103	124	1
43	47	1
59	61	2
50	51	3
33	39	1
40	43	2
52	52	5
28	40	1
54	55	1
96	118	2
11	11	3
82	83	1
29	30	2
4	4	3
56	133	1
126	127	8
88	88	2
85	86	6
7	40	1
98	99	1
103	128	1
8	8	5
5	5	2
109	109	5
12	15	7
59	67	1
59	68	2
72	74	2
88	90	2
45	75	2
74	94	1
106	106	3
116	122	2
97	99	1
38	38	4
99	100	1
65	65	5
112	113	2
75	87	1
49	93	1
44	45	3
124	124	2
30	90	1
12	13	1
9	10	2
69	122	1
38	41	3
84	85	1
129	129	2
107	125	1
127	128	2
20	40	1
132	132	3
82	99	1
43	44	5
56	56	1
73	90	2
54	114	1
81	87	1
28	42	1
74	77	3
129	130	1
78	80	3
131	131	2
26	26	3
48	95	1
82	128	1
122	122	3
25	43	1
31	32	2
40	42	1
29	31	1
28	39	2
55	111	1
104	107	1
29	33	1
63	67	2
14	17	1
24	26	1
92	94	1
5	58	2
130	132	1
86	86	3
73	75	2
93	93	3
101	103	1
70	72	1
62	63	2
114	120	2
33	79	1
113	114	2
30	31	1
2	21	1
99	99	1
76	83	3
17	18	1
38	40	1
18	19	1
101	108	2
118	119	1
75	77	1
78	79	2
104	105	1
77	81	2
74	75	1
124	131	1
45	64	1
90	93	1
40	41	2
114	117	1
84	93	1
81	127	1
28	41	1
108	127	1
116	120	2
115	115	3
56	57	1
21	26	1
7	8	2
24	25	1
73	81	1
27	27	1
22	23	1
100	127	1
78	81	1
71	120	1
41	45	1
3	27	1
17	21	2
58	58	1
48	49	4
28	30	3
75	80	1
70	98	1
18	22	1
14	15	1
0	58	1
15	68	1
100	125	1
114	119	1
100	124	1
97	98	2
66	86	1
101	101	2
84	94	1
114	116	1
21	22	1
69	71	1
31	41	1
18	21	1
57	59	1
94	97	1
81	98	1
87	93	1
65	68	1
111	124	1
81	101	1
54	59	1
47	64	1
