110	110	11
19	19	9
202	202	3
116	116	9
26	93	2
111	111	9
158	158	12
217	217	1
66	66	10
62	62	5
93	93	7
54	57	1
15	16	1
219	219	3
197	240	1
214	214	13
117	118	3
7	41	2
17	17	8
222	222	7
39	39	14
56	57	1
156	156	10
207	207	25
150	159	3
25	78	3
88	88	9
104	104	13
179	179	11
33	33	11
43	43	6
66	89	2
185	185	5
6	6	18
119	119	14
240	243	1
212	237	3
173	173	1
73	74	2
82	82	9
88	115	2
64	64	8
177	177	9
15	43	1
172	172	16
120	120	6
197	200	4
236	237	3
79	79	13
239	240	5
36	36	9
178	179	6
191	192	7
68	235	1
26	26	8
34	34	11
97	98	7
94	94	6
230	231	2
157	157	9
112	163	3
200	201	4
30	30	9
95	96	2
198	198	8
68	68	11
86	95	2
28	28	20
32	33	2
72	72	7
60	60	3
172	174	5
149	150	3
220	220	2
160	160	4
170	170	8
203	203	6
108	114	1
101	109	4
232	232	5
197	198	5
230	230	1
29	29	4
4	4	1
150	151	1
205	205	5
152	205	2
226	226	6
222	223	3
166	167	4
55	244	5
185	192	3
168	168	3
50	50	3
234	235	3
163	164	6
237	237	2
8	8	2
80	84	3
245	246	3
165	165	7
24	24	7
51	51	11
19	20	4
42	42	2
13	14	4
245	245	9
151	168	7
146	146	2
15	15	6
197	199	3
217	218	4
93	94	1
233	233	6
115	115	4
203	204	4
189	191	1
86	87	3
244	244	4
152	152	6
184	184	3
204	204	17
14	15	10
221	221	6
162	165	3
95	97	8
185	186	4
87	113	3
110	157	1
176	176	6
84	85	5
43	238	4
166	166	10
181	181	12
7	10	4
217	224	1
243	243	5
26	101	3
105	106	1
189	190	10
158	164	1
205	232	2
186	190	2
87	87	2
47	216	2
103	107	3
178	178	2
67	73	1
212	235	2
42	43	2
208	208	10
96	96	3
249	249	4
169	169	7
216	216	2
69	69	9
45	221	1
52	52	7
29	30	4
57	58	5
209	209	1
225	227	2
31	41	2
164	164	9
21	42	1
22	22	8
195	196	2
49	49	3
186	186	7
74	109	5
109	109	2
208	209	4
92	92	2
63	63	5
192	192	1
6	7	2
48	48	1
212	212	4
90	90	2
56	56	7
159	196	6
0	0	5
236	236	3
199	199	7
155	155	3
74	74	3
99	100	5
108	108	1
145	145	2
177	197	2
170	174	5
59	64	1
195	195	2
87	88	3
58	58	2
116	117	4
167	176	4
85	85	3
240	247	5
24	91	1
211	213	1
38	61	4
63	67	1
70	71	7
46	46	9
247	247	3
200	200	9
47	59	1
45	100	2
40	40	5
227	227	7
18	37	2
62	63	3
151	151	8
229	230	1
11	28	1
62	64	4
174	174	6
161	162	1
225	228	2
11	11	6
223	225	5
20	20	6
84	84	4
238	238	6
80	81	2
105	118	2
203	207	2
107	118	1
57	84	2
228	228	5
225	225	4
183	184	2
194	194	5
231	231	1
168	169	4
76	77	6
29	220	2
38	242	1
9	9	11
194	195	3
171	171	2
37	37	3
96	98	2
205	231	2
190	190	2
223	224	6
113	116	1
21	21	2
59	59	4
169	170	1
197	197	5
104	108	1
214	215	4
38	38	1
18	20	1
54	55	1
72	74	3
221	240	3
211	211	5
67	67	2
90	93	3
176	178	3
22	32	2
25	25	3
238	239	7
40	52	2
161	161	9
248	248	3
4	12	2
182	183	1
235	235	1
57	57	3
77	78	5
30	248	2
4	5	2
211	241	2
87	89	3
100	101	2
55	55	2
38	39	2
218	218	4
161	193	2
180	186	2
153	247	2
14	14	3
3	3	1
5	5	2
117	117	3
241	241	4
90	95	2
201	201	1
181	184	1
9	10	2
26	27	1
101	101	5
20	21	1
146	147	1
61	61	3
77	93	1
65	65	1
69	70	4
154	154	2
16	16	3
94	95	2
213	214	3
39	218	3
43	44	2
155	156	1
239	242	1
171	180	3
78	78	8
7	7	5
45	45	7
236	248	1
89	89	3
158	177	1
234	234	4
162	162	3
160	166	1
158	159	2
180	181	1
12	12	2
187	188	3
211	216	1
72	73	2
27	27	6
156	167	1
61	62	2
240	248	3
150	150	4
215	216	3
23	23	3
107	107	2
39	60	1
212	221	2
100	100	3
89	93	1
72	77	2
206	206	2
192	201	3
49	51	3
186	188	1
29	33	1
213	215	5
167	168	2
58	59	2
22	23	2
49	245	2
216	217	2
91	91	2
28	29	2
77	92	1
30	245	1
246	246	3
81	81	2
175	206	1
164	165	1
215	215	1
167	167	1
220	222	2
118	118	2
76	76	4
181	182	2
242	242	3
2	2	2
53	53	1
167	170	1
179	180	3
48	60	2
47	47	3
0	1	2
85	86	3
223	223	3
31	31	2
210	210	3
39	63	1
78	79	2
173	174	3
54	54	3
186	187	2
159	159	4
33	46	1
171	172	1
51	241	1
113	113	2
12	14	2
10	10	2
187	187	2
78	94	1
163	163	1
17	35	2
160	163	1
120	174	1
199	200	1
112	112	3
187	190	1
62	95	1
153	154	1
232	233	1
221	223	1
30	31	2
229	229	3
151	152	1
187	189	2
210	231	1
44	44	3
154	155	1
209	210	1
206	234	1
160	161	1
48	50	1
57	59	3
191	191	1
79	80	2
55	213	1
176	177	1
159	160	1
212	213	1
17	37	1
17	46	1
41	224	1
193	195	1
167	187	1
27	28	2
5	50	1
246	247	1
237	240	1
103	106	1
5	245	1
231	232	1
114	114	1
207	220	1
