112	113	1
130	131	1
47	93	1
38	38	5
169	169	2
2	2	2
0	0	3
72	77	1
48	48	3
98	99	1
84	84	2
75	75	2
20	23	2
28	28	3
22	23	2
4	4	4
147	147	2
48	72	2
5	6	3
54	54	6
16	17	1
115	115	5
43	44	1
39	40	2
57	63	2
157	158	1
56	56	2
15	15	2
57	57	1
138	138	2
76	77	2
75	142	1
37	93	1
18	76	2
121	122	1
162	162	1
52	52	3
91	91	2
96	96	1
85	90	1
128	129	1
11	71	1
113	113	2
46	46	1
149	149	1
90	90	3
8	117	1
62	62	3
24	24	1
139	146	1
130	154	1
92	93	3
152	152	1
35	35	4
27	27	4
155	168	3
9	9	2
107	107	4
2	27	1
50	150	1
122	122	2
79	79	3
134	137	1
21	21	2
103	103	1
71	71	2
117	118	1
86	87	1
148	149	1
85	85	1
20	71	1
42	43	1
23	23	1
82	82	1
63	167	1
73	74	2
12	12	6
100	101	1
154	154	2
36	36	2
128	128	1
124	124	3
83	83	1
79	123	1
78	122	1
156	156	2
6	6	2
20	33	1
100	100	1
94	103	1
81	82	2
51	51	2
144	145	1
38	39	1
19	19	2
67	68	2
82	107	2
50	50	3
63	117	1
43	55	1
8	122	1
16	18	1
10	10	3
43	43	3
146	146	3
137	137	2
54	55	1
101	102	1
68	69	2
45	45	2
94	94	4
88	88	3
111	113	1
113	115	2
136	138	1
38	41	1
162	163	1
142	142	2
49	49	4
37	37	1
145	145	3
43	56	1
55	55	2
117	145	1
102	102	1
39	63	1
144	144	1
66	69	2
131	131	2
5	5	2
118	119	1
108	109	2
150	151	1
119	120	1
1	1	4
67	74	1
68	68	1
69	104	1
99	100	2
155	156	1
95	95	1
64	64	2
169	170	1
72	72	1
73	83	1
53	54	2
79	80	2
66	66	1
11	11	2
166	167	1
25	26	1
46	49	1
71	72	1
34	35	1
121	125	1
69	69	2
70	70	1
133	141	1
3	3	2
70	72	1
160	160	1
13	13	1
80	82	1
164	165	1
76	83	1
108	108	1
77	124	1
77	116	1
22	58	1
3	134	1
114	115	1
111	111	2
85	120	2
95	96	1
152	154	2
72	75	1
127	128	1
19	57	1
48	49	2
88	89	1
139	139	1
46	54	1
130	148	1
123	123	2
20	20	1
11	12	1
25	48	1
113	114	1
20	107	1
110	111	1
66	67	2
116	119	1
14	14	1
135	137	1
165	165	1
40	41	1
25	25	1
116	116	1
127	147	1
73	73	1
46	48	1
