65	65	2
164	173	2
62	64	2
4	4	4
221	221	4
215	215	2
53	55	1
42	43	1
151	151	1
9	9	3
36	37	2
14	38	1
186	186	3
215	216	1
68	173	2
178	188	2
49	49	2
13	15	2
51	53	2
85	86	1
195	195	4
167	168	3
198	198	2
4	30	1
81	81	5
0	1	2
104	104	1
174	192	1
174	174	4
232	233	1
72	72	1
228	230	1
56	56	5
117	123	1
115	115	1
198	227	2
49	50	1
51	51	2
103	103	2
199	199	2
80	80	4
37	37	1
25	25	1
35	35	5
213	229	2
25	26	1
21	50	1
17	17	2
125	126	2
201	206	1
32	32	2
69	69	2
187	192	1
118	118	1
207	207	2
1	97	2
37	42	1
70	70	2
12	13	1
112	112	2
55	55	1
135	162	1
54	55	2
111	118	1
100	100	2
214	216	2
1	1	2
83	83	1
173	179	1
86	86	1
138	139	2
201	204	2
78	78	2
184	186	1
24	57	1
136	138	1
52	52	2
180	180	3
104	118	1
23	24	2
135	135	1
212	212	2
117	236	1
20	20	3
10	10	1
143	181	1
147	151	1
182	182	2
20	51	1
76	76	1
161	200	2
70	73	2
115	117	2
116	126	1
36	49	1
101	101	2
75	75	4
170	221	1
115	116	4
139	222	1
156	156	1
145	153	1
188	188	1
64	65	1
163	163	1
183	185	2
66	66	3
144	146	2
142	163	1
69	72	1
221	230	1
147	153	2
30	34	1
3	5	1
61	61	1
152	152	1
200	203	2
205	205	1
59	59	2
175	176	2
71	71	2
18	18	2
23	23	1
54	54	4
146	147	1
152	153	2
7	8	1
9	203	2
24	24	1
55	61	2
133	170	1
48	51	1
12	16	1
102	102	1
16	16	3
149	149	1
44	44	1
33	35	1
108	108	2
171	171	1
135	204	1
150	150	1
117	117	1
3	3	1
140	141	1
106	106	1
66	68	1
2	2	1
105	106	1
98	101	1
54	61	2
188	189	2
6	7	1
213	213	3
191	192	1
1	206	1
175	175	3
179	187	1
149	151	1
127	166	1
69	87	1
22	23	1
99	100	1
64	66	2
46	46	2
1	186	1
7	7	1
57	57	3
40	47	2
77	77	1
81	100	1
140	140	1
21	21	1
181	182	1
126	127	1
99	99	1
4	13	2
11	11	2
128	128	2
25	98	1
228	228	1
30	84	1
145	145	1
70	103	1
99	104	2
113	217	1
18	19	1
197	211	1
27	38	1
64	68	1
82	83	1
44	49	1
5	6	1
179	179	1
137	219	1
100	104	2
62	86	1
8	8	1
204	205	1
19	20	1
96	97	1
8	15	1
222	224	1
45	46	2
85	85	1
165	165	1
67	67	2
0	53	1
22	41	1
198	200	1
173	174	1
58	83	1
236	236	1
213	216	1
225	233	1
68	235	1
221	222	1
147	147	1
107	107	1
26	38	1
235	235	1
217	217	1
211	211	1
240	240	2
7	17	2
62	62	1
41	41	1
190	210	1
29	30	1
27	27	1
82	82	1
37	38	1
63	63	1
70	71	1
1	2	1
154	154	1
186	194	1
77	79	1
217	219	1
181	181	1
33	33	1
186	195	1
138	221	1
192	193	1
20	54	1
2	49	1
63	64	1
34	34	1
137	137	1
1	16	1
225	226	1
