55	56	1
37	39	1
8	18	1
37	37	1
46	46	2
8	9	2
45	46	3
13	46	2
60	60	4
35	36	1
52	52	6
56	56	8
34	34	4
2	2	4
14	19	1
39	42	3
23	24	1
50	51	1
51	51	3
5	5	2
51	53	1
32	45	2
3	3	2
6	47	1
9	9	3
54	54	2
30	30	3
11	12	1
30	32	2
22	22	2
20	42	1
21	22	1
41	41	2
22	23	1
46	47	2
6	7	3
39	40	1
19	41	1
23	23	3
0	4	2
40	40	3
14	21	4
45	56	2
17	21	1
49	51	7
54	55	5
32	32	1
4	60	2
12	12	3
53	54	5
35	35	3
56	60	2
36	36	4
55	55	1
49	49	2
37	38	1
0	0	1
18	19	1
5	7	2
47	47	1
32	33	2
12	13	3
2	3	4
8	8	2
19	20	1
7	9	1
57	58	1
20	20	1
33	33	1
36	37	1
43	43	3
38	40	1
39	39	2
53	53	3
52	53	2
58	58	1
22	25	1
21	21	3
61	61	1
38	38	2
4	5	1
43	48	1
38	41	1
45	45	4
17	17	1
14	14	1
8	11	1
1	1	2
60	61	1
58	59	2
38	39	1
17	18	2
37	54	1
10	11	1
50	50	1
17	19	1
33	35	1
30	31	1
42	42	1
57	57	1
