20	33	2
54	55	2
1	1	1
70	71	2
55	55	2
65	65	1
61	61	2
49	53	1
1	76	1
48	49	2
52	52	2
42	42	1
53	53	4
57	58	1
14	14	2
31	32	1
11	11	3
3	3	1
30	30	3
40	40	4
21	21	1
19	33	1
2	2	1
19	19	2
66	66	2
41	42	2
60	60	1
17	48	2
69	69	4
41	41	2
63	66	1
9	9	1
70	70	1
72	73	2
51	54	1
28	28	1
37	37	1
8	11	1
39	39	2
0	75	1
58	59	1
33	33	1
56	56	3
73	74	1
78	78	2
25	26	2
47	47	2
79	79	1
69	71	1
49	49	1
12	12	1
46	72	1
59	59	2
54	54	1
66	67	1
46	46	1
18	19	1
17	17	1
57	57	1
53	55	2
13	14	1
35	38	2
10	11	1
14	21	2
12	13	1
48	48	1
7	7	1
38	38	1
4	4	1
