96	97	4
93	93	7
168	169	3
151	151	7
47	47	29
23	24	3
166	166	22
3	3	25
115	115	14
144	144	24
143	144	8
101	142	4
39	39	6
8	9	1
76	76	14
88	88	23
85	87	4
40	40	9
58	62	5
70	70	15
152	155	4
5	5	10
116	116	10
56	56	6
77	78	11
148	149	3
42	43	8
27	27	9
68	70	1
2	129	2
36	36	22
11	11	10
71	135	3
156	161	3
38	42	6
11	12	6
20	21	8
44	46	2
113	113	13
114	115	13
39	40	4
73	73	34
112	112	24
87	132	8
55	55	31
88	89	4
132	132	5
87	87	10
117	117	12
91	91	2
119	119	14
162	163	4
128	128	15
106	170	2
10	10	6
37	38	5
72	72	12
26	26	15
99	99	9
13	14	2
82	82	15
123	123	12
164	165	8
17	18	10
101	111	4
58	58	5
143	158	6
105	105	28
120	120	11
133	133	15
61	62	5
84	84	7
3	133	3
79	79	9
35	35	14
41	42	14
35	36	9
42	42	21
62	62	8
52	52	22
134	134	19
107	108	8
146	146	4
126	126	11
64	65	9
69	70	3
149	149	29
108	139	5
4	4	5
107	107	12
121	121	6
21	21	7
22	23	6
159	159	18
43	44	5
7	7	15
86	86	12
135	135	13
20	20	9
90	90	16
64	69	5
94	94	7
168	168	7
83	84	15
9	9	20
156	165	2
2	2	20
84	86	4
16	45	5
149	150	4
83	83	6
1	1	12
114	154	6
44	44	23
138	141	2
129	130	5
76	79	4
75	75	16
153	153	17
50	57	5
132	133	2
92	92	12
170	170	8
16	16	23
10	37	1
127	127	11
46	49	1
24	24	10
109	110	7
139	139	10
7	9	3
115	116	5
38	38	16
104	105	5
112	114	4
127	143	5
25	151	2
143	143	27
97	100	3
25	115	5
134	135	5
161	161	11
112	153	3
167	167	12
46	46	7
143	149	3
140	150	2
118	137	2
136	136	10
154	161	9
97	97	8
162	162	1
131	131	14
25	25	4
49	99	5
6	8	1
69	78	3
14	15	5
149	156	6
110	110	5
135	138	3
90	91	1
109	144	5
148	148	12
157	159	3
123	124	3
101	103	6
17	17	19
19	19	12
66	71	3
121	130	3
110	111	7
125	169	5
13	13	18
64	64	18
98	98	16
23	23	2
81	81	9
33	33	4
63	63	15
137	137	16
9	10	3
136	138	6
12	49	4
0	1	8
53	53	11
49	49	6
6	6	12
66	66	4
34	34	15
108	109	1
134	136	1
160	160	16
74	74	23
7	10	3
98	104	3
73	76	5
150	150	14
17	25	3
86	87	7
166	167	2
78	78	9
100	101	6
140	140	7
119	122	4
155	156	8
121	122	6
106	106	13
106	110	2
156	157	3
117	118	3
158	159	14
51	58	3
131	132	4
129	129	12
71	99	6
45	45	3
150	151	6
18	25	2
25	26	4
51	51	17
45	52	2
142	142	15
38	39	3
102	102	9
9	21	3
106	111	5
127	129	2
112	113	5
163	163	12
124	124	14
108	138	4
13	55	2
3	55	4
100	102	2
55	104	4
141	141	4
109	109	12
43	43	12
104	104	5
115	128	4
34	35	5
67	70	1
111	111	19
91	92	2
97	98	6
144	145	7
1	2	5
12	13	11
21	22	15
54	54	8
82	92	2
22	22	18
68	68	9
8	8	13
109	111	5
64	67	5
155	169	1
152	152	3
85	86	3
12	14	4
152	157	3
48	48	7
142	143	3
128	142	1
35	53	2
122	123	4
138	138	2
133	134	2
91	96	5
74	95	2
37	37	11
100	105	2
77	77	1
46	47	7
72	73	5
6	7	7
125	125	8
24	48	1
28	28	5
104	107	3
147	149	7
85	85	8
40	41	7
71	71	7
18	18	2
100	100	5
5	48	2
153	154	5
117	156	3
96	96	4
147	147	7
78	101	5
47	50	3
113	115	2
18	24	3
11	15	3
33	35	1
85	111	2
108	108	16
114	114	6
3	37	1
15	16	1
84	85	9
21	39	4
36	37	6
113	114	2
53	55	1
139	140	3
80	80	10
157	158	9
69	69	3
79	80	4
14	14	3
135	136	4
103	103	3
124	125	2
164	164	2
73	105	3
55	56	11
4	47	3
15	15	7
75	76	5
26	27	2
97	99	3
65	66	2
12	17	6
12	12	5
103	105	2
25	36	1
146	147	4
24	26	3
152	153	5
147	148	5
104	106	7
162	164	2
47	48	2
3	5	4
151	154	2
74	85	3
137	139	2
19	21	2
50	50	4
0	0	2
89	89	2
157	157	6
18	132	3
16	17	5
51	53	2
139	142	2
98	99	7
45	75	3
17	150	3
130	130	1
4	5	3
154	154	2
123	126	1
80	82	9
80	81	4
39	58	4
84	129	1
126	127	6
41	41	10
20	23	1
103	104	4
67	68	2
77	138	5
101	101	2
15	20	3
71	72	4
7	71	1
13	15	7
88	111	3
105	107	1
44	49	2
57	57	2
106	107	3
54	56	5
165	165	2
126	133	1
72	101	2
156	156	2
158	158	6
66	70	3
110	116	2
158	166	1
159	167	5
163	164	1
113	133	4
56	140	3
52	53	1
18	20	2
9	14	4
102	103	2
77	79	2
76	78	2
156	164	3
50	51	4
158	165	3
67	67	3
145	146	1
16	23	5
119	120	1
1	27	2
155	157	1
111	112	2
148	153	1
154	155	2
4	16	1
116	117	3
27	28	4
20	24	8
117	129	1
125	126	2
24	133	2
81	82	2
145	145	4
94	95	1
65	65	2
142	144	1
2	5	1
122	122	1
157	166	3
133	135	1
163	168	2
121	123	1
116	119	1
56	135	2
101	102	1
106	166	5
8	10	1
102	106	3
110	144	1
124	154	1
136	137	1
73	84	1
66	67	2
53	54	2
18	19	2
51	52	2
10	13	4
52	87	1
87	90	2
117	130	2
144	157	1
79	81	1
88	90	2
145	149	1
62	73	2
1	57	1
78	79	1
73	74	2
27	104	1
38	40	1
62	69	2
74	75	1
21	23	2
42	44	2
89	114	2
56	57	1
68	69	1
121	167	1
128	129	1
107	111	1
69	77	1
107	125	2
128	136	1
12	28	1
3	53	1
146	154	1
135	137	1
