63	63	2
64	64	3
111	111	1
204	205	1
171	172	2
231	231	4
147	147	1
198	198	2
79	80	1
108	124	2
200	207	2
149	150	1
211	211	3
25	69	1
38	53	2
56	56	2
127	127	1
182	182	4
103	103	2
35	79	3
160	161	6
67	67	4
51	52	2
9	9	4
142	142	2
57	86	1
61	161	1
170	170	3
212	212	2
5	6	3
122	127	2
198	201	1
20	23	1
81	81	4
43	43	2
29	29	3
44	44	2
162	177	1
156	158	1
104	104	1
49	51	2
188	188	6
75	75	1
39	39	3
35	36	2
101	102	2
53	178	1
63	64	4
57	57	2
19	19	1
211	212	2
14	16	2
172	178	2
61	63	1
5	21	2
236	236	4
188	189	2
176	176	2
185	186	3
23	31	2
109	109	2
204	204	2
140	140	1
43	161	1
105	108	1
221	221	2
64	205	2
156	157	1
13	49	2
15	15	4
118	203	2
185	185	4
77	78	3
136	137	1
55	56	2
198	199	4
179	180	1
181	181	3
123	124	1
161	161	3
202	206	3
225	225	2
112	112	1
57	60	1
120	120	3
30	30	1
14	35	2
168	168	2
25	25	2
41	41	2
48	48	4
183	190	1
51	53	4
53	53	3
82	82	4
28	28	9
155	164	1
26	26	2
61	61	4
159	162	1
55	168	1
46	73	2
7	7	1
22	31	2
49	56	1
197	197	4
33	33	1
66	66	2
240	240	3
205	205	2
13	13	1
203	203	4
8	8	1
32	32	2
109	121	2
22	42	1
196	196	2
13	16	2
5	5	4
206	207	3
49	49	7
103	130	1
176	178	1
235	235	2
229	229	4
226	226	3
22	22	3
119	119	3
81	83	1
24	45	1
162	182	1
63	69	1
2	15	1
238	238	1
62	62	2
131	131	1
27	27	3
26	29	1
197	199	2
169	169	1
98	228	1
172	173	1
151	151	2
130	131	1
170	171	1
76	78	2
22	23	3
184	184	2
74	74	2
37	37	3
153	153	3
203	209	1
115	116	3
68	80	1
193	194	1
58	59	2
145	146	2
16	33	2
4	6	2
15	17	1
65	67	1
162	164	1
55	169	1
131	241	1
221	223	1
12	16	1
220	228	1
12	12	2
136	136	1
19	28	2
46	46	2
32	44	1
154	154	2
71	71	1
80	81	1
207	208	2
69	69	2
33	82	2
57	59	3
82	83	1
124	124	1
11	15	1
140	141	2
81	82	1
33	91	3
78	78	1
95	104	1
59	59	2
189	190	3
109	120	1
202	209	2
15	42	1
150	154	2
113	113	1
137	138	2
20	21	1
184	212	1
185	203	1
42	42	1
15	212	2
180	184	3
162	162	1
15	41	2
51	168	1
34	35	2
179	200	2
141	147	1
24	37	2
71	72	1
79	79	3
79	82	3
103	105	4
207	234	1
194	208	1
142	147	1
171	174	1
90	109	2
65	68	1
17	21	1
135	159	2
153	155	1
6	11	1
56	214	1
178	178	1
47	47	1
32	35	1
131	135	1
7	11	1
45	46	1
78	80	3
232	233	1
201	220	1
228	232	1
181	183	2
83	84	2
147	148	1
217	219	1
142	161	2
202	205	3
82	84	1
157	159	1
193	193	1
17	17	1
133	133	1
24	26	1
50	51	2
163	163	1
167	181	1
129	129	1
55	68	1
200	200	3
144	145	1
9	10	1
109	137	1
123	130	1
119	122	1
222	223	2
144	146	1
40	51	2
41	42	1
1	1	2
146	146	1
230	230	2
39	42	1
194	195	1
118	118	2
172	172	1
179	179	1
174	174	1
21	22	3
113	122	1
134	136	2
23	23	2
143	143	2
153	164	1
134	134	3
52	58	1
59	60	1
165	165	2
240	241	1
39	40	1
178	179	3
24	24	1
152	152	1
147	150	2
140	145	1
34	38	3
31	31	1
57	58	1
188	203	2
148	149	1
209	216	2
52	52	1
59	72	2
65	66	1
223	223	1
43	54	1
77	79	3
70	70	1
105	105	2
217	217	5
50	50	1
58	60	1
189	189	3
222	222	1
163	164	1
239	240	1
24	25	1
190	190	2
16	16	1
161	203	1
34	34	1
192	193	1
24	29	1
17	35	2
44	154	1
28	38	1
183	183	2
111	133	1
122	123	1
210	212	1
140	142	2
80	80	1
172	175	2
7	8	3
197	208	1
38	38	2
240	242	3
175	242	1
34	49	1
35	35	1
6	21	1
128	128	1
19	20	1
105	126	1
20	20	2
86	86	2
55	96	1
45	45	2
47	57	1
8	15	1
190	193	1
80	104	1
160	165	1
195	227	1
76	76	1
120	121	1
171	171	1
228	228	1
107	107	1
32	47	1
13	14	1
16	48	1
39	45	1
25	98	1
99	99	2
219	222	1
106	106	1
4	4	1
195	195	1
128	203	1
135	233	1
121	174	1
43	44	1
117	117	1
234	235	1
130	130	1
116	117	1
111	112	1
66	67	1
167	168	1
216	216	1
84	84	2
16	17	1
242	242	1
173	173	1
41	52	1
192	192	1
141	205	1
8	51	1
121	122	1
109	114	1
124	126	1
81	84	1
32	86	1
160	191	1
131	134	1
99	100	1
