132	132	6
6	6	1
3	3	5
36	36	1
99	101	2
111	112	2
37	37	1
140	141	1
81	81	3
6	27	1
126	126	6
18	18	1
137	138	1
32	32	2
8	9	3
81	88	1
125	126	1
119	119	1
92	92	1
120	120	4
95	95	3
133	133	4
18	19	2
113	113	1
27	30	2
35	35	4
111	111	1
101	102	1
26	26	2
75	76	1
131	131	5
11	11	1
86	86	3
75	79	1
22	22	1
96	99	3
73	73	2
138	138	5
103	110	1
14	17	1
106	119	1
14	18	1
122	122	1
129	130	3
92	94	1
112	113	1
118	119	3
0	113	1
83	84	2
118	118	3
79	80	4
136	136	2
82	84	2
17	19	1
31	88	1
103	122	1
127	129	1
12	13	2
90	107	1
6	115	1
74	76	2
101	101	1
72	77	1
13	13	2
19	19	4
130	130	2
111	114	1
124	124	3
83	83	2
91	91	3
71	71	2
135	135	2
96	96	1
26	27	2
19	20	2
84	84	2
114	114	3
127	127	1
113	118	1
21	21	3
120	124	1
99	99	1
30	31	2
25	29	1
82	83	2
108	108	2
32	33	1
75	81	1
28	32	1
103	123	2
31	31	1
15	16	2
126	134	1
112	112	4
120	121	3
30	30	1
5	5	1
11	12	1
99	116	1
102	107	1
7	10	1
135	137	1
81	84	1
121	122	1
73	77	1
12	12	2
104	104	1
126	128	2
8	8	2
20	20	3
29	29	2
124	125	1
5	116	1
117	117	2
110	110	2
116	116	1
4	4	1
129	129	2
3	85	1
114	115	1
80	80	2
80	85	1
103	119	1
133	138	1
127	128	1
33	34	1
100	101	1
106	107	1
3	86	1
77	77	4
16	16	1
5	15	1
76	76	1
24	24	2
98	98	3
102	103	1
8	85	1
94	94	1
123	123	2
95	134	1
120	122	2
73	85	1
92	93	1
105	109	1
9	82	1
33	35	1
123	124	1
25	25	1
81	82	1
96	100	1
20	74	1
117	125	1
101	110	1
26	31	1
28	28	1
106	106	1
104	105	1
90	91	1
103	103	1
95	97	1
87	87	1
105	105	1
133	135	1
85	85	1
72	73	1
100	103	1
109	109	1
74	74	3
107	108	1
100	100	1
81	108	1
79	79	1
84	85	1
3	5	1
92	96	1
22	31	1
75	77	1
9	9	1
15	15	1
99	100	1
78	78	1
9	87	1
107	107	1
79	85	1
