49	55	7
33	33	3
56	56	2
19	19	15
7	7	10
130	130	5
21	21	9
98	98	13
11	27	4
41	41	16
28	30	5
67	67	13
118	118	6
93	111	1
62	62	4
108	109	7
107	107	3
141	142	1
4	5	3
132	132	2
15	142	7
15	22	7
135	136	8
25	25	8
4	4	10
64	64	6
92	92	2
94	95	10
73	86	7
32	32	7
17	17	9
32	33	9
111	114	5
22	23	9
69	69	8
118	128	5
110	111	4
143	143	8
135	138	2
36	36	5
99	104	3
114	114	6
72	72	8
50	50	11
28	28	2
106	107	2
9	10	4
24	24	22
66	66	6
117	117	8
42	42	3
135	135	11
54	55	5
35	35	7
2	11	6
22	22	9
47	50	5
30	36	3
18	18	4
20	21	3
123	124	11
11	11	2
103	103	6
16	16	11
34	34	12
48	49	3
38	49	5
139	139	8
83	83	1
91	91	1
117	147	3
34	35	3
123	123	12
147	148	2
21	23	5
102	129	4
113	123	6
68	82	4
3	31	2
81	82	1
53	53	11
97	98	4
27	30	3
13	35	1
10	10	2
105	105	3
118	122	2
80	80	11
103	105	6
135	148	3
90	91	1
2	3	1
129	129	10
128	128	3
119	119	10
131	131	2
93	95	3
145	147	3
127	127	2
45	45	6
54	56	4
97	97	1
86	88	4
63	83	3
31	31	6
22	27	4
102	130	3
101	102	1
47	47	9
20	20	11
95	95	3
70	70	21
42	134	3
3	3	7
111	112	2
122	122	17
144	144	5
34	36	1
67	70	1
42	45	3
76	77	2
68	71	6
43	43	4
82	82	7
38	38	14
68	68	3
146	146	8
62	75	4
133	152	3
28	62	2
51	53	3
2	2	4
101	103	2
15	15	5
19	20	2
8	8	14
136	137	1
45	46	4
37	40	1
118	130	1
133	133	15
132	149	3
132	134	2
141	141	6
83	84	1
68	74	4
39	40	6
8	41	1
104	105	3
145	145	2
31	32	5
108	108	9
69	94	2
136	136	7
134	134	5
7	44	2
9	9	7
38	41	2
40	41	5
96	96	3
35	36	6
12	13	1
95	97	4
74	74	5
145	146	5
78	78	3
71	77	2
66	68	1
38	39	2
151	151	3
51	57	2
138	138	3
16	17	1
76	78	8
133	153	3
121	121	2
126	130	3
15	16	6
14	26	4
21	22	1
17	29	1
33	56	3
75	83	2
65	65	5
99	99	6
98	99	4
140	144	3
148	148	2
79	81	10
88	88	6
14	14	2
150	150	2
132	150	3
30	30	7
79	86	5
124	125	1
67	82	2
55	55	5
64	66	1
52	52	2
48	48	10
26	26	1
38	55	1
27	28	1
132	133	1
49	50	4
153	153	3
137	138	3
135	150	3
19	21	3
102	102	2
6	6	4
79	80	2
49	51	2
23	23	9
42	43	2
41	43	3
80	81	6
152	152	3
115	142	3
76	76	7
64	65	2
93	93	6
128	149	2
123	145	1
113	113	2
25	33	1
43	44	1
25	26	1
26	45	3
8	35	1
123	144	1
140	141	2
102	138	2
73	74	3
78	85	3
39	39	4
6	7	4
4	10	1
10	11	2
86	87	4
149	149	2
13	13	4
103	104	6
75	76	1
29	30	4
10	13	1
100	100	2
120	120	4
112	112	7
82	84	2
18	21	2
104	104	4
71	73	1
39	46	1
85	85	2
94	96	2
53	54	5
44	44	2
55	56	2
40	40	4
106	106	2
124	153	5
124	124	2
71	71	5
84	84	1
84	88	2
18	29	2
8	37	3
154	154	3
37	37	3
126	128	3
31	35	2
68	76	1
95	98	1
38	40	2
15	30	2
128	129	1
45	140	1
54	54	4
22	30	2
126	127	4
142	142	2
135	137	2
78	79	3
7	10	1
90	108	2
4	11	1
142	143	4
69	73	2
149	151	1
79	79	1
74	87	1
57	65	1
12	12	4
105	109	2
46	46	1
28	29	1
51	52	2
137	145	2
125	127	2
120	121	3
44	46	1
105	106	1
45	52	1
63	63	2
126	126	2
48	58	2
88	89	2
87	87	2
14	129	1
92	112	2
16	28	2
136	149	1
53	56	1
33	54	1
117	141	1
139	140	1
96	97	1
109	109	1
81	81	1
25	27	1
77	77	1
118	131	1
19	23	2
109	110	1
134	147	1
24	25	2
49	53	1
14	128	1
58	58	1
27	27	2
56	75	2
101	101	2
11	12	1
75	75	1
137	148	1
99	101	1
