35	37	2
54	54	1
32	32	3
0	0	1
52	53	2
59	59	1
32	33	1
65	67	1
10	10	4
41	41	3
5	37	1
69	69	3
28	29	1
11	11	1
35	38	1
57	59	1
51	52	1
34	34	2
70	71	2
62	62	4
3	4	1
4	4	5
6	6	3
61	61	2
43	65	1
47	47	2
1	26	1
68	73	1
2	23	1
47	48	1
23	53	1
22	47	1
24	49	3
35	39	5
31	77	2
55	55	2
9	22	2
7	7	1
53	54	2
65	65	1
30	31	1
69	70	3
22	45	3
51	65	1
48	49	1
44	51	1
22	23	1
26	28	1
60	60	1
0	4	2
13	13	2
68	70	1
39	43	1
26	26	2
58	58	1
31	42	2
44	46	1
31	50	1
34	44	2
51	74	1
18	21	1
45	46	1
9	9	4
51	51	1
22	22	2
39	50	2
31	32	1
58	68	1
38	46	1
65	68	1
53	53	1
59	77	1
4	15	1
0	2	1
22	26	1
10	73	1
12	13	1
61	72	1
22	43	2
68	69	1
43	43	2
56	56	2
68	74	1
48	48	1
11	12	2
25	26	1
2	22	1
3	7	1
50	50	1
38	38	2
19	20	3
24	24	2
29	29	1
20	21	2
39	44	1
3	3	1
62	72	2
72	74	1
34	43	1
27	28	2
35	35	1
1	1	1
20	20	1
18	29	1
77	77	2
21	21	1
42	65	1
27	52	1
5	24	1
42	42	1
5	5	1
