155	155	1
0	2	2
127	127	1
91	91	2
142	144	1
144	145	1
116	117	1
141	142	2
1	2	2
79	79	3
49	49	2
4	4	4
18	21	1
9	12	3
85	97	1
93	98	1
22	23	2
28	30	1
146	147	3
88	88	2
96	96	2
115	115	1
27	101	1
3	46	1
113	114	2
37	37	1
55	55	1
110	110	2
3	3	3
36	36	3
105	105	2
84	84	2
136	136	4
151	158	1
39	40	1
78	89	1
126	126	3
93	93	3
10	14	1
42	43	2
70	70	1
95	95	2
19	20	1
47	47	4
129	140	1
107	112	1
10	10	1
13	17	1
77	77	1
102	144	1
66	66	2
105	122	2
4	45	1
62	106	1
90	91	1
111	111	2
31	31	1
20	141	1
97	155	1
83	83	3
73	73	1
38	39	1
27	29	2
52	145	2
37	43	1
121	121	3
11	17	1
104	104	3
30	31	1
57	67	1
8	9	1
154	155	1
3	5	1
127	131	1
77	87	1
83	88	1
137	139	1
158	158	2
9	11	1
23	23	1
125	139	1
86	87	1
122	141	1
62	62	2
93	97	1
69	71	3
120	147	1
92	92	4
13	13	2
31	35	1
32	32	2
88	95	1
122	122	2
107	110	1
94	94	2
108	108	1
54	99	1
119	119	1
139	139	2
12	13	1
51	52	3
134	134	2
75	133	1
142	142	1
67	68	1
86	86	2
20	140	1
28	37	3
106	107	1
68	68	1
145	145	1
114	131	1
52	52	2
6	129	1
12	12	1
99	99	1
22	28	2
89	89	2
34	35	1
108	110	3
82	84	1
0	0	1
140	140	1
32	39	1
16	17	1
82	82	3
18	19	1
139	141	1
137	138	1
44	44	1
11	12	1
140	142	1
84	85	1
131	132	1
15	23	1
33	102	2
33	36	2
143	145	3
20	36	1
109	110	2
51	154	1
122	143	1
9	19	1
90	118	1
34	34	1
11	11	1
113	115	2
77	89	1
133	134	1
67	67	1
87	87	2
73	134	1
21	21	1
32	33	1
37	38	1
2	3	1
97	97	2
103	103	2
10	13	2
27	27	1
124	132	2
91	101	1
54	54	1
131	131	2
135	135	1
97	98	1
64	65	1
110	111	1
119	120	2
37	147	1
43	43	1
103	104	2
141	141	2
24	24	1
30	152	1
114	115	1
102	143	1
108	116	1
17	17	2
109	109	1
16	16	2
125	126	2
8	8	1
56	65	2
14	14	1
69	69	1
28	28	1
105	106	1
24	26	2
33	33	1
116	116	1
20	21	1
80	80	2
121	143	1
107	121	1
131	139	1
132	139	2
119	121	2
23	24	1
23	103	1
14	16	1
48	48	1
55	148	1
16	22	1
33	104	1
69	70	2
13	14	2
149	156	2
14	15	1
7	9	1
150	150	1
77	86	1
146	146	2
145	146	1
22	27	1
98	98	2
80	82	1
44	45	1
132	132	2
51	141	1
70	71	1
22	22	2
83	86	1
2	2	1
55	150	1
90	93	2
28	137	1
5	7	1
24	139	1
109	111	2
75	75	1
9	10	1
15	20	1
81	82	1
67	69	1
19	21	1
30	30	1
50	51	1
