39	39	5
37	37	6
32	32	10
9	13	3
33	35	2
48	48	12
25	25	4
48	49	1
33	44	2
35	37	2
55	55	8
17	18	2
40	40	5
51	59	1
45	46	2
54	56	2
3	4	3
31	36	2
5	5	5
35	35	12
43	43	10
60	60	7
22	50	2
54	54	7
44	44	7
36	36	8
2	3	2
32	33	5
42	42	4
62	62	10
35	38	2
41	41	10
10	10	2
47	47	9
45	61	1
50	50	4
51	51	12
43	44	5
61	62	3
36	44	2
46	46	8
58	59	2
6	6	4
40	44	1
49	50	3
57	57	4
5	7	2
30	32	2
33	33	4
41	57	2
5	6	3
9	10	2
13	16	1
4	4	5
31	32	2
39	40	1
53	54	3
56	58	1
56	56	4
45	45	4
11	11	2
51	60	2
38	39	3
31	49	1
19	19	3
49	49	7
56	57	3
31	34	2
9	11	4
31	42	1
37	38	4
38	42	3
16	16	5
9	12	1
33	34	5
19	20	1
9	9	1
52	52	5
21	22	1
17	17	4
18	18	1
23	23	2
55	56	2
46	47	1
30	30	5
44	47	1
20	37	1
34	36	1
14	14	2
21	21	3
12	13	2
13	13	1
24	42	1
36	40	1
1	1	1
46	51	1
53	53	2
49	51	1
58	60	1
12	12	3
31	31	5
38	38	6
36	43	2
6	7	3
22	22	3
8	8	1
61	61	8
24	24	3
42	44	1
34	35	2
58	58	1
10	12	2
43	62	1
50	51	2
32	36	3
15	15	3
1	2	3
0	0	2
13	50	1
44	45	5
22	23	1
7	10	1
36	37	2
20	42	1
49	55	2
59	59	4
2	2	3
37	42	1
39	43	2
30	37	3
41	42	1
3	3	3
15	16	2
14	15	5
20	20	2
29	37	1
46	60	1
2	14	1
6	43	1
8	9	2
7	7	2
30	44	1
38	41	1
29	60	1
36	62	1
36	39	1
34	44	1
16	17	1
51	52	2
14	16	3
20	23	2
20	41	3
32	50	1
59	62	1
20	21	1
47	61	1
1	60	2
8	10	1
42	57	2
4	8	1
39	44	2
43	50	2
43	45	1
15	19	1
34	34	5
39	42	1
60	61	2
57	60	1
11	12	1
55	57	1
4	5	1
37	43	1
42	45	3
42	46	1
54	57	1
35	36	1
29	41	2
11	43	1
40	41	2
31	35	1
56	61	1
53	55	1
47	48	2
38	40	1
30	49	1
37	45	1
