111	112	3
155	155	1
57	57	2
75	75	1
172	175	1
53	53	3
11	12	1
100	104	1
22	23	2
2	16	1
81	81	4
167	168	1
37	38	4
72	72	1
30	129	1
130	131	2
172	172	3
136	177	1
12	19	1
129	170	2
54	56	1
31	31	3
2	4	2
156	156	4
86	87	2
174	174	2
128	129	3
116	117	1
114	114	1
32	32	1
117	117	3
66	77	1
6	6	2
73	73	2
27	28	1
98	98	2
123	124	1
79	79	1
12	15	2
26	27	1
123	123	1
8	17	1
90	91	3
106	107	3
132	132	1
83	84	3
142	142	4
87	87	1
2	2	3
85	85	1
36	161	1
108	108	2
24	25	1
144	144	2
147	159	3
64	64	2
40	41	2
121	121	2
83	83	1
8	9	2
144	145	4
54	58	1
15	66	1
90	90	4
1	10	1
83	115	1
15	16	2
104	104	1
177	180	1
40	40	5
148	148	2
67	68	1
8	11	2
3	3	2
23	23	1
8	10	1
15	15	2
88	88	4
35	36	1
15	23	1
67	67	2
25	25	2
93	94	3
133	133	2
103	115	1
12	13	3
14	24	2
2	7	3
122	122	2
131	142	1
3	6	1
100	100	2
58	59	1
38	53	1
115	116	1
1	2	1
146	147	2
126	172	1
74	74	1
138	138	2
164	164	1
135	135	4
5	35	1
17	18	1
161	161	1
145	145	2
134	142	1
113	113	2
100	102	1
139	165	1
35	35	1
157	158	2
3	7	1
28	31	1
28	30	1
120	121	2
94	135	1
9	16	2
42	42	1
45	46	1
159	161	1
59	60	1
140	167	1
87	88	2
60	60	2
6	13	1
22	45	1
55	56	5
137	137	2
3	4	3
1	1	3
9	9	1
30	30	2
3	35	1
26	26	2
54	54	1
142	167	1
98	106	2
5	14	1
4	8	1
11	14	2
43	43	3
17	34	1
34	35	1
60	61	1
136	176	1
17	49	1
169	173	1
54	55	1
139	172	1
170	171	1
140	163	1
127	127	1
20	20	1
2	3	1
13	13	2
96	109	1
28	44	1
120	120	1
176	176	2
1	45	1
4	12	1
178	178	2
7	9	1
19	19	2
68	72	1
133	176	2
13	15	1
150	150	2
78	78	1
121	122	4
33	33	1
93	93	1
57	61	2
141	141	1
143	147	2
91	92	2
169	169	1
17	28	1
82	82	1
165	165	1
171	172	1
134	134	1
2	15	1
90	92	1
99	120	1
9	11	1
19	20	2
170	170	1
166	166	1
103	107	1
18	33	1
3	9	1
132	133	2
153	153	1
38	39	2
0	36	2
37	37	1
23	24	2
119	119	1
131	131	1
109	127	1
16	16	1
147	171	1
97	108	2
16	19	1
38	41	1
52	55	1
30	33	1
0	1	2
5	5	1
7	7	1
173	173	1
28	29	1
52	52	1
101	106	1
153	154	2
88	97	1
114	132	1
10	10	1
95	100	1
167	167	1
129	171	1
42	43	1
109	125	2
96	97	1
36	36	1
139	139	2
44	44	2
103	103	1
93	102	1
91	94	1
121	173	1
84	86	1
147	147	1
114	115	1
95	138	1
147	148	1
95	96	1
29	29	1
8	8	1
73	74	1
50	51	1
95	95	2
105	106	1
7	11	1
100	101	1
136	136	1
