57	58	1
12	21	1
53	54	1
52	63	1
58	58	4
8	9	1
5	5	2
72	73	2
59	59	5
47	47	2
5	6	1
61	61	1
56	57	6
65	65	2
21	25	1
36	36	2
51	51	3
10	11	4
9	9	2
76	76	2
0	1	3
73	74	1
3	3	1
28	28	3
53	53	6
38	38	2
49	49	2
27	27	4
63	63	3
27	28	3
13	14	2
17	34	1
67	67	2
19	20	1
15	16	2
33	33	2
45	53	1
78	78	2
56	56	3
40	41	1
28	29	2
20	20	2
57	61	1
16	16	1
10	10	2
38	39	1
78	79	1
52	52	1
19	19	1
73	73	1
10	70	1
48	49	1
49	51	1
29	29	1
0	0	2
16	17	1
31	32	2
7	7	1
47	48	1
50	52	1
71	72	2
40	42	1
14	14	1
42	43	1
46	46	1
60	60	2
7	8	1
2	2	1
