101	101	3
59	59	2
78	78	1
114	127	1
52	52	3
54	55	1
62	63	4
92	93	1
114	114	1
92	92	3
104	105	3
37	38	1
2	118	1
12	12	5
83	83	2
72	72	1
85	86	3
29	29	2
58	58	1
71	72	2
38	38	2
101	117	2
99	100	1
97	98	2
41	42	2
110	110	2
105	106	2
0	0	2
41	41	1
80	81	2
77	78	1
72	73	4
51	52	1
118	119	1
2	107	2
56	56	2
106	112	1
29	69	1
44	45	1
60	60	2
98	98	1
121	121	1
88	101	3
71	109	1
48	56	1
50	50	3
73	73	1
115	115	1
11	87	1
65	65	2
45	45	2
125	131	2
73	107	1
0	3	1
81	81	2
126	126	3
30	30	1
2	5	1
51	51	1
82	83	1
13	13	2
20	20	1
76	76	1
81	82	1
88	92	1
5	5	1
102	106	2
101	130	1
22	22	3
104	104	1
53	53	3
25	25	1
10	50	1
111	111	2
106	106	1
46	47	3
1	119	1
19	20	1
59	60	1
56	96	1
126	128	2
86	89	1
54	54	5
115	116	1
121	133	1
6	7	1
85	88	1
97	97	3
124	124	1
130	130	1
18	53	1
48	48	2
27	27	1
110	112	1
84	84	2
2	3	1
123	123	1
99	131	2
8	25	1
90	109	1
96	97	1
52	53	1
41	43	1
21	22	2
6	6	1
95	96	2
75	75	1
63	63	1
11	11	1
30	53	1
27	53	1
54	94	1
66	67	1
102	102	1
55	55	1
78	80	1
3	3	3
119	119	1
8	49	1
14	15	2
124	125	1
70	70	1
109	109	2
67	67	1
2	2	1
49	49	1
49	56	1
71	71	1
99	99	1
32	32	1
57	57	1
117	125	1
100	119	1
79	79	1
123	124	1
58	59	1
50	51	1
78	81	1
86	90	1
5	6	1
103	103	2
16	18	2
62	62	1
118	118	1
27	39	1
60	61	1
3	120	1
112	112	1
73	74	1
125	125	1
67	85	1
107	107	1
132	132	1
45	46	1
50	53	1
34	34	1
