88	88	2
97	98	2
31	31	1
98	98	2
100	100	1
45	98	1
42	60	2
41	86	1
92	93	1
52	52	4
50	50	1
94	95	3
51	51	3
77	78	1
25	25	2
50	51	2
97	99	6
28	94	2
26	26	11
23	23	2
82	84	1
39	39	2
25	56	1
77	77	2
71	73	2
66	103	2
68	68	3
101	101	3
45	45	3
33	33	1
31	56	1
67	67	2
92	92	2
96	96	4
27	27	2
28	28	4
23	59	2
85	86	2
55	55	5
76	77	1
66	89	1
74	92	3
38	38	1
60	106	2
28	97	1
94	94	2
93	97	1
21	21	1
54	54	2
61	61	1
29	60	3
27	44	2
28	29	3
45	60	1
89	89	2
35	36	1
21	25	1
60	61	1
101	102	1
85	85	2
32	59	1
82	83	1
29	29	2
93	93	3
44	44	2
59	94	1
58	59	1
78	78	1
38	39	2
41	46	1
29	59	1
33	96	2
87	87	2
64	65	2
32	33	1
41	44	1
99	99	2
52	73	1
79	94	1
79	79	1
80	80	1
30	47	1
34	34	1
44	59	1
24	24	2
95	95	1
69	69	1
99	100	1
71	103	1
46	49	1
48	50	1
40	64	1
22	22	2
71	71	1
50	102	1
30	30	2
61	62	1
41	41	1
82	82	3
79	98	1
50	53	1
81	81	1
35	35	2
93	100	1
67	69	1
86	87	1
92	94	2
98	99	1
63	100	1
91	105	1
25	35	1
60	60	1
43	59	1
47	47	1
93	94	1
23	49	1
23	25	1
42	42	1
59	59	1
37	37	1
36	100	1
