130	135	1
24	61	1
71	72	1
77	79	1
104	153	3
45	45	4
144	168	2
151	159	1
134	135	4
102	152	1
24	24	5
182	188	2
185	185	6
77	77	2
54	54	9
1	3	1
116	117	3
87	87	2
73	80	1
169	169	2
25	26	2
42	42	5
178	178	3
109	169	1
76	77	1
157	157	5
74	75	5
184	184	2
147	147	5
66	66	3
46	46	4
21	22	4
77	78	2
141	141	8
2	22	2
187	188	8
129	134	1
122	136	3
175	175	5
48	48	5
35	73	1
160	167	1
161	174	1
195	197	2
4	5	2
80	80	3
1	2	4
7	9	2
126	126	4
100	152	1
29	39	1
196	196	6
26	26	5
121	121	4
136	136	7
29	29	1
93	117	1
197	197	1
154	154	5
10	11	3
106	107	3
73	191	2
40	44	1
114	115	4
87	184	2
41	41	5
130	157	1
192	193	3
164	178	1
108	115	3
157	160	3
39	40	2
139	139	2
93	94	2
101	104	1
130	168	1
9	10	1
31	31	5
157	159	1
32	33	2
103	103	2
34	35	3
155	156	3
186	187	1
94	118	1
9	9	2
12	12	1
81	81	1
122	170	1
181	182	1
137	139	2
164	164	5
112	112	5
186	194	1
45	195	2
33	33	3
107	107	4
19	57	1
160	161	2
67	68	3
112	150	1
52	53	1
16	17	1
104	144	1
139	144	2
52	52	4
172	176	2
8	39	1
131	131	3
174	176	2
174	174	5
27	27	3
118	190	1
4	4	5
117	117	5
174	175	4
23	23	3
6	159	1
144	161	2
84	84	2
109	110	5
124	124	3
193	193	4
183	194	1
61	61	4
15	16	4
63	87	2
68	68	1
118	118	2
119	129	2
73	73	2
104	104	2
149	170	1
181	181	6
195	195	1
81	82	3
138	138	4
112	114	1
124	183	2
22	36	2
44	44	2
22	22	3
176	177	2
156	193	2
106	106	2
19	19	2
32	61	1
49	50	1
7	58	2
171	171	5
50	52	1
176	176	3
36	36	3
12	39	1
164	171	1
6	6	1
125	125	5
55	55	2
30	31	1
130	130	2
129	187	1
5	26	1
182	182	2
95	95	3
19	21	1
11	75	1
69	73	2
155	155	3
17	17	1
11	82	1
109	191	1
85	85	3
99	99	2
180	180	5
94	94	2
43	44	3
56	56	4
135	135	5
2	2	1
21	21	1
156	158	2
25	27	2
144	144	4
145	193	1
132	139	2
108	132	1
39	64	1
160	189	1
159	159	3
107	108	2
96	97	1
191	191	1
50	50	1
49	49	3
100	100	2
171	172	4
18	18	3
99	124	1
75	88	1
17	82	2
118	120	2
59	107	2
193	194	1
63	63	3
161	162	1
183	189	2
169	170	1
100	148	1
16	16	4
137	137	7
166	166	2
103	132	1
133	180	2
102	102	6
142	143	1
20	21	1
3	3	2
108	150	2
159	169	1
156	156	1
101	101	2
34	34	2
192	192	1
69	87	1
42	62	1
78	79	1
64	64	2
181	186	1
105	140	2
30	129	1
47	47	5
154	156	1
21	36	1
31	32	1
169	174	1
150	150	3
136	137	1
30	30	1
119	119	5
179	179	3
37	38	2
112	197	1
187	187	2
54	55	3
82	82	2
38	38	3
165	166	2
99	189	1
15	15	4
152	152	1
108	134	3
184	191	1
104	106	1
151	152	2
29	114	1
58	115	1
170	170	2
196	197	2
151	151	3
165	165	1
45	50	1
10	10	3
98	98	3
144	182	1
144	145	1
76	152	1
99	102	1
44	62	1
53	53	2
119	142	1
134	134	2
127	127	1
43	43	3
114	114	4
155	157	1
157	158	4
116	116	7
109	109	4
146	148	1
148	148	4
40	41	2
110	110	5
88	89	2
130	139	1
171	189	1
179	180	3
174	184	1
70	70	1
20	20	4
184	190	1
137	149	1
158	158	3
190	192	1
22	25	1
108	108	3
129	129	3
133	140	1
101	188	1
115	115	7
98	160	1
128	136	2
80	106	1
153	153	3
135	140	1
118	173	1
135	136	1
16	83	1
113	113	4
13	13	2
154	155	2
59	59	1
74	76	2
163	163	1
58	61	1
163	164	4
86	87	1
134	164	1
161	161	3
138	139	1
132	133	1
122	141	1
32	32	2
140	140	4
88	88	3
100	145	1
4	8	1
154	161	1
39	115	1
86	86	3
89	89	2
136	139	1
145	184	1
149	149	4
8	17	1
58	58	2
95	120	1
178	197	2
104	107	1
149	150	3
20	22	1
163	166	4
159	163	1
79	80	1
10	13	2
65	68	1
39	183	1
175	176	1
190	190	4
33	34	1
70	71	2
117	118	1
45	51	1
110	125	1
83	83	1
6	19	1
170	171	3
177	177	2
174	178	1
11	11	2
74	74	3
124	125	3
188	188	2
99	128	1
160	160	2
132	150	2
35	35	3
121	135	1
190	191	2
159	166	1
163	165	2
189	189	2
128	128	2
22	59	1
125	126	2
7	18	1
130	131	1
129	151	2
125	127	1
157	176	1
13	14	3
51	51	3
172	172	2
155	193	1
176	178	2
133	167	1
148	186	1
39	39	2
72	72	3
9	16	1
14	89	1
14	14	2
40	40	1
129	136	1
160	182	3
129	130	1
56	191	2
110	111	1
154	158	1
138	147	1
41	57	2
19	70	1
2	3	1
133	134	2
20	41	1
189	190	3
98	117	2
65	65	1
172	173	1
159	178	1
126	167	1
72	73	1
67	69	1
3	30	1
14	53	1
62	62	2
173	174	1
133	133	1
151	179	1
64	71	1
141	142	2
27	28	1
56	57	2
68	69	1
176	180	1
23	24	2
134	196	1
152	161	1
103	107	1
134	176	1
102	124	1
173	175	1
194	194	5
50	51	2
154	191	1
111	112	2
130	173	1
59	77	1
159	161	2
35	36	4
43	47	1
128	135	1
17	22	1
119	121	2
148	151	1
9	13	1
140	197	1
115	162	1
130	152	1
75	75	1
122	122	3
175	178	3
150	161	1
22	152	1
136	140	1
113	114	2
133	137	1
17	42	2
25	29	1
160	193	1
183	187	1
0	0	1
131	133	1
123	125	1
11	12	1
143	173	1
115	116	1
69	69	1
19	85	1
120	120	1
95	173	1
77	148	1
29	41	1
99	101	2
131	132	1
3	35	1
8	10	1
24	25	1
16	26	1
40	57	1
146	146	1
169	175	1
103	105	1
167	167	2
168	168	2
184	189	1
130	181	1
37	41	1
60	60	1
5	5	2
66	79	1
172	180	1
78	78	1
104	105	1
100	156	1
186	186	1
77	119	1
141	154	1
147	181	1
126	127	2
145	145	2
102	103	1
1	28	1
141	186	1
103	116	1
82	85	1
109	111	1
62	73	2
108	110	1
152	153	3
147	148	1
154	169	1
94	113	1
184	194	1
59	88	1
168	169	1
168	182	1
128	183	1
7	8	1
121	123	2
3	4	2
58	72	1
105	106	1
40	186	1
69	76	1
7	26	1
169	183	1
158	159	3
37	40	1
44	45	1
67	67	1
123	124	1
183	183	1
111	139	1
123	160	1
130	137	1
0	3	1
32	39	1
79	79	2
143	143	1
113	124	1
114	152	1
109	120	1
11	15	1
90	90	1
158	175	1
37	146	1
5	58	1
12	13	1
18	19	1
131	196	1
137	173	1
13	50	1
157	181	1
119	159	1
152	158	1
96	131	1
105	105	2
33	40	1
73	190	1
173	173	2
191	192	2
166	191	1
167	174	1
3	63	1
125	184	1
194	195	1
174	180	1
150	169	1
161	170	1
178	179	1
146	149	1
128	129	1
100	139	1
36	37	1
126	128	1
21	43	1
29	54	1
162	162	1
145	148	1
26	27	1
111	134	1
20	43	1
11	52	1
120	133	1
116	191	1
150	151	1
168	183	1
146	151	1
64	66	1
14	46	1
14	37	1
154	160	1
28	28	1
156	180	1
183	184	1
116	158	1
82	84	1
83	85	1
111	113	1
195	196	1
147	189	1
110	113	1
5	61	1
139	187	1
