12	36	2
26	31	1
110	111	2
34	60	2
114	142	2
10	10	1
121	126	1
123	126	3
26	26	2
77	136	1
126	126	2
25	26	1
130	130	4
115	117	1
72	72	3
125	125	2
100	100	1
118	118	4
146	146	1
60	60	4
73	73	4
55	55	3
98	98	1
4	5	4
140	140	3
135	136	1
87	87	4
121	134	1
14	25	1
15	16	1
37	60	1
121	132	1
78	78	2
33	85	2
99	99	2
124	124	2
113	141	1
105	106	1
11	11	2
47	47	1
82	82	4
53	61	1
62	93	2
67	80	1
9	60	1
19	23	2
24	26	1
131	131	4
86	87	1
19	48	1
76	78	1
106	107	2
86	88	1
38	55	2
53	54	1
76	77	2
53	53	1
58	59	1
50	54	2
74	80	1
18	18	1
69	69	1
142	142	3
94	109	1
129	129	4
99	101	1
83	90	1
131	142	2
118	143	2
28	28	1
14	14	1
110	110	3
9	13	1
24	24	2
69	72	2
90	91	1
134	134	5
80	94	2
126	127	1
120	124	2
62	63	1
34	35	2
4	4	1
141	142	1
89	90	1
128	130	4
80	99	3
5	11	1
32	32	1
52	77	1
93	96	1
3	3	3
17	17	3
72	73	3
119	119	2
85	92	1
100	101	1
38	39	1
104	105	1
75	75	2
113	115	1
105	105	2
32	64	1
135	137	1
80	82	1
1	38	1
19	19	1
110	113	1
107	108	2
74	74	1
111	111	2
59	61	1
1	35	1
145	145	1
97	97	2
61	66	1
102	102	2
113	113	1
135	135	1
88	89	1
133	133	2
107	107	2
61	61	3
143	145	1
67	68	1
18	32	1
91	91	2
105	136	1
109	109	2
94	94	5
8	95	2
71	72	1
90	90	1
9	95	2
139	140	1
113	122	1
21	21	1
67	67	1
128	129	1
13	34	1
96	96	1
120	121	1
84	88	1
102	141	1
63	64	1
103	117	1
63	63	3
55	56	1
73	79	2
121	135	1
115	116	1
30	30	1
121	131	1
85	102	1
29	30	2
116	116	1
100	142	1
123	131	1
99	112	1
108	121	1
136	138	2
107	129	2
109	111	1
77	89	1
105	133	1
104	106	1
25	25	3
27	28	1
119	129	1
84	84	1
68	68	1
23	23	1
105	128	1
13	26	1
77	78	1
54	54	1
119	120	1
132	132	3
5	5	2
39	40	1
49	49	2
108	110	2
81	97	1
118	119	1
41	41	2
85	85	2
101	101	1
42	42	1
53	66	1
141	141	3
84	89	1
71	71	1
111	112	1
96	99	1
67	79	1
137	137	2
118	120	1
20	20	1
86	86	1
63	98	1
82	90	1
122	138	1
132	133	1
33	58	1
61	62	1
69	70	1
90	120	1
90	93	1
23	42	1
68	69	1
3	4	1
36	38	1
121	138	1
34	89	1
6	6	2
84	85	1
48	48	1
108	108	1
143	143	1
21	24	1
101	124	1
3	27	1
58	65	1
53	56	1
0	1	1
117	117	1
123	123	1
104	136	1
103	103	2
138	138	1
14	15	1
15	18	1
102	104	3
137	138	1
5	21	1
13	13	1
84	92	1
99	100	1
124	131	1
31	31	1
43	43	1
40	83	1
36	36	1
60	64	1
110	125	1
