131	132	1
91	91	1
125	126	1
25	41	1
31	82	1
167	189	1
168	168	1
173	173	2
15	15	3
55	69	2
80	81	1
16	16	1
164	165	1
85	85	4
132	134	3
3	3	2
11	33	1
136	136	1
165	165	1
18	18	4
110	110	3
95	96	2
6	122	2
2	2	2
58	60	2
12	12	1
11	37	2
34	35	1
19	19	2
53	57	3
58	59	1
105	105	7
106	106	1
155	156	1
147	149	1
38	38	1
111	112	1
31	31	2
97	100	2
99	100	2
132	133	4
170	170	3
21	25	1
115	139	1
132	132	1
23	24	2
153	154	1
157	159	2
42	42	1
89	89	2
63	65	1
164	164	5
80	82	2
152	152	1
28	32	1
188	188	1
163	163	1
74	74	1
25	25	1
89	90	3
53	56	4
118	118	1
107	109	1
70	70	1
122	122	1
88	88	7
95	95	2
78	78	2
119	128	1
55	57	1
161	163	2
79	79	3
103	151	1
56	56	3
132	136	2
146	146	1
17	17	2
0	25	2
60	63	1
120	120	1
60	78	2
6	6	1
126	126	3
62	62	1
168	170	3
127	127	1
43	47	1
93	94	1
6	7	2
29	32	1
11	14	2
174	174	1
63	110	1
75	75	3
64	64	3
70	98	1
130	135	1
58	58	4
104	104	2
148	148	1
80	80	2
123	123	3
167	167	3
79	82	1
138	139	1
33	35	1
139	186	1
74	76	1
121	121	2
187	187	1
4	4	2
146	150	2
18	20	3
28	28	2
13	18	1
148	150	1
57	71	1
59	61	1
63	63	1
64	153	1
48	48	3
110	111	1
149	169	1
139	140	1
36	42	2
119	119	1
65	65	1
109	116	1
56	78	3
172	172	1
52	53	1
158	158	2
175	186	1
71	72	1
18	19	1
38	39	1
111	111	1
54	54	1
27	28	2
68	68	1
91	94	1
63	64	1
47	47	2
159	159	1
148	149	1
172	174	1
54	68	2
175	178	2
87	87	1
55	56	1
43	43	2
90	90	2
72	72	1
53	81	1
29	29	3
20	20	1
153	153	3
27	30	1
94	109	1
91	110	2
183	183	2
27	27	2
102	103	1
8	40	1
180	180	3
82	82	1
167	168	1
140	141	1
28	29	1
130	137	1
61	100	1
64	65	1
46	46	1
93	93	2
144	144	1
69	69	2
0	1	1
86	96	1
93	95	1
169	169	1
59	59	2
59	62	1
124	124	1
142	184	1
136	137	1
143	143	1
78	79	1
29	33	1
109	109	1
134	134	1
186	186	1
37	37	1
46	47	1
116	138	1
57	83	1
167	174	1
151	151	1
66	66	1
154	155	1
57	59	1
43	48	1
7	7	2
82	83	1
115	123	1
119	127	1
17	18	1
39	39	1
