51	51	1
101	102	1
21	21	5
99	100	1
129	129	8
79	80	1
90	91	3
99	103	1
81	81	2
79	127	2
93	93	1
72	72	2
69	69	1
63	64	2
67	70	2
133	133	1
21	24	1
10	10	2
103	103	3
58	58	5
131	132	1
118	118	4
142	144	1
145	146	1
25	25	5
67	128	1
127	127	4
76	76	1
27	30	1
49	50	1
108	108	1
84	84	1
127	128	1
53	53	1
122	122	4
64	65	1
142	142	1
110	110	1
48	49	3
117	119	1
135	135	2
0	20	1
71	116	2
42	96	1
67	76	2
6	6	1
9	10	1
16	16	1
78	124	2
115	141	1
132	132	4
94	105	2
124	124	2
141	141	1
39	86	2
52	52	2
37	48	1
121	127	1
112	113	1
30	30	3
69	71	1
108	114	2
75	129	2
77	77	3
91	91	5
54	86	2
2	2	1
105	106	3
55	56	2
99	99	2
125	125	1
62	63	2
39	99	1
119	120	3
71	72	1
143	143	1
74	76	1
23	38	1
41	98	1
16	58	1
26	28	1
65	72	1
103	125	1
92	114	1
27	27	2
71	109	2
94	94	1
132	133	2
91	94	1
62	62	3
38	38	2
2	12	1
8	8	2
104	133	3
60	62	1
86	96	1
54	54	3
42	89	1
66	67	1
121	121	2
74	89	1
75	96	1
14	14	1
55	55	1
120	126	2
106	106	2
23	23	3
104	132	1
20	21	1
110	113	1
65	66	1
69	73	1
117	117	3
77	110	1
9	9	3
59	125	1
91	138	1
119	119	1
57	57	3
17	22	1
11	25	1
112	114	1
92	93	2
88	132	1
102	103	1
88	88	1
78	111	2
74	74	1
62	115	1
33	33	3
13	21	3
1	27	2
36	37	1
2	4	1
123	126	1
91	121	1
67	68	1
92	104	1
50	61	1
3	3	2
50	50	1
98	98	2
108	109	1
9	33	2
28	29	1
5	5	4
15	16	3
76	77	1
16	21	1
112	112	1
102	102	2
111	114	1
122	127	1
71	127	1
2	3	1
139	140	1
26	40	1
37	37	2
50	58	1
3	34	1
41	41	1
117	141	1
53	54	1
18	99	1
10	12	1
16	27	1
51	54	1
47	118	1
131	136	1
40	41	1
93	94	1
107	109	1
42	125	1
70	95	1
28	28	2
17	17	1
92	92	2
62	107	1
121	123	1
144	144	1
122	141	1
104	134	1
126	126	2
75	101	1
122	123	1
90	90	2
138	138	3
19	103	1
79	115	1
96	125	1
94	136	1
18	18	2
137	138	1
22	22	1
125	134	1
9	94	1
75	81	1
53	62	1
9	11	1
139	139	1
14	16	1
27	37	1
116	123	1
73	73	2
135	138	1
109	111	1
66	66	3
110	130	1
134	134	1
85	85	1
95	95	1
136	137	1
72	119	1
29	29	1
1	20	1
87	87	1
134	140	1
32	33	1
87	97	1
49	51	1
72	110	1
42	43	1
52	98	1
64	64	1
130	141	1
65	93	1
13	13	2
128	128	1
60	61	1
27	38	1
120	120	1
20	20	1
68	97	1
29	30	1
97	97	1
109	109	1
56	64	1
118	121	1
48	91	1
