76	96	3
28	28	3
182	182	1
187	187	4
21	68	1
196	196	4
80	80	3
211	213	1
92	92	5
161	161	4
19	36	4
239	239	2
185	243	1
225	225	1
166	206	1
203	203	3
51	51	3
65	65	3
202	203	3
156	161	2
80	81	3
196	210	1
154	199	2
240	242	2
36	49	2
232	232	3
44	44	1
157	157	4
157	184	1
207	242	2
8	90	1
6	7	2
21	21	3
46	119	1
212	212	2
52	52	2
7	7	4
239	240	5
87	93	1
40	40	1
146	219	1
244	247	1
229	229	1
194	194	2
183	245	1
173	177	1
47	94	3
202	204	2
23	26	1
170	170	2
67	118	1
245	245	2
240	240	1
214	214	3
76	76	3
26	26	2
57	57	1
79	88	1
169	183	1
112	112	4
192	193	5
105	107	1
166	166	5
159	159	3
188	188	2
160	160	3
82	82	1
49	49	2
70	71	1
11	55	1
27	28	1
197	197	7
156	157	2
38	38	5
208	237	1
40	177	3
185	186	3
156	156	4
191	191	1
165	165	1
71	113	1
151	151	3
11	17	2
153	184	3
63	70	1
153	178	2
115	116	1
109	117	2
89	90	1
98	99	1
21	61	1
32	32	1
246	246	2
165	171	1
29	29	3
150	150	2
211	211	4
72	78	1
41	54	2
230	231	1
97	104	1
29	30	2
92	145	1
223	227	2
186	187	1
247	247	1
77	77	4
220	220	1
200	239	1
2	2	1
185	207	1
64	65	2
236	236	5
146	179	1
153	168	1
153	153	2
101	117	1
57	83	2
59	59	4
101	111	1
174	186	1
78	79	2
54	61	1
23	23	1
158	221	2
172	172	5
60	207	1
226	226	4
3	15	5
205	205	3
223	224	2
243	243	3
154	155	1
106	116	3
7	89	1
9	17	2
14	228	1
157	206	2
221	221	4
219	219	1
216	217	2
69	69	1
152	167	1
37	65	1
193	195	2
35	35	2
10	11	1
115	117	2
75	79	1
63	236	1
68	68	3
197	198	2
26	58	1
89	91	2
32	33	2
179	179	5
99	112	1
215	215	1
107	107	2
101	121	2
69	154	1
48	49	1
171	172	1
162	192	1
154	154	4
243	244	3
90	102	1
93	95	2
147	177	1
191	203	2
73	74	2
157	175	1
39	39	1
99	114	1
110	242	1
1	44	1
61	62	1
19	19	5
93	109	1
202	218	2
4	5	2
9	20	2
149	204	2
179	180	2
74	74	1
106	106	1
37	37	6
209	209	1
190	190	3
227	228	1
68	94	1
213	214	2
40	41	2
23	24	2
71	71	2
78	92	1
17	19	1
79	81	2
76	235	1
175	175	3
149	149	1
20	22	1
239	241	1
223	223	1
154	191	2
147	247	1
85	108	2
202	205	2
204	204	2
190	218	2
49	51	1
187	189	2
222	222	1
155	205	2
118	119	3
209	247	1
198	203	1
116	120	1
145	145	1
158	211	1
73	73	3
174	174	1
15	224	1
119	183	1
168	178	2
104	104	1
108	108	2
193	194	3
152	153	2
106	174	1
238	238	3
171	171	6
244	244	2
192	196	1
26	30	1
85	200	1
56	56	4
36	36	3
201	201	3
45	45	3
91	91	1
71	82	1
3	3	1
191	192	2
97	155	2
8	29	1
157	158	3
162	162	2
41	41	1
204	206	3
34	34	4
35	37	1
198	198	3
231	231	2
178	178	3
64	64	4
248	248	1
98	98	1
161	193	1
182	247	1
78	82	2
112	115	2
173	181	1
65	110	1
93	94	2
74	81	1
102	102	1
83	83	1
3	93	1
164	164	2
33	62	1
59	60	2
119	119	3
170	240	2
173	173	3
210	215	2
78	78	1
118	241	1
75	76	2
235	235	1
75	107	1
8	8	1
195	204	1
33	33	1
187	223	1
97	102	1
47	114	1
49	117	2
58	66	2
87	111	1
1	52	1
195	195	2
114	114	3
149	156	1
22	22	1
158	181	1
85	105	2
77	199	1
49	67	1
226	230	3
61	61	1
98	174	1
109	109	2
238	239	1
160	181	1
84	99	1
14	14	6
169	169	2
94	95	1
193	193	2
88	115	1
11	11	1
184	184	3
12	15	1
67	67	1
75	198	1
105	117	1
238	240	2
115	197	1
153	177	1
182	204	3
152	152	1
232	233	2
200	200	2
172	178	1
96	96	1
4	86	1
58	95	1
15	85	1
4	4	1
90	91	1
214	236	2
230	230	2
163	240	1
4	14	1
237	237	4
155	155	2
111	245	1
195	208	1
43	67	1
33	35	3
179	190	1
175	176	1
52	119	1
165	239	1
79	79	3
21	43	1
113	115	2
175	181	3
94	94	3
162	181	1
185	185	1
177	177	1
216	245	2
163	163	2
242	243	2
22	45	1
15	15	2
49	71	2
118	118	1
189	189	2
99	101	1
32	35	1
196	197	1
158	170	1
62	62	1
71	74	2
48	57	1
185	237	2
11	145	1
37	50	2
175	241	1
115	151	1
210	211	1
206	207	1
166	170	1
106	173	1
54	54	1
16	16	1
47	47	1
187	207	1
14	91	1
113	114	1
168	168	2
204	208	1
68	70	2
51	67	1
84	84	2
160	161	1
192	192	3
50	58	1
242	242	1
159	168	1
158	158	2
152	157	1
49	66	1
101	112	1
116	116	1
157	160	1
152	161	1
117	117	1
87	90	1
222	223	1
52	53	2
120	161	1
153	215	2
6	6	1
7	68	1
77	112	1
37	201	1
4	117	1
102	119	1
37	48	1
110	201	1
111	111	2
59	162	1
46	47	2
53	53	1
238	242	1
24	24	2
155	202	1
62	63	1
224	224	1
156	194	1
121	144	1
79	101	1
14	64	1
214	237	1
66	235	1
105	105	1
43	88	1
246	247	1
145	155	1
238	241	1
225	226	1
112	113	1
234	234	1
91	100	1
166	167	1
101	107	1
87	95	1
10	42	1
102	103	1
24	26	1
210	210	1
153	185	1
149	219	1
85	85	1
118	245	1
220	221	1
106	112	1
196	232	1
87	88	1
35	107	1
187	236	1
109	242	1
175	177	1
48	48	1
181	196	1
49	72	1
234	236	1
44	87	1
151	156	1
147	216	1
102	107	1
1	1	1
77	96	1
67	195	1
245	246	1
218	218	1
218	219	1
186	186	1
33	78	1
112	116	1
202	210	1
