37	37	5
24	24	9
190	191	3
39	39	10
68	70	5
223	225	1
18	63	2
38	39	4
3	14	2
12	16	1
85	85	3
120	176	1
206	206	4
188	188	12
140	140	1
211	213	2
228	228	5
54	54	6
227	228	4
19	27	2
40	41	5
219	223	1
11	14	1
80	83	2
201	223	2
176	176	10
238	238	4
158	159	8
108	108	2
155	155	3
133	134	2
10	10	2
167	169	2
126	126	7
160	162	2
102	103	6
136	142	1
116	118	4
212	212	4
5	6	4
170	171	1
159	166	1
99	99	4
13	23	2
12	12	2
191	192	4
18	20	1
55	56	5
13	14	2
158	158	3
52	52	4
170	170	3
61	63	1
15	227	4
224	225	5
99	104	2
225	230	2
219	219	9
213	214	3
201	208	3
42	42	3
40	43	1
199	215	1
57	62	2
6	16	2
13	13	6
47	47	4
7	8	4
20	20	3
153	155	4
206	207	2
167	167	6
96	124	1
11	11	4
196	196	6
7	7	7
209	210	3
12	14	4
4	14	1
8	8	4
144	144	4
198	200	3
171	171	5
117	117	8
147	147	2
33	33	9
43	43	5
141	144	2
114	118	3
1	5	1
115	115	2
222	224	1
52	54	3
134	134	6
53	53	4
20	23	1
64	64	5
55	61	1
138	138	2
162	162	1
179	182	1
143	149	1
66	67	5
36	82	2
147	194	1
163	166	1
125	126	4
163	163	3
52	56	2
60	60	4
210	211	1
134	158	1
213	213	5
58	58	10
39	41	4
44	46	4
124	124	6
158	161	3
183	183	8
100	104	3
178	179	2
200	200	6
136	136	4
27	27	15
36	37	2
12	59	1
10	11	3
100	101	3
26	27	1
32	33	1
77	81	5
179	180	4
26	26	5
40	40	5
35	35	2
2	2	4
3	3	4
4	8	1
178	178	5
70	70	12
53	56	2
48	48	7
199	200	1
32	32	7
227	227	4
7	13	3
168	168	3
37	38	3
21	21	5
84	85	2
1	1	4
44	45	5
200	202	1
0	215	2
166	168	1
165	166	2
206	208	3
31	31	4
191	205	1
22	22	3
175	185	2
140	179	1
181	181	2
221	225	1
156	158	3
139	139	1
50	50	4
221	221	2
185	187	4
65	67	1
45	46	2
102	102	3
145	148	2
205	206	2
83	84	4
227	234	1
154	155	4
43	61	3
113	136	1
112	114	4
9	35	1
30	31	2
12	44	1
193	193	2
203	203	10
33	39	1
112	112	4
200	201	3
210	214	3
125	130	1
46	46	5
9	19	2
190	195	1
67	68	4
218	218	2
172	172	7
49	86	1
76	76	2
192	192	2
60	62	2
30	30	5
66	69	1
33	41	2
1	2	2
201	202	1
224	224	4
191	191	4
46	61	3
30	33	3
184	224	2
207	207	11
73	74	4
68	69	3
29	31	2
0	20	1
36	36	8
47	51	2
64	65	1
116	116	6
62	62	9
55	55	3
133	133	5
180	182	1
163	165	4
162	163	5
82	84	2
230	235	1
23	23	6
71	72	1
97	97	5
208	209	1
122	122	1
221	227	1
166	166	9
140	141	6
114	114	4
229	229	8
34	34	5
150	151	4
61	61	4
68	68	1
122	123	2
154	158	1
57	57	6
183	215	1
113	113	3
54	77	1
75	76	2
174	177	1
192	196	3
167	170	2
79	79	1
27	37	1
103	104	3
80	84	2
104	104	3
238	239	5
61	83	1
177	178	9
230	230	5
0	0	8
153	153	9
79	80	1
104	105	1
0	1	3
48	122	2
49	58	2
23	171	1
230	242	1
119	119	3
173	174	1
190	204	2
51	51	4
217	217	9
28	44	3
105	105	5
199	199	3
159	179	1
74	172	1
19	22	1
101	101	3
85	86	2
4	6	2
184	186	2
189	190	3
185	189	1
81	82	4
1	3	6
222	237	1
103	103	4
65	65	4
132	133	1
103	105	3
62	63	2
139	143	1
3	11	2
183	187	2
137	137	2
54	55	7
148	175	2
165	165	3
109	109	8
144	148	1
156	156	1
46	47	3
187	213	3
197	198	2
9	9	2
36	102	2
34	131	2
13	15	7
187	189	3
45	48	1
83	83	5
9	10	2
27	28	3
136	137	2
174	174	3
37	40	1
156	160	3
121	122	2
198	198	5
161	161	1
185	185	8
34	42	1
73	73	1
225	225	5
141	141	2
214	214	3
8	231	1
147	148	1
169	170	4
158	179	2
72	72	1
53	55	2
14	15	3
78	80	5
222	223	1
7	9	1
149	150	2
12	35	2
144	147	2
31	34	2
8	9	4
32	34	2
175	175	2
53	77	2
176	179	1
116	117	4
129	129	2
88	88	4
11	17	1
20	29	2
151	153	1
77	77	1
220	220	4
188	206	2
107	108	2
201	201	5
30	35	1
70	71	1
178	183	1
15	15	3
5	14	1
49	121	1
22	60	1
168	169	2
15	16	3
161	163	1
187	188	2
51	57	1
10	26	1
211	216	1
155	156	1
38	38	2
231	232	2
59	59	2
198	213	2
160	161	1
60	61	1
49	49	4
155	157	2
123	124	6
236	236	5
69	69	6
29	30	3
6	6	1
18	18	1
1	28	1
148	149	4
51	53	1
36	114	1
68	237	1
34	41	1
242	242	3
19	19	11
124	126	1
234	235	3
62	64	1
199	204	1
218	220	1
38	40	1
133	173	2
182	182	3
161	188	2
118	118	1
36	134	1
71	233	2
25	25	3
143	179	2
128	128	3
163	169	1
25	32	3
154	195	1
136	215	1
188	199	2
201	209	1
120	120	4
195	195	1
122	125	1
28	28	1
211	212	1
48	61	1
45	45	4
135	135	7
0	2	2
124	125	2
192	193	3
186	186	1
159	159	6
195	198	1
29	29	3
168	170	1
211	211	2
43	44	6
21	22	3
74	85	2
169	169	3
229	231	2
154	154	3
124	130	1
184	191	1
231	231	1
19	20	4
213	216	1
63	63	6
139	144	1
156	161	1
150	152	2
190	217	2
78	117	2
152	185	1
81	84	1
226	227	4
5	8	3
5	5	3
3	15	1
198	199	2
63	64	2
189	189	3
50	60	1
148	148	2
218	219	2
82	85	1
194	196	2
18	21	3
68	71	3
161	162	1
128	129	1
72	74	1
187	187	2
114	117	1
20	21	1
24	27	1
202	203	1
174	188	1
41	42	2
146	147	3
220	223	1
57	61	1
11	43	1
53	60	1
202	202	2
227	229	1
143	143	4
25	219	1
208	208	1
29	33	2
228	230	1
1	183	1
189	192	1
208	221	1
217	227	1
170	183	1
139	145	1
158	162	1
47	49	1
216	222	1
76	80	2
24	25	1
176	177	3
215	215	4
41	41	6
44	53	2
197	199	1
230	232	1
52	53	2
36	131	1
101	103	1
35	42	1
81	81	1
4	16	2
160	160	1
209	209	3
96	98	2
98	99	2
115	116	1
5	7	1
204	208	2
183	188	1
67	67	5
53	54	1
163	164	2
204	206	1
82	82	2
3	6	1
58	59	1
146	146	3
159	161	1
134	136	1
135	140	1
45	71	1
145	147	2
236	237	2
113	118	1
226	226	3
144	145	1
17	18	1
31	33	3
142	142	3
17	17	2
127	128	1
159	160	3
75	77	2
96	120	1
177	177	2
39	46	1
174	175	1
157	157	3
26	103	1
2	7	1
109	110	1
80	81	2
205	209	1
146	191	1
106	107	2
21	23	1
22	23	1
205	205	2
83	92	1
207	208	3
222	222	2
89	89	2
218	227	3
237	237	1
236	238	1
144	159	1
48	49	1
65	68	1
182	183	5
136	138	3
62	66	1
216	220	1
182	200	1
164	169	2
196	197	4
57	59	3
9	232	1
204	204	1
169	171	1
86	134	2
12	15	3
172	173	2
150	150	2
152	157	1
3	9	1
44	134	1
77	78	2
186	190	2
179	181	2
239	239	3
113	114	1
124	134	1
81	133	1
75	83	1
189	194	2
81	83	2
142	143	1
61	81	2
197	197	2
169	174	1
117	119	1
50	53	1
98	98	1
5	15	2
167	168	1
2	8	1
156	157	3
31	32	1
140	163	1
112	113	1
168	194	1
12	13	1
86	86	1
78	78	1
22	24	1
189	217	1
16	37	1
17	22	1
162	165	3
57	60	2
152	152	2
0	3	1
70	72	3
120	122	1
3	12	2
38	56	1
49	60	1
220	234	1
218	221	1
18	22	1
161	166	1
21	165	1
184	190	2
140	143	1
105	106	2
28	33	1
173	173	2
44	44	3
147	149	1
5	60	1
175	176	1
83	88	1
28	30	1
125	125	1
83	85	1
207	209	1
71	71	2
77	79	1
64	69	1
205	207	2
1	7	2
121	121	1
25	27	2
190	190	1
108	109	1
42	54	1
14	26	1
123	123	1
151	152	2
184	202	1
166	167	1
3	8	1
131	134	2
199	203	2
24	171	2
88	89	1
138	139	1
2	6	1
10	15	1
42	43	1
171	207	1
185	190	1
223	223	2
139	177	1
217	220	1
60	65	1
3	20	1
47	48	1
194	194	1
10	36	1
43	55	1
195	196	1
191	193	1
51	79	1
75	78	1
168	171	1
36	157	1
116	119	1
145	145	1
24	32	1
239	240	1
50	52	1
131	131	2
69	70	3
153	154	1
99	102	1
36	38	1
67	210	1
145	149	1
4	4	1
95	97	1
211	214	1
2	4	1
56	56	1
3	160	1
11	12	1
168	172	1
115	118	1
190	200	1
156	168	1
171	172	1
49	56	1
46	62	1
174	176	1
38	232	1
42	44	1
73	75	1
166	172	1
38	52	1
39	49	1
22	69	1
6	7	1
48	60	1
223	224	1
91	91	1
49	50	1
62	67	1
29	32	1
104	109	1
13	34	1
155	158	2
122	127	1
193	207	1
138	144	1
72	73	1
5	13	1
164	165	1
11	27	1
212	213	1
161	185	1
201	211	1
59	60	1
50	59	1
208	217	1
185	186	1
235	239	1
210	230	1
32	82	1
30	36	1
186	189	1
179	179	1
231	233	1
194	195	1
99	100	1
51	54	1
102	111	1
43	47	1
75	75	2
66	66	2
81	85	1
56	60	1
149	236	1
49	51	1
100	100	1
147	190	1
240	240	1
133	135	1
157	179	1
37	42	2
146	148	1
19	24	1
6	14	1
147	155	1
216	217	1
149	152	1
