62	108	1
55	55	18
124	125	7
91	100	1
103	103	17
50	50	19
26	26	16
127	127	12
126	129	1
102	125	4
6	7	10
34	34	7
106	108	7
96	96	21
119	126	1
116	119	5
67	106	1
57	63	1
82	82	10
65	66	9
76	76	12
54	54	15
69	69	11
54	56	7
79	80	9
14	15	6
14	14	11
57	57	9
110	124	2
102	104	2
22	26	6
22	23	10
32	32	7
30	30	7
77	79	4
64	64	24
1	1	8
73	74	4
69	78	2
114	114	7
107	118	1
73	73	10
84	84	11
102	103	8
124	132	1
61	61	16
97	105	2
80	125	2
82	83	13
116	116	22
37	106	1
97	97	8
94	94	11
77	78	7
62	63	7
38	105	3
62	62	11
117	117	13
99	99	12
55	120	1
65	70	2
96	116	1
5	5	5
95	95	13
4	4	9
53	64	3
15	15	11
129	132	2
107	108	5
72	117	1
33	33	10
57	82	2
37	44	1
55	56	5
78	80	2
86	87	5
90	90	17
17	114	2
71	72	5
129	129	22
133	133	13
91	91	8
94	111	2
11	12	5
75	75	8
13	13	15
126	126	14
112	112	12
119	119	13
132	132	13
43	69	3
109	110	10
64	68	3
121	121	11
13	14	5
54	82	1
17	112	2
12	19	1
18	19	3
60	72	1
0	0	8
97	98	6
52	77	1
101	102	11
83	83	11
95	99	1
76	88	1
54	65	5
45	45	16
115	128	3
108	108	20
61	130	2
77	77	17
128	128	9
111	111	12
99	104	3
93	93	11
23	23	11
27	30	1
26	36	1
130	131	8
98	98	9
70	70	16
53	53	25
60	91	1
72	73	4
121	122	11
119	120	5
104	104	12
67	68	10
5	36	4
123	124	7
21	22	4
20	20	10
122	126	2
88	98	1
23	43	1
118	118	9
75	77	1
59	92	1
129	130	9
87	87	17
132	133	9
81	81	7
125	125	11
56	106	1
78	81	2
95	96	4
43	43	15
65	65	10
86	122	1
58	58	12
29	31	3
106	106	21
45	51	1
127	128	13
32	33	7
124	124	14
14	20	1
119	134	1
25	25	5
90	92	4
12	12	10
33	34	3
100	124	1
30	31	3
3	4	2
56	59	3
3	3	4
71	71	21
93	127	1
89	131	1
110	134	1
114	119	2
34	54	1
52	52	12
99	100	5
43	44	2
105	112	1
42	84	1
63	69	2
119	132	2
27	36	1
69	117	1
80	80	22
32	34	2
52	53	4
52	81	1
1	4	1
21	21	13
56	56	12
131	132	3
101	101	15
2	2	3
31	31	10
118	119	6
19	19	10
101	112	2
87	110	2
114	133	3
16	17	8
109	109	6
43	50	2
105	105	16
88	88	7
98	99	8
17	19	3
36	36	14
77	118	1
87	95	2
28	90	4
111	129	5
25	116	1
46	47	3
27	35	2
35	37	2
120	120	13
54	57	1
46	52	2
86	86	13
24	24	10
15	16	3
85	85	19
43	126	4
76	77	2
103	134	1
109	127	1
112	116	2
79	79	15
131	131	9
18	21	3
72	81	1
114	135	2
113	114	4
111	112	4
53	68	2
71	105	2
60	66	1
59	60	6
12	14	1
95	112	1
59	62	3
108	115	1
98	105	1
55	58	2
131	135	1
57	58	1
120	122	4
72	80	1
9	9	4
7	7	6
29	32	1
6	6	7
113	113	14
31	70	1
34	68	1
43	119	1
28	28	12
108	111	3
130	132	4
44	45	6
131	134	2
2	107	2
118	132	1
82	106	2
42	78	1
89	90	7
76	98	1
62	77	1
52	59	3
56	77	1
66	67	3
29	29	7
63	68	1
52	64	1
115	131	1
36	38	1
35	42	1
96	97	7
92	92	6
17	30	2
7	9	1
72	72	7
8	10	1
89	89	11
92	93	4
78	78	11
56	113	1
89	95	3
51	52	2
67	88	1
82	84	7
120	125	1
29	30	1
50	69	1
17	23	1
66	111	2
87	122	2
87	91	2
60	60	15
100	100	9
133	134	7
54	55	5
38	100	1
100	101	3
26	35	1
119	133	1
36	106	2
93	95	1
83	85	5
95	113	1
113	128	2
50	96	1
93	94	9
77	87	2
80	97	1
130	130	22
11	99	1
56	57	4
116	117	7
27	27	7
69	70	5
35	36	5
33	45	1
105	106	4
75	76	5
52	57	1
115	120	1
123	123	15
60	109	2
113	130	3
44	44	10
57	78	1
115	116	9
16	115	1
37	100	1
16	16	9
110	127	3
131	133	5
10	42	2
10	108	1
86	92	1
64	123	2
110	113	1
37	45	1
91	112	2
95	120	1
58	59	6
35	35	6
77	81	2
82	85	4
128	129	3
8	30	1
24	25	3
115	115	12
55	97	2
38	38	4
97	104	3
62	67	2
36	37	5
46	46	2
59	66	1
42	42	2
117	118	3
77	95	1
48	48	3
59	59	12
67	67	14
55	57	2
37	38	3
53	54	7
19	37	2
74	74	7
112	117	1
120	133	1
97	111	3
52	56	2
91	92	6
79	124	1
61	109	2
67	86	2
99	103	2
121	126	2
117	123	1
11	11	7
84	85	8
134	135	4
79	84	1
59	123	4
110	110	13
70	108	1
102	102	16
112	122	2
7	83	1
10	10	4
66	66	10
92	95	3
68	98	2
63	63	7
122	123	7
125	133	3
61	107	1
14	54	2
50	52	1
15	28	3
122	122	11
120	121	5
42	50	1
68	68	8
54	60	2
81	119	2
8	34	1
64	66	6
70	71	1
85	86	6
49	96	2
77	80	2
3	89	1
64	65	2
134	134	9
127	129	2
114	115	11
27	45	1
97	100	1
78	132	1
64	72	1
51	119	1
107	109	3
21	35	1
60	131	1
79	132	1
12	50	1
108	113	2
32	44	3
47	86	1
85	112	3
38	125	1
116	128	1
87	97	1
58	124	2
28	101	1
119	127	1
127	135	3
75	90	1
105	108	1
77	97	2
22	91	1
51	66	1
106	129	3
36	59	3
37	37	1
67	87	2
34	43	1
33	69	1
92	130	1
82	111	2
61	62	2
14	66	3
48	50	2
15	44	3
0	3	2
80	93	2
129	133	3
53	65	2
23	127	1
93	119	1
81	82	1
91	93	3
100	102	1
62	115	1
49	78	3
60	121	1
43	65	1
69	107	2
62	131	3
103	115	2
21	60	2
94	120	1
94	95	4
1	3	3
8	11	1
93	102	1
88	106	2
56	98	1
59	78	1
117	122	2
57	96	1
47	47	3
113	115	4
82	109	3
111	115	1
66	81	1
36	43	4
83	107	3
43	45	1
68	69	5
117	120	3
26	50	1
118	122	1
50	68	1
45	52	1
71	74	2
3	110	1
90	94	1
100	104	1
86	88	2
50	80	1
110	111	5
84	105	2
95	103	1
16	27	1
64	100	2
53	57	3
91	96	3
95	101	2
109	125	1
66	68	5
13	17	4
71	80	2
50	111	3
87	121	1
58	91	1
50	79	3
91	98	1
115	117	3
45	102	2
92	94	6
125	126	3
14	29	1
44	50	1
94	104	2
49	50	5
104	105	2
27	69	1
62	64	6
18	18	6
68	70	1
54	83	1
60	110	1
87	88	6
47	51	1
48	87	1
38	108	1
55	113	1
31	32	3
108	110	11
80	81	3
95	123	1
60	62	2
71	73	2
117	121	1
52	58	3
66	86	1
2	3	1
54	79	3
71	76	1
42	43	1
23	61	1
25	26	4
67	82	1
19	20	3
121	124	3
59	113	2
100	106	2
55	78	1
56	84	2
60	64	2
59	86	1
56	82	1
71	111	1
70	74	1
44	48	1
112	113	10
49	81	1
15	37	1
10	97	3
112	118	4
87	119	3
60	61	4
49	54	1
10	16	1
107	107	4
83	84	4
63	109	1
96	107	1
84	110	1
87	115	1
7	130	2
16	44	1
20	21	3
23	26	1
84	90	1
97	110	1
54	59	1
108	109	2
46	49	1
27	89	1
24	81	1
54	64	2
15	26	1
109	124	3
53	67	1
45	47	4
101	104	1
76	82	2
114	124	2
123	125	3
85	87	2
112	121	2
77	112	1
47	49	2
70	105	1
72	74	2
35	53	1
51	76	1
27	50	1
8	9	2
34	35	5
55	77	1
114	120	1
76	81	2
109	117	1
35	44	1
57	79	2
76	79	2
103	105	2
83	106	1
102	105	5
108	118	2
63	127	1
7	98	1
24	37	1
60	114	1
89	91	3
48	49	5
81	127	1
52	79	1
103	106	1
49	77	1
61	93	1
70	80	1
119	121	1
15	27	2
118	128	1
81	123	1
70	76	1
79	125	2
67	69	1
99	124	2
60	79	1
17	20	1
17	18	2
4	95	1
68	106	2
93	120	1
42	114	2
91	126	2
16	25	1
109	133	1
9	38	1
45	124	1
10	11	2
2	106	1
8	8	6
93	104	1
57	89	1
82	96	2
125	127	1
8	25	1
106	130	1
121	125	2
106	107	4
81	125	1
94	112	2
56	65	1
114	117	2
95	131	1
106	124	2
21	23	3
47	77	1
34	53	1
2	126	1
6	48	1
78	108	1
94	130	1
88	94	1
92	124	1
95	105	1
114	128	2
126	127	2
65	72	1
13	15	1
43	52	3
49	49	4
12	18	1
84	135	1
99	112	1
1	7	1
44	92	2
85	89	1
46	68	1
43	100	1
3	5	2
43	53	1
0	8	2
31	69	1
106	118	1
95	98	1
76	106	1
98	102	1
102	121	1
64	81	2
111	118	1
22	22	2
84	106	1
45	46	1
98	111	2
111	120	1
7	19	2
51	51	3
93	132	2
43	48	1
94	133	1
53	56	1
106	109	4
84	87	1
56	114	1
109	118	1
81	86	3
94	118	1
14	16	1
60	92	1
16	21	1
77	124	1
26	28	2
59	85	1
49	53	2
23	25	1
25	29	1
80	122	2
69	121	1
5	6	1
66	92	1
45	48	1
65	131	1
71	91	1
56	58	2
17	17	6
39	108	1
53	58	1
83	86	1
10	14	1
122	125	1
28	97	1
86	89	1
52	87	1
129	131	2
17	96	1
125	128	1
65	69	1
50	53	1
24	44	1
51	68	1
60	93	1
86	130	2
25	45	1
105	107	2
53	108	1
58	92	1
119	122	1
33	38	1
52	118	1
115	133	1
37	53	1
66	74	1
63	64	2
65	107	1
79	112	2
36	101	1
30	33	1
63	103	1
110	126	2
80	83	1
124	131	1
8	97	1
54	135	1
45	53	1
28	29	1
91	111	1
105	125	1
92	109	1
86	98	1
90	91	2
11	24	2
60	65	1
95	102	1
15	43	1
111	119	1
89	112	1
80	89	1
23	24	3
116	118	1
14	67	1
120	128	1
76	103	1
44	54	2
55	80	1
66	77	2
42	65	1
66	82	1
116	120	1
58	128	1
69	105	1
102	116	1
55	86	1
19	64	1
66	83	1
120	134	2
79	83	1
60	86	1
96	124	1
103	104	2
27	28	3
135	135	2
11	35	1
92	100	1
68	87	1
16	19	1
11	25	1
28	33	1
64	67	1
117	133	1
38	67	1
80	82	1
113	129	1
65	82	1
0	4	2
78	79	1
43	54	2
100	120	1
7	11	1
76	99	1
62	66	1
69	104	1
57	81	1
1	70	1
52	55	1
81	126	1
66	100	1
55	61	1
4	5	1
97	121	1
98	106	2
69	133	1
124	129	1
0	1	1
57	83	1
106	122	2
104	112	1
21	114	1
18	62	1
75	89	1
70	73	1
123	127	1
54	68	1
15	74	1
113	119	1
51	78	1
85	109	1
95	104	1
23	36	2
57	59	1
33	43	1
85	130	1
118	135	1
6	32	1
97	126	1
61	66	1
101	105	1
14	78	1
0	34	1
13	99	1
10	43	2
125	129	1
13	135	1
15	17	1
19	23	1
115	129	1
63	65	1
28	135	1
17	24	1
7	8	1
67	109	1
29	35	1
70	98	1
107	114	1
92	96	1
78	86	1
95	117	1
8	20	2
74	75	1
109	131	1
113	116	1
76	101	1
45	100	1
118	123	1
68	102	1
86	91	1
10	24	1
59	80	1
20	23	1
36	44	1
9	25	1
82	105	1
49	100	1
46	51	1
50	65	1
45	117	2
12	33	1
101	124	1
64	102	2
56	76	1
0	17	1
61	64	1
52	101	1
7	26	1
65	68	1
111	117	1
7	35	1
54	78	1
47	68	1
95	122	1
36	58	1
92	121	1
121	131	1
66	70	1
77	86	1
82	123	1
67	123	1
70	79	1
95	116	1
90	135	1
105	111	1
110	130	1
10	26	1
