79	109	1
55	56	4
20	22	2
115	115	1
39	42	3
106	106	1
90	100	2
76	76	2
50	99	1
112	112	3
72	72	5
103	103	4
65	65	1
85	85	1
77	77	4
96	96	6
104	106	1
97	97	4
66	66	4
99	105	2
78	93	2
26	27	3
88	88	4
29	29	2
112	114	1
98	98	1
34	36	1
30	30	4
71	72	4
67	67	2
51	51	2
62	62	2
89	97	1
104	105	1
35	66	1
91	91	4
99	99	1
58	59	1
60	60	1
59	59	1
66	67	2
104	104	3
86	98	1
89	96	1
80	81	2
63	63	2
111	111	4
19	19	1
102	103	1
107	107	3
57	59	2
45	45	2
29	47	1
110	110	4
24	63	3
70	70	2
100	101	1
42	44	2
33	64	2
46	48	1
43	45	1
24	24	2
28	31	2
72	75	2
87	87	1
29	31	1
70	71	2
41	42	2
113	113	2
109	109	3
94	96	1
72	108	2
51	98	1
37	39	2
34	34	2
32	32	3
61	61	2
24	53	1
30	32	1
104	107	1
56	57	1
69	69	4
31	43	1
54	55	1
92	92	3
99	101	2
64	101	3
100	100	2
95	95	3
87	89	1
94	94	3
78	80	1
68	68	4
60	61	1
97	98	2
101	102	1
59	63	1
83	85	1
80	80	1
86	86	4
25	27	1
100	108	1
71	71	2
95	97	1
84	85	1
36	37	2
77	85	1
107	108	2
43	44	3
72	73	1
101	105	1
22	22	1
55	55	1
46	49	2
34	91	2
46	46	1
95	101	2
44	44	2
87	101	1
106	107	1
105	106	1
36	67	1
110	111	1
47	47	2
39	39	1
31	63	1
68	74	2
77	78	2
38	63	1
48	48	2
73	75	1
96	98	2
35	35	1
90	90	2
62	63	2
40	40	2
53	53	3
56	61	1
73	73	1
80	86	1
79	110	1
104	108	2
64	66	1
56	56	1
27	28	1
98	99	1
30	36	1
88	89	1
84	99	1
37	114	1
49	49	1
66	83	1
21	21	1
24	45	1
21	24	1
33	33	1
51	52	1
67	68	1
79	80	1
77	80	1
95	96	1
103	104	1
108	108	1
37	38	1
26	39	1
47	48	1
28	33	1
50	52	1
86	97	1
102	104	1
105	105	1
20	20	1
83	86	1
27	27	1
74	76	1
75	75	1
95	98	1
98	108	1
57	57	1
25	25	1
53	100	1
