67	68	3
104	104	7
27	28	2
27	27	1
49	49	8
46	46	10
62	62	3
3	12	2
13	13	1
57	58	1
84	84	5
5	11	2
67	67	5
105	113	1
107	107	3
102	116	1
98	119	1
100	117	2
46	50	1
26	26	1
113	113	6
58	58	5
71	71	7
121	121	5
103	103	6
109	109	4
20	20	7
88	89	1
29	30	3
57	65	1
2	2	4
1	1	5
85	85	5
6	6	5
77	77	3
12	13	4
112	124	1
106	107	2
41	41	5
114	118	3
40	40	4
131	131	6
30	30	4
106	106	2
7	7	2
65	65	6
112	112	5
116	117	1
128	129	3
12	32	1
89	93	1
75	102	1
125	131	1
88	90	1
4	4	5
14	33	1
0	1	4
94	95	1
50	50	5
15	19	1
101	118	1
9	15	1
53	53	7
25	25	6
125	126	3
6	9	1
71	93	3
63	97	1
78	78	7
76	76	4
51	54	1
119	119	2
34	34	5
45	45	5
24	24	2
47	47	4
83	87	1
56	56	5
9	9	6
68	91	1
129	129	2
62	67	2
124	125	3
14	20	1
48	54	2
52	53	6
29	86	2
66	66	1
123	123	7
83	84	2
72	72	3
16	17	1
52	52	9
15	15	1
99	99	3
54	54	3
30	31	3
55	99	1
44	82	2
88	88	4
101	101	1
0	0	4
62	63	3
41	42	3
11	15	2
31	32	3
125	125	4
77	103	1
58	99	1
60	102	1
57	57	7
33	40	2
95	96	1
114	115	2
44	45	2
122	122	4
124	124	6
33	34	2
43	44	2
11	13	1
19	19	2
72	73	2
96	98	2
126	128	2
110	110	5
23	23	1
75	76	1
97	98	3
115	115	3
110	112	1
17	30	5
80	81	1
38	38	2
120	120	4
64	64	4
45	46	1
12	12	4
40	62	2
58	100	1
40	41	2
109	110	1
67	102	1
117	118	3
21	21	1
70	70	3
13	52	2
127	127	1
45	59	1
63	66	1
74	74	1
61	79	1
21	25	1
20	21	2
17	17	3
60	60	2
102	102	3
31	77	1
46	47	4
14	15	2
133	133	3
17	18	6
64	67	1
114	114	5
103	126	2
28	28	5
15	16	1
104	114	1
108	122	1
86	86	4
11	29	1
127	128	5
68	68	5
90	90	2
13	19	1
73	75	2
81	81	2
118	120	3
49	50	1
41	62	1
48	48	3
49	57	1
1	12	1
84	85	1
132	132	2
92	93	1
59	63	1
120	121	1
122	123	1
62	130	1
10	10	2
100	100	1
6	8	1
63	63	3
51	51	6
104	105	1
18	18	1
25	28	1
89	89	2
21	23	2
54	109	1
75	78	1
73	73	1
130	130	1
39	39	3
39	44	1
69	69	6
48	93	1
82	82	5
32	88	1
93	94	2
83	102	2
102	103	1
105	105	1
72	75	2
76	78	1
31	31	1
32	32	1
18	24	1
78	120	1
116	116	3
12	54	1
59	62	1
77	79	1
121	125	1
116	119	1
127	133	1
2	7	2
104	106	1
79	79	2
95	95	3
101	119	1
92	92	6
42	45	1
7	14	2
63	68	2
73	130	1
87	115	1
126	127	3
61	61	1
49	52	1
55	82	1
44	44	1
56	102	2
15	34	1
113	118	1
14	40	1
7	8	2
90	91	2
57	81	1
32	33	6
66	72	1
93	111	1
5	5	3
81	97	2
99	102	1
8	8	3
12	31	1
47	54	1
70	71	2
28	29	2
118	119	1
10	25	1
96	97	2
22	84	1
67	72	2
43	43	1
24	25	1
118	118	3
21	22	1
86	88	1
59	81	1
50	51	2
129	132	1
116	118	1
33	33	1
11	31	1
75	75	1
37	44	1
59	67	1
16	16	1
38	58	2
96	102	1
49	93	1
87	88	1
10	11	1
127	130	1
59	59	1
115	116	1
8	9	1
7	51	1
108	108	2
71	102	1
96	96	1
64	69	1
45	101	1
2	12	1
40	48	1
0	56	1
94	94	2
59	66	1
61	129	1
114	117	1
69	90	1
23	25	1
100	101	1
16	76	1
97	97	2
51	111	1
107	108	1
3	3	2
85	115	1
76	125	1
2	11	1
73	74	1
110	121	1
25	27	1
89	91	1
18	19	1
11	11	1
38	40	1
77	83	1
93	93	1
61	62	1
58	59	1
87	106	1
55	55	1
125	133	1
