64	64	7
36	36	9
83	83	6
22	22	4
92	92	10
98	122	1
79	85	1
32	33	2
101	101	3
57	57	8
101	119	3
77	77	7
97	97	7
75	75	7
128	128	5
134	135	2
45	59	1
72	72	2
19	19	7
99	99	4
20	25	1
92	96	1
62	65	2
2	2	5
6	94	1
77	78	2
78	85	1
110	110	10
89	90	5
74	74	7
28	28	2
88	88	6
32	32	8
68	68	9
24	24	2
62	62	7
55	56	4
116	126	2
25	25	10
86	86	4
81	82	2
74	84	1
129	130	5
57	58	4
16	17	4
14	15	1
122	122	6
56	57	6
38	38	4
61	64	2
112	127	4
113	113	6
71	71	6
11	11	2
69	76	2
78	79	4
73	73	6
123	123	2
21	21	4
95	96	2
50	50	2
34	35	2
66	67	2
132	132	2
107	107	4
33	34	5
104	104	9
15	23	1
29	30	3
67	79	2
76	92	3
1	3	1
130	130	7
31	31	4
83	84	1
69	69	5
69	96	1
29	29	4
19	20	2
105	105	5
113	114	1
81	113	3
90	90	8
87	88	1
47	47	1
53	53	3
27	27	2
123	124	2
54	57	1
129	129	1
9	9	4
13	13	2
62	93	2
52	53	3
79	102	1
111	111	5
117	117	8
59	87	1
106	106	3
43	43	7
55	55	4
8	9	1
43	53	2
30	30	5
10	10	7
28	29	2
119	119	4
127	127	7
49	49	1
118	118	6
60	60	6
94	96	1
87	87	1
105	107	2
14	14	7
45	52	2
56	56	1
96	97	2
95	95	5
86	87	3
124	124	7
82	87	1
17	22	1
100	100	4
71	74	3
62	78	1
56	58	1
6	6	2
47	113	1
100	130	1
94	94	2
126	126	1
54	68	1
75	76	1
2	3	1
113	118	2
113	132	1
50	53	2
7	7	5
77	106	1
36	37	4
5	5	4
103	127	1
121	127	3
59	63	1
97	101	1
66	66	3
33	65	1
111	113	1
92	93	2
108	108	3
93	95	1
121	121	3
102	102	4
35	90	2
11	94	1
121	122	4
24	43	1
36	42	1
91	93	1
31	32	2
70	103	1
61	61	2
79	79	5
11	49	1
25	26	6
68	69	2
96	96	5
1	2	2
102	103	4
18	19	6
22	23	1
125	129	1
95	105	1
53	67	2
130	133	3
127	128	3
91	91	4
57	63	1
75	111	1
112	112	4
127	129	4
0	2	2
78	109	1
64	90	1
48	49	1
65	66	2
125	133	1
79	82	3
120	120	3
71	72	2
89	89	6
94	98	2
12	12	3
80	81	1
55	66	1
58	59	4
118	119	3
116	116	3
112	113	3
115	117	1
100	112	1
101	115	3
102	115	1
88	90	2
78	78	2
51	53	1
114	118	1
65	65	2
122	128	1
74	75	1
8	17	1
38	82	1
104	112	1
94	95	1
45	54	1
82	82	2
120	121	6
98	99	4
49	50	3
85	85	4
0	3	1
1	35	2
34	102	1
120	122	1
117	118	1
80	82	1
8	8	3
103	103	6
110	111	4
125	125	1
130	132	1
105	118	1
27	28	3
58	58	1
107	116	1
98	98	2
4	92	3
112	116	1
114	114	3
50	52	1
22	24	1
70	70	3
118	121	1
67	67	7
50	66	1
35	36	2
80	80	4
79	80	3
91	92	2
60	61	1
93	93	2
115	115	1
15	29	1
83	85	1
15	15	3
57	70	1
123	125	1
105	110	2
113	121	1
116	117	2
42	42	1
62	63	6
17	19	2
107	109	2
109	109	3
124	125	1
63	63	1
61	62	1
33	33	3
73	105	1
106	107	1
4	4	3
52	88	1
114	132	1
103	104	2
102	120	1
26	27	3
54	59	3
13	14	2
18	20	4
1	1	1
88	92	1
4	5	1
9	12	1
69	73	1
104	105	1
82	108	1
25	49	1
112	115	1
65	67	2
107	108	2
84	85	2
3	4	1
132	133	1
9	10	1
84	84	2
97	100	2
3	3	1
68	81	1
25	29	1
7	37	1
59	60	2
54	88	1
82	125	1
20	20	1
105	125	1
47	86	1
52	52	2
26	26	2
101	111	2
16	16	1
125	128	1
0	101	1
64	67	1
134	134	2
97	121	1
116	118	2
67	68	1
106	109	2
74	88	1
106	119	1
84	92	1
105	106	2
38	43	1
109	110	1
16	18	1
24	27	1
74	76	1
126	127	1
20	21	1
12	13	1
25	98	1
20	31	1
69	70	1
71	90	1
9	11	2
23	28	1
58	60	1
105	111	1
23	23	3
108	109	2
98	108	1
79	111	1
11	25	1
124	129	1
5	94	1
97	99	2
1	14	1
44	45	1
131	134	1
19	37	1
69	74	1
106	108	1
57	61	1
128	129	1
45	50	2
56	60	2
45	45	2
35	35	1
88	99	1
99	114	1
63	64	1
85	89	1
77	107	1
23	25	1
92	111	1
52	67	1
78	86	1
97	105	1
1	33	1
71	88	1
24	26	1
57	88	1
1	29	1
78	107	1
115	127	1
54	65	1
76	76	1
65	68	1
74	116	1
56	61	1
103	126	1
53	54	1
78	81	1
66	68	1
32	73	2
86	121	1
51	51	1
23	24	1
8	13	1
115	121	1
67	95	1
32	34	1
123	126	1
83	117	1
90	91	1
