37	37	23
51	143	1
35	35	30
56	57	8
81	82	12
134	134	22
111	112	5
11	11	25
26	102	2
37	108	1
10	13	5
158	169	2
180	180	8
158	159	9
33	35	2
177	180	1
119	119	15
152	152	7
153	154	10
26	31	2
92	92	14
32	32	22
65	110	1
128	143	1
122	123	3
140	141	7
15	18	4
123	159	1
26	29	4
8	8	21
73	73	11
66	67	11
90	93	2
62	62	12
79	79	17
177	178	3
112	112	23
94	94	17
71	71	16
35	37	2
52	53	12
6	16	4
131	131	20
173	173	8
16	27	4
157	157	18
28	28	18
43	44	22
19	21	12
12	12	22
132	132	17
28	29	7
92	93	5
96	96	18
25	25	19
66	68	4
73	75	6
15	16	17
110	110	10
33	34	18
113	113	14
102	102	15
114	151	1
43	43	15
16	16	22
34	36	6
151	152	8
108	109	9
105	105	17
117	119	6
113	151	4
130	130	19
13	15	6
9	10	9
113	116	1
33	33	24
44	45	11
92	94	8
91	94	12
11	13	2
14	14	17
18	20	7
146	146	26
70	71	5
149	173	1
118	119	11
129	130	8
5	20	2
124	126	4
139	139	17
112	113	6
39	40	24
76	77	12
111	111	20
110	112	5
30	30	31
169	169	13
94	146	2
44	63	3
154	155	8
135	135	19
62	64	2
37	38	7
98	98	3
148	149	9
167	167	16
25	28	3
76	76	17
34	34	23
100	102	2
99	99	7
138	138	22
172	172	12
133	133	14
110	146	2
24	24	14
59	60	9
55	55	7
27	27	21
101	101	11
173	174	22
50	63	2
154	154	16
29	30	17
23	23	16
58	58	9
146	153	2
123	130	1
15	15	26
12	15	3
32	38	3
73	88	2
179	179	12
78	79	6
35	36	8
136	159	1
149	172	2
137	137	14
42	43	7
95	174	1
60	60	19
99	100	6
86	86	12
120	120	10
150	157	2
10	11	16
145	161	1
0	1	7
81	81	8
77	77	15
51	51	16
89	90	6
150	150	20
10	140	3
29	29	20
140	171	1
34	35	5
40	40	12
178	178	13
13	32	6
66	66	15
32	33	15
136	136	13
140	149	1
139	149	1
21	21	11
3	4	13
36	36	24
143	143	20
17	32	3
126	126	18
121	121	19
22	22	21
93	93	14
122	132	1
3	5	2
68	71	6
31	31	14
9	9	34
144	161	2
153	153	26
123	123	11
113	114	10
93	94	4
146	154	6
5	5	17
64	64	13
146	147	5
147	147	14
157	158	15
159	167	2
7	9	4
20	22	1
151	151	20
94	95	9
24	25	10
18	43	1
51	52	4
62	66	1
131	133	1
115	125	2
168	168	10
8	9	18
54	60	2
136	141	4
18	140	1
151	153	6
2	3	9
95	97	4
8	33	1
166	167	4
127	147	1
124	148	1
39	41	3
1	1	20
17	18	10
29	104	2
141	142	6
54	54	15
36	39	4
124	149	1
37	55	1
141	159	2
77	78	7
123	124	10
10	33	1
129	129	15
39	44	4
124	152	3
49	49	2
16	28	1
163	163	14
149	150	6
78	78	13
66	111	1
73	74	4
107	107	7
101	102	4
148	148	20
163	164	5
4	5	6
6	6	22
120	122	2
91	92	8
124	124	16
161	161	13
179	180	8
25	100	3
103	106	2
144	144	18
38	38	31
161	162	12
44	44	18
91	97	2
100	100	14
120	121	8
136	151	1
155	155	11
3	3	17
29	31	3
59	59	16
75	75	14
101	104	1
128	158	2
106	107	5
145	146	2
8	19	1
91	91	10
19	19	17
85	86	9
165	165	10
113	156	1
16	32	1
122	124	1
62	63	7
144	146	7
175	176	5
166	166	10
94	147	2
111	152	2
11	23	1
162	168	1
83	84	7
134	135	5
36	108	1
19	20	7
118	118	8
13	13	26
30	31	18
178	180	2
105	106	4
142	142	12
140	142	1
11	14	5
62	89	1
8	32	1
53	53	11
105	117	1
20	25	1
27	28	5
0	0	15
123	125	6
170	171	12
29	41	2
119	120	5
159	159	17
23	24	6
82	82	12
54	56	1
24	26	5
108	146	1
157	163	1
74	74	15
167	174	2
16	18	8
131	132	8
52	52	16
3	14	1
150	151	10
72	72	11
128	163	1
42	42	24
119	146	3
18	19	9
174	174	31
6	134	1
164	164	8
38	61	3
152	153	8
4	4	17
117	117	13
7	7	23
9	34	1
75	85	1
50	67	1
43	60	1
171	173	6
118	172	2
141	144	1
140	140	15
26	27	8
113	117	4
89	89	23
4	9	2
97	119	1
3	103	1
162	163	9
9	12	1
101	103	1
87	89	3
21	22	6
92	125	2
90	144	1
97	98	11
151	169	1
149	149	22
67	73	2
108	110	2
163	169	3
56	96	1
24	34	2
127	128	3
126	142	4
50	65	1
45	46	5
37	39	7
2	2	17
143	147	1
128	128	7
6	20	1
121	122	2
143	145	6
153	158	1
40	52	2
114	115	4
2	13	2
72	73	7
97	97	15
84	86	3
26	28	9
29	40	2
125	125	17
160	161	5
117	123	2
23	27	2
71	83	1
152	154	1
136	137	3
65	81	1
106	106	15
63	64	16
106	108	2
17	17	11
31	34	2
71	72	9
160	160	14
115	115	10
64	68	2
138	139	4
8	22	2
95	132	1
20	20	10
39	110	1
65	95	6
41	41	23
30	130	1
5	6	11
31	32	18
10	10	33
118	122	2
133	134	4
135	136	6
22	23	9
9	17	4
160	162	4
82	89	2
74	81	3
167	168	5
53	72	1
109	113	1
160	166	1
106	109	4
35	38	1
171	171	9
21	26	2
39	122	1
177	177	8
90	92	5
57	57	12
42	44	2
41	51	2
98	99	4
5	10	2
61	61	9
161	165	1
54	61	1
27	132	1
142	146	1
118	120	4
36	38	8
122	122	9
126	147	3
28	30	6
82	86	3
17	34	1
121	127	1
65	68	1
130	131	9
137	139	4
0	2	2
76	92	1
171	172	15
98	102	2
119	170	2
2	10	3
84	107	1
5	11	2
6	36	1
0	32	1
175	179	1
81	85	4
9	11	6
88	88	8
80	86	1
139	140	2
124	125	3
126	138	1
176	176	14
121	168	2
79	80	3
87	87	12
90	90	11
109	109	11
11	140	4
67	68	5
41	49	1
58	73	1
22	30	1
162	164	3
91	145	1
61	62	8
56	56	8
114	114	13
78	92	1
58	60	2
131	150	1
15	19	3
67	67	12
139	176	2
156	156	7
121	124	2
119	121	4
63	63	15
134	171	2
39	49	3
146	148	3
2	9	2
139	150	1
57	58	8
156	157	7
25	26	9
127	127	8
55	56	2
85	85	7
60	61	5
137	138	9
121	170	1
10	54	5
60	86	1
5	7	3
41	42	6
3	7	3
92	95	3
68	68	10
18	40	1
76	178	1
155	156	5
14	15	7
159	163	1
157	162	2
159	160	3
65	65	9
62	72	1
40	41	10
16	17	9
26	26	9
78	83	1
8	30	2
173	179	1
147	148	4
25	102	1
153	156	6
136	160	1
130	143	1
3	11	2
111	115	1
18	18	14
151	156	1
75	79	1
38	39	6
140	169	1
30	129	1
90	91	6
119	142	1
168	175	2
112	114	4
80	81	8
80	80	9
50	51	14
88	90	2
95	95	12
144	145	2
60	70	1
158	158	15
26	162	1
45	45	10
145	150	2
64	65	6
100	101	3
126	143	1
23	25	1
145	156	4
75	179	1
24	33	1
4	35	4
13	38	1
51	110	1
24	31	1
8	20	2
14	21	1
102	103	6
55	67	1
114	154	1
116	116	6
140	146	2
55	137	3
7	140	1
70	70	5
174	178	4
71	75	1
142	160	1
2	4	3
148	172	1
143	159	1
28	102	1
96	101	1
177	179	2
116	117	2
104	107	1
36	62	1
53	54	5
17	26	1
169	170	7
12	13	25
12	29	1
104	109	1
12	35	3
128	132	1
33	39	2
108	108	4
130	140	1
63	67	1
82	95	2
172	173	4
116	118	2
37	41	1
52	179	1
159	162	2
104	106	1
30	173	2
62	88	2
20	23	1
23	33	3
74	75	3
55	58	1
61	80	2
54	55	4
27	30	3
110	111	7
103	103	10
20	156	1
142	143	9
165	166	5
141	141	13
23	28	1
16	19	3
59	61	4
15	17	1
2	5	1
144	147	2
125	149	3
49	50	1
78	131	1
143	144	12
138	140	1
67	71	1
39	39	15
162	165	2
96	102	1
103	107	2
13	14	3
14	18	2
83	86	2
80	95	1
169	174	2
31	117	2
35	43	2
78	93	3
20	21	2
84	84	4
22	25	1
163	166	2
16	31	2
141	147	1
27	29	3
11	12	8
22	24	5
78	87	2
0	6	1
54	70	1
91	93	2
174	175	2
53	88	1
141	173	2
56	73	1
97	101	2
105	107	6
100	103	1
80	92	1
26	100	1
34	176	1
73	81	1
56	61	1
4	29	2
35	42	3
59	74	1
14	16	5
75	82	5
115	116	5
94	101	1
106	110	2
111	131	2
124	140	1
143	149	2
107	108	5
151	154	2
83	146	1
95	106	1
108	147	3
132	141	1
28	32	2
125	148	2
125	126	3
103	104	7
3	9	2
158	170	1
164	167	3
88	89	5
159	175	1
84	85	4
176	179	2
94	173	1
113	154	2
43	53	2
86	89	1
25	30	3
43	45	2
50	50	11
1	2	4
61	72	2
20	42	1
99	120	1
21	24	7
36	37	11
129	177	2
126	137	2
55	57	4
80	82	3
62	67	1
21	23	2
89	136	2
126	127	5
65	67	7
31	119	3
115	129	1
11	15	3
5	8	3
98	100	2
136	138	6
6	7	6
144	157	1
24	29	1
13	22	4
168	169	5
175	178	2
90	94	6
117	118	3
164	166	1
167	175	2
85	109	2
36	40	2
4	13	1
150	158	1
15	35	2
71	112	1
114	173	2
119	145	1
166	168	2
96	97	7
54	57	1
39	43	2
124	147	1
170	170	15
58	59	2
22	31	1
159	165	2
127	129	1
120	153	3
96	103	1
17	29	1
16	127	1
145	147	4
132	133	4
122	125	1
50	52	1
31	36	1
110	115	3
13	26	2
15	41	2
92	96	1
164	165	6
128	129	1
57	74	1
113	115	3
93	95	2
167	169	1
24	28	1
53	80	3
131	147	1
142	147	1
26	30	4
122	168	1
157	159	1
150	169	3
66	84	2
66	90	1
16	22	1
52	64	3
132	157	1
36	59	1
156	159	1
74	82	2
7	11	2
54	72	1
27	40	1
57	72	2
121	123	3
0	37	1
45	57	1
165	167	3
125	127	5
75	80	1
64	66	2
24	30	2
35	41	1
65	88	1
18	31	2
37	139	1
33	36	1
25	99	2
26	98	1
94	96	6
111	113	3
2	6	2
106	163	1
63	65	1
38	40	1
40	59	1
55	59	1
51	53	2
11	24	1
53	60	1
115	131	2
154	156	2
36	44	1
97	146	2
91	108	1
104	105	5
65	82	1
118	150	2
49	51	2
8	11	1
23	31	2
26	167	1
57	75	4
24	35	1
19	22	1
14	17	1
65	66	5
28	31	2
44	170	1
14	33	1
14	41	1
161	169	1
28	130	1
64	81	1
9	13	3
66	99	2
5	17	1
124	158	1
18	141	1
166	175	1
120	124	1
125	140	1
27	103	2
63	72	1
112	131	1
27	171	1
109	111	1
53	62	1
160	163	1
87	88	1
6	8	1
128	157	2
25	29	1
152	173	1
32	88	1
59	72	1
141	143	2
150	167	1
24	97	1
83	83	1
136	140	2
61	82	1
119	126	1
147	168	1
93	143	1
97	99	2
176	177	5
95	118	1
119	122	2
35	64	1
53	76	1
128	130	2
22	87	1
41	52	1
94	97	4
77	79	1
14	38	1
130	167	1
155	159	3
107	151	1
4	7	3
162	162	4
96	106	1
43	63	1
81	163	1
18	30	1
80	111	3
130	165	1
95	149	1
24	104	2
104	104	2
74	89	1
63	79	2
20	112	1
26	33	3
42	61	1
85	100	1
14	31	1
166	169	1
82	91	3
86	88	2
25	31	2
44	60	3
54	68	1
18	21	2
130	153	1
83	110	1
56	59	2
58	80	1
114	156	1
130	159	1
32	35	2
33	38	2
171	175	1
100	106	1
125	153	1
32	113	2
28	40	1
160	167	1
53	78	1
12	26	1
3	17	1
16	130	1
54	64	2
61	67	2
117	120	2
64	95	1
84	109	1
140	147	3
159	161	3
5	138	1
102	110	1
114	116	1
9	18	2
110	151	1
10	21	1
21	113	1
156	166	2
67	89	2
120	159	2
10	37	3
144	160	1
141	160	1
145	157	1
30	95	1
17	31	2
132	162	1
136	142	1
128	133	1
113	155	1
83	102	1
145	149	2
44	46	2
57	59	1
97	107	2
166	174	2
152	174	2
85	88	1
126	148	1
99	101	1
109	110	2
104	161	1
175	177	2
7	8	3
43	65	1
96	119	1
13	17	1
126	158	1
19	128	1
15	21	1
7	10	3
133	144	1
121	141	2
106	111	2
1	5	1
25	89	1
40	42	2
67	96	1
112	115	2
81	86	1
10	12	2
145	145	3
39	118	1
89	102	1
39	66	3
129	143	1
79	86	1
84	175	1
147	151	1
150	154	2
153	155	2
148	169	1
10	16	1
29	32	2
126	128	4
120	170	1
23	26	1
21	29	1
45	55	1
37	62	1
67	74	1
129	165	1
72	75	1
127	130	2
108	135	1
67	72	1
151	155	1
17	129	1
51	65	1
35	112	2
118	121	1
52	72	1
74	110	1
67	111	1
1	7	1
86	117	1
38	59	1
49	52	1
65	87	1
8	72	1
105	119	1
43	64	1
157	170	1
43	62	1
146	150	3
34	43	1
122	152	1
109	123	1
83	111	1
23	29	1
87	91	1
157	160	1
146	167	1
60	77	1
168	171	2
93	148	1
60	76	1
159	176	1
39	58	1
54	78	1
131	141	1
25	163	1
28	41	1
74	76	1
4	12	1
35	44	1
86	102	2
175	175	1
95	96	1
86	87	1
61	65	1
167	173	1
8	10	2
18	28	1
81	84	1
22	33	1
5	139	2
116	122	1
4	6	1
54	74	1
57	79	1
37	60	1
22	167	1
28	45	1
7	18	1
4	148	1
28	42	1
4	37	1
15	140	1
113	152	1
103	110	1
101	122	1
15	60	1
8	12	2
60	88	1
6	32	1
154	159	1
82	83	1
27	31	1
74	87	1
71	73	2
29	42	1
107	118	1
126	157	2
106	118	1
107	109	1
37	40	1
30	33	2
120	152	1
53	82	1
19	31	1
178	179	1
117	158	1
140	148	1
167	170	1
161	163	1
116	129	1
26	37	1
141	178	1
137	140	1
57	68	1
102	121	1
151	159	1
127	138	3
19	129	1
32	40	1
85	102	1
29	33	1
174	176	1
25	33	1
36	138	1
46	59	1
35	158	1
4	11	1
107	122	1
14	19	1
148	153	2
11	21	1
121	159	1
167	176	2
88	94	1
1	32	1
136	143	1
13	33	1
61	63	1
13	16	2
31	130	1
68	95	1
119	147	1
9	28	1
126	165	1
63	66	1
84	108	1
90	143	1
164	168	1
23	44	2
120	144	1
14	32	1
34	140	1
174	177	1
141	149	1
60	62	1
17	30	1
16	20	1
38	122	1
29	74	1
168	170	1
6	17	1
81	109	1
7	16	1
124	130	1
23	165	1
96	100	1
117	125	1
122	171	1
30	162	1
142	145	1
74	78	1
165	169	1
166	172	1
155	157	1
13	35	1
23	34	1
33	65	1
58	63	1
75	76	1
89	118	1
101	121	1
109	147	1
109	117	1
78	132	1
129	131	1
119	151	1
41	62	1
9	20	1
136	139	1
154	157	1
142	148	1
83	85	1
127	146	1
95	102	1
56	60	1
57	82	1
127	142	1
107	111	1
144	158	1
125	130	1
88	108	1
152	156	1
102	104	1
6	9	1
108	111	1
