124	124	12
98	108	2
82	82	10
109	109	9
95	95	8
84	85	5
112	112	14
27	27	2
126	131	2
104	104	6
91	92	2
27	85	1
42	75	2
9	11	1
22	22	6
72	73	5
77	78	2
31	99	2
23	24	4
49	49	12
50	50	26
28	28	6
16	16	5
21	83	2
45	61	1
126	126	8
6	6	11
34	34	4
111	111	4
91	93	1
74	74	6
41	41	5
10	10	14
83	83	6
116	116	7
102	103	6
110	110	25
132	132	7
130	131	3
8	8	4
71	71	11
58	59	3
51	52	7
18	20	1
82	84	1
48	85	1
123	124	4
43	43	8
70	70	9
79	80	2
56	56	20
75	75	7
2	2	5
54	54	21
57	57	20
18	23	1
52	52	13
129	130	6
124	125	4
61	61	3
20	20	12
49	53	2
53	54	5
97	97	9
116	117	5
55	56	5
128	130	7
13	13	19
16	61	1
45	53	1
52	56	1
32	39	1
79	101	1
97	109	1
66	66	3
99	99	7
107	108	4
72	72	9
29	29	6
60	68	1
125	125	6
6	8	1
92	92	15
25	99	1
1	2	3
48	49	2
23	25	1
106	106	11
81	81	8
114	114	15
65	65	5
42	42	6
53	53	18
93	93	6
118	119	6
42	43	2
44	45	7
69	70	2
49	50	5
75	76	4
47	47	9
122	123	6
102	105	3
1	82	1
47	49	1
113	113	11
4	4	5
56	57	4
12	12	12
10	50	1
117	117	7
77	77	2
108	108	8
102	102	10
68	68	6
49	94	1
51	51	10
8	29	2
42	55	1
32	32	5
40	72	1
15	15	7
73	125	1
9	48	2
107	107	4
121	122	1
47	56	1
106	107	5
46	56	5
40	54	1
61	62	3
22	83	2
69	79	1
48	53	3
44	61	1
21	31	2
46	50	1
86	86	3
113	116	3
67	107	1
97	108	2
109	111	2
115	115	5
71	74	1
29	30	5
99	109	2
65	66	7
14	29	1
5	5	10
121	121	13
120	120	5
125	126	3
19	69	1
125	130	1
45	45	2
39	39	6
62	67	1
19	19	8
122	122	9
88	88	1
22	23	2
59	59	5
31	40	1
94	94	7
21	24	3
133	133	3
64	64	5
18	82	2
13	14	6
34	39	1
4	16	1
90	90	8
69	92	1
86	88	4
63	74	1
58	60	2
21	21	5
58	58	7
96	96	7
59	67	2
26	26	8
67	78	2
104	105	5
62	68	6
49	85	1
27	30	2
47	91	3
59	70	1
23	23	4
126	127	4
46	46	5
131	132	4
41	49	1
18	19	3
70	72	1
100	100	4
12	46	1
54	55	3
43	55	4
125	128	1
21	84	3
7	7	12
33	33	10
47	53	3
73	74	2
85	92	1
80	80	11
94	95	2
70	93	3
105	105	10
41	43	2
17	17	5
90	91	6
85	96	2
85	85	6
97	99	1
25	30	2
48	48	5
117	118	2
7	30	2
7	12	2
63	63	2
99	100	3
19	21	1
4	13	3
94	102	1
81	117	2
44	44	6
112	122	2
0	0	6
97	98	4
128	128	5
67	68	4
98	106	1
115	116	5
69	69	16
87	87	3
3	4	8
122	124	4
55	55	6
47	48	7
127	128	4
98	99	3
91	91	7
73	73	5
9	10	9
67	72	2
78	79	5
71	75	1
62	65	2
60	70	1
76	76	8
53	56	1
32	33	4
0	40	1
58	70	2
16	82	1
46	47	5
40	40	6
80	81	4
48	94	1
112	113	1
72	74	2
17	29	3
62	63	3
85	110	1
118	118	4
74	81	3
34	40	1
10	11	4
125	129	1
2	3	4
74	75	2
62	72	4
16	34	3
52	54	2
67	67	4
89	91	3
120	122	2
61	70	1
33	38	1
110	111	1
21	22	1
40	41	4
28	29	3
30	31	1
79	79	4
72	123	1
44	65	4
16	19	3
66	67	6
15	83	2
14	27	1
24	24	2
57	88	1
75	80	1
101	104	2
123	123	10
54	56	3
41	42	3
85	87	1
93	105	2
15	19	2
0	7	1
105	110	1
127	130	2
6	20	1
31	32	4
101	101	5
39	47	2
56	85	1
84	84	1
100	110	2
13	26	3
42	79	1
69	71	1
24	26	2
64	66	2
62	73	1
45	46	3
90	92	1
62	62	1
125	127	3
7	8	4
43	44	4
90	131	2
13	19	2
71	72	1
26	31	1
25	26	6
0	6	1
70	71	6
100	101	2
69	102	1
89	90	9
46	65	1
64	65	3
112	123	1
114	117	2
130	130	2
88	89	4
94	96	1
122	125	2
38	39	2
57	71	1
95	96	2
58	71	1
46	57	1
14	14	4
86	87	3
19	30	1
92	93	1
119	121	1
99	101	3
27	29	2
93	94	1
16	17	2
52	53	5
6	16	1
63	73	1
87	89	1
80	122	2
60	76	1
38	38	2
22	24	2
12	13	3
127	127	3
32	53	1
14	15	3
38	47	1
13	130	1
10	48	2
41	54	1
26	27	2
98	98	5
76	86	1
50	51	4
28	41	1
28	83	2
15	17	1
80	120	3
6	13	1
50	52	1
87	88	3
44	67	1
114	116	4
60	60	5
113	125	1
96	105	3
41	71	1
78	120	1
6	7	2
22	66	1
11	12	3
24	25	2
76	85	1
91	94	2
33	66	1
52	62	1
68	74	1
113	129	1
97	101	1
31	31	3
25	25	1
77	80	1
64	72	2
67	108	1
59	80	4
88	90	1
39	40	1
76	125	1
3	3	2
96	101	1
39	46	1
8	9	2
1	1	3
51	53	1
44	70	1
17	23	1
98	107	1
29	40	1
7	11	1
42	44	1
78	81	4
17	18	2
69	110	1
108	109	3
81	112	1
75	81	3
10	12	1
114	115	4
67	71	1
91	131	1
32	40	2
61	65	1
27	28	1
105	106	1
64	100	1
5	7	3
9	9	2
128	129	2
9	49	1
59	131	1
60	61	1
91	102	1
21	25	2
131	131	3
14	19	1
80	121	1
78	91	1
1	3	1
3	39	1
78	80	1
18	18	1
10	49	1
58	96	1
9	85	1
57	58	2
33	40	1
93	102	1
8	31	1
114	118	1
17	82	1
109	110	1
46	54	2
63	72	2
61	72	1
46	53	2
15	16	1
101	103	1
52	57	1
127	131	1
21	85	3
126	133	2
113	130	1
59	68	1
41	65	2
23	26	1
26	64	1
6	9	1
119	119	2
108	110	1
97	103	2
23	28	1
21	75	1
23	49	1
120	130	1
47	89	1
100	104	1
48	51	2
57	93	1
27	93	1
1	6	1
101	110	1
99	107	1
7	15	1
78	127	1
20	32	1
49	90	1
17	31	1
124	128	1
5	28	1
82	85	1
11	11	2
41	45	1
89	89	3
58	67	1
1	39	1
117	120	1
57	85	1
40	42	1
13	15	1
0	1	1
120	121	1
20	50	1
106	108	1
51	57	1
79	81	1
13	30	1
4	5	1
85	97	1
1	7	1
58	76	1
44	71	1
8	10	1
42	54	1
