69	86	1
57	57	2
117	117	6
34	43	1
65	68	2
26	26	6
116	127	1
60	67	3
78	106	1
81	86	1
133	133	3
9	10	2
32	95	2
100	100	2
19	21	1
16	17	1
135	135	3
78	78	1
61	69	3
87	91	3
98	98	7
103	103	8
126	127	3
22	22	5
91	92	3
4	4	4
16	16	3
85	85	4
54	59	1
53	54	3
19	22	1
28	29	2
44	44	4
93	93	2
13	14	1
59	60	3
91	91	1
88	90	1
44	45	1
50	50	6
106	106	4
101	101	3
69	78	1
81	97	1
85	108	2
55	57	2
71	72	5
89	89	4
23	24	1
55	83	1
120	124	1
56	57	4
43	95	2
79	79	5
21	22	1
117	118	2
131	131	2
132	132	1
93	94	2
122	122	5
60	106	1
83	118	1
98	101	1
25	25	2
12	12	2
3	4	2
86	86	3
11	18	2
106	111	1
97	131	3
120	120	3
32	35	2
63	63	5
8	17	1
1	1	5
69	70	3
21	21	2
108	113	2
68	68	2
95	95	4
102	103	2
98	114	1
52	52	3
22	23	1
86	94	1
102	102	3
47	53	1
88	88	2
123	124	2
69	69	2
100	101	4
92	92	4
9	9	3
90	90	2
108	109	1
110	110	5
89	93	4
96	96	5
128	134	1
131	133	1
60	60	2
84	92	1
64	64	2
70	77	1
47	47	1
134	135	1
106	107	1
29	29	2
71	71	4
7	7	5
114	115	1
99	99	5
3	3	3
79	80	3
83	84	5
83	83	6
63	64	3
81	94	2
34	34	2
84	86	1
15	15	2
28	28	4
134	134	2
59	59	5
58	58	6
69	106	1
54	57	1
127	127	7
27	27	2
111	111	5
24	25	1
120	121	4
127	128	5
66	66	2
108	114	2
73	73	4
49	50	2
74	91	2
13	13	5
116	116	4
6	7	4
59	61	4
115	115	2
131	132	6
54	55	1
80	120	1
126	128	1
112	112	2
64	67	2
92	95	2
11	11	5
130	132	3
28	45	1
105	107	1
38	61	2
5	5	4
30	31	1
36	36	3
37	37	2
55	55	2
74	75	1
121	121	8
12	13	1
113	115	1
16	18	2
74	74	5
106	108	1
38	77	1
109	118	2
2	2	1
29	30	1
19	26	2
123	123	2
111	116	1
77	77	5
104	105	3
119	120	1
97	97	1
28	31	2
13	20	2
10	11	2
119	119	3
60	70	3
104	116	1
72	74	1
16	27	1
14	24	1
34	35	2
56	74	2
23	38	1
59	84	1
55	56	2
84	87	2
96	97	3
95	96	4
56	56	2
24	24	1
70	71	1
65	66	1
63	94	3
126	126	1
5	12	2
125	135	2
0	1	1
90	91	1
49	49	3
8	9	1
130	131	3
6	6	3
32	32	2
95	123	1
75	76	2
107	107	1
79	97	1
62	67	1
81	82	2
94	95	1
104	104	2
54	54	3
62	63	1
62	66	1
59	75	1
116	117	2
84	84	1
114	114	1
96	117	1
67	68	2
68	69	2
49	52	2
107	108	1
130	130	1
107	110	1
64	65	1
129	129	5
42	43	2
7	8	3
58	64	1
70	70	4
0	2	1
65	65	4
19	19	3
76	100	1
70	76	1
8	38	2
61	61	1
128	128	1
101	102	3
101	120	3
63	89	2
53	53	3
52	85	1
35	35	2
109	110	2
53	66	1
105	106	1
118	118	1
20	21	1
82	84	2
7	19	1
76	76	2
57	59	1
62	90	1
30	30	2
75	75	2
32	71	1
84	85	4
58	59	1
77	86	2
55	59	1
76	131	2
52	58	1
69	73	1
97	98	1
99	120	1
18	22	1
88	118	1
61	74	1
108	108	1
103	104	2
33	33	1
43	43	1
82	82	1
60	61	1
95	102	1
77	125	1
27	28	1
48	48	2
72	73	1
112	113	1
84	110	1
119	122	1
8	8	1
113	113	1
46	46	1
82	83	1
68	70	1
79	81	1
25	26	1
2	5	1
103	120	1
94	101	1
66	67	1
122	123	1
9	24	2
97	120	1
16	19	1
89	90	1
8	29	1
