66	66	3
62	62	1
26	26	3
67	67	3
59	59	3
38	38	4
49	49	4
10	11	1
32	32	2
13	13	1
13	14	1
11	11	1
39	40	3
9	10	2
35	35	6
48	48	2
68	68	4
36	36	1
27	27	2
5	12	1
68	70	2
11	13	2
55	55	3
54	54	5
67	69	2
47	47	1
63	64	4
4	4	3
26	30	1
62	64	1
56	56	2
20	20	1
16	16	2
73	73	1
45	45	1
46	46	1
7	7	2
72	72	1
42	42	2
38	39	1
0	0	1
31	32	2
41	72	1
80	80	1
52	52	2
36	79	1
53	53	1
12	12	1
78	78	2
34	34	1
50	50	3
65	65	3
79	79	1
70	70	1
66	68	2
50	59	1
76	76	1
74	76	1
67	68	1
38	46	1
48	49	1
9	9	1
5	5	1
30	30	1
2	72	1
14	14	1
18	18	1
37	39	1
77	77	1
20	21	1
12	14	3
46	47	2
34	35	1
49	58	1
15	67	1
37	37	1
69	69	1
41	76	1
55	56	1
