176	176	2
62	62	4
24	24	2
81	84	1
52	52	4
142	143	1
77	78	1
55	61	2
235	235	4
139	141	3
206	206	3
201	217	2
226	228	1
128	175	1
173	173	5
212	212	3
15	16	3
184	184	2
242	242	1
30	31	1
59	59	4
160	161	1
21	21	3
7	8	1
81	81	1
100	101	1
211	211	8
101	103	1
184	185	4
152	165	2
150	151	2
68	68	2
21	22	2
150	235	1
28	29	1
65	67	2
39	61	1
159	163	1
6	7	1
45	46	3
177	177	1
64	64	5
101	131	1
48	108	1
141	156	2
35	65	2
181	181	6
37	37	2
104	105	1
182	183	1
140	141	3
48	48	6
194	211	2
103	103	7
105	105	3
73	74	2
88	88	2
179	183	5
210	210	2
164	173	1
229	230	2
59	60	2
20	21	1
77	79	1
107	108	2
238	238	3
97	98	2
170	171	2
9	9	3
211	212	3
72	72	2
168	168	1
74	74	6
205	205	2
105	106	3
179	179	3
103	104	3
155	216	3
65	69	1
234	235	4
79	82	1
202	202	6
14	22	1
33	60	1
165	170	1
212	213	3
69	149	1
188	190	1
141	142	3
83	84	3
117	118	2
156	213	1
213	215	3
229	229	3
167	167	1
225	227	1
190	190	2
185	185	3
86	86	1
177	178	5
144	193	2
135	197	2
46	109	1
166	166	1
198	214	1
11	11	2
218	218	1
221	222	1
198	199	1
122	122	2
3	3	1
18	18	3
46	46	2
29	29	5
25	25	3
77	77	3
116	124	1
76	189	2
224	225	2
154	154	2
162	186	4
70	71	1
34	35	1
49	50	1
41	41	3
178	178	1
201	201	4
146	156	1
0	0	1
209	209	1
11	19	1
65	65	1
8	8	3
119	119	1
50	50	2
42	84	2
67	67	2
68	85	1
63	63	2
170	170	2
96	96	1
151	203	2
50	51	1
212	215	1
133	133	2
169	170	2
143	144	1
147	147	1
203	203	1
156	165	1
142	179	3
65	66	2
115	115	5
99	133	1
171	171	3
137	207	1
157	158	1
109	109	2
209	230	1
80	80	2
228	228	1
40	42	2
124	124	1
233	233	1
154	182	1
136	136	1
188	188	2
203	204	2
9	41	1
158	194	1
53	53	2
17	17	2
36	36	1
104	106	2
75	88	1
75	76	2
54	224	1
139	139	3
144	157	1
119	170	1
12	14	1
236	236	4
50	59	3
19	19	1
101	117	1
2	3	1
100	100	1
37	44	1
123	123	1
156	198	1
41	51	2
237	237	2
199	199	2
76	76	1
66	66	1
20	25	1
48	56	1
230	231	3
37	64	1
216	216	1
135	146	1
222	222	2
84	84	1
206	207	1
16	16	1
117	117	1
192	194	1
192	192	2
224	224	1
208	211	2
136	139	1
159	162	1
187	187	1
186	193	1
168	169	1
14	15	2
223	223	2
204	204	1
159	196	1
19	40	3
52	53	1
58	60	3
195	195	1
80	81	2
66	100	1
114	114	2
58	58	1
55	55	3
104	108	3
2	6	1
28	28	2
211	227	1
199	200	3
140	143	1
54	54	2
120	120	2
176	184	2
128	164	1
110	201	1
169	169	2
217	219	1
28	30	1
174	174	2
188	221	2
208	230	1
152	153	1
172	172	1
8	17	2
165	165	2
114	122	1
71	72	2
12	12	1
20	20	1
51	54	1
182	190	1
42	42	2
153	164	2
113	122	1
221	221	2
146	147	1
220	220	2
175	196	1
27	28	1
78	79	1
65	68	1
46	84	1
190	191	1
51	51	2
32	32	1
85	87	1
101	101	1
162	162	1
144	145	1
6	9	1
239	239	1
71	71	1
24	42	1
158	158	1
174	175	1
33	59	1
219	228	1
16	142	1
55	219	3
47	47	1
2	42	1
214	216	1
10	11	1
160	160	2
125	125	1
79	184	1
213	213	2
102	120	1
17	164	1
178	179	1
187	188	1
47	48	1
99	99	1
110	110	1
147	148	1
22	23	1
182	182	1
220	222	1
118	118	1
56	58	1
120	121	1
123	124	1
183	190	2
153	154	1
9	40	1
53	54	1
183	188	1
44	44	1
42	43	1
74	75	1
70	70	1
37	61	2
1	1	1
6	20	1
16	17	1
37	55	1
47	205	1
96	97	1
16	31	1
58	74	1
56	56	1
61	61	1
33	33	1
16	52	1
12	13	1
148	150	1
156	157	1
12	29	1
204	206	1
50	54	1
236	238	1
1	2	1
201	202	1
40	40	1
178	181	1
27	27	1
197	198	3
217	218	1
31	31	1
207	214	1
163	163	1
61	63	1
200	200	1
142	142	1
39	39	1
40	116	1
