18	19	1
12	12	1
44	45	2
45	47	3
56	57	1
30	30	2
18	20	1
49	49	3
51	51	4
31	31	2
25	25	2
22	22	1
30	34	1
17	17	2
6	7	1
50	50	4
41	41	2
46	46	2
37	39	2
59	59	2
40	40	6
47	49	1
44	44	5
38	39	2
62	62	3
23	23	3
35	54	1
60	60	1
7	7	3
17	19	2
12	13	3
1	1	1
35	35	4
16	17	2
46	47	3
45	45	4
1	30	3
30	31	1
53	54	1
48	48	7
24	24	1
57	59	2
52	52	4
30	40	2
9	10	1
6	9	1
40	41	2
5	5	2
13	13	2
32	33	1
57	57	2
54	55	3
13	15	3
53	55	1
42	42	3
7	10	1
14	15	1
32	32	1
55	55	1
39	39	2
32	45	1
11	12	1
12	17	1
31	32	1
37	37	1
1	4	1
9	9	3
33	33	3
56	58	3
15	15	2
4	5	1
44	54	1
1	3	1
29	60	1
57	58	2
43	44	1
54	54	4
5	6	1
0	1	1
20	20	1
51	53	1
14	14	2
42	44	2
0	0	1
8	8	1
51	54	2
47	60	1
38	40	1
5	8	1
38	54	2
45	46	1
39	42	1
34	48	1
15	16	1
8	9	1
40	42	1
21	21	1
61	61	1
20	21	2
14	16	1
35	36	1
21	22	1
53	53	1
55	57	1
