154	154	3
126	126	1
45	68	1
74	75	1
136	136	2
156	157	6
155	155	2
84	84	1
164	164	2
120	120	1
91	128	1
9	59	2
106	106	2
57	68	1
88	89	2
66	66	4
140	140	3
21	21	5
140	141	2
63	63	4
46	46	1
96	96	4
32	32	1
132	132	1
187	187	2
99	107	1
53	53	2
92	94	1
2	66	2
138	141	2
8	8	1
146	147	1
72	73	2
176	177	4
181	182	2
106	107	1
171	171	1
38	42	1
90	94	1
80	83	2
138	142	2
106	125	1
189	189	1
28	29	1
25	25	1
159	159	2
32	33	2
162	178	1
163	163	1
155	161	1
109	109	4
180	180	4
13	97	3
115	116	1
27	27	1
121	121	2
174	174	1
148	148	1
134	164	1
157	157	2
179	179	3
16	16	2
131	132	3
163	165	2
129	130	1
180	181	1
134	135	1
71	71	1
45	45	1
172	173	1
5	13	1
179	180	1
35	84	1
122	122	1
109	117	1
185	185	1
108	115	2
15	15	2
135	158	1
24	24	1
83	83	3
61	61	1
152	152	1
152	153	1
136	147	2
103	104	1
58	64	1
13	13	1
0	0	1
112	113	1
141	142	2
33	33	4
11	21	1
78	81	1
36	37	1
131	131	2
130	130	1
101	112	2
90	90	1
27	72	1
156	156	3
6	13	1
120	121	6
125	141	2
115	115	2
178	182	1
190	190	2
61	63	2
100	100	1
93	93	2
122	169	2
107	108	1
85	85	1
124	180	1
45	47	2
160	180	2
146	146	2
132	133	2
183	184	2
91	91	2
47	56	2
105	105	2
67	67	1
141	141	2
23	23	1
80	81	1
70	81	2
176	176	1
18	19	2
168	169	1
70	74	1
69	71	1
108	118	1
135	138	1
162	189	1
79	79	1
42	43	1
184	184	3
100	107	1
12	20	1
166	181	1
12	92	2
98	98	1
55	62	1
134	137	2
91	127	1
161	161	1
119	119	1
12	12	1
182	182	1
73	73	1
10	16	2
16	57	1
138	172	2
89	90	2
127	127	1
52	55	1
55	55	1
25	29	2
152	154	1
136	168	1
31	32	1
125	125	3
135	135	1
177	178	1
138	139	1
158	158	1
173	189	1
166	166	1
86	99	1
61	64	1
162	163	1
48	54	1
13	22	1
64	64	1
116	117	1
148	150	1
186	189	1
84	85	1
7	37	1
157	158	1
78	79	1
155	156	1
43	43	2
119	121	1
81	81	2
186	187	1
102	108	1
88	90	1
42	42	1
76	76	1
177	177	1
166	174	1
12	13	1
107	107	2
48	49	1
85	86	1
113	117	2
139	139	1
169	172	1
5	5	1
186	186	1
134	134	3
118	118	1
48	56	1
109	120	1
136	143	1
169	169	1
164	168	1
161	162	1
101	102	1
48	48	1
173	173	1
149	149	1
107	125	1
28	28	1
53	55	1
55	56	1
42	45	1
101	101	1
151	151	1
39	39	1
116	116	1
22	72	1
78	78	1
147	148	1
107	118	1
80	80	1
