6	6	2
109	111	1
90	91	1
55	57	3
70	70	2
105	105	6
88	88	4
74	75	1
87	88	3
102	102	1
63	64	4
71	73	2
99	99	2
19	20	2
112	112	3
119	120	2
73	73	8
49	49	2
60	77	1
72	78	3
19	19	3
84	84	3
120	120	3
59	62	1
83	83	3
90	90	5
117	118	1
89	90	2
61	61	2
3	3	1
74	74	8
1	1	4
49	50	1
76	76	5
67	67	4
100	101	3
50	50	6
105	112	1
116	116	7
82	84	3
124	124	2
62	62	4
122	122	2
24	24	2
62	65	1
23	23	6
116	117	2
15	15	2
101	101	5
106	106	2
45	99	1
104	105	1
33	33	4
63	63	3
78	79	2
105	113	1
16	16	3
56	58	2
75	75	1
98	98	5
86	86	1
45	45	2
43	43	1
80	80	3
104	104	2
15	16	2
68	68	1
113	113	4
95	95	4
57	58	1
83	111	1
82	113	1
58	59	1
108	120	1
7	7	4
49	107	1
127	127	4
52	80	3
110	110	2
20	21	1
86	87	3
129	129	4
73	77	1
73	78	5
103	103	4
70	73	1
110	111	3
125	125	3
34	34	2
112	113	1
37	37	1
6	7	2
2	5	1
54	54	2
11	14	1
105	114	1
34	35	2
70	71	1
9	10	1
9	9	1
87	117	2
4	45	1
31	45	1
59	59	3
84	85	5
35	35	1
105	106	3
91	92	3
113	115	1
93	105	2
30	32	1
121	121	1
118	119	5
57	79	2
94	95	2
60	60	2
82	87	1
115	115	1
50	105	1
55	56	1
94	124	1
126	126	2
8	36	1
118	120	2
43	81	1
5	5	2
2	2	3
2	3	1
82	82	1
63	102	1
44	45	1
87	87	2
83	84	5
71	71	2
26	26	3
18	19	2
72	74	1
22	22	1
111	111	3
127	128	2
84	87	1
85	86	2
21	21	1
94	94	2
127	129	1
32	32	2
69	70	1
95	123	1
107	111	1
114	115	1
98	99	1
130	130	1
89	89	2
117	117	2
123	125	1
119	119	1
20	20	1
101	102	1
62	63	2
95	107	1
57	59	1
83	87	1
64	65	1
86	114	1
24	30	1
25	25	2
11	11	1
15	18	2
13	13	1
72	96	1
69	69	2
132	132	1
118	118	2
66	66	2
117	122	1
123	123	1
18	21	1
134	134	1
83	85	1
65	65	1
72	73	2
52	53	1
29	29	1
8	8	1
59	92	1
56	56	1
53	53	2
91	91	1
28	28	1
92	92	1
82	83	1
85	114	1
103	104	2
25	26	1
4	12	1
3	5	1
81	82	1
60	92	1
108	109	1
122	123	1
95	106	1
80	81	1
65	66	1
27	28	1
51	53	1
77	77	1
88	90	1
85	85	1
13	14	1
129	131	1
82	85	1
107	107	1
