20	20	4
22	23	1
42	42	2
21	21	5
41	41	3
63	63	2
2	2	1
12	12	1
20	70	1
34	36	2
25	26	1
56	71	1
37	60	1
75	75	1
55	56	2
57	58	3
62	63	2
41	67	1
40	58	1
36	37	2
3	6	1
22	24	2
72	72	4
34	34	4
63	67	2
6	6	8
43	66	1
18	18	2
13	13	3
34	77	1
8	8	1
63	73	2
59	59	3
27	27	3
10	11	3
21	26	1
57	57	3
72	73	2
7	7	1
70	70	5
2	29	3
25	25	4
49	49	1
51	51	3
47	47	1
65	66	1
4	4	5
30	37	1
53	53	4
52	76	1
24	25	1
19	20	3
23	23	2
25	28	2
53	58	1
68	68	1
35	36	5
1	1	1
48	48	1
62	64	2
63	68	1
22	22	1
37	41	2
12	14	2
32	32	1
69	70	2
42	60	1
2	30	1
44	47	2
26	28	1
32	33	1
4	23	2
22	28	2
22	33	1
45	45	3
43	44	2
37	39	2
24	28	1
21	22	1
2	11	1
39	44	1
3	12	1
77	77	2
60	60	1
60	77	1
20	21	2
56	57	1
68	69	1
7	8	2
19	75	1
42	74	3
61	67	2
52	52	1
48	70	1
66	68	1
51	70	2
39	54	1
30	31	2
39	74	2
50	52	1
73	73	1
28	29	1
35	38	1
51	52	1
30	33	1
49	66	1
43	43	1
41	51	1
21	74	1
64	66	1
5	6	1
48	65	1
62	62	1
38	38	1
40	40	1
50	50	1
26	26	1
59	60	1
33	33	1
9	30	1
57	72	1
54	55	1
24	29	1
58	72	1
62	72	1
44	44	1
40	41	1
52	53	1
63	64	1
3	55	1
74	75	1
31	31	1
38	39	1
43	72	1
76	76	1
0	0	1
