25	25	8
27	28	4
117	118	1
165	165	3
177	177	2
45	45	2
169	170	1
87	87	3
13	26	2
133	163	1
38	84	1
165	166	5
28	41	2
63	101	1
66	66	2
127	148	1
23	26	2
22	22	2
5	5	4
25	26	7
18	67	1
40	40	3
37	53	1
121	167	3
42	42	12
62	62	3
15	15	8
28	29	2
171	172	1
160	162	5
174	175	2
151	152	3
137	137	3
71	71	6
161	169	1
30	30	13
150	171	1
26	26	1
20	56	1
44	44	4
4	4	5
23	24	4
85	85	4
132	132	2
142	142	3
145	147	4
130	147	2
108	109	1
146	146	3
3	3	7
35	35	6
60	80	1
148	149	2
33	33	6
143	143	2
178	178	1
68	68	2
43	44	3
78	79	1
126	145	2
126	126	1
61	61	2
83	85	1
86	86	2
64	64	2
16	16	5
156	156	2
20	20	3
84	85	2
65	66	3
26	43	2
134	136	1
163	173	2
90	90	2
39	39	6
10	10	2
32	32	4
11	11	3
111	148	1
82	82	5
166	166	1
134	139	2
119	120	3
4	15	2
72	72	2
24	24	6
52	54	1
97	98	4
18	18	5
9	9	2
157	161	2
121	121	2
101	134	2
33	35	3
3	4	4
66	98	3
124	145	1
7	11	3
57	57	2
34	37	1
4	6	3
52	95	3
161	161	3
161	163	5
26	27	1
161	170	1
75	75	6
108	108	1
14	25	1
138	180	1
11	31	1
84	86	1
90	94	2
155	156	4
135	135	2
21	44	1
64	65	1
10	15	1
74	74	5
126	127	2
8	8	7
25	27	1
41	41	7
12	18	2
80	80	3
29	29	1
144	145	2
1	1	1
167	167	1
154	154	2
36	36	4
138	139	1
78	78	4
167	168	1
32	37	2
67	67	1
5	6	2
157	177	1
100	100	2
168	170	1
50	50	4
34	43	1
114	115	1
2	9	1
110	110	1
27	76	3
131	149	1
28	44	3
168	169	1
127	136	1
10	40	3
10	13	2
102	106	1
28	59	2
28	28	6
12	12	6
59	59	3
2	4	1
168	168	4
139	139	3
30	31	3
89	109	1
125	125	2
88	89	2
12	59	1
38	55	3
36	41	1
115	116	1
15	26	1
7	7	3
155	155	2
103	105	2
32	33	3
106	107	1
163	163	1
97	97	4
149	151	1
52	53	5
25	88	2
51	51	4
55	55	2
98	100	1
134	172	2
7	25	2
114	114	5
9	10	1
13	13	5
79	79	1
65	89	1
109	112	2
121	171	1
24	29	1
23	23	7
163	167	3
117	117	1
171	178	1
38	38	1
17	17	1
21	21	2
29	54	2
99	101	1
153	153	2
116	123	2
119	119	1
127	127	4
12	41	2
19	20	2
108	131	2
102	108	1
145	145	3
112	112	2
101	101	1
130	159	3
134	151	2
165	167	1
15	25	2
95	96	1
27	37	1
62	68	1
43	43	3
36	79	1
123	123	3
92	92	1
110	112	1
124	124	1
121	122	1
17	71	2
32	41	2
60	64	1
16	18	1
33	43	2
41	43	1
86	88	1
31	37	1
101	102	1
95	95	1
6	8	1
14	14	5
135	143	2
14	76	1
162	162	3
153	155	1
35	36	2
22	28	1
103	103	2
107	107	4
138	146	1
28	31	1
179	179	1
159	162	2
2	3	2
11	12	4
88	103	1
37	38	1
2	2	4
12	16	1
145	148	1
109	110	1
31	31	1
126	139	1
9	15	2
88	88	2
37	42	1
105	105	1
26	88	1
68	72	1
138	138	1
128	128	2
168	178	2
8	27	1
90	95	1
20	60	1
57	80	1
19	19	2
54	85	1
86	96	1
60	66	1
55	140	3
7	8	1
53	53	1
114	151	1
18	19	1
18	26	2
140	140	3
75	76	1
97	103	1
120	120	2
29	93	1
37	73	2
10	41	1
168	174	1
169	169	1
82	83	1
114	124	1
58	60	1
27	77	1
76	90	1
63	63	2
9	31	2
180	180	1
76	76	2
35	43	1
24	26	1
9	20	1
100	108	1
51	103	1
113	113	1
10	11	2
24	25	1
89	89	2
52	52	1
77	78	1
13	21	2
130	157	2
89	90	1
115	115	1
7	20	1
34	35	1
16	22	1
122	122	1
166	168	1
106	119	1
61	62	1
12	13	1
8	9	1
151	151	2
36	37	1
96	96	1
27	27	1
65	139	1
106	106	1
162	169	1
131	132	1
31	32	1
113	114	1
83	83	1
171	171	1
2	13	2
150	150	2
117	154	1
152	152	1
73	73	2
0	0	1
56	56	1
40	41	1
116	116	1
112	115	1
86	91	1
15	20	1
54	78	1
85	102	1
77	77	1
114	128	1
93	93	2
71	72	1
30	41	1
44	45	1
122	124	1
15	16	1
93	172	1
157	157	1
166	167	1
55	56	1
6	10	1
