31	62	1
47	48	4
35	35	2
15	15	2
46	46	5
48	48	3
57	57	3
51	52	1
29	46	1
56	57	2
11	45	2
34	34	6
8	14	3
10	12	3
32	32	3
5	15	1
41	57	1
45	49	2
47	47	4
10	10	5
7	8	1
9	13	1
2	3	2
11	12	1
31	31	5
42	44	1
62	62	3
49	49	5
41	41	1
3	3	1
56	58	1
47	49	3
36	40	2
42	43	1
45	45	3
0	0	1
55	55	2
43	43	1
39	39	2
49	52	1
14	14	1
15	16	2
1	1	1
18	39	2
50	52	2
5	5	3
40	44	1
54	54	1
33	49	1
53	53	3
19	21	1
48	49	1
51	59	1
36	41	1
33	33	1
38	38	2
1	48	1
44	44	3
33	34	2
50	51	3
19	37	2
36	36	1
47	60	1
11	11	1
49	50	2
53	58	1
33	36	1
22	22	1
18	43	1
30	30	1
61	61	1
6	7	1
19	19	1
58	58	1
20	20	1
5	14	1
39	60	1
42	42	1
41	54	1
51	51	1
35	36	1
2	2	1
60	60	1
