6	6	3
7	7	3
83	85	1
134	135	2
129	130	3
74	74	1
105	107	1
124	124	7
107	107	4
5	5	1
12	12	2
109	111	1
126	126	3
33	33	7
4	5	3
129	129	5
13	18	1
29	29	3
17	32	1
131	131	3
0	1	1
37	37	3
23	25	1
3	3	1
130	139	1
2	2	3
27	28	1
85	120	1
137	137	3
6	7	1
114	114	5
32	32	4
127	128	2
99	99	1
96	96	1
19	19	1
122	123	2
127	127	1
135	135	2
13	13	3
114	115	4
4	25	1
21	30	1
138	138	1
94	95	2
132	132	2
122	122	2
127	134	2
98	127	1
19	20	2
23	24	2
125	136	1
138	140	1
108	108	1
31	31	1
79	79	2
98	99	2
136	137	1
117	124	3
81	81	1
129	134	2
104	104	2
27	27	2
72	100	1
123	123	4
118	120	2
113	113	2
112	112	4
102	102	1
72	72	1
100	100	2
5	27	1
12	21	1
128	128	2
120	120	2
36	36	2
10	10	1
140	140	4
107	108	3
80	81	1
22	22	4
91	91	1
97	97	1
21	22	1
18	18	3
85	86	1
28	29	3
7	15	1
104	107	2
11	12	1
74	79	1
101	103	1
125	125	1
121	122	1
21	21	2
111	111	2
111	112	2
98	98	1
102	106	2
76	76	2
86	86	2
16	17	2
88	88	1
95	95	1
104	105	1
15	15	1
106	106	2
89	89	1
6	17	1
140	141	1
81	83	1
103	103	1
34	34	1
116	116	1
93	93	2
139	139	1
78	79	1
94	94	1
24	24	2
37	38	1
133	133	1
75	76	2
71	71	1
5	15	1
117	117	1
29	66	1
3	33	1
131	132	2
101	101	1
102	103	1
74	75	1
75	77	1
81	118	1
130	130	1
26	26	1
90	91	1
22	27	1
123	125	1
128	129	1
1	4	2
103	113	1
7	11	1
28	28	1
82	84	1
93	119	1
4	4	1
126	131	1
72	73	1
0	0	1
95	123	1
137	138	1
19	21	1
136	136	1
115	115	1
118	118	1
113	114	1
137	139	1
