79	79	1
58	60	1
107	108	2
95	96	2
57	59	1
63	65	2
44	44	4
65	70	2
109	110	1
21	21	2
45	45	2
97	98	1
38	38	1
27	27	1
94	94	1
51	52	1
73	73	5
107	107	3
59	59	2
88	88	3
54	54	1
36	36	2
62	67	1
110	110	5
99	100	1
83	84	1
39	62	1
74	75	4
85	86	1
85	87	1
92	93	4
46	46	1
21	23	2
30	100	1
72	84	1
101	101	3
65	69	1
30	33	1
28	28	2
52	76	1
71	86	1
51	51	2
81	106	1
66	102	1
32	35	1
74	77	2
42	42	2
75	78	2
70	72	1
80	80	2
61	61	3
36	57	1
98	99	1
84	92	1
84	84	1
20	42	2
111	112	1
62	62	2
53	53	1
49	49	4
41	43	1
95	95	1
66	93	2
79	80	2
88	90	2
38	39	3
59	60	2
97	97	1
109	109	1
53	57	1
47	47	2
52	52	2
65	77	1
102	103	1
66	92	1
100	101	2
22	25	1
24	24	1
39	61	3
106	106	4
103	108	1
22	112	1
106	108	2
98	98	1
65	71	1
90	90	1
65	66	1
26	26	1
41	41	3
41	92	1
73	76	1
30	99	1
42	43	2
56	57	1
61	62	3
35	35	1
57	57	2
75	88	1
102	106	2
76	77	1
100	100	1
104	106	1
63	76	1
70	71	1
23	26	2
82	82	1
103	106	1
66	66	1
99	99	2
96	96	1
29	100	1
72	74	1
94	95	1
70	70	1
113	113	2
76	76	1
67	67	1
27	28	2
31	31	1
80	107	1
79	82	1
44	84	1
25	26	1
22	22	2
87	87	1
105	105	1
29	29	2
32	34	1
23	113	1
36	58	2
69	69	1
37	79	1
50	50	1
75	75	1
63	64	1
48	48	1
47	48	1
43	43	1
89	91	1
26	112	1
