127	127	3
54	66	2
2	2	4
159	173	1
168	168	4
8	8	1
15	156	1
23	23	3
106	109	1
103	109	1
25	162	1
108	108	3
162	162	3
76	76	2
180	180	1
16	17	2
34	37	2
25	28	1
24	42	1
5	6	2
138	138	4
79	86	2
8	13	2
24	24	4
59	138	2
75	76	3
177	177	4
88	90	2
133	145	1
152	152	1
22	22	2
43	44	3
10	10	2
23	27	1
117	118	1
174	174	1
0	0	4
11	12	2
14	24	2
78	78	4
36	38	2
9	10	2
143	143	1
121	122	3
123	173	2
136	137	2
29	36	3
17	21	3
14	172	1
41	41	3
100	100	3
6	6	2
2	11	2
102	120	1
94	94	4
10	12	1
6	167	1
12	12	2
170	170	1
118	118	7
115	116	2
35	35	4
114	115	1
33	41	2
72	79	1
16	16	5
129	165	1
10	11	2
74	74	4
149	149	2
1	6	1
42	42	3
37	42	2
24	45	2
132	171	2
4	43	1
36	45	1
43	43	2
3	4	3
73	73	4
171	171	2
113	161	1
0	1	1
17	18	1
31	39	1
53	78	2
84	84	1
35	36	2
20	20	3
1	3	1
124	124	1
110	142	2
15	170	1
15	15	3
43	137	2
5	15	1
72	88	1
54	54	2
7	8	2
143	163	2
109	109	2
166	167	1
5	16	1
102	102	2
137	138	1
63	66	1
160	174	2
39	129	2
125	126	2
6	8	2
61	61	1
111	121	1
12	24	2
77	77	1
12	13	2
175	177	1
31	31	1
176	178	1
59	68	1
132	132	1
96	98	2
63	63	1
11	11	5
173	173	2
65	144	1
138	139	1
3	5	1
52	52	1
154	154	1
7	7	2
29	169	1
16	21	1
123	124	3
71	76	1
7	41	1
127	154	1
40	40	2
57	57	1
112	112	3
6	24	2
103	104	3
98	99	2
2	5	2
28	43	2
28	28	3
18	20	2
159	159	2
150	150	1
144	145	2
37	38	2
72	72	1
17	37	1
17	17	1
145	146	3
61	98	1
162	166	1
115	119	1
144	151	1
10	19	2
147	169	1
24	25	1
21	21	3
157	176	1
18	18	5
45	45	4
64	64	1
130	130	3
98	101	1
140	140	2
19	19	4
37	37	1
131	131	2
9	11	1
148	148	2
163	164	1
79	121	1
141	142	1
40	41	1
160	160	1
111	111	2
97	98	1
32	33	3
107	109	3
163	163	2
16	18	3
39	39	2
9	9	2
39	40	2
99	112	2
122	122	2
168	169	1
33	33	3
92	93	1
96	96	1
19	31	1
62	62	1
123	123	2
1	2	2
113	113	3
30	30	6
179	179	1
72	94	1
29	29	2
113	114	2
52	138	2
108	109	1
80	80	2
34	34	2
38	39	1
139	159	1
38	41	1
32	32	1
115	115	2
134	143	1
127	128	1
89	94	2
27	171	2
108	111	1
10	18	1
12	14	1
161	171	1
141	141	2
102	103	1
91	92	1
72	73	1
105	105	1
22	41	1
21	23	1
152	154	1
4	4	1
120	120	2
92	92	2
30	39	1
62	64	1
2	40	1
27	27	4
167	167	2
76	81	1
10	41	2
129	130	1
50	62	2
16	31	2
153	153	2
144	161	2
73	74	1
68	68	1
8	9	5
5	41	1
21	29	1
88	88	1
7	35	1
82	82	3
27	28	3
10	17	1
95	95	3
19	40	1
85	86	1
23	24	3
128	128	2
31	43	1
129	131	1
136	136	1
8	42	2
13	14	1
91	94	1
126	128	1
135	135	2
178	178	1
26	28	1
22	23	2
36	44	2
43	45	1
133	133	2
127	151	1
60	60	3
2	46	1
90	90	2
59	59	1
22	24	2
71	86	1
58	58	1
41	42	1
36	41	1
2	4	3
59	65	1
44	45	1
112	114	1
5	30	2
89	102	1
98	128	1
92	154	3
159	160	1
10	23	1
50	51	1
12	45	2
31	33	1
14	32	1
3	3	2
168	175	1
16	36	1
2	34	1
97	97	1
134	135	1
57	63	1
13	24	1
20	23	2
19	179	1
154	156	2
161	161	2
14	16	1
5	5	2
94	95	1
25	26	1
13	36	1
3	45	1
101	116	1
132	133	2
21	22	2
164	168	1
156	156	2
31	32	1
30	31	1
58	90	1
142	167	1
154	155	2
11	16	1
81	87	1
172	172	3
11	33	2
134	134	1
6	132	1
103	171	1
104	104	1
3	16	1
176	176	1
7	9	1
85	94	1
81	81	1
155	157	1
155	156	1
133	170	1
162	178	1
139	139	1
150	153	1
119	119	2
100	111	1
4	5	1
129	146	2
79	79	1
108	110	1
14	22	1
77	138	1
79	108	1
56	56	1
29	33	1
7	20	1
33	42	2
6	149	1
150	151	1
5	168	1
36	37	1
169	170	1
72	84	1
142	142	1
140	143	1
30	38	1
167	168	1
53	53	1
121	164	1
16	19	1
113	140	1
140	160	1
2	13	1
90	93	1
125	173	1
151	151	1
95	97	1
8	11	1
59	142	1
58	60	2
169	171	1
125	166	1
177	179	1
8	37	1
101	109	1
74	139	1
6	10	1
9	37	1
87	87	1
164	164	1
75	75	1
15	24	1
36	36	1
