42	47	1
153	154	4
135	135	1
75	76	2
87	187	1
181	182	1
121	121	1
31	117	1
107	107	1
79	167	3
47	47	1
117	134	2
53	53	3
37	39	2
113	115	1
86	102	1
88	88	1
161	162	1
3	3	4
16	16	1
40	40	3
32	32	2
62	167	3
56	88	3
27	27	2
78	86	1
117	117	1
36	36	2
84	106	1
54	54	2
131	132	1
24	24	2
1	2	1
40	41	6
57	57	2
171	173	2
100	100	2
66	68	2
94	114	1
52	121	1
78	78	1
15	16	1
90	106	1
144	144	1
138	154	1
8	8	2
130	131	1
124	165	2
92	92	1
39	41	6
77	109	3
59	60	1
1	1	1
70	163	1
83	84	1
84	85	2
95	95	2
113	117	1
4	14	1
93	105	1
130	132	1
16	18	2
10	156	1
23	25	2
129	129	1
1	38	1
174	185	1
13	13	1
147	147	2
143	143	2
14	14	1
65	158	1
61	104	1
189	190	2
111	111	1
27	140	1
99	145	3
26	26	2
178	178	2
88	90	1
127	165	3
143	145	1
112	112	1
125	127	1
165	165	2
163	163	2
150	150	2
152	152	3
57	76	1
0	25	3
122	122	1
118	118	1
93	173	2
53	117	1
61	62	1
94	94	2
12	13	2
100	101	1
63	105	1
43	43	1
151	151	3
133	133	1
77	85	1
22	138	2
55	55	1
64	77	2
109	110	2
70	71	1
134	134	1
61	123	2
154	163	1
183	184	1
59	124	1
28	30	1
44	45	1
11	11	1
8	65	1
131	131	1
185	185	1
155	156	1
110	113	1
85	85	1
90	107	1
34	34	1
58	58	1
39	74	2
43	44	3
28	29	1
61	122	1
31	33	1
66	66	2
100	110	1
116	145	1
15	155	1
17	17	1
104	104	1
168	169	1
7	7	2
187	187	1
65	65	1
114	114	3
84	104	2
11	12	1
157	163	1
117	119	1
98	98	1
82	107	1
58	80	1
169	170	1
146	146	4
90	96	1
124	124	2
86	86	1
4	5	1
59	78	1
188	188	1
18	19	3
33	64	1
95	96	1
32	36	2
164	165	1
186	186	2
24	25	1
91	91	1
136	137	1
101	102	1
16	17	2
43	48	2
65	165	1
120	120	3
86	98	1
9	13	1
56	65	1
31	32	1
179	179	1
103	110	1
98	122	2
30	30	1
140	140	1
46	47	1
79	79	1
6	10	1
66	67	1
96	96	1
183	183	1
106	173	1
112	115	1
156	156	1
148	148	1
83	123	1
101	101	1
72	73	2
0	17	1
75	75	1
44	111	1
61	61	1
25	159	1
70	70	1
45	47	1
14	149	1
87	97	1
99	99	1
105	173	1
77	77	1
142	143	1
83	103	1
2	2	1
136	139	1
139	139	1
126	146	1
37	119	1
26	161	1
138	138	1
26	28	1
142	142	1
30	32	1
46	46	2
117	138	1
136	136	2
104	105	1
172	179	1
41	90	1
169	169	1
125	125	1
20	21	1
42	68	1
25	33	1
