9	9	7
228	230	1
34	35	6
227	227	3
204	205	4
188	189	3
85	85	10
237	238	2
98	98	3
184	184	6
213	216	1
69	71	2
52	53	5
21	21	2
126	126	1
219	219	2
182	189	1
170	183	1
40	67	2
223	223	5
177	177	6
198	198	2
124	126	4
17	18	2
45	45	2
169	185	1
75	79	2
170	200	1
196	196	2
52	52	6
62	81	1
220	221	2
207	208	2
84	84	3
76	77	3
27	218	1
150	151	1
203	239	1
29	61	1
82	82	8
117	118	1
7	8	4
143	143	4
211	211	6
41	41	9
6	7	1
90	96	2
165	165	2
22	22	4
37	38	2
120	120	2
138	138	2
105	154	4
2	5	1
209	226	1
47	47	5
202	232	1
5	17	2
99	104	4
100	100	1
40	40	5
206	206	7
65	67	2
17	17	6
175	175	3
115	141	1
154	154	5
134	141	1
239	239	2
205	208	2
158	162	1
36	36	5
200	200	2
20	20	6
37	40	1
238	238	3
58	58	4
216	235	2
234	234	3
73	74	2
171	210	1
101	102	2
20	40	1
163	163	1
61	74	3
64	64	4
215	215	3
209	209	3
15	16	3
124	127	1
184	227	2
147	148	3
65	65	3
84	85	3
174	174	5
88	88	4
189	189	1
23	23	1
23	54	2
59	60	6
30	67	1
4	4	5
161	161	7
151	155	1
34	34	6
194	194	2
144	146	1
79	82	2
82	83	6
0	0	3
149	149	4
214	214	3
4	7	3
159	160	3
183	217	1
26	27	2
161	173	1
124	125	2
19	20	2
81	81	4
191	191	5
148	148	1
62	239	4
209	211	1
28	28	6
9	10	1
214	215	3
232	232	6
152	161	1
136	136	9
150	152	1
189	191	1
81	82	4
72	101	1
215	216	2
51	53	3
155	156	1
69	69	7
3	3	2
168	168	4
167	168	3
33	34	4
15	30	1
140	140	5
105	105	9
61	62	2
26	26	4
25	25	2
123	123	3
42	43	1
235	235	3
192	192	3
105	118	1
46	47	1
6	6	4
193	194	4
137	137	4
76	224	2
64	65	1
183	185	1
13	164	1
199	200	4
24	24	6
146	146	4
137	139	1
33	33	4
121	122	2
48	48	1
242	242	2
210	210	4
190	190	6
67	67	4
0	19	1
24	37	1
83	84	3
180	180	3
2	2	1
155	155	3
133	133	2
37	37	2
118	119	3
61	61	10
54	131	2
69	70	2
220	220	5
57	57	6
32	32	4
48	61	1
185	185	2
10	11	2
55	55	2
210	212	1
217	225	2
113	165	1
83	98	2
69	224	2
14	14	7
86	86	4
152	153	3
169	169	2
47	48	3
59	76	1
239	240	2
191	196	1
109	109	2
120	122	2
208	208	3
88	104	1
191	211	2
117	122	2
117	126	1
64	85	1
164	195	2
127	127	1
2	3	2
186	214	2
206	207	3
160	161	1
142	142	2
66	67	2
153	153	2
199	203	2
54	55	6
43	43	8
175	176	1
15	15	6
0	1	2
30	32	2
26	136	1
76	76	3
70	73	2
171	172	1
103	103	5
151	154	1
77	102	1
77	82	1
184	191	2
77	77	3
25	26	4
48	50	4
59	59	2
71	71	4
0	26	1
107	109	2
192	206	2
114	114	3
159	190	1
46	46	7
236	236	2
60	61	1
15	36	1
62	62	4
207	207	3
151	151	3
66	68	3
192	196	2
216	227	1
50	50	1
115	115	5
39	39	10
169	220	1
143	145	2
156	156	2
159	159	5
39	40	3
165	166	1
7	19	2
58	59	2
59	82	1
187	188	2
155	168	2
121	121	1
170	170	1
148	170	1
61	155	2
16	17	1
169	170	1
13	13	1
53	67	1
171	171	3
192	193	3
11	200	1
233	233	3
128	128	2
173	173	3
38	38	4
199	199	3
27	27	2
103	171	3
226	226	2
100	101	1
235	236	1
147	147	6
74	75	3
141	146	1
143	146	2
195	195	2
18	29	1
63	63	3
127	216	1
204	233	1
179	179	3
26	77	2
116	116	2
135	157	1
60	60	7
103	104	2
166	166	2
32	221	1
221	221	2
148	160	1
88	89	1
202	203	1
181	185	1
78	81	2
1	1	1
83	105	1
118	118	4
132	134	2
63	64	3
44	45	2
148	149	1
214	220	1
235	237	1
168	169	2
54	56	1
162	165	1
58	100	1
160	202	2
24	230	1
58	61	1
181	181	2
156	171	3
18	19	5
113	113	1
26	40	1
97	97	2
137	138	3
101	109	1
1	2	1
101	101	5
68	68	6
149	151	2
144	144	4
136	138	2
15	32	1
176	176	4
12	83	1
222	229	1
194	197	3
179	200	1
18	22	1
232	233	1
124	155	2
7	12	2
18	20	1
205	207	1
14	15	4
201	201	4
20	39	2
15	33	1
119	119	4
112	113	3
27	44	1
173	175	1
44	44	3
144	145	2
104	104	2
35	35	4
164	164	3
56	57	4
200	201	1
183	206	1
11	11	4
193	193	2
74	74	2
26	191	1
129	130	1
45	110	1
183	184	1
67	68	2
99	99	2
7	7	3
61	86	1
4	31	2
187	187	2
43	74	1
57	62	1
151	157	1
230	230	3
5	5	3
16	16	2
71	72	2
102	102	2
205	230	2
125	125	4
123	124	1
30	30	4
188	188	2
241	241	2
203	204	2
44	46	2
133	134	4
162	163	3
69	75	1
29	29	3
72	76	2
62	79	1
228	228	2
80	80	3
24	25	1
107	118	1
241	242	1
212	212	3
43	137	2
78	78	2
121	123	1
217	217	2
11	46	1
188	208	1
58	86	1
56	56	4
149	150	2
49	49	2
146	165	2
107	232	3
42	200	2
45	46	4
153	234	1
131	131	2
176	200	1
63	65	1
51	83	1
102	171	1
55	63	1
105	106	3
33	35	1
156	158	1
186	189	2
139	143	1
216	216	3
59	101	1
128	213	1
76	105	1
14	21	1
99	100	1
205	206	1
67	151	1
106	106	1
115	148	1
110	113	1
12	200	1
63	228	2
151	153	2
160	160	2
195	197	1
153	155	2
89	116	2
185	186	1
30	33	2
14	47	1
3	15	1
74	101	1
28	184	1
43	86	1
110	110	1
124	124	2
172	172	1
157	158	3
66	66	2
211	224	1
31	32	1
38	46	1
182	182	3
141	143	1
158	158	2
112	112	1
21	22	3
56	61	1
42	42	1
12	12	2
28	29	1
142	234	2
64	78	2
75	76	2
130	134	1
78	79	1
11	15	2
228	229	1
202	211	1
215	217	1
194	195	1
164	175	3
171	209	1
181	183	1
140	143	2
49	50	1
134	135	1
223	225	2
53	70	1
9	231	1
56	58	1
122	125	1
31	35	1
77	79	1
168	180	2
55	61	1
64	76	1
58	234	1
31	36	2
152	152	1
81	84	1
134	134	4
213	213	2
77	78	4
206	208	2
217	218	1
108	108	1
222	223	2
54	177	1
194	208	1
141	141	2
18	21	2
18	18	1
227	228	1
83	83	1
111	111	1
13	14	1
167	167	4
75	75	3
12	33	1
212	213	1
60	69	1
51	89	1
205	218	1
201	210	1
183	189	1
157	192	1
1	8	2
135	135	2
185	203	1
221	222	2
193	196	1
51	56	2
5	113	1
79	83	1
22	23	1
209	210	1
203	203	1
7	33	1
63	78	1
188	191	1
152	156	1
167	180	2
31	31	2
145	145	2
43	44	1
184	185	3
17	20	1
121	203	2
148	150	2
177	180	1
104	105	1
32	35	1
53	53	3
187	193	1
166	167	2
231	231	2
20	24	1
42	84	1
32	37	1
133	167	1
236	237	1
45	224	1
222	222	1
5	16	1
177	182	1
38	64	1
179	181	1
211	213	1
35	36	1
102	108	1
14	17	1
171	180	1
15	25	1
182	194	1
8	21	1
10	10	2
75	80	1
20	21	1
19	22	1
204	206	1
167	171	2
77	103	1
36	53	1
210	214	1
19	30	1
6	8	1
36	43	1
76	107	1
213	214	1
122	122	3
205	217	1
211	212	2
40	42	1
62	63	1
156	157	1
178	180	1
135	147	1
205	205	1
165	182	1
4	5	1
32	50	1
213	230	1
126	127	1
6	41	1
208	217	1
129	129	1
63	224	1
107	117	1
175	186	1
171	175	1
12	13	1
136	139	1
39	41	1
11	231	1
28	230	1
163	164	1
54	54	1
114	164	3
189	212	1
17	19	1
30	31	1
230	232	1
51	52	1
140	228	1
157	237	1
138	139	1
192	194	1
143	144	1
176	177	1
72	78	1
110	137	1
57	58	1
8	49	1
204	204	1
214	225	1
32	33	1
