56	71	1
64	65	3
127	131	1
8	8	13
171	171	1
23	23	7
100	100	4
147	156	2
25	25	4
15	56	1
42	42	10
86	110	2
14	34	1
155	156	3
134	135	1
11	11	7
74	74	3
72	72	3
34	34	1
3	4	9
66	66	3
152	152	1
165	166	2
115	117	3
143	143	3
31	33	1
157	157	1
52	53	2
161	164	4
82	83	6
33	33	9
5	11	1
130	166	1
102	103	2
4	4	4
130	137	1
130	130	3
103	104	3
145	145	2
16	18	1
60	60	2
3	37	1
31	31	4
22	22	8
28	28	8
76	92	2
53	53	2
163	165	4
154	154	4
131	131	3
4	33	1
33	35	1
52	52	1
67	67	4
7	7	4
2	2	6
38	39	5
167	168	2
91	91	3
134	134	1
50	53	1
109	109	2
110	115	1
10	10	2
85	125	3
129	129	4
3	3	3
41	41	4
37	37	5
106	107	2
19	20	7
61	63	1
112	112	8
156	156	3
147	147	3
131	147	2
53	93	2
8	15	1
160	162	1
26	26	1
6	6	5
21	60	2
96	116	3
50	71	2
87	88	2
15	28	1
138	147	3
5	5	5
51	51	5
23	24	2
138	138	1
29	30	3
98	100	2
65	65	5
75	122	3
1	1	4
13	13	3
36	36	7
41	43	1
130	140	2
24	44	1
77	94	2
150	150	2
39	42	1
32	32	2
84	84	6
37	38	2
121	121	3
7	12	1
16	16	5
171	172	2
110	111	1
96	102	1
100	123	2
116	116	3
19	27	1
0	38	1
113	114	2
44	45	3
8	9	7
174	174	2
2	20	1
99	99	1
71	72	1
12	15	1
127	127	3
94	111	1
91	92	2
122	122	3
64	64	3
19	19	3
122	130	1
120	121	1
153	154	2
11	12	1
10	11	2
43	45	4
12	33	1
80	80	2
93	94	2
8	11	1
38	38	2
127	166	2
12	12	2
39	39	2
13	29	4
58	58	4
95	95	4
170	170	3
24	172	1
135	135	2
170	171	1
36	37	2
30	30	1
179	179	3
17	34	2
78	101	1
32	33	5
83	84	1
0	4	1
20	24	1
94	94	6
99	102	1
60	61	1
35	36	3
17	17	3
41	42	4
74	108	2
20	20	6
35	35	5
133	137	1
115	116	1
95	108	1
40	40	3
64	102	1
101	101	4
165	165	1
26	27	1
179	180	1
152	160	1
61	62	1
155	155	1
25	30	1
76	93	1
4	5	2
136	137	1
139	139	2
25	31	2
153	153	1
26	28	1
36	44	2
121	155	1
27	29	1
132	140	1
81	81	8
56	56	5
18	20	1
75	101	1
94	108	1
15	15	3
29	31	1
22	24	1
77	158	1
162	164	1
95	103	1
144	145	1
139	148	1
28	29	1
8	19	3
87	104	1
114	141	1
40	41	3
172	172	5
163	164	3
18	19	2
32	36	1
158	165	1
128	154	1
42	43	4
113	113	2
7	9	1
96	96	4
54	54	5
25	40	1
115	115	2
76	76	2
108	108	1
12	13	5
83	83	2
83	87	2
4	13	1
158	159	2
116	117	1
24	24	2
75	75	1
22	23	4
93	93	2
146	147	2
15	18	1
148	148	1
22	25	1
150	159	1
10	28	1
82	82	2
162	180	3
166	166	3
97	136	1
112	113	1
52	96	1
112	114	1
3	6	1
44	44	1
168	168	1
91	93	2
43	43	2
63	68	2
28	61	1
21	21	3
138	176	1
89	117	1
72	94	1
159	159	1
136	136	1
123	123	1
128	128	3
13	14	1
89	112	1
24	26	1
20	21	3
14	18	2
161	161	1
164	165	1
152	156	1
22	28	1
73	97	1
118	121	1
59	59	1
56	59	1
84	85	1
141	141	2
142	142	1
78	81	1
19	21	1
157	158	1
90	91	2
5	14	1
9	9	6
175	176	1
40	42	2
152	153	1
111	123	1
17	20	1
103	103	1
132	132	1
160	164	1
61	86	1
115	122	1
144	144	1
158	158	1
103	105	1
126	128	1
28	42	1
74	88	1
6	12	1
94	96	1
125	168	1
52	66	1
78	102	1
96	98	1
87	97	1
73	75	2
13	16	2
123	124	1
29	29	1
25	26	1
94	116	2
99	108	1
61	90	1
97	98	1
99	118	1
173	175	1
91	95	1
11	17	2
9	12	1
4	6	1
11	41	1
91	124	1
70	70	2
123	126	1
10	44	1
97	97	1
16	52	1
81	94	1
122	154	1
30	42	1
173	173	1
114	130	1
178	178	1
94	140	1
23	36	1
87	89	1
125	126	2
14	39	1
1	39	1
4	35	1
80	95	1
78	94	1
16	20	1
129	130	1
38	71	1
22	64	1
122	178	1
78	79	1
65	66	1
150	155	2
111	113	1
60	102	1
169	170	1
73	73	1
98	98	1
66	103	1
111	117	1
50	51	1
4	31	1
79	81	1
163	163	1
112	117	1
101	111	1
2	4	1
137	137	1
137	148	1
131	132	1
30	31	1
24	25	1
34	35	1
27	27	3
9	10	1
110	119	1
112	145	1
169	176	1
119	119	1
59	60	1
29	36	1
151	152	1
90	90	1
15	21	1
103	116	1
71	74	1
118	118	1
139	140	1
4	41	1
45	45	1
67	68	1
1	26	1
159	177	1
57	57	1
