47	48	1
9	9	1
41	50	2
50	50	6
12	38	3
36	60	1
34	34	2
16	16	5
38	39	1
38	38	5
40	47	1
40	40	6
51	58	2
42	42	6
8	8	2
30	31	2
44	59	1
62	62	2
35	35	1
36	36	3
59	59	1
60	60	2
39	39	4
31	32	3
9	13	1
45	46	2
46	46	2
0	5	1
7	8	1
35	36	1
4	18	1
11	11	2
57	57	2
17	39	1
3	3	1
29	29	1
31	49	3
49	55	1
54	54	1
39	40	1
15	15	1
51	52	2
49	50	1
40	54	1
20	21	3
21	43	1
45	45	2
33	36	1
24	24	2
48	49	3
22	25	1
9	10	2
43	44	1
52	53	1
6	7	1
52	52	2
60	61	2
49	49	3
15	16	3
58	59	1
12	12	2
14	17	1
48	48	2
56	56	1
47	47	1
43	43	1
33	33	2
38	45	1
48	55	1
47	49	1
43	56	1
61	61	1
30	30	1
42	43	1
40	42	1
37	39	1
38	42	1
4	5	2
32	32	2
48	57	1
33	35	1
51	51	2
17	43	1
51	57	2
42	50	1
44	46	1
41	41	1
1	2	1
53	54	1
12	42	1
15	36	1
