33	33	2
16	17	1
60	62	2
56	56	2
43	60	2
25	29	1
40	41	1
50	51	1
61	61	3
10	10	2
55	58	2
9	9	1
21	22	3
47	47	5
18	18	2
38	59	1
20	44	1
50	50	1
54	54	3
14	15	1
25	60	3
38	38	2
43	55	2
31	38	1
51	51	3
34	34	1
16	16	2
42	43	2
41	41	1
44	44	2
43	43	2
43	50	1
37	55	1
39	44	1
25	25	3
57	57	2
45	45	4
4	4	2
17	17	1
49	49	3
1	1	1
37	37	5
20	20	1
13	13	1
31	31	1
60	61	1
14	14	2
37	42	1
37	45	1
7	7	1
30	30	4
58	58	1
18	19	1
15	15	1
32	32	4
47	48	1
7	20	1
19	19	2
33	34	1
30	56	1
48	48	2
61	62	1
42	42	2
4	6	2
5	5	2
58	59	1
49	50	1
0	5	1
18	20	1
35	35	1
55	55	1
2	10	1
41	62	1
59	59	1
53	54	2
42	59	1
46	46	1
0	13	1
