95	95	2
68	104	1
84	84	1
57	58	1
71	71	3
62	62	3
29	31	2
41	42	2
80	108	3
92	93	1
49	52	3
72	91	1
114	115	3
77	95	4
66	67	6
35	36	4
95	97	3
94	101	1
30	30	2
51	52	1
46	47	3
93	93	1
58	58	2
111	112	2
49	49	2
90	91	1
108	108	4
104	107	2
88	89	1
69	69	5
101	101	4
77	77	1
90	90	1
67	67	2
101	103	1
105	105	1
59	59	3
56	56	2
24	24	1
33	33	4
65	65	1
68	68	7
68	70	3
83	83	1
66	66	2
70	82	2
25	25	1
109	110	1
96	96	3
110	110	1
107	108	2
73	79	1
63	64	1
94	109	1
60	85	2
70	70	2
35	35	2
82	106	1
108	110	2
73	74	2
86	87	2
78	82	3
37	38	1
111	111	3
93	103	1
47	47	4
90	94	1
33	36	2
73	73	2
78	80	3
76	76	3
62	63	4
97	102	1
106	108	1
72	74	2
47	48	4
107	107	1
76	77	2
73	75	2
27	27	3
90	103	1
46	50	1
94	94	2
27	28	2
22	22	2
43	43	1
58	60	1
29	29	2
72	73	1
39	40	2
98	99	2
72	75	2
63	63	1
73	88	2
75	77	1
92	92	2
102	102	2
63	90	2
80	80	1
68	69	1
26	26	2
74	74	2
101	105	1
40	41	2
42	44	2
72	72	3
69	70	2
38	43	1
88	88	3
102	103	1
103	104	1
96	101	2
94	100	1
61	62	4
101	102	1
69	91	1
54	54	1
84	85	1
75	78	1
53	56	1
65	66	1
90	104	1
75	75	1
94	95	3
106	107	1
99	99	2
66	70	1
78	79	2
48	50	1
91	92	2
65	71	2
92	97	2
71	74	1
36	37	1
86	86	1
21	21	1
81	87	1
61	61	1
50	50	1
106	106	1
45	96	1
48	49	1
34	34	1
57	84	1
100	100	1
93	95	2
100	101	1
45	45	1
60	61	1
25	34	1
109	112	1
82	82	1
20	21	1
81	89	1
78	78	1
35	37	1
31	31	1
44	45	1
68	89	1
93	94	1
52	53	1
105	109	1
98	98	1
