54	84	1
112	112	5
168	169	2
25	109	2
101	140	2
65	66	1
176	176	3
35	103	2
163	163	2
120	120	3
32	32	5
171	171	6
56	56	2
60	63	1
109	127	1
51	51	3
113	120	1
98	131	1
192	192	5
28	159	2
103	103	2
37	46	1
26	26	1
118	168	1
118	131	1
155	155	1
29	79	1
80	80	3
108	108	8
157	158	2
69	69	5
127	128	3
2	4	1
54	55	1
187	187	2
66	68	1
183	195	2
162	162	5
21	21	1
40	40	2
153	158	1
84	167	1
79	79	2
6	6	3
195	196	1
192	193	3
148	196	3
29	35	3
88	89	2
190	191	1
176	177	1
179	180	2
105	106	2
114	170	3
175	176	1
134	134	2
7	7	2
99	99	7
44	83	2
33	34	4
3	3	4
182	182	2
161	162	2
83	84	3
122	122	4
24	38	1
188	194	1
150	150	4
93	94	2
13	112	1
84	84	2
173	173	2
85	85	2
10	10	2
23	23	3
115	142	1
1	11	1
188	188	2
12	44	1
58	72	1
102	123	1
73	73	1
111	168	1
154	154	4
173	174	1
120	138	1
67	68	2
83	83	3
4	5	1
169	170	1
3	4	2
75	89	3
2	2	3
139	139	1
9	9	1
133	138	1
176	178	1
118	154	1
118	140	2
36	36	2
156	157	3
168	168	1
187	195	1
42	113	1
5	20	3
196	196	3
190	190	1
159	159	3
173	179	1
147	148	1
171	172	2
183	183	2
173	176	1
18	21	1
106	107	2
131	131	3
31	31	1
174	174	4
142	142	1
147	150	1
67	67	2
135	136	3
180	180	1
22	58	1
13	120	2
95	105	2
50	50	1
78	88	4
55	55	2
175	175	2
149	169	1
24	25	1
28	106	3
26	27	1
101	102	1
94	143	1
16	16	1
7	8	1
138	141	3
150	151	2
110	161	1
103	141	2
129	197	4
78	78	1
150	153	1
120	184	1
74	75	1
152	157	1
163	168	1
167	167	2
39	83	4
12	13	1
129	130	3
29	37	2
115	115	1
181	182	1
119	119	3
77	89	1
166	166	2
20	28	1
124	124	1
160	160	2
56	58	1
14	14	3
37	106	1
121	143	1
130	162	1
117	117	1
61	90	1
21	68	2
13	13	1
193	193	2
196	197	1
45	45	1
59	59	1
0	185	1
56	57	1
111	111	1
43	56	1
197	197	2
165	166	1
13	113	2
184	184	1
164	181	1
8	8	1
21	25	1
5	8	1
106	106	3
20	21	1
1	1	1
136	136	1
175	177	1
102	102	3
130	136	1
108	135	2
177	177	2
103	105	1
76	76	1
25	25	3
66	67	2
166	167	4
148	148	3
13	51	1
131	181	1
101	101	2
61	61	3
158	180	1
24	42	2
128	128	3
151	151	3
126	126	4
185	185	2
62	62	3
61	74	1
43	43	3
23	90	1
168	188	1
168	170	1
165	165	3
182	191	1
132	158	1
22	23	3
190	192	1
34	34	1
144	144	2
15	188	1
164	179	1
4	61	1
6	7	2
147	173	1
84	85	2
57	181	3
153	156	1
157	183	1
179	179	1
153	174	1
16	17	1
15	183	1
151	171	1
143	143	1
19	21	1
58	58	2
39	157	1
3	153	1
141	141	2
96	121	1
95	97	1
48	108	1
111	112	1
87	87	2
24	43	1
116	116	1
138	140	1
158	159	1
186	186	2
28	28	1
63	64	1
133	137	1
38	44	2
30	30	1
178	179	2
0	182	1
110	111	1
104	104	1
149	180	1
156	156	2
172	180	1
68	68	1
141	157	1
33	35	1
45	162	2
24	24	2
147	147	1
52	124	1
146	160	1
137	138	1
37	158	1
116	118	1
9	11	3
39	62	1
100	100	1
50	66	2
189	189	1
123	123	1
17	17	1
150	169	1
43	45	1
76	131	1
164	164	2
159	160	1
182	190	1
48	51	1
5	5	2
96	145	1
181	181	1
63	63	1
7	25	1
6	22	1
134	135	1
172	172	1
106	158	1
152	152	1
53	53	2
107	135	1
170	170	1
21	40	1
194	194	2
95	95	1
148	149	1
103	104	1
112	126	1
79	81	1
115	155	1
70	72	1
159	166	1
105	165	1
47	47	1
157	157	1
132	139	1
134	137	1
77	77	1
109	110	1
0	42	1
103	135	1
131	143	1
76	78	1
145	167	1
26	59	1
46	56	1
119	131	1
5	7	1
