30	34	1
147	149	1
140	141	1
6	7	1
44	45	1
85	85	4
119	157	2
111	111	3
155	155	1
37	37	2
84	85	1
10	10	1
20	20	1
84	84	3
9	10	1
130	130	2
109	152	1
77	113	1
39	40	1
74	74	1
27	28	1
97	97	1
83	84	2
122	122	1
127	128	1
12	30	1
88	89	2
4	40	1
165	166	2
158	161	1
11	11	1
0	1	1
95	95	1
75	75	1
70	70	2
189	189	2
6	6	2
56	57	2
14	14	3
107	153	2
11	28	1
55	55	3
100	104	2
7	7	2
71	73	1
26	26	1
68	68	1
183	183	2
25	25	1
181	181	1
170	172	1
55	56	1
118	119	1
5	27	1
29	30	1
164	165	1
40	41	2
90	90	3
153	154	1
71	71	4
78	81	1
72	72	3
78	78	2
81	81	1
53	54	2
77	77	5
96	97	2
58	63	1
81	82	2
118	137	1
15	57	2
93	94	1
157	157	1
114	120	1
91	93	1
179	180	1
119	119	1
22	22	1
45	47	1
24	90	1
5	19	1
18	18	1
108	108	2
150	153	1
104	104	1
92	93	2
105	108	1
112	112	1
64	64	1
65	66	1
58	64	1
46	46	1
127	127	3
150	150	1
104	156	1
128	128	3
139	139	1
185	186	1
76	84	3
1	2	2
123	125	1
4	17	1
105	106	1
17	19	2
41	41	1
53	53	1
42	42	2
126	127	1
18	22	1
54	55	1
45	45	2
152	153	1
5	5	1
97	99	1
92	101	1
23	23	3
103	103	1
134	134	2
158	162	2
49	49	1
173	173	1
77	78	2
74	77	1
74	75	2
35	36	1
73	74	1
179	182	1
39	39	1
35	35	1
12	29	2
36	36	1
93	93	1
44	44	2
30	31	2
83	83	2
41	48	1
162	162	1
58	60	1
111	137	1
132	132	1
153	153	3
47	48	1
91	92	1
3	42	1
2	2	2
167	170	1
8	8	1
14	15	1
89	89	1
48	48	1
188	188	1
13	13	1
187	187	1
140	140	1
150	152	1
152	154	1
119	120	1
102	103	2
83	139	1
99	99	2
87	127	1
96	96	1
21	21	1
186	186	2
187	188	1
109	110	3
14	40	1
19	27	1
80	167	1
177	182	1
47	47	2
79	79	1
32	38	1
108	109	1
44	46	1
177	177	1
76	76	1
58	59	1
189	190	1
142	142	1
113	143	1
149	149	2
143	145	1
30	30	1
105	156	1
107	107	1
94	94	1
170	170	1
16	16	1
177	188	2
109	115	1
86	142	2
62	63	1
4	15	1
20	21	1
145	146	1
151	151	1
90	94	1
47	49	1
