90	90	39
131	140	6
54	54	18
116	116	4
123	123	37
127	127	28
77	77	19
137	138	4
115	126	2
13	13	20
19	19	22
88	88	28
135	135	15
156	157	4
17	17	34
155	156	10
35	35	15
52	52	17
4	4	35
34	34	26
2	2	16
20	22	3
66	67	2
150	150	27
42	42	29
145	145	7
147	154	6
121	121	20
142	142	37
75	75	19
119	121	1
97	97	26
71	72	11
53	53	16
82	82	15
21	77	7
27	27	27
26	27	7
33	34	10
128	128	23
11	149	4
50	50	34
101	101	20
99	99	27
10	10	13
79	82	8
14	15	6
111	111	25
45	78	7
79	79	19
29	110	1
133	134	10
7	7	24
5	5	25
131	132	5
23	24	9
113	113	29
4	157	6
152	152	19
112	112	21
14	14	25
157	158	10
86	86	26
11	11	26
53	54	13
95	95	35
137	137	31
83	83	9
83	84	27
111	131	3
131	131	17
158	158	30
40	41	29
12	13	20
94	96	3
17	77	11
32	33	5
106	107	8
125	125	23
87	87	28
108	110	6
112	122	3
24	79	4
13	14	5
128	152	11
40	51	4
119	119	36
100	100	42
45	45	10
1	1	20
39	42	19
71	71	24
11	34	6
47	50	7
114	114	15
145	146	5
135	137	9
27	131	3
114	115	12
20	20	33
6	7	1
81	81	27
49	50	8
146	153	16
23	23	19
84	87	4
12	12	30
72	73	2
111	112	16
92	92	14
145	153	4
138	138	18
156	156	45
76	77	5
3	4	8
134	134	23
108	108	23
139	139	20
140	140	31
39	39	25
86	95	8
8	8	21
6	6	26
116	122	4
147	147	19
32	32	20
155	158	6
150	151	3
104	105	9
95	97	5
37	38	7
33	33	25
151	154	5
105	106	7
15	15	15
122	122	7
85	85	38
56	56	13
148	148	30
154	157	4
140	141	7
104	104	19
3	153	5
5	12	3
53	55	4
24	24	25
37	37	35
21	43	8
42	44	5
11	16	4
31	38	4
94	95	8
28	142	4
124	144	3
39	41	2
15	123	6
47	48	2
98	98	20
84	119	3
29	29	33
44	76	3
67	67	22
38	39	8
44	44	38
39	40	10
105	105	35
62	63	6
85	87	4
129	130	10
55	56	5
84	84	26
40	40	19
27	28	8
108	116	3
49	67	3
67	71	7
136	136	26
6	8	2
65	65	24
12	33	3
146	146	8
36	82	8
102	102	24
32	36	1
91	139	8
22	23	7
93	93	21
20	25	2
68	69	10
136	138	9
120	120	22
144	144	24
95	96	11
115	116	9
91	97	4
73	73	22
112	113	25
85	106	2
96	96	16
153	153	12
70	70	16
9	9	25
80	80	31
52	54	8
36	36	23
91	91	8
30	30	22
81	82	12
32	91	2
99	100	6
22	22	24
131	133	11
21	23	2
113	114	18
27	41	1
16	39	5
46	46	28
31	33	9
29	109	2
42	93	6
124	124	19
90	91	9
107	107	46
19	22	2
116	117	14
21	21	23
3	3	32
44	77	5
126	127	11
151	151	38
7	8	10
85	86	17
25	25	29
134	137	6
102	134	2
47	47	22
48	48	37
94	94	32
93	104	5
129	129	13
9	11	4
102	120	3
76	76	11
1	3	4
109	109	8
32	34	1
68	68	3
35	36	8
45	49	2
91	92	12
115	156	7
38	42	7
117	117	17
34	35	6
10	104	3
26	157	3
103	103	22
29	36	2
92	95	2
21	22	6
132	132	24
30	31	5
51	51	27
147	148	6
0	29	3
44	46	2
79	81	9
69	69	5
102	135	2
79	80	10
35	98	1
149	149	8
7	24	3
130	130	16
84	85	14
110	110	12
73	74	4
14	16	11
64	66	5
132	133	19
107	108	11
90	119	6
90	137	1
66	66	20
6	105	2
89	89	25
115	115	17
130	131	11
113	115	6
120	121	5
78	78	15
126	145	4
39	77	2
79	84	1
101	102	5
80	81	12
16	16	24
116	148	3
66	71	4
143	143	14
128	129	3
7	9	6
51	52	6
55	55	16
46	65	2
64	64	7
18	18	22
35	80	1
82	83	3
144	145	8
85	88	4
95	121	4
36	37	15
3	13	6
133	133	19
65	87	3
112	156	3
15	16	7
57	57	12
28	28	14
19	43	2
44	45	19
108	125	2
72	72	11
125	144	6
96	97	15
149	150	7
47	49	3
155	157	7
22	78	4
25	105	4
118	118	11
97	98	7
18	29	3
23	25	5
135	136	9
123	133	3
36	38	1
86	87	8
11	13	3
155	155	29
106	106	17
154	154	14
67	68	9
0	0	6
87	89	3
121	133	4
108	109	10
145	147	11
2	3	2
18	19	7
29	123	3
118	119	6
92	94	5
143	148	1
64	71	3
51	91	4
31	31	38
122	124	3
88	118	7
143	144	4
53	56	1
41	42	2
157	157	19
43	43	35
141	141	22
124	125	6
27	141	4
77	78	10
103	105	2
41	41	40
140	142	1
9	12	3
8	10	5
123	124	6
146	147	10
42	43	6
25	42	6
151	152	5
111	115	9
80	98	5
102	103	2
43	47	4
35	77	2
26	26	18
4	25	9
127	152	2
11	12	5
63	63	8
3	157	1
29	81	1
134	139	3
102	130	1
88	110	5
9	16	3
21	39	4
82	84	5
86	104	2
108	122	2
24	42	2
117	118	8
123	134	1
92	97	13
96	122	2
26	41	8
126	126	18
104	139	8
31	32	10
18	20	3
147	157	4
31	157	2
87	88	7
148	149	6
17	19	3
54	55	10
53	57	1
150	156	2
25	38	6
102	139	8
92	98	1
16	38	5
4	150	4
41	148	3
101	131	3
142	143	1
88	89	9
46	47	5
27	30	2
40	42	5
75	126	2
50	51	14
80	138	1
5	8	3
5	24	3
62	62	1
118	122	2
105	117	4
25	26	6
4	13	6
115	125	4
74	74	4
62	67	3
20	128	1
109	111	2
150	157	4
134	135	4
114	116	2
87	93	3
37	39	4
19	20	7
141	153	2
50	54	3
23	33	2
100	101	5
63	66	1
63	64	2
121	122	3
74	101	4
82	133	1
18	24	5
38	38	4
4	5	2
109	112	4
90	135	2
103	117	1
36	83	1
109	124	2
17	24	3
5	77	5
120	125	3
32	40	1
52	71	3
124	143	1
138	139	1
33	98	2
35	123	5
114	119	2
23	37	1
20	111	3
109	110	4
12	128	1
76	78	1
17	18	8
120	122	2
149	158	2
10	24	1
83	90	1
33	35	3
30	32	3
24	43	3
48	68	3
38	78	3
28	46	1
112	115	1
93	94	2
90	124	4
6	77	1
124	134	4
116	125	2
9	10	5
86	93	1
82	95	5
16	34	3
5	6	5
31	147	1
29	30	4
131	138	2
106	108	2
32	148	5
113	122	3
125	141	3
127	153	3
19	27	7
141	142	1
39	51	2
90	138	4
91	138	1
48	50	1
153	154	4
89	92	3
27	142	1
32	147	3
28	29	6
0	130	3
33	39	3
93	95	3
54	91	2
77	80	2
152	153	3
119	120	6
45	46	5
44	78	4
20	42	2
3	151	2
89	135	1
79	140	2
110	137	1
25	27	1
53	72	1
83	113	3
110	136	1
115	118	1
78	79	3
15	37	2
12	36	5
80	82	1
43	46	3
19	21	3
69	70	1
144	147	1
38	132	1
28	66	4
132	134	2
78	80	2
148	155	3
103	104	4
6	73	1
152	157	1
142	148	1
25	37	1
78	82	3
100	102	3
2	5	1
100	139	1
138	141	1
80	91	1
142	153	2
18	110	3
33	79	1
4	6	1
18	33	1
1	5	1
46	67	3
35	97	1
24	25	2
12	34	1
108	111	2
77	92	2
65	66	1
10	13	1
116	119	2
44	107	1
20	130	3
16	21	1
24	77	2
10	11	3
34	36	2
64	67	2
70	71	2
137	139	1
136	137	2
148	151	1
118	120	2
65	89	2
123	125	3
124	135	2
7	23	1
87	92	1
28	36	1
130	132	2
20	36	1
102	109	1
20	39	1
75	76	1
150	154	1
26	111	1
34	97	3
4	7	1
110	111	1
11	35	1
49	49	1
79	98	1
41	109	1
40	43	2
111	113	1
41	88	1
132	140	1
35	148	1
26	28	1
27	140	1
148	158	1
37	87	1
150	152	2
107	116	1
131	144	1
48	49	1
111	127	1
63	69	1
154	155	1
94	101	1
108	112	1
