52	52	5
2	2	5
201	201	6
62	63	2
128	128	2
49	49	2
69	69	5
142	142	4
235	235	2
57	80	2
1	7	1
136	136	2
185	185	2
184	186	1
185	186	2
63	63	1
49	51	1
139	143	3
61	61	4
209	209	5
186	186	2
3	3	2
123	123	3
142	143	1
4	4	3
8	8	5
163	163	2
216	216	1
208	209	1
46	47	2
162	162	2
214	214	2
198	199	3
239	239	1
195	200	1
199	200	1
76	76	7
33	33	5
212	212	3
13	14	1
76	79	3
28	28	2
23	23	4
101	102	2
30	33	1
237	238	2
142	153	1
210	213	1
88	99	2
80	81	4
75	85	1
61	64	1
138	140	1
6	6	4
65	67	1
9	9	6
195	196	2
214	215	4
155	155	5
183	183	1
159	161	1
226	227	4
37	37	3
232	232	2
32	32	1
233	233	1
185	215	2
49	54	1
126	170	1
84	194	4
105	105	2
21	230	2
21	22	3
57	58	1
62	204	3
219	219	2
85	106	2
48	48	3
189	189	2
24	24	4
26	63	1
73	74	2
211	215	2
56	56	1
120	178	1
125	130	2
159	160	1
55	57	2
45	145	1
119	119	4
88	88	1
109	109	3
139	139	2
104	104	2
77	77	2
116	117	2
229	230	3
135	136	1
117	118	2
31	33	3
115	123	1
85	85	1
19	19	2
1	16	2
119	121	1
14	14	4
168	168	2
228	228	4
197	198	1
40	40	3
36	36	3
137	142	1
113	143	1
46	64	1
167	169	1
191	191	1
158	159	1
173	173	2
200	217	1
215	216	3
187	190	2
13	15	1
143	148	1
184	185	1
103	106	1
227	229	1
37	38	4
17	126	1
204	204	2
85	86	1
233	234	1
35	36	2
89	89	2
154	154	1
123	124	2
138	138	1
157	158	1
9	24	1
62	81	1
108	108	1
51	51	4
98	100	1
215	215	1
96	97	3
7	7	1
141	141	1
193	195	1
150	167	1
141	145	1
91	191	1
72	72	1
192	205	2
53	53	4
72	86	1
64	192	1
194	224	1
182	182	2
15	15	4
58	72	1
23	231	1
166	193	2
11	15	1
42	42	2
70	70	2
161	161	4
144	145	1
184	196	2
229	229	5
150	172	1
208	220	2
51	52	3
231	233	1
137	137	1
21	21	3
106	106	1
202	202	1
35	37	2
10	10	2
220	221	1
13	22	2
70	160	3
196	196	2
78	79	1
44	44	1
194	196	1
42	157	5
152	152	2
138	142	2
38	38	1
130	130	2
67	67	1
44	45	1
55	56	2
129	130	1
129	129	2
125	125	1
36	68	2
97	120	1
181	190	1
43	43	1
124	154	2
194	194	4
13	16	1
43	46	1
184	184	3
200	201	2
73	73	1
188	189	1
208	210	2
144	144	2
203	203	2
81	177	1
218	220	1
55	55	3
242	242	1
188	188	1
229	234	1
59	60	1
195	195	1
211	211	1
102	102	1
105	109	1
57	59	1
129	143	1
158	158	2
43	49	1
11	25	2
31	31	2
225	225	2
191	192	2
39	42	2
9	124	1
4	6	2
65	65	2
68	68	1
97	97	1
47	47	2
236	236	1
39	39	2
122	122	2
160	161	1
140	140	1
139	170	1
69	136	2
198	208	1
114	114	1
239	240	1
238	238	1
240	240	1
115	118	1
79	79	2
20	37	1
202	231	1
221	221	1
129	131	2
157	189	1
64	70	1
46	46	2
96	160	2
213	215	1
126	126	2
166	167	1
86	118	1
204	206	1
22	23	2
47	70	2
58	58	1
208	208	1
25	25	3
85	102	1
33	34	3
134	134	1
43	159	1
27	27	2
34	59	1
30	30	1
17	17	1
20	20	2
198	198	2
164	165	1
171	191	3
50	52	1
85	98	1
84	85	1
96	98	1
12	12	2
182	183	1
68	70	1
29	29	1
55	62	1
120	135	1
181	181	1
123	155	1
35	35	1
103	104	3
225	226	2
4	7	2
66	66	1
231	232	1
31	55	1
149	149	2
231	231	3
118	118	2
199	199	1
153	172	1
222	223	1
173	175	1
82	83	1
159	171	2
83	84	2
88	103	1
62	62	1
115	115	1
44	46	1
207	209	1
45	45	1
27	28	1
8	9	1
156	157	1
172	172	1
135	135	1
114	115	1
83	106	1
60	77	1
124	130	1
193	196	2
193	193	1
133	133	1
60	60	2
34	72	1
166	174	1
98	99	1
41	41	1
48	50	1
82	82	2
14	15	1
28	30	1
48	49	1
116	142	1
3	4	2
131	131	1
63	73	1
203	205	1
175	176	1
83	85	1
81	81	1
26	26	2
11	28	2
234	234	1
29	30	2
153	176	2
133	137	1
57	63	1
77	78	1
95	95	1
210	210	1
57	57	2
100	100	1
69	70	1
114	147	1
33	189	1
53	90	1
67	68	1
157	157	1
237	237	1
51	53	1
11	11	1
127	127	1
101	103	1
142	149	1
162	163	1
146	148	1
77	80	1
47	119	1
159	159	1
63	64	1
64	69	1
66	137	1
34	35	1
81	82	1
192	196	1
50	50	1
170	170	1
182	212	1
68	76	1
