68	69	16
40	41	15
51	51	26
50	50	10
44	44	8
99	99	12
89	96	4
52	52	11
55	56	7
82	82	12
33	33	21
93	102	5
91	91	22
25	36	2
93	94	5
22	22	17
53	53	13
76	76	19
29	34	1
70	70	12
40	40	10
82	86	1
73	73	22
78	78	16
54	59	2
85	88	1
58	58	19
103	105	1
45	79	1
46	46	8
27	28	8
37	74	5
31	31	25
70	75	1
61	62	6
95	95	11
47	97	1
38	38	17
81	81	18
35	35	19
37	37	13
25	25	14
31	44	1
57	57	8
47	72	1
106	106	8
79	80	4
71	72	2
41	41	10
56	56	19
34	34	23
26	27	4
23	71	1
84	91	3
24	24	25
84	87	1
78	79	10
36	43	4
44	45	3
62	64	1
49	49	25
42	90	1
97	97	4
64	64	22
28	29	4
102	102	25
33	63	2
68	68	21
50	55	1
34	35	6
72	74	3
29	71	1
32	79	2
80	80	17
47	49	1
45	45	17
29	29	13
105	105	16
87	87	9
21	21	14
66	66	14
38	64	1
89	89	15
100	100	16
53	78	2
75	75	13
38	69	2
71	71	24
36	36	21
68	91	1
79	79	9
62	63	6
91	100	3
97	99	5
66	91	3
21	26	1
104	104	16
62	69	5
94	94	13
73	101	2
77	77	20
83	85	5
91	106	1
63	68	3
56	57	6
103	103	17
43	48	3
100	102	1
36	38	4
23	23	17
35	103	1
61	61	18
27	42	1
96	96	11
81	82	4
64	67	1
38	39	14
66	67	11
32	71	5
52	92	1
97	98	9
44	70	2
73	98	1
86	88	3
45	49	1
21	42	1
22	90	2
86	87	5
59	93	1
85	85	8
94	95	3
96	97	3
48	49	10
88	88	15
94	99	3
32	32	26
62	62	14
83	83	10
47	78	4
56	60	1
72	101	1
63	64	5
42	43	9
86	86	6
43	43	13
64	102	3
36	88	2
23	36	1
30	30	9
40	45	1
55	55	16
31	33	5
62	70	1
77	78	7
95	96	8
57	60	3
89	90	17
69	70	6
53	54	1
29	30	7
37	39	2
73	92	4
59	59	16
26	99	1
33	47	2
22	38	3
71	74	4
54	54	18
84	85	6
61	76	2
23	28	2
56	67	1
58	62	2
90	91	7
78	82	2
72	78	2
59	81	1
55	58	2
20	20	7
65	65	28
46	47	10
69	96	1
60	61	9
40	42	2
83	84	1
76	77	9
92	92	17
88	101	1
53	61	1
61	65	2
55	61	2
70	72	1
58	59	8
32	73	1
70	92	1
91	92	6
30	67	1
37	44	1
42	42	3
99	106	2
53	70	2
36	91	1
26	26	9
64	97	2
36	40	1
51	52	12
87	88	4
28	30	1
59	60	10
46	48	1
90	93	5
101	101	18
66	88	1
92	93	8
20	62	1
27	30	3
35	54	1
84	97	1
51	55	2
81	90	3
75	76	5
81	89	3
39	39	13
50	104	3
34	99	1
26	36	1
74	75	5
50	51	5
98	107	2
72	72	11
25	27	5
69	69	23
80	81	5
86	93	1
46	98	1
28	28	9
91	97	3
61	75	1
49	50	2
46	49	2
48	78	1
98	98	12
19	19	1
48	48	5
24	53	2
47	48	4
60	94	1
25	26	11
97	101	3
94	96	1
21	100	1
67	91	1
58	68	2
93	93	16
65	105	1
52	78	1
74	104	1
35	38	2
54	105	1
21	30	2
69	92	1
35	92	2
67	69	3
88	96	1
47	47	12
45	48	3
64	103	1
68	81	3
100	101	10
40	46	5
84	89	3
23	96	1
33	34	5
84	84	7
101	103	1
65	86	2
72	73	8
78	106	4
64	106	1
82	87	1
73	74	5
60	69	2
31	32	5
74	74	15
94	98	3
50	90	1
31	76	1
62	103	1
35	39	2
35	37	1
29	33	2
72	107	3
67	67	5
32	34	2
54	102	2
60	60	15
54	87	2
29	94	1
51	104	2
90	92	4
37	51	2
63	63	13
42	45	5
23	24	6
106	107	2
46	80	1
21	22	2
45	78	1
30	40	2
36	46	1
100	105	2
24	59	1
96	100	2
63	69	2
69	73	3
37	38	7
30	32	1
96	98	3
96	99	4
54	56	4
21	29	1
72	82	1
21	56	2
39	40	6
44	83	1
32	84	1
51	90	1
82	97	1
63	77	4
43	44	3
33	45	1
80	82	3
84	86	4
32	33	8
31	42	1
70	77	3
85	86	4
54	94	3
20	21	3
48	71	1
79	81	2
102	104	2
59	75	1
39	92	1
69	104	1
54	93	3
35	36	3
25	41	1
73	91	1
104	106	1
44	49	1
37	43	2
75	102	1
65	93	2
33	94	1
69	71	1
103	104	3
41	42	2
56	103	1
65	66	2
47	98	1
45	71	1
82	83	5
49	66	1
33	36	1
37	40	2
47	71	2
54	55	1
90	90	17
38	90	1
102	103	7
44	48	1
55	59	1
45	76	1
61	63	5
45	93	1
93	96	1
26	28	1
98	99	7
31	71	2
67	68	1
86	106	1
57	58	3
61	71	1
84	93	1
40	43	1
25	30	2
86	91	1
36	37	7
43	49	1
70	101	1
80	84	3
22	23	3
51	54	2
27	27	5
76	90	1
43	89	1
51	64	1
91	93	1
88	90	2
88	97	1
45	80	2
49	85	2
74	101	6
73	75	1
61	68	1
29	42	1
56	68	2
40	70	1
41	47	1
39	87	2
59	62	1
61	66	1
65	102	1
27	34	1
45	81	4
50	53	1
32	37	2
91	105	2
26	48	1
48	50	2
46	50	1
70	87	1
73	85	1
83	99	1
34	43	1
31	73	1
58	69	1
89	97	1
48	79	1
24	97	1
29	73	1
24	25	4
104	105	3
70	84	2
36	54	1
49	65	2
31	36	1
88	89	2
105	106	1
72	99	1
54	89	1
63	72	1
59	65	1
38	42	1
23	53	1
82	84	2
52	53	3
26	34	1
91	96	2
40	47	1
32	55	1
70	71	3
40	58	1
78	83	1
61	87	1
65	67	5
32	35	2
22	30	3
64	100	1
62	72	1
31	34	2
50	52	2
58	61	1
24	29	1
49	76	1
32	63	2
37	45	1
77	84	1
43	52	1
49	56	1
26	50	1
49	52	2
78	88	1
49	51	1
22	24	2
41	44	1
37	68	1
37	57	1
32	51	1
96	106	1
29	41	2
87	106	1
43	71	1
67	81	1
30	41	1
87	96	3
80	83	2
73	93	1
34	95	2
30	44	1
65	74	2
46	51	2
23	73	1
68	92	1
34	63	1
60	66	1
32	82	1
34	94	2
70	74	1
53	89	2
71	73	3
82	106	2
26	60	1
74	102	2
22	45	1
78	80	1
42	51	1
87	91	1
19	27	1
89	101	1
33	65	1
93	95	1
99	100	2
31	81	2
22	94	1
46	99	3
51	58	1
45	82	1
71	91	2
38	53	1
103	106	1
40	44	2
64	65	3
37	92	1
82	105	1
83	88	1
75	98	1
61	70	1
81	86	1
57	70	1
49	88	1
59	84	1
84	100	1
77	105	1
63	71	1
72	98	1
60	65	1
78	98	1
27	48	1
39	42	1
48	51	1
36	90	3
40	49	1
50	91	1
72	106	2
95	106	1
42	44	1
34	100	1
52	91	1
83	86	2
50	102	2
31	43	1
53	92	1
91	94	1
28	32	1
30	45	1
23	97	1
59	66	1
37	47	1
26	30	1
53	75	1
101	107	1
29	82	1
56	58	1
107	107	1
67	80	1
49	77	1
61	69	2
71	101	1
68	78	1
55	57	1
47	70	1
37	53	1
30	31	1
90	106	1
25	28	1
68	71	1
41	46	1
55	88	1
67	73	1
39	90	1
89	91	2
95	100	1
56	61	1
71	102	1
82	85	1
50	65	1
37	52	1
24	67	1
43	45	1
69	74	1
23	45	1
22	95	1
39	60	1
50	64	1
50	103	1
36	51	1
58	88	1
36	96	1
50	70	1
28	34	1
66	94	1
34	50	1
53	55	1
