79	113	2
72	72	1
83	83	1
175	175	4
21	22	2
5	10	1
112	114	1
5	75	1
103	103	1
172	175	1
16	16	1
139	139	2
131	131	2
77	77	6
79	80	1
106	121	1
120	120	1
74	75	2
77	78	2
19	24	1
66	67	1
79	101	1
106	145	1
22	22	2
76	76	1
108	122	2
11	66	2
129	129	1
157	157	1
161	162	2
68	71	1
56	79	1
137	137	3
32	36	1
170	186	1
32	34	1
116	130	1
183	183	2
127	128	1
14	57	3
72	75	1
81	95	2
16	19	1
108	110	1
84	99	2
10	10	2
23	23	2
156	156	1
10	34	1
44	46	1
10	75	1
171	171	1
109	114	1
37	37	3
123	125	1
1	1	1
133	133	1
125	130	1
174	174	3
132	133	1
78	78	2
111	112	2
90	103	1
102	102	1
151	151	1
90	92	1
112	112	1
21	53	1
95	99	1
122	122	1
147	148	2
17	18	2
28	28	2
58	62	2
86	91	1
35	36	1
80	100	1
130	137	1
70	76	1
121	133	2
21	21	1
92	92	2
119	121	1
14	15	1
175	176	1
25	26	1
135	135	1
169	169	2
32	102	2
96	98	2
93	93	1
141	141	2
0	22	2
26	40	2
145	145	1
2	2	2
59	79	1
57	57	1
23	24	2
119	119	1
121	130	1
14	14	1
80	87	1
140	181	1
27	53	1
55	56	1
189	189	2
6	84	1
47	47	2
150	151	1
15	30	1
90	100	1
118	118	1
181	184	1
110	138	1
38	41	1
25	25	1
115	124	1
48	48	1
29	29	1
114	114	1
163	164	1
10	32	2
118	119	1
92	95	1
95	95	1
134	137	1
75	86	1
24	25	1
164	164	2
129	130	1
14	36	1
176	176	1
63	81	1
6	6	2
153	153	1
169	170	1
18	19	1
181	181	1
55	55	1
121	134	1
22	26	1
8	89	1
11	12	1
20	153	2
188	189	1
145	181	1
72	92	1
108	109	1
61	81	1
15	15	1
56	56	1
167	178	1
112	120	1
97	97	1
64	81	1
80	103	1
183	184	1
87	94	1
82	83	1
17	56	1
123	134	1
73	73	1
75	88	1
141	142	1
33	33	1
9	11	1
16	45	1
1	18	2
4	5	1
188	188	2
61	101	1
16	17	1
89	89	1
92	97	1
105	111	1
118	129	1
166	169	1
87	100	1
5	5	1
18	23	1
178	178	1
72	76	1
142	153	1
180	185	1
105	105	1
115	115	1
114	173	1
18	18	1
116	116	1
10	33	1
