123	128	1
88	88	1
93	93	7
108	112	1
92	110	1
106	106	8
132	132	6
140	140	9
90	96	1
130	130	10
91	93	1
18	18	5
12	12	8
89	92	1
123	123	7
118	119	2
121	122	5
74	80	1
16	16	4
6	12	2
108	108	7
17	18	3
19	19	6
7	9	2
6	6	1
96	108	2
126	126	11
86	86	9
87	87	6
5	20	2
133	133	6
105	115	1
137	137	9
77	92	1
21	21	4
85	112	1
83	85	2
135	135	7
120	120	5
96	124	1
127	130	2
4	37	1
120	122	3
88	98	1
138	140	3
129	129	9
72	72	7
121	121	6
71	71	6
98	99	4
112	112	6
1	5	2
100	100	5
136	136	8
32	32	2
117	118	3
15	15	1
8	8	6
124	124	10
113	113	6
74	74	6
107	107	7
92	92	4
74	114	1
78	78	6
102	102	5
20	21	2
8	19	2
117	117	6
116	116	3
75	75	5
21	23	1
133	139	1
98	98	4
134	134	11
38	38	4
5	9	2
9	9	2
17	33	1
76	113	1
128	129	4
1	14	1
96	97	2
122	122	8
6	21	4
22	25	1
127	128	3
102	116	1
15	27	1
0	1	1
25	26	5
115	115	2
104	104	3
8	22	1
103	103	8
135	140	1
33	34	4
87	121	1
109	109	4
114	115	3
4	111	1
36	36	5
14	14	1
93	102	1
119	119	3
27	32	2
35	35	5
114	114	6
90	90	8
111	111	4
78	80	2
27	28	2
118	118	2
22	22	4
139	139	5
7	117	1
106	107	7
110	111	5
26	27	6
19	22	1
92	108	1
6	15	1
105	105	7
104	105	4
34	34	7
94	98	1
81	81	8
2	2	2
4	5	3
8	27	1
83	83	2
22	23	4
95	100	1
82	84	2
121	123	2
112	113	2
135	136	2
16	19	1
136	139	1
27	38	1
91	91	6
15	17	3
73	73	8
79	92	3
7	7	4
85	85	2
73	78	1
96	100	1
127	129	1
17	32	1
97	134	1
76	76	4
130	140	1
8	96	1
6	17	2
16	17	1
80	80	8
10	12	1
27	29	2
123	132	1
93	94	4
23	24	1
133	134	3
73	84	2
101	101	10
20	27	2
94	94	5
110	110	6
78	79	4
3	4	3
34	35	4
96	101	1
122	123	3
113	115	2
13	14	3
95	95	3
125	125	7
125	126	5
7	21	1
129	135	2
32	33	2
128	128	4
33	33	7
129	130	4
110	118	2
71	86	1
97	98	2
89	89	4
104	107	3
0	2	3
117	123	1
87	93	2
119	120	1
130	131	2
93	117	1
80	115	1
0	0	4
29	29	1
134	136	1
132	133	2
23	25	1
75	121	1
86	87	1
137	138	3
30	30	3
103	112	1
21	22	2
29	30	3
83	84	2
100	101	2
123	126	2
132	134	1
79	86	1
23	23	4
82	82	4
134	135	1
14	19	1
88	97	1
131	132	2
6	7	1
10	10	2
15	25	1
89	104	1
105	112	1
71	111	1
9	10	1
100	111	1
7	119	1
1	74	3
136	137	1
68	68	1
20	20	1
90	93	1
85	86	3
3	22	1
5	13	1
101	102	1
131	131	3
126	127	3
130	133	1
6	73	1
93	125	1
95	96	1
1	32	3
102	103	2
124	125	2
18	19	3
94	97	1
96	125	1
26	26	4
127	127	6
96	96	2
77	77	3
87	91	1
138	138	4
3	117	1
84	87	1
130	134	1
73	74	2
13	13	1
24	24	2
22	26	2
20	71	1
126	129	1
78	86	1
5	5	3
18	20	2
108	109	3
101	103	1
102	115	1
111	112	1
80	109	2
77	78	1
113	121	1
24	28	1
105	106	3
7	8	1
107	108	2
74	75	2
30	31	1
113	114	2
35	135	1
19	29	1
12	13	1
97	99	1
10	30	1
4	10	1
80	86	1
99	99	3
14	16	1
91	96	1
105	108	1
11	11	1
72	73	2
28	28	2
97	97	3
80	101	1
7	29	1
6	96	1
25	29	1
20	25	1
80	83	2
81	93	1
101	104	1
3	3	3
88	123	1
90	98	2
22	71	1
15	37	2
96	98	1
77	95	1
4	4	2
84	84	2
120	121	5
74	98	1
80	113	1
21	72	1
84	85	1
79	79	1
101	110	1
79	80	1
0	20	1
80	81	2
37	37	3
14	22	1
12	25	1
129	136	1
34	136	1
86	90	1
115	128	1
103	129	1
108	118	1
95	124	1
73	77	1
3	12	1
92	93	1
0	3	2
77	82	1
109	110	2
2	3	2
94	104	1
18	90	1
32	68	1
36	90	1
11	22	1
27	27	1
81	84	1
126	135	1
82	85	1
81	83	1
125	128	1
90	91	1
80	88	1
108	123	1
77	87	1
33	35	1
109	111	1
6	20	1
100	108	1
25	25	1
79	102	1
16	18	1
9	19	1
8	9	1
80	117	1
139	140	1
101	111	1
127	132	1
3	114	1
19	30	1
5	10	1
29	31	1
75	76	1
108	110	1
