33	34	1
59	72	1
45	100	4
77	77	7
103	103	2
70	70	3
98	98	4
70	110	2
92	92	2
86	88	3
95	98	4
64	64	2
95	95	1
34	63	1
58	69	1
37	39	2
80	80	2
83	83	3
68	69	2
57	57	3
104	106	2
29	29	3
28	28	2
35	80	1
90	90	2
84	84	5
47	48	2
64	66	5
37	37	1
74	74	3
85	102	1
105	106	1
72	73	3
76	76	4
22	55	1
100	101	1
30	63	1
66	66	3
67	67	4
63	63	2
106	107	1
74	87	1
104	105	2
78	107	3
67	93	2
67	75	1
75	75	2
63	73	1
35	66	1
113	113	6
99	99	1
35	36	2
32	33	2
79	79	3
93	93	3
85	85	1
45	45	2
73	73	2
26	26	1
94	97	2
85	86	1
75	86	2
82	82	1
27	110	5
89	89	2
58	59	1
63	66	3
49	49	1
75	78	3
71	71	3
44	44	1
93	94	2
32	108	1
59	59	2
65	67	1
46	46	1
80	105	1
62	63	1
47	47	2
61	62	1
92	93	2
72	96	1
53	53	1
22	22	1
83	84	1
65	69	1
76	77	1
51	51	2
100	100	1
68	68	2
62	67	1
73	74	1
103	104	1
55	55	2
97	98	1
20	20	3
34	34	2
77	78	1
106	106	2
23	23	1
90	102	1
38	38	3
55	71	1
53	54	1
52	70	1
37	38	1
29	60	1
36	85	1
86	86	1
60	60	1
37	95	1
62	62	1
36	96	1
56	56	2
56	72	1
32	109	1
102	102	1
108	108	2
78	78	2
41	70	1
55	107	2
74	99	1
105	105	2
74	88	1
61	69	1
101	102	1
50	50	1
65	65	1
72	72	1
36	38	1
22	23	1
41	41	1
95	96	1
39	44	1
40	102	1
62	64	1
27	27	1
62	69	1
57	70	1
