28	28	1
7	31	1
22	22	2
116	116	2
87	87	1
30	122	2
21	39	1
41	41	1
17	108	1
130	130	3
57	57	2
4	5	1
45	45	2
53	53	3
113	113	3
25	101	1
46	46	4
77	117	1
21	23	3
126	126	4
73	73	2
13	43	2
89	90	3
83	84	1
70	70	2
80	81	2
62	62	4
48	49	1
34	108	1
30	30	1
106	106	1
128	128	4
125	125	2
68	75	1
31	31	1
76	76	3
44	45	1
92	92	2
72	72	3
9	11	2
29	132	1
23	41	1
74	75	1
119	120	3
51	51	3
3	5	1
6	6	2
3	10	1
116	117	2
80	80	1
120	120	2
117	118	2
14	14	2
30	111	1
76	78	1
80	100	1
55	62	1
130	131	1
63	67	1
122	122	2
50	50	4
105	106	2
38	39	1
88	88	1
16	18	1
68	77	1
12	12	2
89	89	3
14	15	4
102	102	1
95	95	1
60	71	1
19	86	1
10	10	3
100	100	1
56	56	1
98	99	1
119	119	2
42	42	5
109	110	1
9	9	1
87	127	1
15	15	3
4	41	1
66	76	3
80	109	1
58	59	1
84	84	1
3	124	1
94	94	2
68	72	1
85	85	1
38	42	1
67	67	1
93	94	2
8	8	1
45	71	1
61	102	1
24	24	1
118	119	1
73	103	1
55	123	1
2	3	2
12	14	1
0	0	1
86	86	1
32	81	1
23	23	1
4	4	1
113	114	1
102	118	1
64	65	2
5	129	1
53	103	1
83	85	1
96	120	2
60	78	3
104	105	1
123	123	2
16	17	1
8	111	1
11	114	1
90	91	1
88	113	1
87	96	1
22	40	1
49	49	1
52	53	2
5	5	1
61	61	1
61	62	1
52	85	1
114	117	1
28	30	1
26	26	1
115	115	1
101	102	1
113	116	1
69	69	2
62	103	1
25	25	1
54	54	1
105	105	1
8	9	1
33	55	2
25	26	1
127	128	1
85	117	1
107	108	1
16	16	1
78	78	1
13	14	1
71	71	1
108	108	1
98	98	1
129	130	1
82	82	2
104	104	1
101	101	1
22	23	1
32	32	2
121	121	1
33	33	2
62	104	1
80	95	1
44	131	1
83	83	2
118	118	1
31	84	2
39	39	1
48	48	1
64	64	1
114	114	1
47	47	1
71	109	1
41	42	1
54	118	1
32	98	1
98	117	1
1	2	1
78	82	1
86	116	1
