90	97	1
19	23	2
32	34	2
71	72	3
110	110	6
60	61	1
20	20	1
61	62	3
92	92	4
41	41	2
49	51	3
71	71	2
100	101	3
74	74	2
80	81	3
69	69	1
53	56	1
98	102	1
96	98	1
21	22	2
91	91	4
75	76	2
98	98	5
51	51	2
90	91	1
59	59	1
102	103	1
28	28	2
25	27	1
68	69	5
56	56	4
99	99	3
95	104	2
29	29	2
35	35	1
77	77	1
45	52	1
73	73	2
55	56	1
97	97	2
105	105	3
65	65	1
85	85	1
49	49	1
77	79	1
67	92	2
50	65	1
67	68	1
67	67	1
100	100	1
87	87	2
40	79	1
108	108	4
109	109	2
22	24	1
25	25	1
105	107	1
33	33	1
88	89	2
66	66	2
73	74	2
71	74	2
113	113	1
20	21	2
112	112	2
47	47	2
84	85	1
32	33	2
71	76	1
20	22	2
62	62	1
63	86	2
40	41	3
93	93	1
72	74	1
27	82	1
80	80	1
78	78	2
39	39	2
26	27	2
28	32	1
26	28	2
27	27	1
95	95	2
50	50	2
47	48	1
57	57	1
22	22	2
29	47	2
59	91	1
92	94	1
90	90	2
88	88	2
102	102	1
28	29	1
104	104	1
40	91	1
27	28	1
43	44	1
24	25	1
76	77	2
39	92	1
79	83	1
47	49	1
94	94	2
103	103	1
30	31	1
52	52	1
92	93	1
41	102	1
55	55	1
59	90	1
76	76	2
25	26	1
20	38	1
107	107	1
42	42	2
75	75	1
53	53	1
68	70	1
39	80	1
114	114	2
38	38	1
27	36	1
53	54	1
79	80	1
22	23	1
43	43	1
108	109	1
81	81	1
56	60	1
63	65	1
73	91	1
43	46	1
53	60	1
48	49	1
56	93	1
43	45	1
24	24	1
84	84	1
26	26	1
19	20	1
86	87	1
63	63	1
21	21	1
39	40	1
82	86	1
110	112	1
69	70	1
87	88	1
23	23	1
45	45	1
79	79	1
37	37	1
23	37	1
110	111	1
