70	71	1
99	101	1
173	173	1
99	100	2
33	33	4
191	197	2
203	204	2
182	247	1
49	49	2
205	205	4
203	205	2
25	25	3
65	65	4
36	36	1
107	116	2
26	52	1
149	149	1
216	217	3
145	145	1
225	225	2
153	153	3
26	202	1
186	187	2
239	247	2
242	242	2
161	226	1
181	192	2
74	178	1
1	1	1
194	195	1
197	197	1
185	197	1
195	199	1
202	229	3
163	163	2
55	56	1
76	90	1
167	167	3
72	72	5
78	78	5
52	52	6
89	89	3
113	113	1
168	168	2
25	66	1
164	164	2
3	3	1
62	79	1
159	159	2
62	80	4
15	15	2
27	66	1
111	113	1
79	85	1
107	107	1
104	104	1
193	193	1
118	119	2
115	115	4
214	243	1
56	57	2
12	63	1
247	247	1
196	196	8
118	118	1
109	109	9
164	240	1
95	96	2
241	241	4
51	92	1
94	175	1
59	59	3
96	97	1
240	240	1
240	246	1
112	112	1
231	232	1
64	65	4
10	10	3
47	73	4
1	27	2
91	91	2
214	214	6
75	75	1
114	114	3
87	87	3
191	192	2
49	81	1
194	194	1
23	23	4
187	191	3
67	67	4
69	69	4
68	68	4
30	85	1
212	216	1
97	97	2
55	64	1
25	61	1
2	19	2
243	244	3
119	119	4
6	10	1
87	88	1
161	168	2
47	48	1
102	102	3
202	202	2
178	181	2
41	41	2
65	173	1
51	52	1
224	230	1
63	70	1
73	74	1
211	211	3
62	62	1
215	242	1
172	173	2
243	248	1
169	169	1
55	59	1
207	207	2
98	116	1
4	5	1
102	103	3
28	55	3
62	64	1
212	237	1
174	178	2
108	116	2
61	79	1
197	198	2
166	183	1
39	71	1
181	182	1
174	181	2
80	81	2
238	240	1
16	16	1
245	246	1
223	223	1
120	120	4
54	54	3
12	73	1
100	100	1
200	200	1
32	33	3
188	188	2
79	79	3
221	221	3
0	53	1
96	96	3
116	116	5
60	62	1
79	80	1
185	186	1
164	238	2
199	199	2
77	77	4
146	182	1
116	120	1
160	160	1
237	237	2
77	78	1
162	169	2
155	155	1
57	57	2
231	231	3
12	20	1
113	114	2
210	247	1
189	195	1
146	147	1
72	115	1
231	233	1
169	184	1
246	246	1
156	167	1
240	241	1
16	17	2
14	90	2
114	115	2
54	56	1
144	145	1
164	215	2
20	20	1
81	82	1
21	21	1
226	226	1
66	66	3
175	178	1
47	58	3
42	64	1
86	87	1
214	236	2
12	14	1
238	245	1
62	96	1
202	207	1
91	92	2
67	68	2
57	58	2
31	31	1
184	184	3
202	203	1
92	92	2
218	218	1
110	110	1
221	222	4
32	39	1
28	28	1
8	8	2
160	212	1
210	210	2
180	180	3
34	74	1
160	180	1
181	181	1
183	183	1
50	51	1
170	171	1
217	241	1
29	30	3
61	61	4
158	158	1
165	169	1
16	44	3
33	34	2
46	109	1
236	236	1
219	234	1
95	98	1
161	178	1
166	198	1
95	95	1
196	197	1
8	9	2
23	44	1
24	24	1
9	9	3
155	174	1
56	56	1
99	99	1
245	245	1
150	150	2
74	84	3
60	97	1
151	151	1
81	84	1
176	176	4
183	197	1
195	195	1
188	189	1
182	185	1
219	219	2
88	88	1
67	69	1
37	91	1
63	76	1
168	169	1
105	106	1
171	171	2
29	29	1
215	215	4
233	233	1
144	230	1
239	246	1
41	91	3
170	170	1
165	236	1
12	13	1
85	85	2
66	69	1
112	117	1
60	108	1
30	97	1
45	46	2
183	190	1
27	65	1
238	247	1
151	155	1
66	68	1
49	50	1
165	175	1
244	244	1
215	232	1
56	59	1
63	79	1
204	204	1
209	209	1
43	43	3
63	107	1
241	242	1
43	98	1
24	97	1
147	182	1
209	213	1
178	179	1
71	73	1
39	40	1
85	87	1
193	235	1
11	33	1
80	80	3
150	204	2
221	244	1
8	92	1
152	152	1
23	28	1
44	44	1
105	105	1
111	119	1
76	77	1
83	83	1
63	83	1
99	116	1
38	38	1
237	238	1
209	210	1
103	103	2
236	237	1
194	200	1
162	162	1
53	53	1
112	114	1
77	104	1
187	187	2
30	101	1
99	117	1
82	82	1
45	109	1
47	47	1
222	222	1
108	115	1
243	243	1
69	192	1
173	174	1
50	50	1
82	83	1
156	157	1
20	240	1
117	118	1
67	70	1
