127	127	3
104	104	9
67	67	13
66	74	4
121	121	11
94	106	4
49	50	4
111	111	7
67	75	3
32	32	4
45	45	5
108	108	9
106	106	8
46	46	8
61	65	2
52	53	8
119	119	10
90	90	1
62	62	5
95	132	6
24	24	5
48	48	8
47	47	5
68	77	4
21	21	2
34	40	1
116	116	5
75	77	3
1	1	2
17	17	7
125	128	14
114	115	2
101	101	5
87	87	9
78	80	6
123	124	10
51	51	11
15	21	1
129	130	7
92	92	8
14	14	4
25	26	1
88	89	5
0	1	4
96	96	5
39	39	10
73	74	6
105	105	12
79	79	3
75	75	8
43	43	2
93	95	6
89	89	6
68	68	1
81	82	7
12	12	3
76	76	9
4	4	4
83	83	12
53	53	5
57	57	7
45	50	1
50	50	11
38	39	5
56	56	6
45	47	4
95	95	3
120	128	5
100	100	13
7	8	6
77	80	2
27	40	3
75	76	2
91	91	10
85	94	1
14	30	3
106	107	10
29	29	11
83	85	3
104	112	4
124	124	4
16	39	3
123	123	5
5	5	5
50	51	5
15	15	2
104	105	3
93	93	4
112	112	7
74	75	2
98	98	6
118	119	8
24	28	9
107	109	2
2	5	1
58	58	3
107	114	4
13	13	11
99	99	7
44	61	4
40	44	5
8	9	1
97	97	6
55	69	6
76	77	1
45	46	3
89	108	4
63	63	4
21	23	1
64	65	1
11	11	8
98	99	2
114	114	3
117	117	4
120	120	2
59	62	4
31	32	2
90	91	3
118	120	2
74	74	3
130	130	10
110	111	2
61	61	5
132	133	1
58	60	6
26	26	2
51	52	1
113	113	1
115	115	4
91	92	2
10	10	6
34	34	1
68	69	2
49	49	5
48	56	1
107	107	6
105	106	1
57	58	2
97	98	2
31	31	2
33	33	5
67	78	1
87	88	2
113	114	1
6	6	4
9	9	2
79	80	1
3	3	5
110	110	2
102	104	4
113	117	1
51	54	3
86	88	3
132	132	3
84	98	1
59	59	2
77	77	12
72	74	4
55	55	1
82	129	1
101	103	4
76	106	4
19	21	2
116	117	3
124	125	2
94	95	5
82	83	1
109	111	2
80	99	1
129	129	1
86	87	3
80	81	1
54	54	5
81	84	3
3	5	6
64	70	4
40	60	3
45	48	5
70	70	1
73	73	3
94	94	3
1	19	2
131	132	8
38	38	4
71	72	1
2	3	1
44	60	2
25	43	4
82	82	2
126	129	1
23	23	1
118	118	4
16	17	2
77	82	1
74	76	1
27	30	4
8	54	3
66	98	3
44	47	1
44	45	1
100	102	1
29	30	1
28	39	1
111	112	7
58	59	2
69	69	5
111	113	2
8	8	6
0	0	4
125	125	2
26	49	3
103	103	4
102	103	3
97	99	1
78	79	3
8	26	3
95	96	3
128	128	1
97	129	2
44	44	2
46	69	1
11	12	1
82	85	2
72	72	1
68	123	1
102	102	1
37	39	2
122	122	3
18	18	1
59	61	2
109	112	2
7	51	3
18	19	1
2	2	1
69	77	1
71	71	1
20	20	5
59	60	1
58	63	1
81	81	1
32	59	1
116	118	1
125	127	1
9	53	1
91	94	1
6	7	1
66	66	1
121	122	1
124	131	1
64	64	1
47	49	1
109	109	1
30	30	2
33	34	2
112	115	1
7	7	1
69	70	1
89	90	1
8	14	1
