25	25	1
78	81	1
43	44	1
132	132	2
1	1	3
101	103	2
127	127	1
154	155	3
40	40	4
163	163	1
124	124	2
115	115	1
145	173	3
77	77	3
132	158	1
26	28	2
5	15	2
26	26	5
22	22	3
39	40	3
8	9	6
147	147	2
10	14	1
41	41	6
88	166	2
14	14	2
11	14	1
79	133	1
5	6	2
29	60	2
131	159	2
15	16	2
104	104	3
19	20	1
3	4	8
29	29	3
137	138	1
98	160	1
135	136	2
36	40	1
165	165	3
158	158	1
113	113	1
86	101	3
44	44	5
171	172	1
117	117	1
3	3	5
25	39	2
91	92	1
32	33	1
42	42	1
54	59	1
169	169	2
141	169	2
58	58	1
14	44	1
168	168	3
62	100	1
138	145	3
68	68	2
84	85	1
122	122	3
17	21	2
21	33	1
76	76	2
174	178	3
123	124	2
91	91	1
53	54	2
111	111	2
149	149	3
35	35	4
63	63	1
108	130	1
90	93	2
11	13	1
9	9	1
72	72	1
24	24	1
166	172	1
78	79	1
12	14	1
4	35	2
85	85	3
21	41	1
12	15	2
117	153	1
99	100	1
140	142	1
9	19	2
14	63	1
120	120	4
143	158	2
99	99	2
126	126	3
118	118	2
124	148	1
95	95	1
153	156	1
92	92	1
19	19	1
90	166	1
10	11	2
89	150	1
88	167	1
13	16	4
170	176	1
37	40	2
120	132	1
157	165	3
90	90	1
108	109	1
143	145	1
31	34	1
156	156	3
23	24	2
170	174	1
143	143	3
15	15	3
163	165	3
101	101	1
120	121	1
19	32	1
148	148	4
62	66	3
84	84	3
153	167	2
128	156	1
72	76	1
96	157	1
88	150	1
160	160	1
12	12	4
119	152	1
17	18	2
123	125	2
37	56	1
77	79	3
112	112	1
173	174	1
50	50	2
106	130	1
34	35	2
79	79	1
5	5	2
174	175	1
134	171	1
2	3	2
2	6	1
28	28	3
168	170	1
5	34	1
92	93	1
86	115	1
123	123	4
177	177	1
62	115	1
2	33	1
144	154	1
15	63	1
74	111	2
137	137	2
110	111	2
21	32	1
64	67	1
6	6	1
55	55	1
139	145	2
23	23	4
0	0	2
131	131	1
30	30	1
122	161	1
80	80	1
13	13	2
87	88	2
96	112	1
122	125	1
114	115	1
114	114	1
9	32	1
126	128	1
104	111	1
124	125	2
145	146	1
57	57	2
168	178	1
19	22	2
41	76	1
26	27	1
154	154	1
153	153	1
110	159	1
77	167	1
105	107	2
45	45	2
159	159	1
21	42	1
136	136	1
139	172	1
17	17	1
15	20	1
11	11	1
64	64	1
139	139	2
20	22	1
150	164	3
93	94	1
6	45	1
129	129	1
103	111	1
9	12	2
144	144	2
14	15	1
21	24	1
6	7	1
41	42	2
27	63	2
120	127	1
25	26	1
18	40	1
39	41	1
38	41	1
128	155	1
172	173	1
65	66	1
153	154	1
54	56	1
173	173	1
85	107	2
116	116	1
133	133	1
154	164	1
90	94	1
98	111	1
62	63	1
2	4	1
38	38	3
9	15	1
146	147	2
1	5	1
61	98	1
83	84	1
76	77	1
67	76	1
39	39	1
12	35	1
146	158	1
103	106	1
10	10	2
97	97	1
117	121	1
57	173	1
113	114	1
121	121	2
168	175	1
96	114	1
122	124	1
11	33	1
108	108	2
142	144	1
63	75	1
128	128	1
15	64	1
16	32	1
12	45	1
146	149	1
87	105	1
130	130	1
134	134	1
16	16	1
15	25	1
67	75	1
164	169	1
6	119	1
1	19	1
164	164	1
42	45	1
22	23	1
135	137	1
41	67	1
162	163	1
