0	0	4
52	53	1
46	47	1
22	29	1
11	19	1
19	51	1
3	3	8
10	35	1
18	31	1
1	2	3
12	13	2
45	46	1
15	55	1
47	48	2
40	40	3
16	16	3
39	40	1
23	35	1
19	37	1
12	50	1
4	4	3
51	52	1
19	19	2
19	36	1
54	57	1
42	43	1
48	48	5
12	12	1
33	33	3
5	6	2
36	38	1
51	51	4
7	8	1
47	47	1
21	22	2
13	44	1
11	14	2
44	44	3
13	13	2
9	9	1
15	40	1
37	37	1
48	49	1
11	12	1
36	36	3
33	34	1
35	35	2
42	42	1
39	39	2
50	50	4
44	45	1
46	46	3
54	58	1
53	55	1
11	11	3
17	17	2
5	5	2
12	14	1
2	48	1
17	40	1
3	49	1
29	29	1
19	56	1
38	50	1
55	55	1
2	3	3
1	1	3
20	21	3
22	22	1
34	34	2
10	10	2
31	31	3
4	48	2
14	14	4
49	49	3
10	11	1
29	51	1
52	52	2
19	29	1
2	2	3
15	15	1
53	54	1
27	27	1
4	49	2
6	6	2
17	18	1
7	28	1
7	7	1
15	33	2
14	58	1
4	5	1
13	14	1
54	54	1
37	38	1
23	23	1
15	50	1
7	9	1
24	53	1
56	56	2
23	52	1
19	23	1
19	58	1
11	35	1
28	57	1
22	23	1
45	47	1
51	58	1
15	16	1
28	30	1
7	29	2
31	38	1
18	18	1
57	58	1
19	22	1
22	24	1
