69	69	3
59	63	1
20	20	2
74	74	1
39	39	2
53	53	3
76	76	5
78	78	1
5	6	2
29	41	1
35	35	1
36	57	3
27	80	1
10	11	1
55	55	1
66	66	2
2	3	1
57	57	2
33	33	1
73	73	3
20	53	1
5	5	3
29	29	3
70	72	1
4	26	1
8	8	2
28	78	1
13	13	1
41	41	1
20	71	1
51	68	1
72	73	1
40	41	1
5	7	1
36	37	1
33	49	1
32	32	2
67	67	2
11	11	1
67	68	2
54	54	1
59	59	1
49	52	2
67	71	2
38	38	1
49	67	1
2	35	1
73	75	1
48	73	1
17	17	2
29	67	1
39	40	1
51	51	2
19	19	2
4	34	1
27	72	1
28	28	1
26	26	1
68	69	1
6	6	1
36	36	1
63	63	1
64	68	1
74	75	1
33	34	1
25	25	1
30	35	1
38	40	1
47	80	1
64	64	1
48	48	1
49	49	1
14	14	1
57	58	1
73	76	1
45	45	1
21	70	1
29	35	1
50	52	1
67	70	1
79	79	1
