107	110	1
79	80	1
73	74	1
53	58	4
83	83	4
32	35	1
20	28	1
33	33	1
40	42	1
44	44	3
113	114	1
112	112	1
70	70	1
45	45	3
67	86	1
78	78	3
69	70	1
60	62	1
23	23	1
89	89	1
72	72	1
28	28	1
81	81	1
107	109	1
69	69	3
50	50	1
94	94	2
92	92	1
51	59	1
109	109	1
76	76	2
39	41	1
65	65	3
98	99	4
93	94	1
61	62	1
79	79	1
68	68	1
49	50	1
78	81	1
106	106	1
67	67	1
67	71	1
30	30	3
59	90	2
56	56	3
103	105	1
37	39	1
62	65	1
26	26	1
20	21	2
53	54	2
25	25	1
82	82	2
109	110	2
104	104	1
71	89	1
77	111	1
33	34	1
29	29	1
42	50	1
81	82	1
70	72	1
96	97	1
38	38	1
76	78	1
82	84	1
30	53	1
97	97	1
82	86	1
106	107	1
104	106	1
70	83	2
63	63	1
105	105	1
80	80	1
64	64	1
111	113	1
49	97	1
