46	46	6
112	116	1
100	100	6
34	34	8
55	56	5
102	102	3
103	105	2
51	55	1
11	92	1
29	47	3
118	118	4
4	90	2
12	77	2
48	50	1
93	93	7
10	10	10
73	73	10
5	58	2
19	19	4
27	27	4
8	82	2
90	90	5
28	28	5
77	77	9
34	93	1
9	9	4
114	114	6
11	11	5
128	128	6
19	20	3
82	82	5
24	24	2
39	41	3
68	68	6
58	58	5
121	121	2
93	95	1
17	121	2
109	109	4
26	26	8
20	21	5
25	26	5
105	106	2
110	110	5
12	68	5
124	125	3
64	65	3
78	78	5
57	57	1
132	132	5
11	27	2
12	29	1
20	36	1
28	29	2
39	39	5
30	30	5
132	133	2
83	90	1
4	97	1
32	33	2
101	101	5
15	39	1
23	23	4
80	80	7
6	82	1
11	13	2
20	60	2
29	49	1
66	83	1
30	60	1
74	74	4
7	26	1
61	62	2
55	81	1
83	109	2
97	98	3
41	41	2
110	111	2
33	33	5
123	123	4
30	84	1
29	29	7
28	47	1
35	45	1
94	94	3
41	42	3
16	16	3
84	93	1
15	15	4
72	73	1
76	77	1
62	62	3
36	36	1
76	76	4
92	93	3
45	45	1
31	95	1
99	99	8
65	65	3
44	44	1
5	6	2
35	35	4
38	81	1
126	126	1
6	6	3
31	37	2
96	97	2
61	61	5
84	84	1
18	33	3
26	93	1
96	101	1
66	68	1
39	101	1
75	75	2
26	27	2
72	72	4
22	22	2
102	124	1
86	86	5
39	43	2
70	70	3
48	92	3
81	83	1
82	83	2
75	76	3
42	43	1
15	16	4
99	100	1
104	105	1
79	81	1
85	108	1
17	17	3
21	21	4
47	47	10
79	80	5
3	120	3
51	51	1
6	8	1
122	122	5
73	74	4
24	33	2
9	14	2
94	95	5
83	83	10
10	73	4
36	45	1
63	74	1
57	58	3
4	7	3
7	7	4
9	67	1
6	94	1
6	7	2
134	134	1
91	92	2
39	82	1
83	126	1
11	46	2
131	133	1
81	81	2
64	75	1
32	94	3
39	81	2
39	44	2
87	87	1
12	18	1
12	13	3
8	8	3
91	91	3
43	43	1
101	131	2
73	76	2
67	67	4
98	99	3
60	60	1
100	101	1
7	90	2
111	116	1
113	113	1
37	37	2
18	18	6
21	82	1
95	96	1
88	88	1
96	96	1
112	112	1
65	66	1
45	46	1
38	38	2
27	29	1
81	82	1
3	122	2
105	105	1
54	55	1
0	0	1
84	87	1
87	132	2
12	67	1
47	64	1
78	79	2
13	13	1
83	89	2
111	126	2
121	122	3
25	47	1
108	108	1
7	16	1
20	20	5
131	131	1
100	123	2
93	98	2
36	39	3
90	96	2
116	127	2
4	84	1
37	42	2
43	78	3
51	56	2
44	45	1
97	97	2
30	85	1
95	95	1
13	19	1
34	108	1
7	8	1
48	48	1
14	14	2
4	11	2
78	92	1
12	35	1
71	72	1
85	86	1
24	134	1
104	107	1
29	116	2
79	79	5
12	12	1
31	32	1
93	125	1
63	64	1
6	12	1
46	47	1
27	47	1
76	85	1
85	118	2
32	32	2
123	132	2
34	80	1
59	79	1
27	93	2
118	124	1
120	121	1
63	63	6
19	35	1
33	39	1
90	91	2
100	120	2
32	48	2
4	27	1
109	110	1
121	123	1
66	66	2
120	120	1
41	78	1
117	117	2
9	13	1
5	11	1
89	89	1
10	11	1
29	93	2
45	82	1
5	5	3
78	81	1
111	127	1
4	4	2
31	31	2
107	110	1
92	92	3
86	118	2
84	108	1
98	100	1
12	73	1
3	65	1
80	83	1
41	43	1
35	96	1
126	128	1
35	72	1
93	126	1
71	71	1
29	35	1
87	88	1
116	116	2
71	75	1
102	129	1
104	104	2
14	44	1
11	18	1
47	93	1
49	50	1
108	128	1
19	33	1
99	101	1
38	39	1
59	59	1
112	123	1
47	48	1
46	78	2
103	103	1
4	19	1
3	3	3
83	87	1
114	133	1
58	60	1
37	38	1
118	126	1
109	117	1
106	126	1
90	109	1
119	119	1
46	71	2
72	75	1
21	84	1
94	111	1
95	98	1
26	47	1
98	98	1
40	43	1
0	1	1
36	37	1
34	35	1
114	115	1
111	111	1
5	97	1
19	43	1
27	32	1
46	69	1
91	101	1
23	26	1
29	90	1
11	31	1
123	129	1
47	123	1
48	70	1
116	123	1
132	134	1
115	117	1
86	87	1
24	25	1
25	104	1
61	78	1
