180	181	2
43	43	3
15	42	1
16	18	1
28	31	2
186	187	2
21	21	3
182	185	1
173	173	3
129	129	1
113	133	1
171	172	1
117	117	1
164	166	2
162	163	4
170	185	2
171	171	3
28	28	2
77	77	2
100	100	2
9	46	1
134	135	2
144	144	3
27	27	3
181	181	4
112	113	2
182	182	1
146	146	2
161	161	4
49	112	1
71	71	1
161	182	1
142	149	2
147	148	1
33	35	2
69	71	4
180	180	3
158	158	1
149	149	5
120	120	2
137	144	1
145	145	1
169	171	3
5	7	1
156	156	4
177	185	3
102	102	2
172	181	2
47	47	2
135	137	3
100	121	1
37	42	1
98	98	1
172	189	1
157	157	5
50	51	1
153	153	1
142	142	1
121	146	2
189	190	3
192	192	2
37	37	2
124	125	1
167	167	4
79	80	1
19	19	3
96	97	1
15	15	1
195	195	4
62	62	3
175	178	1
26	26	2
4	5	1
83	83	1
25	25	1
12	16	1
159	159	2
136	138	2
137	137	2
85	88	1
118	118	2
187	189	2
124	127	2
26	28	2
118	126	1
182	183	3
34	34	1
121	121	2
189	189	9
2	2	2
126	171	1
174	177	1
173	175	3
125	125	1
30	54	1
87	123	1
162	167	1
197	197	2
154	159	1
60	60	1
194	194	2
115	115	1
142	145	1
47	194	2
114	114	2
115	118	2
106	106	3
53	57	1
101	101	4
1	2	1
152	152	4
48	52	2
126	136	1
171	173	3
30	30	3
35	35	4
161	162	4
103	104	1
3	19	1
125	136	2
19	24	1
167	191	2
108	110	2
169	179	2
188	188	1
111	111	2
39	82	2
181	182	1
93	93	1
158	159	1
42	43	2
155	170	1
155	155	1
135	135	2
179	179	3
178	178	2
20	20	1
185	185	1
76	76	1
9	100	2
42	42	2
22	22	2
183	183	2
131	132	1
163	164	4
103	108	2
87	137	1
27	190	1
151	152	2
192	193	1
54	54	2
149	164	2
105	105	3
162	164	1
110	110	4
6	27	1
133	133	6
31	31	1
40	79	3
17	40	1
115	138	1
21	36	2
27	28	1
143	143	1
130	131	2
10	42	2
24	26	1
119	119	1
131	161	1
70	71	1
78	78	1
43	45	3
108	134	1
112	112	1
63	63	2
27	30	2
67	69	2
32	32	1
97	98	2
44	44	1
51	70	3
55	55	1
52	52	2
1	1	2
160	160	3
166	177	1
190	190	1
174	174	2
168	173	2
43	44	2
86	86	1
77	79	1
88	89	2
16	16	1
142	171	1
0	0	1
6	8	3
163	163	2
138	160	1
93	94	1
83	84	1
153	175	1
107	117	1
8	33	1
45	45	2
81	81	1
157	175	1
105	169	1
178	182	1
108	108	1
140	140	2
190	191	1
162	162	2
148	148	2
100	191	1
21	38	1
3	150	1
160	161	1
18	20	1
148	169	2
126	127	1
123	127	1
170	170	2
78	79	1
40	46	1
150	150	2
77	78	3
175	175	1
113	120	1
176	176	1
147	159	2
124	135	2
139	139	1
17	23	1
10	10	1
174	176	1
72	120	1
36	37	1
25	26	1
68	68	1
25	66	2
0	1	3
141	142	1
70	72	1
35	36	1
3	3	1
156	157	1
67	67	1
82	82	1
160	163	1
154	154	1
11	12	1
149	151	1
171	180	1
6	6	1
19	35	1
154	156	1
168	178	1
155	156	1
90	90	2
147	151	1
56	57	2
175	176	1
109	172	1
136	136	1
46	46	1
111	112	1
109	110	1
45	57	1
107	108	1
176	177	1
170	171	1
183	186	1
185	186	1
123	169	1
193	194	2
130	181	1
10	13	1
172	183	1
168	168	1
13	13	1
143	144	2
138	138	1
14	14	1
127	138	1
5	5	1
96	96	1
67	68	1
100	183	1
7	8	1
9	9	1
14	15	1
40	108	1
73	73	1
147	147	1
177	180	1
10	39	1
187	188	1
29	29	1
36	36	1
100	114	1
52	53	1
128	184	1
100	101	1
1	160	1
129	130	1
36	61	1
2	3	1
61	81	1
