60	91	2
20	45	1
90	91	5
67	67	15
71	73	6
81	83	2
61	61	8
76	76	6
36	38	1
100	100	14
45	48	1
45	51	4
36	36	8
26	27	4
66	67	5
94	94	11
91	91	17
47	48	4
86	86	19
40	41	3
76	79	1
52	52	14
45	50	1
85	89	3
36	37	6
97	97	11
91	101	1
94	98	1
70	70	17
62	63	4
40	63	1
46	46	14
20	92	1
77	78	3
40	40	10
53	53	9
72	72	13
78	78	21
50	50	12
42	42	22
79	79	11
94	95	6
90	99	1
80	100	1
99	101	3
33	33	11
48	49	5
60	60	11
65	65	10
38	53	1
99	99	8
96	98	1
50	52	2
59	59	19
50	51	4
39	98	1
25	56	1
90	90	22
62	62	16
43	44	3
42	68	2
53	55	1
58	91	1
64	67	1
83	83	3
54	94	1
71	72	5
58	58	12
91	93	2
41	41	19
81	82	2
55	56	5
92	92	18
26	26	8
68	69	4
68	68	13
80	80	10
34	61	1
85	96	2
58	61	1
69	69	9
52	86	1
58	64	1
47	63	2
37	39	1
44	44	15
34	34	6
94	96	2
63	63	13
43	43	15
33	37	3
91	92	2
49	63	2
93	93	8
85	87	1
44	51	1
64	64	19
23	26	1
48	48	19
85	85	13
61	62	1
87	89	5
95	100	1
58	60	4
85	95	3
98	98	7
96	100	3
86	88	2
61	71	1
85	86	2
49	49	9
65	73	3
49	74	1
56	59	2
44	74	1
67	68	5
60	61	8
31	49	1
79	80	7
66	66	14
42	43	18
84	93	1
73	95	4
101	101	12
82	82	2
69	71	1
88	89	4
63	91	2
93	101	2
77	77	16
36	45	1
94	97	2
51	51	10
98	99	5
67	102	3
25	25	11
100	101	5
53	54	2
89	93	2
74	93	1
63	64	11
59	90	1
39	40	7
81	81	8
70	99	1
31	40	3
89	89	14
58	90	1
72	73	5
67	73	1
90	93	1
81	85	1
63	73	1
71	71	10
29	29	8
57	57	16
96	96	6
74	74	10
44	48	2
92	93	10
35	37	1
45	47	1
86	89	4
88	96	1
65	66	5
95	95	9
20	65	1
84	88	5
55	55	5
30	31	1
51	64	2
61	67	1
80	81	5
37	37	6
87	88	3
96	97	6
47	82	1
75	75	12
47	47	7
68	71	2
39	58	1
59	78	1
34	35	2
76	77	5
24	27	1
53	56	2
57	58	1
45	45	8
98	101	1
38	38	7
30	34	1
42	67	1
31	31	10
34	36	1
51	57	2
89	90	2
23	23	3
33	35	2
20	57	1
42	101	1
70	71	2
60	62	3
43	85	1
81	92	1
41	43	4
53	88	1
52	90	1
80	101	1
33	54	1
50	74	1
102	102	2
56	60	3
61	76	1
24	24	4
20	20	3
83	92	2
101	102	2
41	42	2
73	73	9
70	76	1
22	23	3
86	93	1
24	55	1
95	98	3
97	98	3
78	84	1
78	92	2
56	57	4
46	47	4
75	76	1
62	79	1
22	25	2
44	45	4
59	99	1
34	39	2
59	60	1
27	27	7
95	96	5
58	71	1
62	69	1
84	84	6
74	75	3
86	87	2
61	77	1
27	88	1
99	100	5
64	88	1
63	71	2
45	49	1
73	74	4
39	39	13
37	38	4
52	53	2
75	77	2
50	59	2
43	74	2
87	93	1
59	62	1
80	91	2
76	78	3
35	78	1
80	82	1
38	54	1
25	27	2
94	101	3
20	30	1
44	49	2
80	99	2
38	40	1
95	97	3
40	68	3
46	53	1
54	54	6
35	53	1
37	55	1
36	50	1
61	92	1
56	56	4
48	56	1
56	75	1
35	64	1
45	99	1
96	101	1
24	26	2
62	89	1
30	30	3
29	30	2
52	54	4
75	79	2
60	72	1
65	70	3
40	62	1
33	36	1
49	51	2
54	60	1
31	48	1
55	92	1
32	45	1
23	29	1
30	59	1
61	91	1
40	43	1
43	76	1
48	99	2
38	39	2
54	55	1
32	72	2
65	67	1
65	75	1
57	64	1
27	28	2
74	76	1
66	90	1
58	99	1
86	92	1
33	59	2
35	35	6
57	93	1
45	57	1
47	61	1
47	49	2
35	39	1
48	50	1
65	99	1
26	30	1
44	64	1
78	79	1
87	92	1
95	99	1
51	92	1
89	96	2
26	28	2
66	68	1
40	57	1
52	87	1
72	90	3
27	29	1
40	51	1
38	51	2
38	48	1
43	90	2
93	96	1
35	51	1
25	88	1
69	70	5
46	84	1
46	48	3
80	89	1
50	63	1
76	84	1
43	50	2
90	92	2
97	99	1
88	88	7
80	85	2
57	60	1
31	90	1
78	90	2
85	90	1
35	36	2
87	87	2
22	22	2
63	80	1
57	77	1
20	22	2
69	85	1
66	69	1
48	97	1
40	95	1
64	80	1
76	86	2
22	31	1
43	65	1
51	80	1
38	78	1
84	100	1
48	51	1
44	75	2
63	65	2
41	44	2
50	58	1
49	50	2
78	85	1
57	59	1
77	79	1
42	85	1
28	28	2
32	32	1
42	94	1
75	85	1
64	65	2
64	69	2
48	59	1
46	55	1
32	33	1
51	55	2
33	34	2
45	75	1
57	71	1
21	24	1
28	63	1
43	66	1
45	65	1
45	63	1
59	76	1
78	83	1
28	47	1
39	50	1
84	87	1
73	99	3
33	39	1
81	93	1
61	80	1
35	56	1
31	54	1
86	90	1
84	89	1
63	72	1
64	68	1
60	64	1
20	37	1
51	63	1
92	101	1
67	72	1
88	91	1
31	32	1
61	64	1
42	44	1
21	56	1
54	57	1
56	95	1
56	93	1
59	63	1
67	69	1
49	91	1
61	74	1
87	98	1
58	59	1
89	101	1
41	59	1
55	59	1
51	53	1
