86	87	4
66	66	7
74	74	2
28	44	3
68	69	3
79	81	3
88	88	3
76	80	1
77	77	4
37	37	8
60	60	10
86	86	4
61	61	1
43	75	3
49	49	3
93	93	2
45	45	3
66	99	2
51	60	2
84	84	15
52	52	3
101	102	6
63	64	1
66	67	4
57	88	2
42	42	9
29	29	5
36	37	4
85	97	5
43	43	7
83	83	5
69	69	2
61	97	5
21	21	7
53	53	4
106	106	4
80	80	5
63	63	2
30	30	9
101	101	12
45	70	4
37	49	1
82	82	5
92	92	5
28	31	3
97	98	5
82	95	1
96	96	1
73	77	1
36	87	4
93	95	3
84	94	3
89	90	1
93	94	3
42	43	6
22	22	10
36	68	3
68	92	1
98	98	1
95	95	1
35	35	5
60	76	3
86	90	1
25	33	1
38	51	2
59	77	2
82	98	5
105	105	4
46	47	2
78	78	1
99	100	4
70	70	6
32	32	4
34	50	5
58	58	2
73	73	5
40	44	2
43	44	2
60	90	2
78	79	3
100	101	1
27	28	2
23	23	3
57	57	3
78	98	1
72	76	1
68	68	2
62	104	1
34	71	1
46	46	2
94	94	8
55	56	2
73	80	1
93	97	3
75	75	2
90	92	3
84	86	1
31	33	1
37	68	2
97	97	4
71	87	6
24	32	1
72	77	4
41	41	1
81	90	2
26	27	1
42	44	7
77	78	6
36	101	1
50	50	8
71	75	2
24	25	1
71	71	5
23	73	4
40	40	1
60	77	2
100	102	1
40	42	2
24	24	3
71	76	1
28	28	1
35	68	1
99	99	3
28	85	2
68	70	2
103	103	2
41	47	4
52	60	1
26	26	1
82	106	1
32	34	1
47	47	1
53	55	4
104	104	5
90	90	4
55	55	1
72	72	1
33	33	3
89	89	2
80	81	1
100	100	2
102	102	2
61	105	1
39	39	2
31	32	2
87	87	1
35	74	1
21	52	1
47	49	1
