38	38	4
35	41	2
40	43	1
6	6	1
50	50	2
58	71	1
29	30	2
35	39	1
10	11	2
5	6	2
74	76	2
11	11	1
44	45	4
35	35	2
64	64	2
50	51	1
39	39	1
48	49	1
60	61	1
5	5	2
55	55	3
65	65	1
51	54	1
35	36	1
4	4	2
2	3	1
4	30	2
56	57	1
59	59	1
12	32	1
37	38	2
52	52	2
7	45	1
3	4	1
32	50	1
4	5	2
63	63	1
3	3	2
28	28	3
45	45	1
49	66	1
30	31	2
68	69	2
40	40	1
12	12	3
46	67	1
71	76	1
61	72	1
1	4	2
26	27	1
13	13	2
29	29	2
72	72	1
72	73	1
74	74	1
51	65	1
49	50	1
42	62	1
8	8	1
44	46	1
27	27	2
19	19	1
61	61	1
4	24	1
71	71	1
73	73	1
7	7	2
49	65	1
71	72	1
47	47	1
69	69	1
