45	45	25
65	70	3
26	26	16
78	78	8
118	120	1
66	66	21
84	100	1
7	7	11
68	101	2
4	5	6
10	11	8
122	122	12
58	58	11
95	115	2
118	118	9
42	44	4
100	120	2
98	98	17
1	1	8
60	62	4
87	91	1
27	27	16
56	56	21
94	94	12
9	58	1
90	92	1
125	125	17
48	49	7
97	98	11
76	77	4
75	77	2
61	104	2
85	85	15
71	73	1
99	126	5
55	56	4
23	23	6
2	14	4
124	125	5
59	60	14
120	121	7
17	17	20
91	91	11
42	42	13
47	47	14
75	76	7
78	81	4
123	123	13
43	43	11
50	51	10
130	130	11
66	67	6
128	130	4
39	39	18
79	81	12
33	33	10
0	1	7
57	57	15
16	120	2
44	47	3
101	107	1
45	47	6
70	70	12
6	8	1
30	46	1
105	106	10
107	107	13
86	86	17
96	97	7
116	116	12
72	72	14
51	51	25
100	100	19
126	126	15
25	29	2
72	73	3
119	123	4
109	109	13
67	68	11
24	24	8
97	97	12
76	87	2
112	113	1
119	119	19
22	22	24
32	32	16
46	48	5
95	101	2
93	93	17
95	95	12
77	79	4
80	80	17
114	116	7
53	54	9
101	119	3
10	127	1
110	110	16
115	115	6
94	96	6
55	55	9
68	68	15
10	10	11
131	131	10
89	90	7
60	61	3
124	124	13
14	21	5
1	2	4
104	107	2
83	87	1
24	39	2
121	121	7
6	6	8
111	111	18
70	72	4
84	85	5
38	44	1
81	83	4
31	32	15
94	95	7
121	122	4
103	103	20
99	119	2
18	18	17
57	116	1
67	67	29
93	94	3
33	78	1
12	13	8
40	40	14
16	16	3
32	33	8
3	17	1
19	19	8
54	55	9
21	51	2
88	92	2
107	118	2
77	77	16
127	127	5
80	82	3
71	72	4
18	43	1
112	120	2
90	90	10
20	72	1
73	74	3
105	105	18
16	17	1
49	70	2
49	50	5
62	64	3
89	89	8
10	18	2
15	15	14
18	45	1
38	38	10
101	101	14
59	59	14
10	13	3
64	64	10
92	92	12
99	101	7
56	71	4
100	101	6
127	128	6
108	112	2
51	53	1
84	84	12
29	30	5
63	63	17
69	86	2
99	128	3
18	21	4
114	114	21
101	103	6
41	74	2
76	78	2
12	12	19
49	49	15
95	99	3
118	132	1
79	80	18
17	45	1
16	22	2
44	111	1
38	69	1
108	108	9
64	70	1
3	4	6
126	128	8
16	55	4
96	96	14
133	133	4
44	44	14
106	107	11
18	25	1
26	79	2
124	127	4
102	119	2
27	47	1
19	101	1
53	53	11
100	102	3
54	54	16
46	46	12
26	27	3
5	23	1
8	9	12
29	62	1
15	18	1
99	99	18
61	105	1
25	26	6
18	22	11
61	73	3
11	11	14
47	58	2
5	5	9
63	64	6
3	11	2
13	14	7
17	18	11
73	73	14
81	81	12
87	88	4
13	13	11
12	126	2
15	69	1
20	20	14
45	59	1
74	74	10
21	21	9
30	32	2
83	83	11
24	30	1
47	48	14
25	25	13
67	99	1
11	50	1
68	96	1
28	28	20
52	53	6
28	30	4
107	109	1
120	120	9
65	95	1
95	96	5
4	45	1
46	47	5
130	132	2
64	102	1
47	59	2
62	63	7
95	125	2
83	84	7
6	7	1
43	115	1
118	119	8
31	31	8
71	82	1
112	112	13
129	129	3
58	67	2
132	132	3
76	76	8
50	50	9
73	80	1
109	110	3
48	72	2
24	40	1
87	87	13
67	118	2
38	39	6
71	71	12
88	122	1
14	15	6
77	115	3
41	45	1
113	131	2
44	56	2
65	66	5
59	71	2
124	129	2
41	42	17
3	45	2
79	79	5
60	60	10
107	108	7
82	91	2
125	129	2
88	88	5
3	3	15
44	45	9
131	132	6
85	86	15
116	117	4
0	0	2
70	71	2
117	117	9
69	70	4
94	104	2
82	85	2
14	14	13
15	26	2
81	86	5
113	113	14
48	48	14
102	102	11
125	128	1
81	82	6
128	129	5
111	116	2
102	103	6
19	22	2
61	61	14
9	12	2
30	30	8
43	46	1
110	115	1
17	20	1
98	126	2
108	109	6
78	79	6
62	62	10
123	124	4
26	31	2
115	116	12
41	43	10
23	24	2
9	11	3
33	43	1
82	82	3
52	52	6
97	107	5
7	57	3
5	16	1
116	130	3
104	105	6
40	41	6
22	54	1
69	69	19
54	60	1
51	57	3
57	69	3
103	106	2
41	41	10
31	105	2
85	94	1
54	111	2
48	74	2
129	130	2
38	40	4
78	106	2
99	100	8
12	14	3
21	45	2
84	123	3
70	83	1
128	131	2
45	46	7
0	63	1
13	57	1
39	41	1
45	48	3
88	90	4
2	3	3
19	21	7
17	24	2
98	125	3
80	81	2
59	84	1
6	97	1
15	29	1
54	56	7
4	33	1
104	104	11
111	112	2
72	74	3
20	45	1
107	114	2
56	57	6
33	34	8
13	15	3
15	19	1
4	4	6
107	112	2
104	106	4
47	49	2
18	19	3
118	128	1
25	27	4
20	42	4
81	104	2
52	56	2
100	119	3
43	82	1
19	20	4
96	120	3
9	9	2
127	132	1
113	114	3
101	102	8
43	44	3
110	111	4
112	115	3
70	86	1
8	11	4
1	102	2
67	69	4
14	19	2
86	120	1
46	53	1
98	101	3
97	126	2
39	51	1
22	24	4
92	94	1
106	118	1
18	47	3
27	29	2
82	127	3
115	117	1
19	54	1
39	40	5
110	112	3
63	78	1
48	57	1
109	111	2
106	106	10
20	21	8
41	47	3
74	77	2
61	81	1
106	119	1
32	34	1
117	125	1
85	96	2
15	16	2
117	129	1
1	45	1
82	84	6
96	107	3
16	21	1
9	113	2
78	89	1
127	129	3
19	32	1
64	65	5
73	129	2
101	105	2
4	10	1
26	115	1
25	30	1
40	71	1
44	60	1
27	28	5
45	54	1
98	99	4
32	112	1
58	59	4
97	118	1
29	29	5
61	62	6
86	87	4
5	7	2
42	48	1
32	77	2
83	94	1
89	91	6
80	88	1
95	127	1
22	34	1
42	55	2
126	127	7
40	42	4
115	119	1
82	87	1
82	83	5
101	127	1
114	129	1
17	22	2
65	96	1
63	65	2
80	102	1
125	126	5
91	92	5
60	71	1
68	69	3
53	96	1
64	69	2
114	119	1
65	65	10
75	75	7
71	74	1
22	23	3
4	6	2
130	131	3
59	87	2
11	13	2
34	34	2
5	25	3
16	20	1
96	99	1
89	122	2
33	41	3
69	71	4
57	70	3
87	90	4
75	79	2
8	12	1
59	67	3
47	90	2
21	22	4
42	47	2
44	113	1
45	72	2
97	104	3
6	23	1
15	17	1
85	88	1
39	45	2
15	60	1
38	71	1
99	102	2
77	87	2
91	94	2
114	117	2
5	26	1
63	94	2
34	40	1
48	50	1
100	117	1
20	49	1
119	120	5
90	91	5
73	82	2
47	74	1
26	45	2
55	59	2
2	2	5
110	113	3
11	14	2
96	125	2
0	2	1
110	117	3
21	43	1
55	85	1
96	128	1
109	113	1
96	109	1
98	120	1
33	40	3
29	33	2
68	98	1
0	45	2
94	125	1
46	59	1
94	110	2
125	132	1
41	73	1
50	54	2
39	44	1
101	120	2
59	61	5
51	52	3
95	106	1
24	28	1
5	8	1
22	30	1
9	56	1
109	121	1
8	8	4
95	97	3
45	49	1
14	20	1
105	107	3
62	83	1
128	128	3
97	119	1
91	93	1
26	30	1
15	25	2
46	90	1
41	46	2
46	74	1
58	64	1
30	31	1
64	80	3
76	100	1
44	46	1
63	72	1
24	43	1
13	18	1
17	19	3
34	39	1
110	133	1
20	25	2
31	41	1
96	124	1
42	43	5
69	94	2
80	110	1
65	89	1
93	95	2
19	52	1
60	68	2
89	92	1
93	96	1
6	16	1
62	94	2
47	122	1
16	18	3
88	89	3
27	33	1
32	43	1
8	20	1
19	49	1
47	50	1
24	26	2
8	59	1
129	132	1
103	105	2
114	118	2
53	55	1
28	29	3
101	118	3
121	123	1
83	113	1
106	108	2
20	120	1
67	81	1
41	44	3
44	74	1
107	119	1
54	80	1
120	125	1
73	127	1
15	21	2
16	19	1
3	42	1
26	69	2
61	63	2
52	54	3
74	126	1
48	53	1
96	98	1
22	51	2
70	77	1
9	13	2
86	90	1
25	47	1
46	70	2
21	65	1
60	97	4
57	113	1
92	98	4
65	85	1
44	70	2
17	25	1
96	102	2
24	25	2
13	22	1
66	94	1
28	104	1
10	16	2
86	88	3
100	127	2
44	48	2
15	44	1
3	8	1
93	105	1
80	86	1
23	101	1
25	66	1
2	26	1
111	113	2
119	122	1
49	76	1
122	130	1
62	79	1
113	115	2
43	45	1
53	122	1
19	63	1
5	17	1
78	112	1
2	8	1
62	75	1
21	50	1
100	103	1
123	125	1
33	44	1
69	95	4
64	67	1
65	69	1
49	56	1
53	110	1
31	112	1
80	131	1
58	73	1
50	109	1
11	21	1
129	131	2
94	109	4
46	60	1
117	118	4
73	118	2
50	56	1
49	55	1
12	125	1
59	83	2
94	97	3
77	89	1
120	122	1
96	104	1
14	122	1
5	22	1
8	46	1
86	94	1
31	33	1
20	27	1
11	12	1
62	80	1
58	70	1
85	87	1
45	58	1
124	131	1
59	64	1
59	62	1
74	75	4
58	71	2
5	13	1
22	25	1
116	118	1
42	45	1
64	76	2
24	65	1
122	124	2
15	61	1
86	97	1
81	85	2
44	121	2
117	130	1
4	74	1
126	130	1
46	49	2
2	13	1
51	55	1
14	16	2
4	9	1
12	57	2
56	81	1
66	68	1
68	72	1
58	69	1
77	78	2
10	117	1
55	62	1
80	100	1
49	58	1
111	114	1
9	10	1
10	58	1
86	91	1
55	64	1
118	126	1
84	120	1
61	93	1
108	111	1
108	117	2
112	132	1
113	133	1
28	33	1
57	58	2
41	56	1
81	119	1
28	43	1
59	72	1
90	93	1
27	69	1
24	29	1
20	22	1
21	48	1
13	44	1
54	106	1
55	65	1
69	100	1
105	108	1
85	91	1
54	58	1
27	32	1
46	58	1
58	68	1
65	84	1
102	104	1
58	62	1
62	95	1
67	70	1
2	43	1
73	128	1
66	84	1
68	70	1
123	131	1
27	30	1
23	25	1
34	38	1
100	118	1
50	70	1
20	44	1
10	12	1
30	62	1
39	65	1
28	103	1
80	106	1
59	73	1
92	93	1
97	106	1
62	73	1
