25	25	2
17	53	1
10	16	2
57	57	2
40	40	2
11	13	1
60	60	3
4	4	1
6	47	1
63	63	1
59	75	2
2	2	2
70	71	1
33	33	2
65	70	2
45	45	1
15	47	1
66	69	1
9	9	2
58	58	1
6	53	1
50	50	2
55	57	1
51	51	2
63	65	1
55	55	1
28	37	1
6	9	2
9	72	1
64	77	2
17	54	1
41	41	1
74	75	2
4	40	1
61	61	4
66	70	1
72	72	2
71	71	1
21	25	2
74	74	1
5	5	1
80	80	1
19	39	1
6	6	2
3	7	1
36	36	1
47	48	1
77	77	2
75	75	2
27	29	1
8	65	1
50	52	1
69	69	1
37	38	1
8	8	1
0	2	1
69	71	1
54	54	2
78	78	1
1	1	1
5	55	1
18	18	1
39	39	1
48	48	1
10	10	1
53	53	1
49	52	1
30	30	1
13	22	1
7	8	1
16	16	1
46	46	2
37	37	1
66	66	1
2	29	1
