223	223	3
198	204	1
23	23	1
33	35	1
94	94	3
89	89	5
179	179	4
175	175	2
34	34	4
156	161	2
25	25	2
193	219	2
182	182	2
236	236	2
111	111	1
80	80	2
235	235	4
162	168	1
59	59	2
209	211	2
233	233	1
229	230	1
150	174	1
170	170	7
222	222	1
102	103	1
213	213	4
202	202	2
220	228	2
3	3	3
72	165	1
118	118	3
68	118	1
16	112	1
69	70	1
175	179	1
57	86	1
91	101	2
158	160	1
69	69	1
53	53	2
239	243	2
162	179	1
48	100	1
24	26	2
38	38	1
65	68	1
112	239	2
245	245	4
167	167	5
178	184	2
155	222	3
151	151	1
171	173	2
61	62	1
224	228	1
13	38	1
207	207	4
173	173	6
68	68	5
183	236	1
3	94	1
62	63	2
110	111	1
56	56	3
106	106	1
188	189	1
220	220	1
146	147	1
99	99	2
15	15	4
7	7	2
180	180	2
42	42	4
81	81	4
8	8	2
56	57	1
52	66	1
205	227	1
84	112	2
240	242	1
55	55	4
84	84	3
19	20	2
49	82	2
185	185	3
16	23	1
1	217	1
235	247	1
208	213	1
187	189	1
246	246	2
11	20	1
158	182	1
58	58	2
48	68	3
198	198	2
21	23	1
108	237	1
213	242	4
204	236	1
76	76	5
190	238	1
116	173	1
176	183	1
14	14	3
203	203	1
63	74	1
87	89	3
168	168	2
50	83	1
171	176	1
102	102	3
152	188	3
184	184	2
41	41	2
190	241	1
221	222	4
31	109	2
71	72	3
15	55	2
207	219	1
45	45	3
19	69	1
112	114	1
110	110	3
168	178	1
109	109	2
157	157	5
146	146	1
214	248	2
105	105	3
1	27	1
77	77	2
71	112	2
164	164	3
233	236	1
191	191	1
156	213	1
190	190	1
30	30	1
209	210	1
158	159	3
147	239	1
35	35	3
186	186	4
190	242	1
75	75	1
175	177	1
6	6	1
213	239	2
177	177	2
169	169	1
173	218	1
50	102	2
208	209	1
65	65	1
234	235	2
214	214	2
244	244	2
3	4	1
60	61	2
41	157	1
150	150	4
163	163	2
6	45	1
22	22	1
3	90	1
4	4	2
87	98	1
107	178	1
158	158	2
165	165	4
232	232	1
176	176	2
200	200	2
166	166	2
5	5	2
177	183	1
4	112	1
114	114	4
37	69	1
161	161	2
249	249	1
51	103	1
171	171	2
216	216	3
237	237	5
219	219	1
9	9	2
239	239	1
209	209	3
192	212	1
199	200	1
237	239	1
39	39	2
16	16	1
162	162	2
187	187	1
66	66	3
215	215	4
198	245	2
32	33	1
79	79	2
159	182	1
214	215	2
18	18	1
218	218	2
163	185	1
118	178	1
213	214	2
199	199	1
118	153	1
201	204	1
193	195	1
40	42	1
44	45	1
82	82	3
176	233	1
242	242	3
98	98	1
205	205	4
98	99	1
241	244	4
27	27	1
154	154	1
30	147	1
24	54	1
192	192	1
200	201	1
113	113	2
1	1	1
163	196	1
208	210	1
110	113	4
116	197	1
59	85	1
6	8	1
66	67	2
51	51	1
90	111	2
191	213	1
182	184	1
154	186	1
112	112	4
226	226	1
94	95	1
164	188	1
100	178	1
234	234	2
46	47	1
24	32	1
23	112	1
18	47	1
217	218	1
117	117	1
172	172	2
245	246	1
86	86	2
64	66	2
168	175	1
121	121	1
6	87	3
91	91	2
231	231	2
224	224	1
73	74	1
78	110	1
57	57	1
12	76	1
118	146	1
100	199	1
176	179	1
13	37	2
157	181	1
183	194	1
119	119	5
212	212	3
39	113	1
36	36	2
92	92	1
35	174	2
115	115	3
31	33	2
72	167	1
49	49	3
183	183	2
75	119	1
87	87	2
20	20	1
171	175	1
242	246	2
97	97	3
156	156	1
65	69	1
15	100	1
160	160	1
247	248	1
170	215	1
37	37	1
192	210	1
24	24	2
48	48	2
183	233	1
63	70	2
156	227	1
151	205	1
222	223	1
75	76	2
70	74	1
30	95	1
193	216	1
210	210	1
78	79	1
15	48	1
71	71	1
82	83	1
211	217	1
54	54	2
31	32	2
59	79	1
65	66	1
4	90	1
65	239	2
172	173	2
54	68	1
203	204	1
68	74	1
97	98	1
153	170	1
5	47	1
153	188	1
70	118	1
237	241	1
30	231	1
161	175	1
55	57	1
191	192	1
71	157	3
236	237	2
174	222	1
29	30	1
173	221	1
101	101	1
164	208	1
223	224	1
193	208	1
64	65	1
29	50	1
163	184	1
225	226	1
182	185	1
161	187	1
44	237	2
162	166	1
164	169	1
56	59	1
100	101	1
12	12	1
30	105	1
107	108	1
61	170	1
238	238	1
108	149	1
170	217	1
53	96	1
16	103	1
14	86	1
28	110	1
169	170	1
108	117	1
106	108	1
17	17	2
119	160	1
62	110	1
41	43	1
153	153	2
217	217	1
117	118	1
80	83	1
14	59	1
50	50	1
229	229	2
201	202	1
153	189	1
2	171	1
39	42	1
41	210	1
235	248	1
42	43	1
215	245	1
243	243	1
6	48	1
22	31	1
44	44	1
214	242	1
231	233	1
32	103	1
