80	81	4
62	64	1
85	86	3
103	103	2
109	110	2
46	47	2
95	100	2
51	81	2
103	108	2
87	91	2
70	73	1
36	52	3
82	83	3
101	102	1
39	39	3
96	100	1
74	74	1
60	60	2
37	37	2
96	96	7
87	87	6
114	114	2
106	106	1
43	96	3
83	83	2
45	45	4
22	24	1
96	97	2
55	57	1
99	100	2
84	84	4
96	102	1
111	115	1
111	111	1
92	92	2
78	78	1
72	77	2
57	57	2
81	81	3
43	44	1
40	41	2
102	102	3
68	68	2
37	38	3
38	38	8
68	70	2
52	52	1
43	43	2
99	99	2
40	40	1
62	62	2
72	72	3
62	95	2
88	92	2
63	105	2
57	58	2
102	110	1
111	112	1
49	49	3
79	79	3
30	31	5
103	104	2
41	41	1
91	91	1
71	82	1
35	66	1
59	65	1
73	74	2
53	54	2
69	69	2
80	85	2
66	93	1
109	109	1
59	60	1
88	89	4
75	81	1
77	77	1
95	97	1
61	61	2
47	49	1
73	73	2
31	35	1
68	79	1
75	75	3
40	76	2
66	67	1
95	95	1
63	63	1
107	107	1
59	59	1
21	21	2
60	86	1
26	53	2
100	100	1
53	53	3
77	81	1
34	35	3
93	93	2
104	104	2
106	107	1
48	48	2
93	94	2
36	54	1
46	84	1
60	111	2
92	94	1
82	101	2
26	26	2
94	94	2
66	111	1
69	71	1
68	72	3
36	36	2
37	39	2
89	89	1
20	22	1
55	55	1
97	97	1
78	83	1
95	98	1
51	51	1
50	50	2
37	72	2
53	73	1
35	83	2
80	80	1
64	65	1
26	27	1
66	66	1
33	33	2
82	84	2
54	54	1
42	78	1
28	112	1
87	88	1
50	71	1
76	84	1
48	49	1
72	86	1
87	96	1
36	59	1
75	76	1
43	95	1
63	64	1
