22	22	4
118	118	2
39	39	5
24	24	1
5	5	2
127	138	2
35	37	3
10	11	1
13	13	1
110	144	1
54	55	1
101	113	1
32	66	1
4	14	1
142	143	1
8	23	1
138	138	3
108	108	1
99	105	1
29	30	2
73	73	2
122	151	1
74	77	5
136	147	2
131	131	1
64	65	1
140	146	1
62	62	2
152	153	1
14	15	4
30	30	3
19	19	2
68	69	1
64	64	2
9	9	2
31	71	1
122	149	1
119	120	2
110	110	1
44	77	3
141	141	3
4	33	1
25	25	7
25	26	3
86	86	3
38	40	1
10	96	1
57	57	6
74	81	4
80	81	2
150	151	2
74	76	1
114	114	1
130	132	1
5	31	1
20	25	1
92	92	3
11	18	2
6	39	1
3	3	2
20	20	1
120	120	1
109	109	2
123	127	1
40	40	4
150	150	2
45	45	4
36	36	3
34	34	1
122	123	2
74	78	1
57	77	2
129	141	1
109	153	1
70	70	1
44	44	5
67	68	1
96	96	3
45	64	1
27	27	2
72	72	2
130	130	3
33	34	2
134	134	2
7	11	1
147	148	2
58	58	1
12	14	3
140	140	1
77	77	1
8	24	1
39	40	1
21	99	2
145	145	6
55	56	1
27	28	1
111	111	2
136	136	3
16	18	2
43	76	1
140	141	1
107	107	1
11	30	1
111	125	1
7	20	1
117	118	2
83	84	1
85	85	1
65	65	2
125	153	1
120	128	1
50	51	2
135	152	1
23	30	1
13	20	1
28	32	1
27	32	1
97	99	2
107	108	2
124	125	1
3	9	1
10	101	1
130	151	1
38	39	4
7	7	2
66	66	5
41	43	1
110	134	1
3	65	1
49	49	1
97	98	1
123	128	1
8	9	3
37	38	1
41	48	1
84	85	1
55	55	2
72	78	1
23	23	1
40	41	2
6	6	2
32	33	1
67	79	1
105	134	1
4	8	1
104	114	1
83	83	5
18	19	2
32	42	1
153	153	1
46	47	1
42	51	1
10	19	1
56	78	2
146	147	1
101	102	1
10	10	2
53	53	5
79	79	1
48	52	1
65	66	2
148	148	1
82	82	1
11	11	4
26	26	1
135	135	1
56	56	2
62	64	1
10	20	1
117	153	1
9	39	1
104	110	1
105	132	1
134	135	1
38	38	2
24	62	1
71	72	1
50	50	1
132	133	1
142	142	1
136	139	2
102	105	2
4	29	1
113	138	1
6	113	1
13	143	1
15	76	1
22	23	2
128	129	1
67	67	1
17	17	3
5	16	1
78	78	2
54	54	1
24	25	1
40	57	1
66	69	1
18	108	1
72	73	2
122	122	1
63	63	1
31	33	1
4	5	1
94	94	2
37	115	1
7	97	1
17	18	1
81	81	1
111	114	1
20	21	2
49	50	1
103	103	1
125	126	1
87	90	1
119	119	1
136	137	2
95	95	1
143	143	1
18	23	1
53	54	1
6	22	1
66	71	1
15	20	2
149	150	1
47	47	1
128	148	1
122	124	1
15	15	1
43	43	3
22	106	1
68	68	1
112	112	1
22	76	1
77	78	2
25	33	1
75	76	1
31	32	1
75	75	1
13	14	1
119	142	1
133	133	2
146	146	1
46	48	1
131	132	2
124	135	1
106	109	1
98	98	1
69	69	1
151	151	1
69	71	1
6	7	1
71	73	1
73	75	1
34	36	1
32	32	1
9	20	1
137	137	1
11	94	1
73	100	2
123	125	1
15	16	1
6	20	1
76	78	1
127	127	1
15	133	1
104	132	1
110	138	1
139	147	1
97	113	1
46	46	1
47	50	1
13	77	2
33	33	1
54	57	1
18	18	1
13	24	1
106	108	1
78	79	1
31	31	1
104	104	1
