43	43	2
16	16	1
145	145	2
6	6	2
48	49	2
36	38	1
15	23	2
42	42	3
124	127	1
86	88	1
79	79	1
85	85	1
136	136	1
70	86	4
53	53	6
56	56	5
47	47	1
45	45	7
128	136	1
112	113	1
25	25	2
7	12	2
156	156	3
96	96	3
107	107	1
52	53	1
111	112	1
76	76	2
20	20	7
43	44	2
75	75	4
154	154	1
83	83	3
110	110	3
119	121	3
68	75	3
89	89	2
170	170	2
165	165	3
22	22	1
49	50	3
116	116	4
62	62	4
152	152	1
148	148	3
17	21	2
134	134	4
15	15	2
46	46	4
151	151	3
23	24	2
137	137	1
20	49	1
9	50	1
166	167	1
11	38	1
49	49	5
101	101	6
92	92	5
54	54	1
77	108	1
162	162	4
113	113	2
75	106	3
114	115	2
122	123	2
88	88	1
123	134	1
10	54	1
84	84	1
27	42	1
140	140	1
71	98	1
89	100	2
50	50	3
55	56	1
26	42	1
17	18	2
65	71	1
143	169	1
21	23	2
90	90	1
1	2	4
147	147	1
109	112	2
98	98	2
10	10	3
47	48	1
142	142	2
3	12	1
153	156	1
161	161	2
128	129	2
144	146	3
163	163	4
11	11	4
86	87	1
158	158	2
96	97	1
54	55	2
62	63	2
24	24	1
8	9	1
12	13	1
124	128	5
48	48	2
98	99	1
155	155	5
57	62	1
112	112	2
72	107	2
111	138	1
124	124	3
17	17	3
38	38	4
5	5	2
34	34	1
72	72	1
19	56	1
13	15	2
132	133	5
135	136	2
112	114	1
44	46	1
104	121	1
25	39	2
103	103	2
110	111	1
26	26	1
153	153	2
71	71	5
69	70	2
121	122	1
63	102	1
166	166	3
0	25	1
153	155	2
86	86	3
44	44	3
103	104	3
141	144	1
99	103	2
69	69	2
109	110	1
69	124	1
18	18	1
126	126	2
143	144	1
56	90	1
18	19	2
115	115	1
130	130	1
82	83	1
94	94	1
162	165	1
139	139	1
24	25	1
27	27	2
82	82	1
78	79	1
73	79	2
116	130	1
129	129	1
76	114	1
21	22	4
70	70	4
4	25	1
109	109	1
36	36	1
53	56	2
39	39	4
162	163	3
2	2	1
35	42	2
52	52	1
118	118	3
42	43	2
141	143	1
69	71	2
66	69	1
22	23	2
46	154	1
53	157	1
6	44	1
36	37	1
4	11	1
100	101	2
97	97	1
128	130	1
135	135	1
151	152	1
107	108	1
35	36	1
13	13	1
93	93	1
23	23	2
13	20	1
4	4	1
123	123	1
84	85	1
150	150	3
100	122	1
6	11	1
99	99	2
6	51	1
10	12	1
9	9	1
141	142	1
103	122	1
134	137	1
141	152	1
24	71	1
10	11	2
42	45	1
67	69	1
78	110	2
74	82	1
41	41	2
102	102	3
134	135	1
14	14	1
141	141	1
7	7	1
167	168	1
114	114	2
7	10	1
119	119	1
78	78	1
45	48	1
142	143	1
1	17	1
116	128	1
128	166	1
105	107	1
57	57	1
46	48	1
41	49	1
25	26	1
168	168	1
140	157	2
144	144	1
40	41	1
131	131	1
118	119	1
109	138	1
90	91	1
130	140	1
49	51	1
120	123	1
149	149	1
128	128	1
66	66	1
77	79	1
151	169	1
120	121	1
34	117	1
133	133	1
119	120	1
37	44	1
19	50	1
40	40	1
92	93	1
103	105	1
76	77	1
102	104	1
