118	118	2
19	19	3
45	45	1
134	134	2
112	112	1
35	136	2
55	56	1
18	18	4
7	12	1
7	8	2
69	69	2
98	123	2
1	2	4
48	49	4
26	26	1
100	100	4
90	92	2
3	3	3
35	36	3
118	155	2
87	139	2
101	104	1
140	140	2
34	35	2
36	85	2
122	130	2
25	25	2
22	38	1
124	124	3
4	5	2
120	120	5
96	96	2
35	35	6
76	76	2
95	95	2
6	6	3
20	100	1
19	22	1
116	116	3
88	89	4
64	64	1
111	168	1
13	120	1
102	102	4
8	9	2
113	113	3
64	65	2
83	83	1
62	66	1
90	90	1
41	41	4
23	23	1
40	51	1
164	164	2
26	137	2
33	33	2
36	166	1
106	106	2
38	41	1
77	121	1
68	89	1
80	80	1
2	19	1
117	119	2
62	67	1
162	162	3
42	42	2
39	39	4
63	65	3
104	104	4
2	2	1
47	49	2
51	51	3
43	43	4
129	129	3
24	24	4
154	154	1
1	7	1
160	160	3
4	4	2
153	153	1
49	51	4
0	0	2
110	110	2
82	82	2
161	169	2
86	87	1
72	73	1
0	1	2
150	152	1
98	99	3
4	39	1
90	91	1
92	93	2
86	86	3
72	72	1
94	100	1
2	106	2
159	159	1
135	135	3
39	40	1
10	25	1
138	138	2
13	13	2
63	86	1
108	108	1
74	75	2
124	160	1
114	114	1
100	155	1
83	84	1
129	132	1
77	78	5
50	50	1
94	94	2
83	129	1
140	167	2
107	107	1
115	115	3
130	131	1
76	99	2
149	149	4
2	17	1
102	123	3
14	23	1
66	88	1
124	125	1
117	118	1
105	106	1
106	120	2
114	115	2
148	165	2
67	67	2
63	63	2
162	164	2
74	74	3
67	68	1
167	169	1
146	146	1
126	126	2
88	88	1
12	12	2
27	27	3
49	72	1
54	68	1
53	53	4
78	115	1
6	27	1
92	92	1
36	36	4
15	15	3
40	40	2
79	79	3
111	111	1
34	34	7
3	141	2
81	81	2
12	15	2
155	155	2
115	148	1
44	117	1
100	105	1
70	70	1
7	7	2
45	90	2
48	48	1
166	166	1
101	101	1
58	58	3
93	93	3
90	161	1
84	84	1
147	148	1
44	52	2
28	28	2
8	8	2
160	162	1
33	34	3
43	44	1
50	51	1
94	112	1
109	158	2
79	80	1
16	53	1
129	130	1
19	69	1
150	150	1
70	88	1
146	148	1
9	9	3
75	75	1
76	113	1
116	151	2
170	170	3
135	136	2
141	141	1
11	16	1
97	97	1
20	22	1
50	57	1
91	151	1
21	24	3
54	90	1
44	45	1
143	144	1
142	142	1
148	149	1
87	87	1
77	164	1
107	121	1
87	88	1
55	55	1
161	161	1
20	25	1
0	2	1
128	142	1
97	166	1
70	96	1
1	12	1
68	68	1
11	13	2
117	117	1
58	64	1
44	44	1
18	115	1
21	22	2
98	130	1
25	34	1
139	139	1
89	89	2
49	86	1
114	116	1
150	156	1
16	47	1
50	71	1
168	168	2
14	79	1
54	55	1
115	116	1
149	150	1
91	93	3
110	111	1
134	135	1
76	77	1
69	71	1
54	54	1
169	169	1
110	116	1
69	70	1
126	162	1
148	150	1
82	83	1
83	86	1
120	121	1
1	9	1
70	86	1
4	8	1
23	49	1
101	102	1
18	47	1
7	120	1
24	39	1
115	117	1
68	72	1
47	47	1
53	82	1
109	109	1
130	130	1
11	12	1
135	140	1
48	85	1
105	105	1
52	52	1
97	99	1
37	37	1
136	143	1
