161	166	2
190	190	2
51	51	1
56	56	1
30	57	1
68	68	1
102	103	1
150	150	6
189	190	1
13	55	1
33	33	2
191	191	5
53	54	2
6	64	4
171	171	1
181	181	8
31	33	1
6	7	5
70	70	4
175	176	1
26	27	2
58	58	4
189	189	5
4	4	5
10	10	3
72	73	1
36	36	4
99	133	1
20	21	1
24	27	2
132	133	1
9	10	1
25	25	2
121	123	1
46	46	1
146	147	3
186	186	1
64	88	1
148	194	1
128	128	6
62	152	2
31	70	1
177	177	3
114	115	1
62	62	2
173	177	2
143	143	3
104	104	2
21	21	2
143	144	1
167	167	1
174	174	5
166	166	2
102	170	1
93	94	1
166	172	2
56	162	1
131	131	1
42	42	1
96	97	5
45	45	3
3	3	4
114	114	1
119	121	2
121	124	1
28	73	2
87	89	1
45	46	1
109	111	1
153	153	1
43	44	3
110	110	1
1	2	2
133	133	5
95	126	1
149	157	1
141	142	4
82	82	2
90	90	4
100	100	3
128	129	2
157	158	4
182	193	2
112	113	1
127	135	1
25	70	1
26	39	1
127	127	1
151	152	3
130	130	1
136	136	2
148	148	3
106	107	3
109	109	1
76	83	1
188	188	2
111	111	6
7	66	1
51	52	1
167	168	3
43	43	2
110	112	2
96	96	1
155	155	4
123	168	1
113	140	1
22	23	1
144	145	1
0	22	2
162	166	2
116	117	1
123	124	1
53	53	5
10	11	2
78	87	1
117	117	4
107	107	2
126	134	1
102	102	2
163	164	3
24	24	1
23	33	1
152	152	2
26	40	1
16	16	2
20	74	1
58	144	1
52	52	1
64	67	1
0	3	1
185	185	4
7	7	2
21	73	1
115	139	3
25	26	3
147	147	2
0	0	1
50	51	1
165	165	2
83	123	3
134	135	2
193	193	2
59	144	1
64	64	1
16	151	1
192	192	2
145	146	3
159	159	2
79	79	1
145	145	3
57	57	2
117	135	2
60	60	2
174	175	3
15	16	2
172	172	2
131	132	6
189	191	2
15	15	1
168	168	2
115	115	1
54	55	1
15	17	1
102	166	1
174	177	2
140	141	2
190	192	1
24	29	2
157	161	2
180	181	1
84	84	2
197	197	2
187	188	1
118	135	1
89	89	3
148	149	1
149	149	2
146	148	2
173	173	1
186	187	1
78	80	2
165	174	1
104	133	2
1	26	2
3	6	2
13	13	2
114	164	1
77	81	1
17	17	2
31	71	1
26	26	1
129	129	1
0	7	1
160	185	1
28	30	1
122	122	1
19	20	2
185	186	1
168	169	1
81	81	1
170	171	1
66	70	1
139	141	1
154	154	1
32	35	1
156	160	1
35	37	1
175	180	1
8	26	1
34	35	2
5	64	1
88	89	1
95	96	2
72	72	1
55	56	1
151	169	2
158	161	1
131	138	2
63	65	1
181	185	1
142	142	1
39	41	4
83	84	1
119	119	1
88	88	2
116	166	1
20	20	2
95	103	1
162	163	2
182	184	1
75	76	2
44	44	2
34	75	1
20	73	1
53	55	2
167	169	2
184	184	1
55	55	3
124	124	3
161	162	2
103	104	1
124	125	1
125	125	1
37	44	1
64	76	1
119	167	1
150	156	1
4	66	2
40	60	1
127	137	1
86	86	1
180	180	1
68	70	1
6	58	1
115	117	1
3	5	1
178	179	3
154	155	2
45	80	1
31	31	3
98	98	3
13	69	1
170	176	2
19	19	3
37	40	2
48	53	1
42	43	1
18	18	4
105	168	1
142	144	1
192	193	1
178	180	1
59	143	1
37	37	3
71	71	2
77	78	1
8	144	1
146	184	1
139	139	1
126	127	1
159	165	1
74	76	1
101	101	1
176	177	2
132	141	1
163	163	1
78	84	1
59	59	1
62	75	1
105	106	1
187	187	3
84	86	1
196	196	2
176	176	2
132	135	2
113	113	4
160	170	1
2	172	1
5	59	1
101	102	1
157	157	1
115	116	1
52	53	1
106	106	1
50	50	2
178	192	1
70	71	1
175	183	1
143	145	1
23	23	1
94	97	1
102	106	1
162	187	1
146	146	1
49	49	1
59	60	1
48	48	2
11	12	1
144	157	1
9	14	1
144	144	1
22	22	4
84	87	2
51	59	1
189	192	1
164	164	1
120	120	2
182	182	1
148	169	1
169	195	1
167	174	1
86	94	1
178	178	1
78	81	2
182	183	1
138	138	1
23	24	1
13	15	1
109	114	1
195	195	2
175	175	1
73	73	1
35	35	1
3	154	2
20	62	1
116	116	1
13	72	1
31	54	1
107	108	1
5	66	1
94	95	2
156	156	1
28	36	1
62	63	1
3	69	1
161	165	1
148	184	1
112	114	1
135	139	1
12	12	1
105	111	1
117	119	1
81	84	1
93	127	1
75	75	1
161	163	1
40	41	1
130	133	1
59	62	2
24	28	1
183	185	1
48	49	1
173	174	1
23	25	2
143	157	2
105	105	1
140	152	1
142	175	1
103	103	1
190	191	1
8	8	1
155	161	1
38	38	1
168	176	1
180	193	1
49	50	1
96	99	1
132	132	1
194	194	1
20	22	1
