67	71	1
137	145	1
31	32	2
62	62	3
21	21	3
135	135	2
143	143	3
104	105	2
115	116	1
142	154	1
73	73	2
26	26	5
8	8	2
23	25	1
132	140	2
152	152	1
104	104	1
88	88	2
99	99	1
133	134	1
10	10	1
116	118	1
144	148	1
131	131	2
148	148	4
113	114	3
107	107	1
19	49	1
49	50	1
142	144	1
16	31	1
63	70	1
52	52	2
138	138	1
75	75	3
22	22	1
42	42	1
96	96	1
44	44	1
71	71	3
129	142	1
117	117	1
149	149	3
11	11	2
0	0	2
110	110	1
33	33	3
48	49	2
130	133	1
7	7	1
68	69	1
103	103	6
112	154	1
22	41	1
47	47	1
140	141	2
97	97	2
18	43	1
136	154	5
27	27	2
47	101	1
125	125	2
80	80	1
135	155	1
89	118	2
119	153	1
16	65	1
3	4	1
34	39	1
78	79	1
39	40	1
133	133	1
105	105	1
64	81	1
91	148	1
94	104	1
89	89	1
99	156	2
119	119	3
43	43	1
41	41	3
40	41	1
141	144	1
49	49	3
25	39	1
21	22	1
10	11	3
122	140	2
82	104	3
63	64	1
150	151	1
105	107	1
82	83	1
145	146	1
16	40	1
64	102	1
34	34	1
119	146	2
122	122	1
129	130	1
153	153	1
118	118	1
20	21	1
132	133	1
111	116	1
2	129	1
8	9	2
53	54	1
145	145	2
132	132	3
95	123	3
29	29	1
82	82	3
68	85	1
150	150	2
87	116	1
111	111	1
3	3	1
147	154	1
1	1	1
36	50	1
39	39	1
117	124	1
45	45	1
77	78	1
106	106	2
124	124	2
115	115	2
145	150	1
145	156	1
25	26	2
113	118	1
106	107	1
45	74	1
51	113	1
35	46	2
29	30	1
134	134	1
113	158	1
98	98	2
0	51	2
79	79	1
56	87	1
68	68	1
149	155	1
48	48	1
120	121	1
6	6	1
155	156	1
146	155	1
84	84	1
127	127	1
28	28	4
4	30	1
46	46	1
90	90	1
90	148	1
109	109	2
31	48	1
153	154	1
69	69	1
100	100	1
151	151	1
57	57	1
144	144	1
22	24	1
101	101	1
8	13	1
107	121	2
19	52	2
155	155	2
19	42	1
144	145	2
25	52	1
130	134	1
120	124	1
70	71	1
6	23	1
88	89	1
113	115	1
78	81	2
66	66	2
123	123	1
95	136	1
158	158	1
43	104	1
39	44	1
99	100	1
33	34	1
42	44	1
26	29	1
94	94	1
43	51	1
100	107	1
129	129	2
121	122	2
19	51	1
94	98	1
9	10	1
15	15	1
17	40	1
96	150	1
86	86	1
51	51	1
95	96	2
27	30	1
36	49	1
68	71	1
40	40	1
16	16	1
148	150	1
14	33	1
27	41	1
21	37	1
77	82	1
16	42	1
142	142	1
150	154	1
92	92	1
119	124	1
