132	133	2
19	23	4
114	115	2
117	117	3
124	125	9
127	127	7
132	140	2
129	129	5
94	98	1
121	123	1
5	7	3
21	23	2
97	97	5
134	134	5
73	73	6
119	119	4
15	15	1
30	37	1
88	88	1
17	31	1
115	115	1
18	18	3
138	138	1
115	125	1
71	108	4
101	102	2
132	132	5
37	38	1
124	126	2
29	29	3
28	37	1
94	94	1
113	113	2
129	134	1
121	121	2
76	76	4
1	1	2
2	4	3
103	103	3
77	77	7
117	118	3
25	25	5
137	138	4
9	9	4
110	110	4
18	31	2
84	84	1
102	102	2
75	77	3
74	74	10
3	4	6
27	27	3
128	129	5
81	83	1
30	30	3
17	18	2
113	114	1
3	3	3
3	5	2
111	111	3
75	76	3
7	7	2
131	132	3
133	134	2
123	123	6
13	13	3
122	122	8
2	34	2
113	119	1
32	32	5
17	17	1
140	140	3
114	114	3
109	109	2
116	117	1
96	96	3
10	10	1
130	130	7
102	103	7
133	133	3
128	135	1
84	86	3
92	93	1
135	135	6
78	78	3
81	81	2
37	37	3
26	38	1
125	125	7
12	12	2
116	116	3
123	128	1
96	128	1
119	121	2
33	33	3
6	6	1
98	98	5
73	79	2
27	33	1
120	121	2
2	100	1
2	2	4
12	29	1
33	133	3
124	124	3
22	22	1
133	138	2
131	131	2
106	114	2
91	114	1
36	36	1
91	91	3
105	106	1
83	83	2
31	32	1
13	14	2
95	95	3
34	35	4
101	112	4
93	93	3
0	5	1
120	120	2
133	135	2
86	87	1
81	99	1
83	85	1
28	28	1
19	20	3
99	111	1
79	79	2
10	12	2
101	101	2
97	98	1
87	87	3
19	26	1
75	75	4
91	110	1
128	128	3
72	81	1
35	35	4
112	114	1
71	71	1
134	135	2
16	17	1
16	16	2
67	106	1
136	139	1
126	126	3
8	8	6
85	85	1
99	99	3
21	21	3
130	131	2
90	91	1
90	96	1
72	73	1
81	82	2
106	109	1
0	3	3
19	37	2
118	118	3
89	89	6
107	107	3
20	20	5
126	132	1
110	115	3
27	31	2
100	100	3
105	105	2
136	136	1
124	129	1
19	74	2
28	29	4
19	21	1
82	85	2
87	93	1
135	136	2
32	33	2
112	112	4
119	122	4
79	115	1
106	106	1
38	128	1
24	26	2
107	108	2
108	112	1
21	31	1
26	35	1
13	29	1
12	13	1
112	113	1
71	87	1
120	122	1
123	125	4
80	134	1
136	137	2
33	34	1
27	32	1
104	109	2
114	122	1
15	16	1
90	92	2
28	32	1
72	72	4
22	26	1
88	110	1
127	134	1
93	94	5
104	105	3
0	8	1
105	107	1
77	88	1
82	82	1
71	78	1
19	19	4
79	88	1
38	93	1
131	133	1
34	34	4
27	28	1
24	25	1
17	75	1
100	103	1
36	37	1
5	32	1
86	86	1
121	122	2
23	23	1
31	31	1
97	99	1
8	9	1
22	23	3
96	126	1
125	126	1
27	29	1
18	20	2
136	138	1
78	109	1
16	76	1
102	104	1
18	22	1
102	130	1
123	135	1
76	80	1
31	34	1
7	122	1
104	104	1
20	89	1
125	127	1
3	26	1
109	110	1
89	91	1
4	5	1
9	20	1
110	112	1
26	26	1
5	5	1
89	133	1
23	24	1
108	110	1
66	66	1
15	29	1
113	115	1
106	107	1
113	125	1
