92	128	2
103	116	4
41	43	1
66	67	1
29	30	2
84	84	1
90	90	6
82	85	1
20	59	1
34	34	2
97	97	7
127	133	1
93	98	1
59	63	1
30	30	4
64	64	3
38	41	3
38	40	4
35	35	2
64	65	1
96	96	7
77	81	3
55	60	2
95	95	3
40	40	3
82	82	4
32	34	4
109	109	3
12	12	2
59	59	1
67	70	2
79	80	3
38	38	2
15	40	2
18	98	2
58	95	1
9	47	3
72	72	3
37	39	3
8	8	5
46	130	1
104	105	1
86	87	3
115	126	3
25	26	1
98	99	2
64	68	1
41	42	3
66	66	2
21	49	1
10	17	1
123	123	3
78	78	1
118	120	1
20	20	4
26	32	1
36	36	2
110	133	1
19	29	2
26	93	3
98	98	2
10	10	3
12	100	2
77	80	1
74	74	2
47	47	2
90	92	2
4	4	2
76	76	4
5	93	1
11	11	2
24	48	3
81	84	1
26	26	1
92	92	4
47	66	1
28	45	1
107	129	1
85	85	5
108	110	1
76	97	1
65	65	2
40	50	2
69	69	1
92	93	3
86	86	3
7	89	1
71	77	1
93	93	1
34	69	2
100	100	3
9	9	2
87	88	4
38	90	1
116	132	1
16	17	1
29	29	4
11	93	3
94	94	3
94	97	2
3	3	5
81	81	2
123	128	1
102	104	2
1	2	2
83	83	1
38	91	2
80	80	7
13	13	7
46	61	2
33	35	3
22	22	2
6	66	2
23	23	6
67	67	3
67	72	2
109	134	1
27	47	1
61	119	1
28	29	3
98	111	1
62	63	1
94	98	1
27	37	1
95	132	1
98	102	2
6	93	1
86	128	1
69	70	1
29	61	1
113	113	1
94	112	2
87	92	2
29	33	1
8	11	2
32	33	3
36	49	2
87	89	1
125	125	2
78	79	2
5	10	1
7	98	1
7	7	4
134	134	2
71	71	1
4	82	1
19	19	1
103	105	2
102	111	1
48	48	4
79	79	1
131	131	2
15	15	1
12	13	3
62	62	1
9	13	2
5	26	2
103	104	1
45	89	1
70	96	1
91	92	1
117	117	1
14	40	1
35	68	1
46	71	2
96	97	1
59	60	2
55	55	1
7	14	1
28	62	1
25	45	2
28	123	1
15	79	1
60	82	1
12	101	1
127	128	1
89	128	2
39	78	1
46	46	1
6	6	3
9	10	1
70	70	2
123	129	1
31	129	2
129	129	1
131	132	2
45	45	1
33	33	1
56	57	2
80	81	2
113	114	1
54	55	1
44	91	1
106	111	2
16	16	3
10	100	1
24	25	1
75	78	1
87	134	1
7	100	2
83	84	1
84	85	1
27	102	1
21	21	2
24	24	1
128	129	2
107	107	1
106	106	1
49	50	1
30	50	1
108	108	1
61	117	1
11	122	1
58	58	1
17	17	1
5	86	2
10	11	1
33	66	1
8	9	1
63	63	1
93	106	1
94	95	1
59	127	1
47	62	1
78	116	2
93	94	1
46	47	1
123	124	1
60	60	2
56	101	1
4	5	1
31	31	1
91	134	1
56	78	1
101	101	1
83	104	1
6	84	1
88	120	1
127	127	1
110	110	1
106	110	1
12	73	1
51	55	1
90	91	1
88	88	1
87	87	1
