34	61	2
46	46	1
51	74	1
29	29	1
84	84	2
80	80	1
98	98	1
27	27	4
96	96	2
39	39	2
32	48	1
73	73	2
68	88	2
91	91	6
93	93	1
30	30	2
59	60	1
33	38	1
24	24	1
79	79	3
57	57	2
35	36	2
49	49	3
86	91	1
45	45	4
104	108	1
92	99	1
66	66	2
82	82	2
86	87	1
67	67	4
54	55	3
48	48	1
70	88	2
78	78	4
106	108	1
43	49	1
50	50	1
78	79	5
70	70	2
62	67	1
98	102	1
72	72	2
94	95	2
85	86	2
39	46	2
65	65	1
85	90	1
22	22	1
22	41	1
64	64	1
109	110	1
106	106	1
85	85	2
68	68	1
50	51	2
58	58	1
94	94	1
100	100	1
88	90	1
22	23	1
37	37	2
92	92	2
111	111	1
111	113	2
52	52	3
26	70	3
31	102	1
103	103	2
72	73	1
58	78	1
81	87	2
36	36	1
51	52	1
53	95	2
47	47	1
75	75	1
71	71	1
67	98	2
107	107	1
88	89	2
71	77	1
102	102	1
76	76	1
91	94	2
64	67	1
105	105	1
90	90	1
108	108	1
41	41	2
26	26	1
55	56	1
106	107	1
26	29	1
71	73	1
87	88	1
64	66	1
21	77	1
62	62	2
114	114	1
23	23	1
104	105	1
54	56	1
87	87	1
70	87	1
89	89	1
93	95	1
69	71	1
59	59	1
79	80	1
37	83	1
39	107	1
113	113	1
79	104	1
83	84	1
66	67	1
61	72	1
34	58	1
99	100	1
