33	33	14
37	39	2
32	33	4
41	41	17
38	38	7
21	21	3
31	31	15
38	39	2
48	49	11
45	45	5
29	29	3
30	30	13
35	35	8
39	40	3
35	36	5
18	18	5
36	36	10
32	32	4
27	27	8
21	36	1
44	44	6
43	43	10
51	51	3
45	49	3
28	28	9
34	35	5
33	43	3
33	34	4
46	46	7
39	39	2
17	17	3
47	47	5
40	41	11
25	25	9
43	44	2
49	49	12
40	40	6
26	26	2
42	42	7
21	37	1
50	50	2
37	37	4
48	48	9
46	50	3
46	48	1
28	29	1
20	20	6
45	48	5
36	37	2
22	26	4
29	30	1
27	28	4
25	26	7
19	36	1
32	44	1
26	27	3
22	22	3
47	48	3
23	23	8
33	35	1
24	24	2
30	31	2
30	36	4
34	44	4
27	29	1
36	39	1
30	32	2
18	29	1
44	45	1
44	46	1
34	43	1
19	19	4
42	43	2
22	37	1
48	51	1
31	32	1
26	47	1
