2	2	8
12	13	1
138	142	2
141	141	8
126	130	1
102	104	4
45	45	5
25	25	11
46	46	13
54	54	14
98	99	11
0	2	1
66	67	3
6	6	5
24	27	3
116	119	2
52	52	9
119	119	5
92	97	3
76	77	4
85	85	7
23	90	2
111	111	25
75	76	3
129	129	5
11	25	3
120	124	1
18	19	8
37	37	9
13	13	12
84	85	8
53	53	14
3	3	7
83	83	6
56	56	14
39	41	1
78	79	7
143	143	12
154	154	7
94	95	3
124	127	1
38	39	3
162	165	2
62	63	6
83	98	1
103	103	5
69	69	7
84	84	6
43	43	5
147	147	3
67	69	3
27	27	8
125	125	1
57	63	3
128	128	15
96	166	2
107	114	1
13	25	1
109	111	1
112	112	6
78	104	1
143	157	1
113	114	4
57	57	10
61	62	5
93	93	6
62	70	1
34	35	5
47	49	4
157	158	9
44	45	1
65	65	2
22	23	1
7	7	9
93	94	2
166	168	2
149	149	9
63	71	2
87	88	2
57	98	2
42	42	10
164	164	5
8	9	6
148	148	5
143	147	2
138	138	4
90	95	2
5	6	6
155	156	5
74	75	4
137	167	1
68	71	1
161	166	1
96	114	1
17	18	5
140	152	3
20	24	2
36	43	1
101	101	10
4	4	10
90	90	10
58	69	2
53	54	3
146	148	2
76	78	2
120	126	1
121	122	7
39	39	12
74	77	2
144	144	3
91	91	5
57	62	5
146	147	4
69	84	2
161	169	1
118	118	7
88	90	1
158	158	11
150	150	3
42	45	1
97	98	5
77	82	2
141	150	1
35	35	6
139	140	3
14	16	3
133	134	5
136	136	6
147	148	2
22	22	16
11	40	1
129	147	3
70	74	1
77	84	1
126	127	1
62	69	1
50	62	1
24	24	8
77	77	5
169	169	2
135	135	7
156	156	6
70	70	6
24	25	6
80	107	3
132	132	18
136	137	6
21	21	8
76	83	4
135	136	5
102	102	8
162	168	2
78	80	4
48	48	11
81	105	1
50	51	5
69	70	5
5	5	7
64	128	1
23	23	12
16	44	2
101	102	8
10	160	2
90	93	3
25	92	1
90	91	9
22	24	1
38	38	7
102	103	9
80	84	1
116	117	2
28	28	3
22	25	1
56	75	1
26	26	8
16	16	12
134	134	4
111	112	4
132	138	2
19	20	2
12	12	6
160	161	1
11	11	10
165	165	3
64	64	5
74	74	5
103	104	3
17	17	8
50	50	7
137	137	8
55	55	10
81	83	3
152	170	1
34	34	7
10	163	1
65	113	1
87	97	2
158	159	3
86	86	5
136	138	2
36	42	1
105	121	2
139	158	1
103	105	3
148	152	1
112	126	1
114	114	9
55	71	3
2	34	2
112	113	7
15	17	1
24	81	1
38	51	1
76	76	5
20	22	3
71	77	2
100	100	6
116	121	2
92	92	6
57	58	2
99	100	2
54	55	3
72	72	7
78	78	7
20	21	2
106	106	3
92	107	1
84	101	3
96	98	2
43	62	1
86	97	2
41	165	1
70	71	3
141	142	2
7	10	4
142	143	5
14	14	3
107	107	7
37	38	5
126	131	2
104	104	8
27	28	1
62	87	1
80	86	1
3	7	1
104	137	1
47	47	14
68	69	2
3	4	5
86	87	3
109	110	2
161	165	3
124	125	4
128	142	1
131	131	5
49	49	8
163	164	2
162	163	1
81	82	4
86	88	4
27	108	1
81	81	5
19	19	9
102	123	1
148	149	2
68	68	4
2	136	2
57	61	2
84	87	1
97	99	4
75	78	1
155	155	10
85	88	4
72	85	2
58	58	4
81	84	3
35	134	1
8	19	4
106	107	8
51	51	15
66	66	8
160	168	1
80	82	1
88	88	6
63	63	2
43	126	1
148	165	2
92	94	1
79	83	1
131	132	1
100	114	2
126	126	6
156	157	6
85	87	2
61	63	3
6	7	3
40	41	5
92	93	2
83	84	7
17	90	3
129	130	5
120	121	4
83	113	1
123	123	9
107	124	2
145	147	2
117	119	2
12	14	3
2	6	2
139	139	5
102	105	1
1	35	2
47	55	1
124	124	12
55	135	1
163	169	2
46	47	3
117	121	3
133	135	2
73	77	1
82	82	4
21	93	1
73	73	3
21	22	3
20	20	3
103	106	1
35	42	2
152	156	3
152	152	2
41	41	3
87	87	9
117	117	4
135	137	1
127	127	5
85	101	2
70	75	1
110	110	5
153	154	6
78	169	2
8	10	2
114	121	2
36	36	10
151	151	2
57	64	3
164	165	1
16	17	4
89	89	4
10	11	3
122	170	5
108	109	1
121	121	3
12	52	1
136	141	1
107	128	1
49	50	6
7	8	4
47	48	2
157	157	1
5	16	1
14	15	4
48	49	5
67	88	2
91	94	4
77	139	1
101	103	1
64	69	2
81	94	1
79	79	4
122	122	2
1	2	4
161	162	3
18	18	10
162	164	1
105	105	3
168	170	1
78	102	1
24	45	2
7	107	1
144	159	1
141	146	1
133	133	6
99	118	2
72	73	3
31	31	1
62	84	1
108	133	1
135	142	1
13	14	2
142	142	3
11	15	1
106	110	1
130	140	2
146	146	7
93	95	1
16	109	1
48	50	1
101	104	2
153	153	2
123	125	1
159	159	6
115	116	2
10	10	4
129	131	1
91	93	2
3	11	1
119	124	2
27	106	2
163	163	3
123	124	6
11	41	2
162	162	6
163	167	3
127	130	2
0	0	7
96	96	7
3	24	1
75	75	4
15	15	4
138	139	5
79	81	3
118	119	1
97	112	1
107	108	5
149	150	2
71	72	2
93	96	1
140	140	2
77	79	1
5	12	2
125	126	3
167	167	5
98	98	7
74	76	1
40	52	1
40	40	5
18	23	2
90	99	1
97	97	6
107	110	1
120	120	2
140	141	2
79	80	3
108	128	1
5	52	2
63	79	2
99	99	3
134	135	4
94	94	3
151	170	1
43	44	1
11	12	1
38	40	1
67	79	1
17	20	1
39	40	2
13	112	1
154	155	2
52	53	3
167	168	4
170	170	2
145	146	2
75	79	1
152	153	3
13	17	2
113	113	9
88	93	1
22	93	1
16	21	1
79	101	2
21	24	3
2	7	1
88	89	2
11	18	1
8	8	2
5	14	2
105	106	2
2	40	2
91	112	1
143	160	1
113	133	1
108	108	7
21	87	1
95	95	4
6	47	1
102	113	2
21	77	1
33	34	2
145	148	2
70	77	2
129	133	1
114	115	2
70	84	1
11	16	1
56	81	1
114	138	1
130	130	3
164	166	1
15	16	5
36	38	1
144	162	1
144	145	2
71	84	1
17	107	1
9	17	2
57	70	1
115	115	6
78	138	1
1	1	5
1	3	1
87	90	2
48	54	1
14	40	3
81	140	1
151	152	2
10	99	1
25	94	1
74	86	2
89	91	1
74	97	1
135	139	1
145	145	4
3	35	2
13	16	2
6	17	1
127	133	1
12	16	1
18	44	2
122	124	1
109	168	2
23	115	1
62	62	2
63	87	1
132	161	1
41	80	1
55	56	1
47	118	1
160	160	3
50	58	1
8	11	2
73	74	3
152	155	1
22	46	1
122	125	1
67	67	3
85	93	1
111	139	1
55	74	2
106	108	2
17	146	1
34	120	1
3	145	2
168	169	1
47	51	1
116	116	4
80	80	1
82	83	1
134	151	2
146	158	1
41	42	1
128	129	2
131	139	1
76	79	2
135	149	1
109	109	4
65	108	1
64	97	1
139	141	2
89	90	1
50	84	1
119	120	1
23	114	1
117	122	1
98	115	1
85	94	1
144	147	1
8	16	2
150	151	1
95	97	2
71	71	2
20	126	1
112	114	2
119	123	1
6	8	1
166	166	4
8	38	1
87	89	1
12	27	1
155	158	1
100	102	1
40	43	1
17	24	1
9	9	2
114	116	1
104	116	2
41	43	2
118	123	1
65	67	2
161	161	1
169	170	2
18	24	1
49	64	1
87	99	1
24	92	1
63	126	2
142	144	1
39	49	1
94	96	1
74	78	2
52	57	1
38	41	3
4	5	1
76	109	1
165	166	3
63	78	1
155	159	1
64	109	2
96	97	1
23	24	1
20	98	2
112	136	1
159	160	4
44	170	1
152	169	1
33	33	3
66	76	1
33	35	1
161	164	1
111	113	1
112	130	1
65	66	5
145	159	1
153	162	1
5	15	1
66	79	2
123	163	1
122	123	4
108	122	2
44	46	1
109	132	1
25	96	2
137	149	1
24	26	1
141	151	1
4	16	1
80	101	1
91	95	1
63	74	1
91	97	1
12	40	1
64	68	1
26	27	1
23	37	1
44	44	1
87	91	1
15	19	2
78	143	2
87	101	1
9	10	1
104	105	1
125	142	1
63	69	1
3	36	1
72	96	1
36	158	1
5	7	1
72	92	1
97	116	1
72	94	1
115	139	1
119	163	1
21	25	1
128	130	1
77	78	1
16	45	1
52	141	1
5	90	1
84	86	1
116	163	1
78	139	1
125	132	1
64	141	1
88	96	1
14	19	1
53	140	1
152	160	1
13	15	1
121	131	1
22	136	1
64	65	1
163	165	1
138	143	1
14	24	1
9	16	1
45	50	1
23	94	1
53	56	2
21	23	1
39	44	1
106	113	1
130	131	1
9	11	1
88	95	1
6	11	1
156	159	1
79	105	1
127	131	1
79	84	1
13	163	1
86	103	1
155	161	1
37	39	1
124	130	1
55	58	1
