67	67	2
62	72	2
70	93	3
125	125	2
7	14	3
17	18	2
16	16	1
86	110	1
3	3	4
18	74	1
134	134	2
17	25	1
113	122	1
8	8	3
33	33	4
126	126	1
11	30	1
33	58	1
97	97	1
22	31	1
85	86	2
29	44	1
69	70	1
32	33	1
18	65	2
15	15	2
61	62	1
93	93	5
127	132	2
79	79	5
123	130	2
33	34	1
100	101	1
78	80	3
91	91	1
28	103	1
11	11	1
96	96	3
90	90	1
32	32	5
106	106	1
114	121	2
6	6	4
123	123	1
96	97	1
17	21	2
61	61	3
44	44	2
107	107	3
122	122	1
34	35	2
80	80	1
76	76	3
127	127	2
74	74	3
72	72	3
67	68	1
81	81	3
94	122	1
70	78	1
47	47	1
45	93	1
6	7	1
13	46	1
7	7	6
34	48	1
26	26	3
36	46	3
126	132	2
63	64	1
71	71	2
0	0	1
11	89	1
40	102	1
5	7	1
114	116	1
6	13	2
16	19	1
10	14	2
90	95	1
43	70	1
39	39	7
4	5	1
10	10	2
31	49	1
6	14	1
38	38	2
28	44	1
45	45	4
27	48	2
85	121	1
10	65	1
8	13	1
69	69	1
79	84	1
114	115	1
68	71	2
46	91	1
34	93	1
63	63	2
118	118	1
10	74	1
110	110	3
65	66	2
37	37	1
26	27	2
24	25	1
65	65	4
128	131	2
20	20	2
114	134	3
91	92	3
5	101	1
10	23	2
100	128	1
82	82	2
115	115	1
35	35	3
62	62	1
19	44	2
105	106	2
76	104	2
5	5	1
21	40	2
121	122	2
123	134	1
32	42	1
115	120	1
29	39	1
78	78	2
126	133	2
55	55	1
92	92	1
64	64	1
17	17	1
15	85	1
12	12	1
9	74	1
57	75	1
85	85	2
34	34	1
41	42	2
28	28	1
59	59	3
108	108	1
90	107	1
78	79	1
88	107	1
17	74	1
8	9	1
68	68	1
13	34	1
102	105	1
94	94	2
20	21	1
84	85	1
77	77	3
42	45	1
31	101	1
36	77	1
119	119	1
34	110	1
10	11	2
93	98	1
121	121	1
31	37	1
31	32	1
47	93	1
25	25	1
92	125	2
0	18	1
91	95	1
35	36	1
19	19	2
66	66	1
36	36	3
130	133	1
4	4	1
25	27	1
31	31	2
83	132	1
115	131	1
91	94	1
118	119	1
15	29	1
45	69	1
88	88	1
128	128	1
8	91	1
20	26	1
6	44	1
40	40	3
124	125	1
29	51	1
9	12	1
112	112	1
42	44	1
46	60	1
31	60	1
36	38	1
27	62	1
97	99	1
75	76	1
104	106	1
11	93	1
129	130	1
5	9	1
95	95	1
28	99	1
9	61	1
48	49	1
60	60	1
14	14	1
88	91	1
24	63	1
109	109	1
10	66	1
112	113	1
23	23	1
50	56	1
47	85	1
83	84	1
90	106	1
11	56	1
22	22	1
