132	134	1
49	49	4
120	120	4
94	94	6
39	40	1
41	129	1
42	42	8
108	110	2
76	76	8
41	82	2
8	8	9
113	113	2
10	14	1
77	77	3
41	48	1
4	19	2
6	6	8
3	3	3
26	93	2
31	31	4
13	14	3
35	35	9
120	122	2
96	99	2
63	63	4
57	57	3
108	114	1
29	92	1
62	63	2
21	21	1
29	30	5
46	116	1
27	27	5
15	15	4
131	131	2
59	59	7
7	7	9
27	78	1
90	92	5
88	89	1
96	113	1
6	7	3
107	110	1
121	121	4
129	129	5
9	9	2
115	126	1
5	18	2
134	134	6
27	80	1
33	34	4
78	80	2
71	71	3
93	93	5
18	30	1
37	91	2
2	2	1
39	81	1
95	95	3
33	33	4
32	32	2
30	75	2
12	12	4
110	111	1
48	48	3
78	79	2
107	115	1
23	36	3
9	12	2
37	37	4
63	64	2
11	27	2
34	34	7
64	64	1
78	78	7
107	107	2
11	11	3
70	70	4
62	62	2
103	105	1
74	74	4
65	65	4
61	61	2
68	70	1
20	20	5
30	84	1
60	82	2
83	83	2
47	47	12
40	40	4
48	80	1
98	100	2
21	56	2
117	117	5
127	128	1
29	29	2
80	80	3
105	109	1
45	64	1
114	115	2
77	108	1
73	73	3
25	25	6
72	78	1
48	49	2
11	59	1
46	67	1
97	97	5
39	39	1
84	109	1
84	84	8
79	79	4
82	98	1
110	110	3
69	70	1
96	96	3
113	116	1
120	134	1
85	99	2
119	119	2
45	46	1
104	104	3
16	16	8
26	92	1
82	82	3
91	91	2
100	109	1
59	77	1
85	93	2
20	36	1
42	43	3
48	84	1
4	5	1
113	114	1
23	26	1
111	111	3
5	6	2
36	40	2
32	33	4
122	124	3
28	61	1
17	44	2
36	36	8
14	17	1
42	49	2
38	38	3
6	84	1
23	28	2
126	134	1
87	95	2
7	14	1
45	131	1
62	68	1
117	118	2
70	71	4
20	23	1
68	68	2
19	19	3
74	75	2
115	116	1
86	87	1
37	41	2
117	126	2
45	45	7
31	131	1
11	43	1
18	18	2
13	13	4
10	10	6
104	105	1
66	66	10
5	98	1
84	110	1
100	100	2
101	101	5
84	85	6
79	89	1
83	85	1
61	81	1
80	101	1
93	98	1
128	128	3
118	118	2
1	46	1
25	82	1
64	65	2
67	67	2
92	92	6
107	108	1
26	26	1
95	98	3
93	99	1
44	44	7
5	5	2
33	35	2
112	113	2
8	97	2
96	97	3
46	46	4
46	47	1
25	29	2
17	18	1
29	48	1
120	121	4
68	69	4
119	133	1
129	131	1
38	39	1
106	106	2
35	36	1
27	28	3
90	91	4
55	90	2
4	98	2
44	45	2
27	65	1
7	91	1
91	92	1
22	22	2
93	94	3
23	24	2
34	35	1
71	83	1
62	67	1
126	126	2
64	67	2
115	123	1
58	59	3
41	41	3
39	42	1
72	72	1
3	48	1
48	56	1
102	102	2
41	43	1
15	16	1
80	92	1
132	133	1
98	99	1
8	9	2
27	96	2
61	62	1
36	37	1
0	0	3
88	88	1
90	90	3
91	93	1
132	132	2
88	93	2
88	101	1
107	121	1
60	60	1
30	30	4
57	84	1
123	123	2
103	103	4
31	32	1
5	29	1
19	20	3
112	116	1
58	58	2
98	98	2
7	94	1
17	17	3
14	27	2
18	19	1
129	130	1
120	124	2
100	102	1
43	44	1
86	94	1
85	85	2
19	40	3
56	81	1
24	25	2
81	81	2
13	43	1
27	47	1
56	56	2
22	27	1
11	132	1
107	109	1
29	39	1
80	82	2
105	105	1
66	68	1
82	83	2
18	32	1
51	55	1
28	83	1
10	11	1
55	55	3
106	109	1
71	72	2
8	45	1
72	73	1
37	42	1
124	127	2
82	101	1
102	106	1
127	127	1
73	74	1
89	90	1
64	71	1
120	133	2
87	91	1
20	39	1
87	87	2
46	117	2
45	90	1
4	4	1
47	48	1
7	8	1
127	130	1
14	57	1
3	4	1
99	99	3
44	117	1
28	79	1
27	93	1
108	108	2
4	88	2
28	86	1
24	26	1
29	93	1
3	32	1
32	74	2
108	109	3
23	46	1
26	88	1
62	69	1
21	60	1
45	95	1
93	95	1
10	60	1
109	110	1
50	50	2
114	122	1
36	46	1
20	29	1
2	39	1
119	120	1
46	73	1
88	94	1
43	43	1
79	81	1
100	101	3
3	10	1
106	115	3
40	131	1
45	47	1
41	81	1
89	92	1
133	133	1
13	127	1
3	19	1
23	23	2
78	81	2
83	100	1
126	128	1
31	101	1
77	80	1
51	60	1
109	109	1
24	79	1
26	81	1
76	121	1
30	31	1
109	114	1
72	119	1
4	6	1
19	78	1
111	113	1
46	63	1
7	16	1
34	72	1
42	127	1
95	97	1
22	31	1
62	74	1
56	91	1
30	101	1
60	61	1
46	61	1
22	45	1
119	124	1
55	80	1
4	10	1
131	133	1
79	84	1
4	50	1
42	83	1
