122	125	3
30	30	13
93	93	4
55	55	22
94	94	5
122	122	12
10	11	1
65	65	13
86	86	8
50	51	7
31	36	7
84	106	3
23	23	11
0	26	2
128	128	16
14	17	4
87	87	9
93	111	1
5	5	10
72	73	2
141	141	12
19	19	7
105	106	7
105	107	2
4	47	2
83	106	1
42	101	3
3	4	5
83	83	4
121	121	18
142	143	11
24	24	18
136	136	11
31	32	9
133	135	7
120	120	12
0	0	13
110	111	9
8	23	4
118	119	10
71	72	5
15	15	18
135	136	5
101	101	10
27	28	1
2	133	4
58	59	5
124	125	13
72	72	15
68	68	9
103	103	13
78	78	13
6	119	1
48	54	2
93	123	3
36	36	22
54	55	9
3	5	5
26	39	3
132	137	9
83	87	7
111	111	8
4	23	2
139	139	10
28	28	12
126	141	3
134	135	10
14	14	11
108	109	3
59	59	27
76	77	3
85	93	6
91	120	2
63	63	12
137	137	16
76	76	8
100	100	4
72	115	1
68	84	2
2	37	6
109	111	6
64	64	9
119	119	7
52	92	4
26	27	9
64	65	4
66	66	12
2	24	6
28	29	7
95	95	21
5	80	1
76	108	4
94	95	2
132	139	9
131	132	10
91	95	3
123	123	20
10	25	1
85	104	2
115	116	6
52	54	6
3	3	7
2	23	2
76	112	5
77	78	5
97	97	7
62	63	7
100	101	6
91	91	12
105	105	5
114	114	5
124	124	18
80	80	5
130	130	14
6	47	1
21	21	9
138	139	1
2	2	5
90	91	3
132	132	20
85	86	7
109	109	3
0	24	2
30	37	4
8	8	12
49	77	1
20	23	3
134	137	2
55	142	2
127	127	9
136	137	9
125	131	4
90	119	4
75	75	18
87	93	3
85	85	5
1	104	3
67	67	13
87	97	1
81	81	3
116	116	9
50	52	4
76	78	4
87	110	2
126	126	6
62	62	14
94	124	4
71	85	7
18	21	2
34	34	9
54	88	3
9	9	14
49	52	1
39	41	4
16	16	14
129	130	8
70	70	7
121	125	1
69	69	8
89	133	2
27	27	10
84	85	5
108	111	2
114	132	4
41	41	6
51	52	12
117	117	20
39	39	11
118	140	2
20	129	4
33	33	5
142	142	10
115	115	11
80	129	1
31	113	3
143	143	11
145	145	3
29	29	7
53	54	1
20	26	2
96	96	8
47	51	3
121	122	6
51	51	8
42	42	9
135	137	2
40	41	3
131	131	12
81	82	5
119	120	5
57	57	7
0	2	2
79	79	2
118	118	11
4	5	4
99	101	1
109	128	3
88	112	3
133	133	16
48	48	8
137	139	3
21	129	5
1	1	9
32	38	3
35	35	10
115	135	4
26	41	1
77	77	4
93	110	1
73	76	4
120	128	1
34	35	5
111	112	3
54	107	1
19	29	3
77	141	2
14	21	3
2	35	1
73	143	3
33	38	4
122	123	1
86	127	3
73	73	6
13	13	2
108	108	11
97	98	5
36	75	2
53	94	2
61	62	3
103	106	1
135	135	6
52	140	6
11	11	12
110	110	11
82	125	2
62	68	1
12	33	3
133	136	3
140	140	13
0	104	2
32	73	1
137	140	2
122	124	5
68	69	7
66	67	2
89	89	9
101	102	3
98	98	8
57	83	4
5	137	6
129	129	5
43	43	2
25	25	10
129	134	3
64	124	1
118	120	6
32	63	6
54	66	2
75	81	2
88	89	2
52	53	3
75	82	3
71	71	2
20	20	8
22	22	1
5	64	5
128	129	8
53	53	15
51	61	3
53	92	2
60	60	3
58	58	10
18	20	3
127	130	5
78	79	5
131	136	2
92	93	2
32	39	1
18	19	3
3	133	2
81	100	3
104	104	6
49	49	6
11	52	1
80	116	1
17	18	7
138	138	3
34	36	2
92	141	1
69	84	3
54	58	2
112	139	1
12	42	2
65	70	2
125	125	20
61	61	6
95	120	4
94	139	2
89	91	1
16	33	2
116	117	5
68	130	3
2	21	2
13	36	4
90	90	14
75	76	2
71	130	1
11	20	2
109	110	4
106	106	2
50	50	11
105	131	1
117	118	3
10	20	1
43	85	1
96	97	2
22	27	2
38	38	5
91	124	2
8	9	3
51	138	2
3	72	1
83	91	1
13	35	8
18	18	8
84	104	5
103	126	1
89	90	3
12	12	6
104	131	2
13	27	2
89	137	5
21	42	1
126	144	1
64	137	1
56	68	1
5	51	2
2	34	1
140	141	2
35	36	7
99	99	2
6	11	3
71	82	2
33	34	3
88	88	9
134	134	8
107	107	6
17	17	4
9	40	2
53	118	1
141	142	5
2	10	5
94	113	2
10	99	2
26	26	4
1	66	1
4	34	2
94	118	4
130	131	4
134	136	3
3	6	3
10	10	7
102	102	4
99	100	3
38	39	1
38	41	2
126	138	1
6	9	1
75	127	2
95	96	4
120	124	1
88	91	3
10	24	2
13	39	2
93	136	3
3	112	4
133	139	1
82	105	2
128	137	2
2	105	4
110	112	2
9	10	4
75	115	1
53	64	1
117	140	1
56	92	2
125	126	6
33	36	4
71	79	3
33	68	1
1	26	1
104	106	1
3	35	5
0	125	1
106	109	1
90	124	1
53	55	5
139	140	2
2	31	4
139	141	1
111	139	3
120	126	3
64	138	5
16	17	2
69	113	2
82	82	1
92	126	1
68	112	2
89	106	5
2	4	3
47	135	1
49	50	2
22	24	1
25	74	1
36	47	6
83	109	4
12	35	2
127	143	2
56	56	5
32	32	7
95	140	4
112	129	1
65	140	2
20	21	5
83	89	2
51	60	1
6	6	3
70	107	2
49	59	1
56	98	1
87	88	1
72	136	3
26	69	1
75	143	2
93	94	2
37	81	4
90	92	2
89	136	1
129	144	3
97	115	3
80	81	1
41	65	1
109	134	2
112	140	5
40	129	1
114	115	1
53	143	1
39	40	4
21	25	1
92	94	1
83	85	1
14	40	1
118	138	1
71	129	1
32	34	2
64	140	1
14	15	2
36	37	4
12	21	1
113	113	3
79	126	4
98	129	2
23	35	3
62	67	1
109	112	2
56	57	1
72	130	2
90	120	2
76	135	3
66	99	2
65	72	1
61	74	1
62	144	1
91	121	2
68	70	1
113	114	1
82	92	3
4	4	1
37	37	1
35	69	1
31	31	2
132	138	2
69	73	1
78	109	1
47	83	3
68	144	3
83	86	2
69	136	2
1	2	2
2	3	2
119	139	6
5	6	3
117	141	3
137	138	1
105	109	1
128	130	1
112	112	4
91	92	3
32	61	1
94	122	1
4	64	1
6	19	1
62	74	1
40	40	1
84	84	3
83	127	1
72	80	2
84	127	1
17	30	1
42	65	1
131	133	3
18	101	1
143	145	1
77	110	3
110	130	1
116	118	1
74	74	1
2	107	2
84	111	1
27	29	1
70	100	1
90	106	2
34	114	1
53	141	1
41	129	1
59	60	1
13	31	1
41	70	1
136	138	2
54	54	1
0	42	1
48	137	1
75	114	1
9	66	1
