1	2	2
31	32	3
48	48	1
1	1	2
49	51	1
53	53	1
20	20	4
70	70	2
7	10	1
35	39	1
76	76	3
27	28	1
68	70	1
71	71	2
58	59	2
23	25	1
44	44	2
8	8	1
26	29	1
21	21	3
3	6	1
66	67	1
73	74	2
46	46	1
3	13	3
74	74	3
58	58	1
31	31	2
28	28	3
41	42	1
41	41	1
68	68	2
59	59	2
33	34	1
42	42	2
41	59	1
9	10	1
54	59	1
32	32	2
10	65	1
39	39	2
22	62	1
52	54	2
38	38	1
35	36	1
68	69	1
18	18	1
0	1	1
71	74	2
36	37	1
72	73	1
5	6	2
7	8	3
64	64	2
0	0	1
26	50	1
6	6	1
61	63	1
4	4	1
45	56	1
72	72	1
67	67	2
44	45	1
9	9	3
8	9	2
72	75	1
47	47	1
29	29	2
6	7	1
66	66	1
22	23	1
12	13	1
13	13	1
55	55	2
73	73	3
45	48	1
34	34	1
28	58	1
27	27	1
15	19	1
7	7	1
26	27	1
56	57	1
47	55	1
68	74	1
40	68	1
67	74	1
45	45	1
52	52	1
62	62	1
54	55	1
23	61	1
53	62	1
25	25	1
77	77	1
20	27	1
69	69	1
