92	99	1
115	117	1
116	117	1
153	154	1
106	166	1
133	146	1
26	26	6
11	11	4
124	124	2
77	78	5
7	7	4
147	147	5
141	141	4
89	91	3
115	116	1
118	118	6
85	93	1
6	7	4
33	44	1
43	43	2
57	87	1
114	115	4
75	75	4
88	89	2
87	87	1
146	147	1
126	127	1
116	154	2
128	128	1
156	157	1
125	125	3
8	161	1
129	159	2
49	49	2
130	131	3
38	51	2
137	138	1
14	14	3
109	110	3
53	53	1
40	40	2
53	96	1
123	132	1
122	123	2
151	151	10
129	130	3
55	55	3
17	18	3
24	25	4
64	69	3
62	63	2
123	123	1
89	90	3
153	153	6
68	68	4
98	105	2
77	113	1
47	47	5
72	72	3
122	122	2
74	109	2
74	83	1
78	78	5
111	116	1
116	116	4
82	106	1
106	106	6
89	89	3
86	86	2
37	37	6
121	122	1
47	97	1
64	65	1
98	98	5
69	71	1
13	13	1
24	24	5
93	93	2
66	68	3
111	111	5
92	126	1
158	158	1
78	80	4
88	91	3
109	109	5
99	99	5
130	130	5
111	113	1
5	5	6
10	10	3
20	20	1
4	6	1
51	51	2
104	104	2
105	106	4
91	94	3
62	65	1
108	109	3
84	84	2
161	161	3
85	97	2
2	3	2
115	115	4
158	159	1
81	82	4
63	69	1
66	66	4
73	117	1
93	94	2
129	165	1
127	129	1
47	51	1
4	4	2
154	154	1
56	57	1
57	64	1
94	94	3
38	40	2
102	116	3
150	150	4
57	63	1
107	107	8
143	143	2
2	2	3
18	28	3
53	54	1
35	35	5
143	155	1
25	28	1
49	50	2
57	62	1
110	110	5
152	153	2
125	151	1
71	72	3
33	38	1
88	88	2
2	16	2
85	86	2
90	140	1
80	80	2
41	50	1
132	133	1
44	45	1
38	39	2
62	62	3
19	19	3
16	16	5
105	126	1
126	130	1
108	108	4
75	102	1
100	101	1
112	114	1
46	46	3
49	51	1
105	105	6
146	146	5
1	1	1
63	63	4
157	157	1
113	119	2
161	162	3
132	132	1
48	53	1
51	52	2
54	55	1
80	82	4
20	21	3
91	92	1
27	27	4
99	100	2
162	169	1
135	135	1
71	73	1
14	22	1
52	52	1
21	21	1
90	90	4
83	83	2
152	152	3
91	93	1
121	121	1
159	159	1
47	48	5
144	144	2
167	167	1
155	157	2
131	131	1
142	143	2
87	88	2
22	23	1
36	133	1
79	79	2
143	144	3
62	64	1
162	162	1
10	11	1
45	46	2
152	157	3
163	164	4
114	114	2
10	12	1
63	68	1
91	101	1
32	32	1
142	144	1
128	151	2
133	135	2
107	110	1
162	164	3
103	103	2
2	107	2
72	73	1
79	93	1
48	48	1
52	53	2
155	155	1
36	36	4
133	134	3
136	137	1
135	138	1
113	113	2
18	18	3
101	101	2
104	105	1
26	27	1
139	139	1
56	56	5
91	91	1
50	51	2
105	117	1
93	95	1
90	96	1
1	166	5
85	85	2
82	164	1
117	117	4
63	65	1
128	141	1
8	8	3
118	129	2
145	145	2
69	69	2
142	146	1
155	156	1
153	155	1
34	35	1
139	144	1
136	139	1
13	47	1
108	112	1
86	88	1
78	106	3
95	95	1
126	126	1
1	140	1
127	127	2
102	105	2
140	158	1
42	67	1
102	103	1
8	109	1
77	79	1
86	87	1
163	165	2
55	56	1
70	71	1
2	25	1
11	25	1
33	33	3
1	2	1
104	111	3
73	73	1
74	74	2
57	57	2
14	15	1
122	125	1
17	34	1
77	90	1
43	44	1
127	141	1
15	164	1
92	92	3
65	65	1
6	6	1
70	70	2
83	90	1
101	104	1
100	102	4
11	111	1
23	23	1
97	117	1
37	38	1
45	48	1
15	15	2
133	133	1
90	92	2
17	26	1
25	135	2
165	165	1
67	68	2
45	51	1
53	57	1
140	140	1
3	5	1
4	20	1
55	64	1
20	151	1
12	12	2
51	80	1
96	96	2
136	138	1
95	96	1
129	129	1
140	141	1
80	98	1
116	121	1
84	93	1
9	12	2
19	20	1
96	97	1
1	161	1
78	79	2
113	147	1
115	131	1
20	22	1
87	89	1
134	134	1
121	123	1
64	64	1
72	95	1
42	47	2
151	157	1
3	3	1
52	69	1
91	95	1
112	112	2
140	142	1
88	90	1
64	66	1
101	102	1
25	25	3
157	163	1
3	4	1
142	142	1
112	151	1
46	47	2
97	97	2
89	111	1
74	75	1
34	34	2
38	38	1
100	100	1
8	14	1
107	108	1
143	149	1
25	26	1
0	1	1
13	14	2
82	82	1
22	50	1
53	55	1
92	98	1
71	96	1
151	153	1
42	42	2
66	67	1
19	27	1
51	68	1
45	127	1
51	63	1
41	41	1
49	52	1
128	133	1
12	13	2
28	28	1
156	156	1
42	43	1
9	9	1
97	98	1
105	134	1
141	145	1
47	49	1
65	70	1
40	41	1
45	162	1
134	135	1
97	99	1
15	156	1
136	136	1
13	15	1
4	161	1
76	78	1
