20	20	2
84	96	1
69	69	3
16	22	2
217	220	2
24	24	1
143	143	4
51	52	4
117	118	1
96	96	1
86	101	1
34	36	1
58	82	1
59	59	1
13	200	3
40	42	2
137	155	2
77	77	2
99	99	5
70	70	3
226	227	3
177	183	1
124	124	2
56	56	2
160	160	6
3	4	1
155	155	3
31	31	2
137	140	2
12	16	1
14	15	2
68	68	6
136	136	1
44	45	1
47	47	5
77	127	1
57	58	2
74	77	1
229	229	1
35	57	2
107	116	2
216	222	1
147	147	1
114	114	2
175	175	2
242	242	5
143	148	2
189	212	2
32	34	2
163	167	2
122	158	1
79	80	2
167	177	2
22	200	1
108	108	5
49	50	1
100	101	1
212	214	1
10	15	3
179	179	1
39	39	3
201	201	2
59	77	2
74	74	3
33	33	2
77	80	2
204	223	2
46	46	4
52	52	5
28	88	1
56	57	1
29	171	3
66	67	4
180	180	1
229	230	1
60	60	1
6	6	3
155	158	1
157	158	2
228	228	1
25	25	2
4	6	3
162	183	3
144	145	1
97	101	2
62	66	1
123	124	1
137	138	2
147	150	1
38	38	2
52	54	3
59	79	1
4	5	1
128	128	1
60	83	1
13	13	6
9	9	1
58	86	2
35	35	1
78	78	4
3	3	1
86	86	5
182	185	2
145	159	1
50	75	1
194	198	2
164	164	1
22	22	5
174	215	1
173	173	3
8	8	1
221	222	1
233	233	2
35	59	1
152	152	2
198	205	2
58	58	3
80	120	1
102	113	2
31	36	1
103	104	1
144	146	5
82	82	2
223	224	1
44	44	2
19	20	1
66	66	1
105	164	1
99	100	2
200	201	1
34	34	2
48	48	2
146	147	2
80	81	2
101	110	1
106	115	1
146	146	1
213	213	1
159	161	1
191	191	1
17	17	3
72	73	1
204	230	1
39	42	1
150	152	1
160	161	1
36	36	3
72	72	1
182	187	1
226	226	2
77	78	2
29	49	1
238	238	1
188	188	1
181	183	1
80	80	1
205	206	1
137	137	1
48	49	4
132	134	1
158	159	2
33	118	1
12	12	1
209	211	2
78	79	1
0	0	3
192	192	2
166	171	1
109	118	1
100	100	2
12	14	2
62	71	3
53	72	1
113	114	1
127	127	1
190	214	2
40	40	1
80	116	1
113	116	1
167	168	1
103	125	1
97	120	1
13	207	1
166	166	1
194	194	2
3	14	1
176	178	1
198	200	1
97	100	1
85	86	2
196	196	1
128	133	4
181	181	2
187	212	1
162	162	1
241	241	1
145	147	2
95	104	1
118	118	2
95	98	1
141	159	1
145	145	2
67	68	2
82	83	2
27	132	1
14	36	3
138	138	1
26	26	1
119	126	1
204	205	1
206	206	1
50	50	1
144	144	1
6	7	2
199	199	1
105	113	1
170	184	1
208	208	1
51	77	1
181	182	2
6	8	1
53	53	1
14	14	1
202	202	1
222	222	2
211	211	2
32	32	1
188	190	1
101	101	2
18	18	1
192	195	1
100	102	1
64	64	1
4	4	1
228	229	2
83	83	2
139	158	1
37	37	2
76	76	4
192	200	1
102	102	1
35	38	1
198	198	2
168	179	2
27	27	2
211	212	1
15	15	1
200	200	1
36	37	2
177	209	2
146	149	1
30	55	1
133	133	1
21	23	1
67	67	1
197	198	1
167	186	1
220	221	2
151	151	3
77	107	1
55	56	1
197	197	1
214	229	1
85	85	1
184	184	1
46	47	1
11	15	1
65	68	1
144	152	1
104	105	2
88	88	1
174	174	1
61	61	3
82	84	1
194	196	1
57	57	1
99	121	1
75	123	1
10	10	1
30	31	1
77	116	1
12	37	1
52	68	1
178	178	1
48	54	1
9	10	1
