134	134	2
119	120	1
117	118	1
98	98	5
108	110	1
76	76	4
36	36	4
16	16	2
18	18	2
38	38	1
100	128	2
3	5	1
33	35	4
77	79	2
123	123	9
74	75	2
91	94	1
120	120	3
114	114	4
115	115	5
22	23	3
110	110	1
22	22	2
78	78	3
96	97	1
135	135	2
7	9	1
107	107	2
130	130	2
72	73	2
125	125	2
96	96	2
11	11	2
94	95	1
80	81	1
78	80	1
117	117	5
20	20	3
128	128	4
121	121	5
12	12	1
31	91	1
109	119	1
96	125	1
3	19	1
94	94	2
129	130	1
87	87	2
77	78	1
10	32	1
24	24	1
12	14	1
80	80	1
23	24	1
36	86	1
125	140	1
12	13	2
121	122	3
101	103	1
32	32	2
116	117	3
29	29	2
89	89	2
74	74	1
127	127	2
91	91	2
114	115	3
7	119	1
75	77	1
80	102	1
122	123	1
13	23	1
13	13	3
72	94	1
111	119	1
124	124	2
14	14	3
34	34	2
8	8	3
85	85	2
131	131	2
33	33	2
1	4	1
16	17	1
4	18	1
19	19	3
28	29	1
120	121	1
6	118	2
21	23	2
17	18	1
41	41	1
72	111	2
116	116	2
30	30	1
4	4	2
133	133	1
6	119	1
71	73	1
10	10	2
27	27	1
84	85	2
79	87	1
132	132	1
23	39	1
90	91	5
117	120	3
96	106	1
78	87	1
1	1	2
25	26	1
104	105	3
10	11	3
8	12	2
118	118	2
17	24	1
31	32	3
91	92	2
107	108	3
82	82	1
73	73	1
15	17	3
102	102	2
26	26	1
31	74	1
94	129	1
77	77	1
113	120	2
116	118	1
101	102	1
28	31	1
77	90	1
13	14	2
130	131	1
106	106	1
84	86	2
37	87	1
137	138	1
95	98	1
79	80	1
79	79	1
113	113	2
119	119	1
2	2	1
72	72	1
112	113	1
100	108	1
122	122	2
6	6	1
123	124	1
17	17	3
104	104	1
29	30	1
89	91	1
27	29	2
9	10	1
139	139	1
131	132	1
14	15	1
129	129	1
3	3	1
