114	116	2
13	23	1
113	113	5
70	71	8
87	130	2
23	49	2
49	55	4
126	128	2
131	131	9
13	19	2
106	125	2
99	101	2
72	72	9
4	5	4
39	40	3
134	134	9
101	101	11
14	14	5
125	127	3
129	132	3
91	91	8
38	39	5
22	22	15
32	56	1
123	124	1
141	141	12
131	132	1
101	102	6
82	109	2
75	75	11
2	20	2
130	130	6
118	120	1
76	76	8
92	94	2
111	114	4
24	24	5
132	132	8
33	33	4
129	129	4
138	138	8
55	55	7
47	47	1
19	19	6
20	20	1
3	14	1
18	19	8
124	124	10
16	16	12
68	68	7
65	65	10
23	23	11
56	57	7
100	109	1
30	31	2
117	117	13
128	129	3
48	48	12
30	32	2
133	135	3
1	14	2
121	121	7
77	104	2
51	68	1
20	26	2
2	5	1
10	10	4
62	62	7
128	128	7
115	115	7
6	6	6
25	25	12
82	83	4
36	41	1
4	84	4
37	37	4
51	56	2
104	117	1
69	69	9
56	56	5
10	11	3
140	140	4
17	38	1
28	29	3
41	112	3
110	110	4
111	112	2
112	116	2
66	66	2
102	104	1
6	7	2
112	113	4
13	13	7
114	114	6
15	17	3
28	30	2
34	34	3
135	135	3
141	142	6
22	23	3
57	57	2
38	38	9
61	61	7
69	70	4
97	98	1
64	64	3
12	99	1
81	81	8
104	105	1
122	135	3
29	37	1
5	5	4
28	144	1
36	49	3
133	134	5
128	131	2
32	52	1
35	35	13
40	94	3
62	63	2
1	1	3
53	55	2
116	117	9
31	34	1
49	71	1
42	42	6
105	108	1
124	130	1
84	85	8
119	130	3
25	50	3
40	40	10
122	123	8
4	24	1
24	48	1
67	67	7
137	137	4
109	116	1
24	49	2
17	17	5
33	67	2
125	125	11
120	139	1
74	75	4
102	102	4
34	35	3
100	100	4
98	99	5
31	32	1
109	109	3
25	26	3
100	141	3
136	139	1
57	58	1
56	67	3
80	87	1
60	70	5
107	107	7
77	91	1
127	129	2
2	2	3
32	61	1
71	71	6
128	133	3
87	106	3
108	111	2
83	83	2
126	126	10
54	55	9
107	108	3
117	138	2
52	52	6
36	36	6
139	140	2
96	97	2
65	66	2
94	94	8
69	73	4
120	127	2
83	102	2
72	73	1
28	28	2
119	119	8
88	88	3
102	103	3
113	117	1
72	104	1
70	70	4
96	101	2
123	123	3
120	120	9
58	59	4
94	96	2
103	103	5
122	122	3
56	62	1
9	9	4
2	3	4
6	26	5
64	65	2
69	72	1
62	121	2
87	129	1
107	133	3
29	30	3
85	86	2
76	77	3
120	121	8
89	90	3
49	50	1
78	89	2
18	18	14
59	61	4
27	134	1
97	97	4
84	84	3
124	125	3
127	128	2
97	101	2
48	50	2
26	26	4
135	136	2
132	133	5
114	124	1
58	58	2
87	87	3
110	119	4
128	134	2
77	78	2
39	53	1
90	90	5
29	29	5
112	112	4
87	102	1
83	93	1
110	120	1
87	90	1
68	79	1
86	95	1
83	84	1
8	8	5
73	73	4
20	21	3
63	80	2
136	138	2
127	130	6
85	85	4
78	78	3
60	63	1
37	38	4
82	118	2
27	27	3
80	80	8
120	130	1
3	12	1
93	93	4
34	55	1
61	62	6
50	50	2
21	21	2
27	30	1
63	63	6
30	30	6
53	53	6
122	133	1
38	40	2
38	109	1
94	95	4
80	92	1
2	18	2
47	48	1
88	89	5
58	102	2
78	83	1
122	130	1
21	22	2
81	82	3
108	108	1
50	52	1
21	101	2
50	71	2
36	37	1
30	43	1
40	42	2
58	109	1
79	79	8
84	93	2
138	139	3
115	116	1
98	98	3
117	119	3
65	108	3
59	60	2
144	144	2
87	104	1
3	3	3
14	15	5
104	111	1
87	105	1
96	96	2
83	87	1
0	0	6
93	94	1
100	106	3
68	70	1
42	116	2
111	111	1
51	53	2
38	41	2
118	123	1
136	140	1
126	127	4
54	54	6
57	60	4
37	39	1
32	32	7
118	118	10
2	31	1
48	57	2
58	61	3
100	101	5
19	22	1
98	107	1
116	116	1
125	128	1
119	120	3
70	72	1
61	85	1
32	37	1
39	39	8
79	81	1
61	123	1
119	132	1
10	38	1
39	42	3
133	136	3
72	76	2
137	138	6
129	133	1
105	106	3
3	35	1
139	139	3
113	114	4
60	62	2
134	135	2
82	82	5
50	51	4
103	128	2
51	52	3
17	18	1
146	146	1
137	139	1
109	110	3
113	116	1
2	6	1
107	109	1
67	68	2
98	126	2
36	53	1
74	141	2
77	84	1
118	125	4
90	128	2
119	123	1
87	117	1
92	95	3
38	54	1
52	55	1
13	39	1
25	49	1
53	61	1
136	136	4
54	77	1
55	56	7
16	17	3
0	1	2
104	104	3
127	127	5
31	33	1
118	133	2
117	139	2
83	111	1
142	143	1
93	137	1
99	100	2
89	89	3
72	75	1
140	141	1
116	118	1
105	110	1
66	67	1
11	18	1
130	131	3
31	35	1
126	134	1
59	59	5
74	76	1
134	140	1
1	15	2
142	142	1
6	31	1
90	94	1
75	82	2
15	15	2
40	109	1
132	139	1
119	143	1
143	144	3
59	69	1
97	103	1
110	116	1
68	80	2
133	133	3
130	132	1
3	47	1
80	117	1
95	95	2
85	93	1
75	80	1
114	115	4
129	130	2
120	122	1
105	125	1
145	145	1
11	11	5
86	107	2
74	74	2
125	126	1
121	127	1
3	4	3
80	121	1
63	64	1
64	107	1
29	43	1
134	141	1
78	79	1
114	117	1
4	26	1
17	20	1
71	72	5
114	128	1
85	108	2
39	109	1
42	43	3
106	107	1
32	33	1
57	98	2
50	90	2
18	22	2
77	79	1
95	96	3
54	62	1
32	34	2
49	49	2
134	137	2
8	54	1
32	89	1
48	81	1
89	91	1
115	142	1
21	24	1
145	146	3
80	81	1
123	129	1
106	132	1
48	49	2
5	14	1
33	55	1
85	94	1
14	18	1
95	97	3
101	111	1
73	76	1
54	97	2
69	81	1
143	143	1
79	80	2
91	93	1
9	10	3
3	34	1
5	26	1
2	15	1
50	73	1
73	74	1
103	110	1
15	18	1
33	35	1
59	134	1
16	22	1
90	91	2
62	81	2
40	41	2
17	28	1
114	140	1
79	93	1
132	136	1
35	36	1
81	107	2
109	111	2
43	43	1
106	123	2
3	6	1
31	31	2
6	21	1
99	99	2
49	52	1
96	98	1
104	108	1
110	112	1
52	73	1
67	106	1
88	98	1
140	142	1
13	24	1
104	114	1
19	21	1
0	20	1
19	48	1
41	94	1
68	111	1
96	100	1
59	103	1
74	82	1
38	95	1
69	71	2
0	8	1
32	35	1
86	86	1
26	48	1
103	104	2
4	6	1
129	136	1
12	97	1
82	124	1
105	122	1
97	141	1
112	114	1
21	125	1
122	124	1
41	42	1
59	108	1
59	62	1
82	90	1
19	76	1
118	119	1
14	16	1
34	37	1
68	81	1
106	106	1
115	118	1
54	56	1
110	138	1
69	75	1
60	61	1
62	131	1
94	104	1
71	116	1
54	84	1
117	131	1
93	112	1
59	131	1
105	105	2
4	4	1
105	107	1
20	23	1
75	101	2
96	127	1
92	92	1
5	67	1
35	39	1
