109	109	4
122	123	1
144	144	6
84	88	2
137	137	6
113	113	2
90	90	3
116	117	1
94	95	2
33	34	1
65	76	1
81	81	3
88	95	1
89	89	5
41	41	1
121	121	3
83	108	2
120	132	1
15	16	1
104	105	2
77	77	1
27	93	1
93	97	2
82	82	2
39	39	4
76	76	1
37	37	3
121	122	2
103	113	2
134	134	6
81	83	2
42	43	2
36	116	1
94	118	1
70	132	1
89	90	3
125	125	4
92	92	2
57	67	2
95	95	5
128	137	1
135	150	1
133	133	6
78	78	2
45	50	2
102	127	2
30	32	1
53	54	1
141	141	2
151	151	1
89	91	1
80	80	5
129	129	2
69	69	3
20	20	2
117	117	2
68	71	2
88	88	1
2	4	2
145	157	1
124	125	4
96	117	2
24	25	1
7	7	3
82	86	1
114	114	5
104	104	2
152	158	1
150	150	1
95	145	1
158	158	2
8	9	2
71	71	2
100	130	3
8	10	1
13	18	3
130	138	2
68	68	2
155	155	1
104	131	2
98	121	1
139	139	2
93	94	1
105	105	3
28	32	1
42	125	2
142	152	1
1	2	1
46	46	2
146	146	1
115	115	4
82	96	1
96	96	3
29	32	1
43	43	2
76	95	1
70	70	1
131	131	2
50	50	4
80	81	2
116	138	1
19	21	1
20	28	1
123	124	2
34	34	3
85	86	3
79	80	1
125	126	1
101	101	2
118	154	1
114	115	1
112	113	4
19	30	2
141	157	2
16	22	1
3	3	1
23	23	4
21	23	1
129	130	2
150	153	3
90	91	2
40	42	1
48	49	1
86	87	1
111	113	1
87	88	3
16	28	1
27	27	2
53	53	2
135	135	3
21	21	1
108	108	1
45	46	1
14	15	1
86	93	2
51	52	1
80	92	3
48	62	1
8	41	1
93	93	4
67	70	1
78	79	5
86	86	1
107	107	2
143	155	1
140	141	3
116	116	3
29	50	1
26	128	1
40	43	1
64	68	1
82	152	2
49	49	1
38	50	1
74	74	1
137	139	1
70	123	2
31	78	2
103	103	1
87	87	3
13	14	2
79	82	1
24	24	3
25	50	1
22	30	2
142	153	1
156	156	2
27	82	1
133	141	1
52	52	2
3	4	1
48	156	1
26	26	3
112	112	2
46	47	1
132	139	1
17	27	1
4	13	2
78	88	1
18	19	1
147	147	1
109	110	1
105	107	1
77	88	1
126	147	1
35	116	1
138	138	1
115	116	1
95	150	1
91	92	1
91	91	1
136	150	1
8	24	1
48	53	1
19	20	1
140	140	2
38	38	1
64	64	1
72	134	2
75	75	1
83	83	2
67	67	2
3	12	1
145	146	1
79	83	1
43	50	1
54	56	1
97	104	2
126	127	1
70	71	1
126	126	1
146	147	1
99	99	1
19	54	1
79	79	1
49	53	1
20	21	1
116	148	1
81	82	1
143	143	1
113	114	1
51	53	1
49	52	1
11	12	1
40	40	1
145	145	1
48	63	1
57	68	1
123	123	1
55	56	1
77	87	1
14	14	1
147	156	1
30	31	1
77	83	1
104	133	1
12	12	1
28	28	1
142	142	1
18	20	1
6	6	1
119	128	1
