54	56	1
84	85	1
94	94	2
73	73	3
68	69	2
61	61	3
62	62	4
72	72	2
93	93	4
78	78	4
89	105	2
48	49	2
78	79	1
98	99	1
54	93	1
59	59	2
82	84	3
54	54	1
74	76	1
47	64	1
35	35	1
23	23	3
76	76	1
105	105	3
98	98	5
35	36	1
55	56	2
50	50	2
53	53	4
38	40	1
100	101	1
66	66	1
33	34	1
73	107	2
63	64	2
55	55	1
43	68	2
29	29	3
50	71	1
36	45	1
82	83	1
94	95	1
103	103	1
21	22	1
37	39	1
47	48	1
73	74	1
69	69	2
24	58	1
48	52	1
80	81	2
70	72	1
95	95	2
41	41	1
60	83	2
88	89	1
33	97	1
38	43	1
62	102	1
76	77	1
40	41	1
71	74	1
42	43	1
75	75	1
102	104	1
74	74	3
57	67	1
89	89	1
32	64	1
71	71	2
88	88	1
71	72	1
66	89	1
27	27	1
84	84	1
65	100	1
36	36	1
82	91	1
49	49	1
64	64	1
82	82	1
32	32	1
24	68	1
39	45	2
26	26	1
22	28	2
43	46	1
79	80	1
72	96	1
57	57	1
23	100	1
47	47	1
63	65	1
28	29	1
