71	71	3
140	141	2
96	103	2
138	138	3
21	22	2
137	137	1
157	157	5
128	128	2
122	123	2
80	108	1
84	87	2
41	41	3
65	66	2
73	74	2
146	146	1
81	96	2
85	90	1
95	96	2
139	144	1
20	20	5
121	122	1
144	148	2
4	5	1
97	103	1
23	38	1
104	104	2
12	13	3
89	90	2
69	69	3
17	18	5
156	156	4
43	43	6
117	120	2
7	7	2
50	50	6
33	43	2
94	129	2
94	116	1
111	113	2
81	107	1
22	24	1
26	37	1
94	109	2
153	153	2
96	96	5
135	135	4
69	70	2
25	25	4
75	151	1
79	130	4
34	34	3
7	8	3
75	91	1
82	82	4
139	146	1
51	55	2
145	145	2
70	70	4
92	92	2
87	88	3
120	122	3
4	14	1
73	134	1
104	105	2
89	139	1
133	133	5
108	108	2
39	42	1
47	47	3
18	18	2
134	134	3
2	15	1
151	151	2
109	109	1
37	39	2
146	156	1
105	129	1
34	35	2
9	9	1
3	3	3
78	147	1
113	113	1
49	49	3
116	117	3
113	116	1
32	44	1
82	113	1
6	7	1
18	20	3
28	28	4
87	91	1
150	153	2
92	109	4
6	39	1
29	29	1
70	88	1
104	131	2
22	22	2
15	15	2
78	82	1
144	154	1
87	87	2
12	12	2
91	92	2
14	14	1
90	90	1
75	129	1
131	131	4
38	41	1
24	25	2
88	88	7
124	151	2
34	38	1
1	5	1
68	68	2
53	54	1
101	101	2
10	136	1
80	80	2
125	127	1
79	80	2
37	37	3
30	50	2
141	154	3
112	112	2
83	122	1
26	115	2
15	48	2
24	37	2
149	149	2
6	92	2
52	54	1
141	141	3
19	20	1
107	107	1
107	110	1
105	106	1
83	84	1
139	139	4
144	144	4
1	1	1
67	70	1
117	152	2
29	46	2
21	21	2
138	150	1
90	93	2
152	157	1
119	121	1
145	146	1
81	109	1
15	51	1
143	150	1
68	69	1
94	114	1
148	148	1
78	78	2
146	147	1
102	106	1
9	10	2
122	122	3
31	42	1
147	147	2
129	130	1
5	7	1
25	37	1
33	34	1
149	150	2
3	14	2
118	118	5
106	113	1
68	70	1
91	93	1
144	147	1
120	144	1
116	116	2
144	146	2
120	129	1
22	31	2
42	43	4
121	121	2
81	81	2
39	39	1
117	117	5
44	44	5
93	94	2
73	75	1
25	27	2
27	27	1
31	48	2
117	140	1
66	69	1
124	124	1
85	85	2
8	10	2
89	118	1
140	148	1
141	153	2
107	129	1
44	45	2
143	149	1
135	137	1
62	80	1
87	106	2
120	125	2
4	4	2
11	137	1
152	152	1
79	95	1
107	125	1
90	92	1
89	95	1
142	154	1
14	112	1
98	99	1
0	0	2
48	48	1
12	22	1
105	116	1
55	55	2
157	158	2
133	146	4
27	28	1
153	154	1
40	42	1
114	127	3
125	125	2
130	130	1
95	95	1
127	128	1
124	125	1
99	99	2
78	136	1
121	137	1
82	83	2
155	156	1
8	8	6
105	111	1
38	46	1
56	56	1
148	156	1
142	143	2
90	91	1
30	49	1
87	101	1
89	89	1
53	70	1
5	5	1
95	111	1
150	150	2
16	17	1
26	26	3
16	49	1
92	120	1
67	67	1
51	53	1
111	114	1
38	39	2
38	38	2
54	55	1
154	154	2
51	51	1
117	118	1
3	71	1
12	17	3
140	143	1
125	126	3
73	73	1
84	85	1
75	75	1
39	115	2
86	91	2
5	73	2
28	31	1
4	84	1
154	155	1
158	159	1
87	116	1
155	155	1
123	124	1
2	71	1
42	88	1
40	40	2
50	51	1
132	133	3
46	46	2
133	134	1
102	102	1
43	48	1
49	50	1
48	51	2
6	6	1
10	10	2
25	39	1
13	13	2
122	134	1
72	76	1
67	68	1
13	14	1
51	78	1
87	112	1
43	54	1
77	77	2
54	54	1
143	143	3
118	120	1
150	158	1
24	36	1
40	41	4
29	44	2
26	42	1
82	118	1
14	96	2
114	116	1
145	154	1
83	105	1
6	93	1
100	158	1
35	35	1
3	50	1
85	86	2
24	24	1
96	110	1
80	109	1
119	123	2
126	127	1
31	47	1
86	114	1
85	148	1
77	78	1
132	148	1
141	157	2
11	136	1
79	79	1
143	151	1
0	50	1
119	135	1
120	120	2
141	142	1
137	138	1
82	93	1
79	104	1
93	93	1
93	95	2
2	12	1
129	155	1
28	29	1
111	111	1
46	47	1
141	144	2
119	119	1
63	70	1
33	33	1
27	79	1
148	152	1
113	115	1
112	113	1
15	17	1
8	9	1
4	51	1
37	45	1
21	38	1
146	157	1
16	16	1
10	28	1
2	51	1
115	128	1
27	80	1
123	143	1
2	2	1
23	23	1
107	108	1
