32	47	2
53	53	2
18	18	1
29	31	1
41	41	3
17	18	1
44	44	1
36	36	2
7	7	3
56	58	1
25	25	2
46	46	3
59	59	1
48	48	7
55	55	3
58	59	1
2	2	1
3	4	2
50	50	3
6	25	1
30	46	1
30	30	3
44	54	1
10	10	2
62	62	2
61	61	1
31	32	1
51	51	1
34	61	1
56	56	2
34	34	8
37	47	1
57	58	1
33	34	2
46	47	2
15	15	2
33	33	1
35	37	2
47	47	2
17	17	1
30	31	2
48	49	2
38	40	1
4	4	1
36	37	1
43	44	3
32	33	1
54	59	1
7	10	1
23	24	1
38	39	2
38	38	3
21	21	1
3	3	1
5	5	1
42	42	3
40	40	1
14	16	1
60	60	1
54	55	1
38	42	1
6	6	1
57	57	1
40	43	1
20	20	1
16	16	1
59	60	1
14	15	1
36	55	1
49	50	1
54	54	1
37	37	1
45	45	1
44	47	1
20	21	1
47	48	1
7	9	1
