24	24	4
10	11	4
35	42	1
18	18	2
15	15	2
74	74	1
4	4	7
1	1	6
13	13	6
22	23	2
43	43	3
47	47	2
48	65	2
24	47	1
49	50	1
50	61	1
26	40	1
9	9	8
61	62	4
68	70	2
54	71	1
76	77	1
37	39	3
35	35	7
0	1	1
46	46	4
52	75	2
66	67	3
44	47	2
44	44	3
55	55	8
64	65	3
7	7	4
25	28	3
6	8	2
5	30	1
66	66	1
56	56	2
71	72	2
67	67	1
23	75	2
0	2	2
39	53	1
51	51	5
3	4	1
33	34	2
21	23	1
27	27	8
62	62	1
25	25	6
77	77	2
67	68	1
4	13	4
20	70	1
42	64	2
0	32	1
36	37	1
50	51	2
39	39	4
19	19	4
38	41	1
12	21	1
62	66	2
42	77	1
36	44	1
2	12	1
2	29	1
53	53	3
48	53	1
13	30	2
34	34	2
6	30	2
35	43	1
24	50	1
30	31	2
33	62	2
25	69	2
54	61	1
34	36	2
7	31	1
68	69	4
0	14	1
54	77	2
19	30	2
22	35	3
36	36	1
11	31	1
18	24	3
37	38	1
41	66	1
30	50	1
31	31	5
38	38	4
61	70	1
21	69	1
22	22	5
59	66	1
54	54	3
8	8	5
60	61	4
38	63	1
71	71	2
5	5	3
2	25	1
43	50	2
3	3	9
45	45	2
49	49	1
68	68	2
14	24	1
33	33	4
65	66	1
9	20	2
29	29	1
26	34	2
44	45	1
75	75	3
31	34	1
23	33	2
28	51	1
69	73	1
31	32	1
7	13	2
26	26	2
0	0	1
27	50	3
59	61	1
47	48	2
11	12	2
5	35	1
69	71	1
43	70	3
35	36	1
24	55	1
40	58	1
20	68	1
26	27	1
52	64	2
71	75	2
29	34	1
34	35	1
61	61	3
29	43	1
8	9	4
12	19	1
70	70	3
50	63	1
56	63	1
12	12	3
65	65	1
21	35	1
69	70	1
41	41	3
10	10	4
6	7	1
11	11	1
28	36	2
13	29	1
28	28	2
62	72	1
9	10	1
12	29	1
51	53	1
58	58	3
46	54	1
73	73	2
48	49	1
20	50	1
46	60	3
30	58	1
56	64	1
30	30	3
12	34	2
65	67	2
39	55	1
48	51	1
11	19	2
4	5	2
2	70	2
37	46	1
18	19	1
32	47	1
69	69	4
23	25	1
60	77	1
18	43	1
37	37	1
19	50	1
28	41	2
0	44	1
51	68	1
72	72	2
7	8	1
58	63	1
28	58	2
75	77	1
54	74	1
42	42	1
30	38	1
37	52	2
42	59	1
25	31	1
24	26	1
27	58	1
1	28	1
36	39	1
43	61	2
25	34	1
52	52	1
26	29	1
24	27	1
32	32	1
51	52	2
43	59	2
60	74	1
13	55	1
73	76	1
22	36	3
33	73	1
25	27	1
63	65	1
6	9	1
49	76	1
40	40	2
59	75	2
12	13	3
1	14	1
1	61	1
34	40	1
13	14	2
58	65	1
60	69	1
49	64	1
21	26	1
34	37	2
25	30	1
22	63	1
30	51	1
38	39	1
5	24	1
36	42	2
51	67	1
24	39	1
26	50	2
2	2	1
25	68	1
48	63	1
14	55	1
66	70	1
26	32	1
28	38	1
29	65	1
2	7	1
38	42	1
9	25	1
19	27	1
21	21	2
11	18	1
39	64	1
28	29	1
8	42	1
52	73	2
1	2	1
0	29	1
51	72	1
21	25	1
19	25	1
8	30	2
5	6	3
57	58	1
64	66	1
35	40	1
25	41	1
66	69	1
50	50	1
62	63	1
12	20	1
4	28	1
27	30	1
5	12	1
14	19	1
18	51	1
1	5	1
34	58	1
