2	2	2
8	8	3
3	3	3
65	65	3
76	76	4
4	5	1
69	69	3
58	58	1
13	15	1
30	48	1
60	60	1
43	43	2
71	72	1
78	78	5
13	14	1
52	52	1
41	41	2
5	5	3
53	53	1
72	73	1
60	61	6
37	37	7
63	63	2
19	19	6
10	13	1
32	50	1
51	51	3
9	10	1
12	12	2
17	17	3
56	59	1
47	47	2
35	35	1
36	37	1
7	7	1
48	48	2
38	38	2
68	68	1
45	45	4
63	64	1
57	60	1
32	65	1
51	52	1
19	39	1
69	71	1
56	56	1
77	77	2
8	65	1
25	52	1
72	72	1
55	77	1
29	45	1
76	77	1
61	61	1
74	76	1
69	72	1
10	12	1
34	34	2
39	39	2
49	53	1
55	56	2
33	33	3
55	55	3
10	11	2
54	54	1
9	9	2
74	74	1
59	59	1
3	4	2
6	6	1
26	26	1
13	69	1
8	15	2
66	67	1
7	40	1
29	48	1
27	27	1
76	78	1
31	32	1
11	11	1
11	12	1
15	15	1
75	75	1
32	59	1
59	60	1
74	75	1
71	71	1
49	49	1
26	63	1
15	21	1
18	71	1
34	35	1
6	7	1
