74	74	1
4	4	2
62	70	1
18	18	1
37	38	1
13	14	5
38	38	5
42	42	2
78	79	1
66	66	2
6	7	2
62	62	2
43	43	1
45	45	4
36	37	1
21	54	1
52	53	2
16	29	1
64	64	1
3	3	6
65	65	4
11	11	2
11	12	2
57	57	1
78	78	2
9	10	1
37	37	6
30	30	1
2	2	2
70	70	1
65	66	1
66	68	2
13	13	2
40	40	2
56	56	2
9	15	2
41	41	2
75	76	2
49	50	2
10	10	2
19	19	4
62	63	1
29	30	2
68	68	7
27	27	3
49	52	2
60	60	2
9	9	1
73	73	1
59	59	2
68	71	2
26	26	3
79	79	3
16	16	2
47	47	3
46	46	3
15	15	3
10	21	2
8	8	2
0	0	1
9	16	1
32	49	1
56	58	1
51	51	3
14	15	4
52	52	2
12	12	2
10	12	1
47	80	1
12	14	1
16	80	1
71	74	2
1	58	1
55	72	1
70	72	1
14	14	1
33	33	5
54	54	3
6	65	1
32	34	1
6	6	1
58	58	4
50	50	3
68	70	1
58	59	2
33	37	1
20	20	2
72	72	3
48	54	1
77	78	1
33	34	1
51	52	2
7	8	3
69	69	1
7	7	1
31	31	3
55	59	1
47	48	1
49	49	1
12	13	1
39	39	1
67	67	1
32	32	1
55	55	1
76	77	1
1	72	1
