3	3	29
34	35	20
20	21	6
51	51	40
41	42	12
32	32	69
45	45	54
46	47	21
57	57	17
30	33	10
18	19	8
44	44	39
47	47	51
52	52	20
2	2	37
45	58	7
39	39	16
49	49	55
48	48	52
48	49	18
4	4	8
47	59	3
37	37	35
35	35	36
12	12	5
35	36	13
36	37	24
24	24	25
31	31	59
36	36	36
9	11	6
52	53	11
58	58	24
13	13	10
19	19	7
46	46	64
2	5	6
61	61	23
34	34	57
16	17	4
9	10	4
25	26	4
39	40	6
43	43	44
22	25	2
30	30	44
14	14	15
6	7	10
62	62	24
50	52	6
11	13	6
50	50	57
49	50	17
20	20	13
40	41	10
38	39	7
23	23	12
60	60	11
50	51	4
3	4	16
52	56	1
5	5	38
33	34	19
6	6	33
33	33	48
35	37	4
42	42	30
11	11	7
54	59	7
8	9	5
12	13	2
55	58	2
61	62	5
57	60	1
14	15	7
13	14	6
46	59	4
23	24	12
59	60	11
17	17	13
0	0	6
52	58	4
40	45	4
33	35	7
16	16	9
7	19	9
25	25	13
6	23	2
51	58	4
6	11	3
17	18	3
51	59	3
37	40	4
11	12	1
37	39	4
49	52	5
21	21	8
41	45	1
57	58	8
38	41	12
22	22	9
24	25	8
10	11	10
55	55	20
59	59	15
8	8	9
38	38	10
32	33	15
9	9	10
31	37	4
44	47	2
42	57	1
6	9	1
58	61	5
12	18	4
30	32	5
44	45	3
8	18	6
31	35	6
53	53	10
5	6	4
37	41	3
30	40	4
21	22	2
6	8	6
40	40	15
46	60	4
53	54	15
54	54	10
42	43	10
9	12	3
43	44	7
7	7	5
10	10	11
29	30	3
2	4	4
30	36	2
30	37	10
56	56	23
29	39	3
41	41	9
23	25	3
45	56	5
5	11	3
9	18	3
39	41	6
6	22	5
0	1	5
9	22	4
18	18	7
56	58	2
25	38	2
7	23	5
15	15	11
48	52	3
7	8	2
55	56	4
19	20	6
1	2	5
5	7	1
56	59	2
56	57	5
19	21	6
29	38	3
54	58	3
42	52	2
60	61	5
43	47	4
54	55	1
40	44	1
30	31	14
2	3	6
13	15	1
8	11	2
51	52	5
7	20	1
47	50	2
47	48	10
36	43	1
8	20	4
4	5	2
37	42	3
15	16	3
8	19	3
29	29	3
29	37	6
42	44	2
24	41	3
6	17	1
30	39	7
25	37	2
46	56	4
23	41	2
1	1	2
58	60	1
38	44	4
29	32	2
9	19	1
48	50	3
19	58	3
12	14	1
32	35	1
58	59	1
31	32	4
51	56	4
31	38	1
31	39	2
9	42	1
43	56	1
22	23	1
45	60	2
39	57	1
47	51	1
