30	31	7
45	45	14
17	18	6
18	44	1
23	42	1
20	24	1
33	33	10
23	23	1
46	47	2
29	29	5
44	44	6
43	43	8
42	43	2
25	26	4
38	40	2
41	41	4
21	22	1
24	25	2
27	27	6
34	34	11
31	32	1
18	18	3
24	40	1
27	30	1
33	34	3
39	40	5
32	41	1
47	47	3
27	28	2
21	21	10
25	25	3
36	36	4
32	33	1
31	35	2
42	42	4
40	40	3
40	43	1
31	31	8
43	45	1
16	17	2
17	17	3
34	44	1
35	35	6
38	39	4
31	34	2
39	39	7
46	46	7
16	16	5
44	45	1
22	25	1
43	44	1
15	16	1
26	26	6
24	24	4
22	31	2
24	43	2
32	32	1
29	30	2
37	37	2
32	35	2
17	40	1
37	40	1
19	20	1
19	34	1
19	21	1
19	19	5
20	22	3
14	27	1
36	43	1
19	22	1
37	38	1
45	47	2
34	35	2
21	32	2
27	29	2
19	24	1
38	38	2
27	31	1
23	24	2
21	26	1
22	23	1
22	30	1
31	41	1
33	35	1
35	43	1
34	45	1
37	43	1
30	30	1
28	30	1
27	33	1
21	23	1
27	32	1
28	28	1
11	26	1
23	41	1
21	24	1
22	22	2
21	42	1
