33	34	2
101	102	4
132	132	3
18	18	5
162	165	2
188	194	6
163	165	1
74	74	1
161	165	1
83	83	5
56	57	1
172	172	5
56	63	5
6	6	5
46	47	5
123	124	1
1	3	1
126	141	2
179	179	3
125	125	3
182	182	2
193	193	5
94	94	5
164	164	2
196	196	5
116	116	5
10	47	1
8	8	1
31	31	3
99	99	2
103	103	3
27	28	2
170	170	5
82	82	3
145	146	5
57	57	2
175	177	4
162	162	4
130	132	1
155	155	3
11	12	1
141	141	4
76	88	1
78	80	1
43	43	2
160	160	2
124	124	1
57	132	1
104	105	1
68	85	2
152	152	2
78	79	2
134	136	1
150	169	1
122	122	1
20	20	4
142	142	1
90	90	2
100	109	1
6	156	1
98	98	2
183	192	2
157	157	1
185	185	3
1	2	1
62	63	1
84	84	1
183	183	3
116	135	2
10	10	2
133	139	1
117	140	1
54	55	1
79	81	2
24	24	5
105	138	2
3	156	1
29	67	1
185	186	2
150	151	2
167	173	3
12	12	2
58	58	6
14	57	2
171	172	2
166	167	3
129	129	1
190	191	1
3	3	1
49	49	2
137	137	2
190	190	3
175	175	2
38	38	2
19	152	2
191	192	1
32	32	1
17	17	5
69	69	4
19	23	2
139	139	4
140	141	1
110	110	3
118	118	4
37	37	1
164	178	1
176	178	3
33	35	1
177	177	2
179	180	3
5	61	3
171	192	4
1	1	4
27	27	5
52	195	1
120	124	2
178	178	1
114	114	2
35	59	2
150	150	1
184	185	3
148	167	1
167	167	3
170	172	3
99	100	2
40	40	2
44	47	2
97	97	5
112	112	3
9	9	2
162	164	2
149	150	1
84	87	1
48	50	1
189	189	2
168	193	2
104	106	2
4	4	2
140	140	1
51	51	3
180	180	5
154	155	1
85	85	2
7	41	2
93	94	2
3	155	1
121	121	4
53	54	3
118	119	2
114	123	1
111	111	3
109	109	2
28	29	2
63	63	3
138	138	2
4	108	2
98	100	2
159	162	2
189	190	1
43	45	2
159	161	1
192	193	1
4	14	1
196	197	1
116	117	2
25	25	3
186	186	1
105	106	2
149	149	8
56	145	2
152	181	3
118	126	1
133	136	2
120	120	3
145	145	2
86	86	2
1	16	1
181	181	3
131	132	2
67	67	1
134	137	1
182	183	2
155	161	1
39	39	2
52	125	1
144	145	1
153	153	1
30	30	2
151	151	1
4	5	2
45	46	1
84	86	2
64	64	1
53	56	1
152	154	1
72	73	1
155	171	4
36	36	5
167	187	2
146	146	2
18	144	2
169	170	1
35	36	1
107	107	1
16	16	2
172	175	1
174	175	1
100	101	1
147	147	1
132	155	2
160	161	3
136	177	2
32	39	2
22	35	1
58	60	1
147	148	1
28	68	1
22	22	1
167	176	1
80	81	3
107	144	1
133	134	1
167	171	2
165	166	2
118	120	1
23	23	2
89	89	2
71	71	5
30	31	1
158	182	1
154	154	1
113	113	1
71	120	2
19	19	3
155	157	2
194	194	4
188	189	2
0	16	1
47	49	1
13	129	1
29	29	2
42	42	1
155	156	2
179	185	1
88	88	3
130	131	1
107	108	1
63	65	1
41	42	1
143	145	1
173	195	1
159	160	1
97	98	1
126	127	1
21	21	4
124	125	2
2	166	2
131	141	1
195	197	1
192	192	3
56	59	2
67	85	1
143	143	2
108	108	1
103	105	1
144	144	3
152	159	1
47	47	2
27	31	2
2	18	1
112	113	1
179	181	1
129	130	3
68	68	1
26	33	1
14	14	2
93	95	2
149	151	1
130	141	1
135	135	1
159	173	1
105	109	1
26	26	1
25	26	1
169	169	1
138	140	1
150	157	2
83	95	1
107	110	1
166	166	3
177	180	1
158	159	1
79	86	1
148	149	1
24	25	2
151	152	1
29	30	1
33	33	4
183	185	2
39	40	2
93	93	1
76	76	1
130	130	3
39	60	1
6	7	1
59	59	2
47	141	1
0	4	2
20	21	1
183	187	1
197	197	1
148	148	2
21	40	2
175	181	1
61	65	1
63	109	1
84	85	1
48	48	1
81	85	1
15	16	2
0	1	1
38	41	1
182	185	1
167	168	1
5	41	1
171	171	1
163	164	1
65	65	1
1	148	1
9	37	1
28	28	1
