134	136	1
99	100	1
120	122	1
7	11	1
97	97	1
136	136	5
134	135	1
30	31	1
21	22	1
109	109	3
37	37	1
130	130	4
129	129	2
132	132	4
75	112	1
94	107	1
2	4	1
92	97	1
120	125	1
121	121	5
134	134	1
25	25	3
105	107	1
37	118	1
80	80	2
34	35	2
22	32	1
103	120	2
119	119	2
79	125	3
90	90	3
100	100	3
83	84	1
137	138	2
84	85	3
95	96	1
23	23	4
9	9	2
14	18	3
27	29	1
34	34	4
100	121	1
97	100	1
77	78	1
77	79	1
139	139	9
12	12	1
1	1	1
78	121	1
93	112	1
5	6	2
19	34	1
8	11	2
29	31	2
76	118	1
4	8	1
71	71	1
111	112	3
126	126	2
131	132	2
7	7	1
72	75	1
128	138	2
29	30	1
81	82	1
137	137	4
99	99	4
135	136	3
132	133	2
1	13	1
138	140	1
78	78	1
75	100	1
124	124	5
86	86	2
14	14	1
17	17	2
16	17	1
5	5	1
127	129	4
135	135	3
6	6	2
4	4	2
81	81	2
8	12	1
104	118	1
131	136	2
119	122	3
123	124	2
8	9	2
13	27	1
112	112	2
126	129	2
77	77	2
94	94	3
99	126	2
79	79	2
125	126	1
20	21	1
127	128	3
31	32	1
18	18	1
114	115	2
89	89	2
127	127	1
93	118	1
19	21	1
77	121	1
123	123	1
73	73	1
106	106	1
5	7	3
19	19	1
93	121	1
22	22	1
86	113	1
74	100	1
126	127	1
83	83	1
93	114	1
122	122	2
102	102	1
3	5	1
17	19	1
75	120	2
37	87	1
120	121	1
116	132	1
138	138	1
32	32	1
4	6	3
35	116	1
31	31	1
138	139	1
109	123	1
11	13	1
71	114	1
128	128	1
133	134	1
101	117	1
114	114	2
8	8	1
133	133	1
128	134	2
80	82	1
24	27	1
92	120	1
104	105	1
73	83	1
79	99	1
101	106	1
74	74	2
13	13	1
95	103	1
24	30	1
90	91	2
28	28	1
78	98	1
2	2	1
84	108	1
112	113	1
19	20	1
24	24	1
108	108	1
96	96	1
36	36	1
129	137	1
84	84	1
26	26	1
117	119	1
125	125	1
6	9	1
92	92	1
110	110	1
85	102	1
121	122	1
2	26	1
25	27	1
101	122	1
96	115	1
104	119	1
