43	43	4
145	145	4
170	171	1
4	15	4
0	0	2
110	112	2
77	77	4
22	23	5
64	124	1
113	114	1
89	89	1
178	178	6
8	9	2
28	31	2
16	16	2
16	18	2
37	38	3
146	146	3
164	164	1
26	26	2
157	158	2
131	131	3
170	170	1
1	1	4
36	39	2
21	21	4
64	65	2
97	100	1
115	115	3
62	62	4
121	122	1
155	156	3
160	161	1
32	33	3
10	11	1
123	124	3
86	90	1
130	130	4
51	51	2
179	179	2
2	2	5
10	31	2
142	147	1
21	26	1
83	104	1
53	95	2
139	139	5
147	159	1
62	63	2
88	88	5
110	110	2
6	6	5
13	13	2
25	26	1
15	15	2
85	86	1
17	17	1
81	81	4
63	63	4
6	11	1
41	65	2
41	41	2
145	163	1
83	86	1
0	159	2
113	113	3
11	14	2
108	174	1
23	23	6
157	157	2
4	4	4
80	80	2
19	67	2
161	162	4
75	75	2
103	112	3
114	114	2
28	29	3
14	95	1
20	20	6
159	168	1
168	169	2
167	167	3
92	94	1
108	143	2
171	171	5
39	40	1
86	95	1
109	109	1
68	68	2
33	33	3
114	118	2
136	160	3
85	85	3
30	113	2
27	28	5
46	53	1
126	159	2
95	99	1
95	98	1
8	8	5
142	142	2
24	25	4
140	140	1
77	82	1
127	128	2
129	165	1
110	111	2
100	100	4
7	9	1
36	37	2
20	33	1
27	29	2
61	61	2
144	145	3
79	134	2
145	146	3
115	118	1
44	44	2
157	163	2
144	146	2
45	45	1
79	79	2
90	154	1
144	144	2
142	143	2
19	20	2
18	18	3
31	32	2
123	123	2
11	19	1
29	89	1
103	104	1
19	22	1
107	108	2
107	118	1
18	20	2
57	59	1
30	67	1
122	123	1
87	89	1
35	35	6
172	172	3
10	10	4
60	60	4
124	125	1
129	130	1
15	95	2
169	169	2
111	111	3
124	127	2
12	12	8
3	3	4
83	87	1
124	124	1
84	85	1
28	36	1
138	139	1
104	104	5
0	1	2
53	53	3
53	54	3
119	120	1
27	27	4
147	147	3
82	122	1
39	39	3
106	146	1
163	163	3
2	5	1
143	144	1
82	82	3
74	76	2
134	136	1
25	25	2
177	177	1
105	105	1
117	124	1
59	60	2
78	78	2
13	17	1
122	122	3
149	149	3
134	134	3
143	146	1
58	78	1
50	113	1
158	158	4
83	84	4
10	35	1
154	155	2
87	134	1
7	7	4
66	86	1
35	40	1
130	131	1
118	118	1
42	42	2
155	155	3
73	94	1
160	160	5
116	117	2
1	2	1
148	148	2
65	65	2
31	35	1
104	105	2
29	29	1
96	96	3
56	56	1
125	125	1
19	19	1
24	24	1
24	37	1
28	28	2
92	93	1
125	162	1
150	150	5
9	9	6
122	163	1
49	49	1
131	141	1
34	34	2
138	138	2
96	97	2
80	81	2
125	143	2
5	5	4
87	87	2
9	10	2
152	152	3
11	13	2
51	54	1
103	107	2
64	64	1
165	165	7
153	174	1
132	132	2
16	22	1
109	110	2
84	101	1
32	35	1
90	90	1
91	91	1
163	164	2
75	118	1
131	139	1
108	109	1
161	168	1
31	31	3
117	118	2
23	78	1
123	125	1
121	145	1
95	95	3
20	21	1
117	117	1
20	44	1
96	100	1
11	18	1
14	31	2
31	111	1
11	11	3
76	76	3
12	13	1
2	3	1
174	178	1
43	44	3
166	166	2
41	42	3
174	175	1
116	119	1
176	179	1
25	58	3
56	57	1
148	149	2
122	147	1
6	120	1
135	135	1
126	126	2
55	55	1
168	168	4
13	27	1
11	38	1
133	134	2
15	42	1
76	118	1
74	74	1
45	56	1
4	6	1
75	132	1
107	129	1
127	157	1
93	93	1
18	35	2
56	58	2
106	106	3
75	119	1
107	107	4
130	141	1
65	66	2
35	36	1
120	120	3
30	31	1
92	92	3
152	153	3
25	56	1
24	28	1
16	42	1
147	153	1
152	160	2
158	159	1
50	61	1
122	140	1
89	90	1
141	141	1
23	57	1
57	63	1
152	165	2
64	104	1
21	49	1
103	149	1
169	170	3
128	150	1
115	117	1
60	91	1
159	163	1
13	16	1
118	119	2
16	45	2
67	71	1
173	173	2
156	159	1
16	39	1
14	14	1
73	75	1
98	99	3
154	154	1
101	101	2
73	79	1
1	5	1
61	64	1
76	79	2
151	152	1
82	153	1
105	107	1
50	51	2
156	158	1
159	159	3
156	167	2
77	125	1
103	103	1
142	175	1
38	39	1
43	45	1
76	77	1
46	46	1
74	118	1
150	151	2
62	106	1
24	26	1
146	161	1
114	146	1
98	100	1
94	96	1
116	146	1
143	143	1
151	151	1
59	59	1
86	86	1
73	147	1
19	39	1
36	92	1
147	148	1
155	174	1
23	65	1
22	22	1
121	121	1
108	108	1
128	128	2
160	162	1
115	116	1
57	61	1
116	116	1
150	166	1
180	180	1
3	4	1
97	99	1
132	133	1
139	173	1
106	149	1
43	77	1
130	156	1
16	19	1
66	142	1
150	152	1
95	96	1
129	129	1
137	137	1
91	92	1
13	15	1
147	149	1
67	67	1
30	30	1
131	132	1
31	37	1
168	178	1
1	55	1
142	173	1
38	38	1
23	28	1
