39	39	3
34	35	3
92	93	1
39	40	5
98	98	5
69	69	5
46	54	1
30	79	2
100	101	2
44	44	4
84	97	1
92	92	3
41	49	3
23	23	2
39	45	1
48	49	5
46	47	1
91	91	2
56	57	2
63	64	4
53	61	1
35	35	1
78	78	3
55	56	1
97	97	3
94	94	4
63	69	2
101	101	5
28	28	3
36	39	2
46	92	2
58	58	6
89	89	2
49	51	2
47	48	5
36	51	1
60	62	1
20	22	3
38	38	4
33	33	2
100	100	2
85	86	1
65	66	1
54	54	3
57	59	4
91	93	3
54	79	2
79	79	6
64	64	6
72	72	4
45	52	2
29	29	1
89	90	1
84	98	2
50	81	1
85	85	1
36	36	3
48	48	2
76	76	3
25	97	1
87	88	1
75	75	2
73	74	2
97	98	1
60	61	6
62	63	2
57	57	3
96	97	2
69	71	1
81	81	2
74	74	1
67	79	1
81	91	1
58	61	2
91	92	1
96	98	1
90	91	1
43	43	4
99	100	2
86	86	2
54	56	1
47	47	1
52	52	1
31	31	1
36	61	1
25	84	1
99	99	2
34	36	1
32	32	2
49	80	2
45	45	2
42	73	1
57	58	2
86	89	2
41	41	4
27	27	3
24	101	2
28	29	1
93	93	1
59	101	2
60	94	2
81	86	1
71	73	1
86	87	1
25	25	1
53	53	2
59	59	1
34	34	3
60	77	1
42	61	2
67	67	1
36	37	1
76	77	2
72	73	1
77	77	3
61	61	2
23	25	1
55	55	1
83	83	1
83	84	1
79	80	2
46	46	2
80	90	1
56	93	1
40	42	1
60	60	4
54	77	1
98	101	1
22	22	1
50	57	1
84	84	1
90	90	1
73	73	1
37	37	1
42	45	1
60	63	1
66	67	1
43	44	2
95	96	1
63	63	2
98	100	1
33	52	2
95	102	2
29	31	2
93	99	1
71	71	1
40	41	1
85	90	1
99	101	1
29	30	1
62	94	1
53	82	1
41	42	1
41	58	1
50	58	2
88	88	1
87	87	1
49	49	1
57	60	2
50	51	1
73	77	1
45	50	1
42	42	1
36	45	1
29	53	1
59	99	1
45	51	1
42	43	1
46	48	1
