95	95	44
68	68	33
82	100	6
83	83	29
27	27	24
101	102	8
88	94	3
91	91	30
77	77	40
44	44	42
65	66	4
48	48	28
95	98	9
70	70	43
68	69	13
53	53	47
50	53	4
73	89	4
33	33	20
49	49	30
66	67	8
87	87	30
60	74	5
46	53	10
26	26	21
62	63	27
74	74	33
38	61	12
58	58	30
41	56	7
97	97	51
61	63	3
41	41	30
84	91	7
81	81	34
75	76	6
37	37	29
61	61	39
40	65	5
57	57	33
21	26	1
45	45	31
56	56	29
42	43	15
89	90	4
46	47	15
86	86	24
93	100	2
60	60	41
23	23	4
63	63	37
38	38	11
78	78	44
75	75	23
47	47	30
29	54	9
55	55	26
83	87	4
46	46	25
87	93	1
31	31	26
84	84	27
74	75	6
97	98	22
38	39	6
98	98	20
56	57	7
76	76	32
65	65	42
101	101	38
72	72	35
79	80	32
67	67	47
25	27	5
79	79	41
87	89	24
81	94	3
35	59	5
40	42	7
63	64	11
47	48	11
36	45	2
24	25	3
77	101	1
92	92	65
42	42	25
100	100	32
35	43	2
25	25	18
61	101	4
86	87	10
100	101	13
53	54	12
66	66	22
49	50	21
93	93	22
73	73	30
50	50	27
33	34	7
59	64	11
60	62	5
36	38	4
61	88	3
29	29	11
56	59	3
92	100	1
43	49	6
88	88	39
59	59	16
64	64	14
54	54	35
56	58	6
57	62	2
31	32	6
62	77	8
80	83	1
68	70	5
91	99	3
32	32	17
66	70	4
51	51	54
85	85	19
65	70	3
57	65	6
62	62	18
40	40	40
32	38	10
81	86	2
81	82	10
80	87	3
71	71	37
54	61	4
41	58	6
35	55	3
26	27	4
82	82	21
70	74	3
25	26	11
37	58	3
66	75	7
48	49	9
99	99	42
33	54	3
69	69	36
52	52	19
71	74	8
83	84	3
67	100	1
39	62	14
35	35	22
61	62	7
70	73	5
39	39	19
88	89	3
35	56	1
36	36	11
98	100	4
69	79	4
90	90	25
85	87	4
45	49	3
80	81	10
35	38	4
63	77	2
65	71	5
71	72	10
64	65	2
29	74	1
58	59	8
43	44	11
67	74	6
39	58	7
51	58	5
94	94	17
40	41	10
95	99	10
65	69	10
39	60	2
34	34	8
92	93	6
82	83	6
90	91	11
23	26	2
80	80	16
76	85	5
63	65	7
59	65	4
50	55	4
96	96	16
54	83	2
24	24	19
28	36	3
73	75	2
31	74	3
22	22	24
48	55	5
34	85	4
94	97	11
59	74	3
55	56	4
29	32	2
59	63	3
93	94	11
20	24	4
91	92	14
70	71	3
48	52	5
42	50	1
99	101	1
20	21	1
77	81	7
30	39	3
58	79	6
33	52	3
99	100	8
76	77	9
43	43	11
87	88	13
37	38	6
49	78	11
32	33	4
80	84	4
40	57	2
96	97	12
55	63	2
44	45	3
46	51	1
50	51	5
88	97	5
98	101	6
30	30	7
64	68	2
79	88	5
41	64	2
100	102	1
23	80	3
64	67	4
57	58	3
69	75	6
39	40	5
58	74	7
79	87	2
77	86	1
79	85	2
102	102	8
24	26	1
53	67	2
54	86	1
64	69	3
51	52	17
68	71	2
40	90	6
84	87	8
45	48	4
86	96	4
79	93	3
60	69	6
57	77	3
63	85	2
95	97	3
79	95	3
60	89	3
66	77	1
29	73	5
60	61	10
35	36	11
43	50	3
21	22	3
45	50	8
35	44	3
89	89	7
22	27	3
54	82	11
35	52	2
29	33	3
55	58	3
95	96	10
93	101	1
45	47	3
39	56	3
27	28	4
93	99	1
48	58	5
96	98	8
75	93	2
42	86	6
37	55	2
92	94	5
52	53	2
32	80	1
46	55	2
81	93	1
53	78	2
35	60	4
45	46	4
84	88	2
35	50	3
92	99	1
44	59	2
39	61	9
41	42	2
79	89	6
55	60	5
24	61	4
36	37	5
68	85	1
77	89	2
23	25	2
73	74	9
27	38	2
64	73	1
87	94	2
80	85	2
42	85	3
50	78	2
38	58	7
33	53	3
41	65	3
81	91	1
84	93	6
29	30	1
70	76	2
74	77	2
58	76	3
77	80	1
74	83	2
47	83	2
78	80	1
51	55	1
69	76	3
33	37	1
46	58	2
81	92	1
67	68	3
36	61	1
43	51	3
83	86	1
74	85	4
29	34	2
96	99	4
54	55	1
26	29	1
84	86	2
41	57	1
59	75	2
40	62	2
22	41	1
89	91	1
62	87	1
34	41	1
84	92	2
52	59	1
86	89	1
59	70	1
36	47	1
66	74	1
72	73	1
94	100	1
24	41	1
38	49	1
34	35	1
94	96	1
89	95	1
63	83	1
26	73	1
51	83	1
41	59	1
