20	35	1
144	144	1
102	108	1
12	13	1
25	40	3
101	108	2
98	98	2
48	48	3
21	21	1
174	174	2
13	13	2
155	156	1
87	88	3
35	41	1
165	165	1
191	191	2
39	39	5
189	189	2
114	114	2
146	146	1
42	42	4
173	174	3
3	28	2
34	60	1
13	14	1
161	163	2
12	145	1
106	106	1
3	61	1
49	50	3
9	10	1
178	180	1
175	175	5
177	192	2
177	177	4
88	90	2
154	178	1
167	167	2
126	127	1
139	140	1
191	192	1
60	60	1
44	45	2
72	73	2
49	49	2
44	44	1
0	57	1
87	87	1
31	57	1
155	155	3
173	173	6
165	166	1
109	109	1
162	164	1
130	130	3
166	197	1
94	94	6
77	78	1
31	31	1
54	55	1
125	125	3
5	6	1
66	66	2
156	158	3
10	10	1
111	111	1
102	102	1
36	36	1
183	197	1
170	170	3
163	164	1
156	159	1
153	153	1
128	172	1
116	148	1
89	89	1
57	58	3
45	46	1
188	188	2
79	80	1
55	55	4
1	61	2
183	183	3
169	171	1
24	24	3
4	5	2
72	72	1
132	134	1
159	160	1
49	197	1
47	47	3
40	42	2
68	68	1
102	103	2
148	153	1
13	15	1
32	32	2
81	81	1
27	27	3
94	95	1
177	178	1
115	121	1
16	18	1
50	50	3
186	186	6
156	171	2
21	22	1
50	72	1
162	165	1
59	61	2
24	188	1
197	197	5
185	185	1
165	170	1
184	184	5
0	39	2
147	193	1
121	160	1
84	84	2
7	21	1
96	148	1
168	169	1
126	126	2
128	161	1
22	22	1
122	122	3
134	137	3
154	158	1
9	9	2
4	10	1
135	137	1
136	136	2
144	157	1
163	163	1
96	96	4
105	105	1
107	107	2
112	175	1
20	39	1
23	23	1
51	52	1
111	195	1
33	34	2
160	164	1
18	18	3
57	57	1
158	158	3
23	45	1
14	14	2
172	172	1
4	184	1
113	114	1
156	172	1
106	135	1
141	141	1
152	166	1
77	77	1
128	128	4
119	120	1
67	68	3
40	40	1
16	17	1
187	187	2
41	42	1
64	64	1
3	9	1
32	37	1
138	138	3
29	32	1
191	193	1
122	158	1
152	170	2
22	23	1
0	3	1
181	181	3
176	177	2
154	155	3
44	87	2
4	4	1
153	163	1
101	101	1
131	142	1
120	140	1
168	168	1
44	88	1
27	38	2
7	30	1
62	63	1
7	8	1
66	80	2
127	194	1
167	191	1
167	169	1
95	101	1
169	195	1
101	103	1
19	20	1
86	88	1
116	116	2
149	149	2
130	131	1
138	139	1
49	135	1
193	193	3
117	117	3
134	134	1
133	133	1
156	156	2
154	154	1
140	140	3
145	146	1
56	56	3
148	148	2
20	43	1
113	113	1
138	147	1
78	157	1
40	64	1
194	195	1
130	154	1
20	26	1
157	157	1
143	144	1
142	142	2
69	69	1
81	114	1
124	124	1
185	191	1
53	55	1
110	154	1
115	145	1
135	135	1
135	136	1
137	138	2
52	52	1
101	105	1
173	175	2
115	142	1
33	163	1
140	141	1
27	193	1
140	177	1
37	40	1
123	123	1
192	192	2
182	182	1
194	194	1
71	71	1
178	179	1
0	188	2
165	167	1
24	25	1
129	157	1
61	68	1
0	26	1
123	134	1
27	36	1
95	95	1
17	182	1
192	193	1
62	81	1
110	110	1
164	164	2
196	197	1
20	21	1
46	46	1
1	1	1
46	150	1
162	180	1
12	194	1
70	83	1
11	12	1
127	127	1
196	196	1
122	142	1
45	45	1
4	185	1
31	33	1
2	2	1
9	26	1
139	145	1
113	173	1
22	39	1
74	74	1
172	175	2
5	8	1
7	7	1
152	152	1
19	19	1
150	150	1
59	59	1
120	121	1
16	33	1
54	60	1
133	134	1
56	57	1
14	32	1
28	29	1
189	190	1
21	39	1
116	156	1
39	40	1
43	50	1
193	194	1
21	56	1
81	85	1
132	132	1
