158	159	3
25	25	23
225	227	7
80	82	10
52	52	43
185	185	26
157	158	16
66	110	3
243	243	12
82	83	16
234	234	52
181	183	4
74	74	23
214	214	59
91	91	37
162	220	2
202	202	34
167	167	39
93	94	18
161	162	21
44	44	20
6	61	3
40	67	6
236	236	49
71	71	25
89	89	45
66	66	35
165	176	1
157	160	4
220	221	10
169	233	5
239	239	24
55	55	37
181	181	51
27	27	37
2	205	3
175	175	35
241	241	39
175	177	7
115	115	35
36	36	28
24	24	20
76	102	6
205	206	6
69	69	22
229	229	33
113	113	38
232	232	32
150	150	60
167	168	12
101	102	9
15	15	42
93	93	22
94	95	21
191	191	21
54	195	5
225	225	26
227	227	18
212	212	56
29	34	7
110	151	4
111	111	43
41	42	15
70	77	2
51	51	35
50	50	25
57	177	3
52	53	14
78	80	3
6	6	16
203	204	8
228	228	25
20	21	2
187	187	40
34	34	47
154	155	7
95	175	2
160	160	47
72	73	11
242	242	39
46	47	10
89	109	7
104	104	16
226	226	32
59	92	4
162	162	47
173	173	47
182	196	2
87	87	37
220	235	1
199	200	14
8	33	2
58	60	9
100	101	4
68	70	8
195	195	36
162	180	6
95	97	5
14	14	11
178	178	45
11	11	47
3	3	12
210	210	35
97	98	20
166	166	45
188	188	22
170	171	16
221	222	10
184	184	33
30	30	22
13	49	2
12	18	5
192	197	3
63	66	2
33	35	8
1	228	5
224	227	1
169	170	19
197	199	3
244	244	36
209	209	34
92	92	34
46	61	5
232	233	8
3	214	4
180	180	52
215	215	25
157	157	54
231	231	19
213	214	26
118	118	23
42	42	14
188	236	3
237	237	18
72	72	12
89	100	7
65	65	15
45	45	16
61	61	37
39	39	39
11	235	2
1	2	4
180	181	9
30	90	2
71	73	14
107	107	23
53	54	10
84	85	15
54	117	1
224	224	27
90	90	47
68	68	39
116	117	17
103	105	2
4	5	6
76	77	15
172	172	39
197	198	14
112	112	63
201	201	52
33	83	2
89	92	10
83	83	17
63	63	50
182	182	34
246	247	6
217	217	11
216	219	2
169	223	3
18	33	1
88	107	8
92	93	8
114	114	44
220	220	42
168	168	49
12	12	31
223	223	15
103	104	7
18	18	27
208	208	37
194	194	16
114	115	10
38	38	43
156	156	34
57	58	17
164	164	46
211	211	23
247	248	9
49	49	29
197	197	37
159	159	13
230	230	23
21	21	29
41	41	37
201	202	17
248	248	12
56	152	4
1	1	26
54	54	7
199	199	46
90	91	14
229	230	21
218	219	8
19	19	17
224	225	14
95	96	9
176	176	24
4	193	4
79	79	16
110	111	9
80	81	12
79	80	6
110	110	55
152	152	27
227	228	7
71	89	2
165	165	47
85	89	2
163	214	5
5	5	35
189	189	26
203	203	42
58	58	17
88	88	35
26	26	27
213	213	60
177	179	8
238	238	19
235	235	33
192	193	15
204	204	45
101	101	27
110	148	2
176	182	3
33	51	5
150	154	7
244	245	8
163	163	46
98	98	29
212	221	2
43	43	25
95	95	25
39	41	7
56	76	3
193	193	28
185	188	4
196	197	8
70	163	5
202	203	13
65	66	16
211	212	19
84	86	6
81	95	6
62	214	2
105	105	14
184	185	10
231	232	7
20	20	25
10	10	31
226	228	2
42	43	17
170	170	26
116	157	4
179	197	3
166	168	6
190	191	23
169	169	26
97	97	29
28	28	33
233	234	23
111	112	26
219	219	22
58	167	3
214	239	4
249	249	7
56	56	18
56	94	4
70	84	5
55	198	3
160	185	1
2	154	3
241	242	29
76	76	28
198	201	3
201	204	5
17	43	5
205	205	47
197	200	5
28	228	3
193	197	7
85	85	31
96	97	26
153	153	42
186	200	2
60	60	36
98	241	3
168	170	3
200	200	46
59	59	44
46	239	2
40	40	31
212	213	5
33	151	3
73	73	10
183	183	41
167	178	6
46	230	4
37	37	39
151	156	3
33	33	64
192	236	2
51	52	7
218	218	20
155	155	46
198	198	49
67	68	3
240	240	26
224	226	4
150	151	4
67	67	22
158	158	12
40	41	4
165	168	3
70	70	37
214	215	7
117	117	27
115	116	13
84	84	47
216	216	13
247	247	38
204	205	22
9	9	30
221	221	24
239	240	13
244	246	8
205	239	2
62	62	41
55	56	12
109	109	39
96	96	39
222	223	17
156	179	1
151	151	59
206	207	12
10	226	2
27	28	11
79	84	5
211	213	8
48	49	4
31	31	20
62	101	2
27	71	4
22	23	12
180	216	3
23	23	21
47	174	2
192	192	24
53	53	33
210	214	3
155	156	20
11	180	2
159	160	7
185	186	18
245	246	17
33	216	2
177	177	17
6	8	3
191	194	2
66	67	3
63	64	10
174	176	2
52	68	3
156	157	13
16	16	22
152	153	13
233	233	30
96	112	1
55	57	6
157	159	8
168	169	17
144	147	2
187	198	4
85	86	10
210	211	16
234	235	17
112	113	5
77	79	12
186	186	40
100	100	13
208	209	13
32	207	4
4	4	31
154	154	46
99	99	14
240	242	12
57	65	2
231	233	6
50	51	12
176	177	4
174	236	2
35	35	24
36	37	17
12	94	1
75	75	14
16	247	1
178	179	14
172	173	21
145	145	19
21	22	4
246	246	49
181	187	6
116	116	12
12	246	6
208	213	2
4	218	1
46	46	23
144	144	2
109	110	6
48	48	25
46	179	3
113	114	20
245	245	33
7	7	26
77	77	29
100	105	1
174	175	7
173	174	17
161	161	14
94	94	43
91	92	12
193	194	15
238	243	5
106	106	23
187	188	5
220	246	4
38	39	20
47	48	11
147	147	16
235	238	3
174	174	39
222	222	21
210	237	3
12	187	4
89	90	21
108	109	3
236	237	14
206	206	28
154	241	4
173	184	2
102	102	11
93	115	1
243	244	13
236	247	2
215	216	3
86	87	4
194	196	3
91	96	1
33	63	1
195	210	3
99	110	1
30	31	8
23	24	9
207	247	1
4	153	2
68	84	4
179	181	13
159	168	2
87	88	9
103	103	11
29	29	37
7	18	1
8	8	27
38	174	3
206	239	2
216	242	4
96	98	15
161	179	3
2	2	11
94	97	3
167	193	4
9	10	5
179	179	30
238	240	3
196	196	40
29	30	10
108	108	23
119	144	3
101	104	2
153	185	3
28	29	13
12	200	6
179	184	2
207	207	16
86	118	2
9	11	2
11	12	16
71	72	3
80	80	24
61	99	3
167	186	1
167	169	6
104	202	2
56	57	14
8	47	5
237	241	3
78	78	26
107	108	7
214	219	1
32	32	44
163	164	24
163	165	10
112	156	6
96	99	3
69	70	3
5	91	3
54	55	6
230	231	6
120	120	18
54	59	1
202	204	10
15	111	2
67	114	1
171	171	35
149	150	6
78	79	8
165	193	2
190	190	20
181	182	6
85	114	3
15	16	8
225	231	2
185	191	2
75	83	1
27	180	3
61	76	3
57	57	20
48	50	12
183	185	5
65	110	6
102	103	1
49	50	13
81	234	3
112	205	1
58	89	2
215	217	5
56	58	3
75	86	3
18	20	7
205	207	4
92	94	3
49	51	4
86	89	5
58	59	6
17	17	27
179	185	2
235	236	11
147	149	1
207	208	18
31	33	5
212	214	4
151	153	1
212	244	3
63	67	4
117	118	12
64	64	15
26	53	3
9	36	2
61	62	23
222	225	6
30	57	2
115	153	3
240	241	3
48	51	2
41	230	2
3	18	2
186	197	3
3	6	2
180	229	2
231	238	1
14	37	6
5	154	1
111	153	1
229	231	2
116	173	5
10	16	3
179	208	3
24	88	4
86	88	5
66	97	1
163	167	2
160	161	1
241	244	4
211	214	5
245	248	3
94	181	3
53	168	3
95	108	4
32	154	3
214	241	3
65	67	2
152	154	2
206	225	2
190	192	5
68	107	1
99	100	4
248	249	3
150	156	2
43	44	12
53	55	1
91	101	2
32	33	10
109	241	1
76	100	2
19	203	1
35	67	4
154	162	3
190	193	2
121	121	5
63	69	5
186	188	2
71	74	4
203	205	4
57	71	2
30	44	4
22	22	15
3	5	3
220	224	6
145	154	2
216	218	1
186	193	6
238	245	3
100	110	3
93	111	4
82	191	2
12	36	4
31	32	7
32	40	5
30	37	2
47	47	24
1	21	1
81	82	7
92	163	2
175	176	8
214	243	1
57	70	2
90	168	1
24	25	5
40	44	4
93	171	4
117	119	4
191	192	10
101	103	4
67	69	2
193	223	2
84	92	5
207	212	4
77	78	16
119	184	2
81	81	7
78	94	3
170	185	2
83	84	2
88	89	9
19	20	12
85	87	6
179	201	1
223	230	3
17	231	5
42	94	4
4	230	3
161	163	2
86	86	16
242	243	16
115	202	1
237	239	2
237	238	11
88	90	5
9	17	5
64	67	5
77	102	3
201	203	1
185	246	1
57	191	3
8	9	5
175	246	2
99	101	5
76	79	5
183	192	1
193	196	2
70	71	4
37	172	3
165	181	2
55	63	4
69	96	4
172	174	4
42	112	3
87	90	2
16	17	3
79	188	4
196	218	3
82	82	8
169	173	7
169	237	1
9	21	4
77	90	2
167	181	3
197	226	1
236	244	3
162	163	9
90	180	1
64	66	10
59	68	3
6	16	2
62	63	9
50	118	2
183	200	3
115	188	2
204	227	1
98	106	3
1	27	1
10	11	4
182	242	1
120	149	1
247	249	2
28	31	1
58	61	3
179	186	2
219	239	1
165	166	4
61	91	3
170	174	5
119	119	12
96	115	4
162	167	3
51	75	4
51	110	2
94	100	1
177	178	7
10	28	8
113	119	3
100	104	2
95	204	5
193	195	5
63	198	4
210	213	2
176	185	4
167	180	4
208	210	3
96	180	4
39	89	2
152	164	5
50	183	5
178	212	3
231	234	1
37	38	3
193	208	3
69	71	4
2	175	1
35	109	2
198	199	8
226	227	8
170	178	2
6	7	2
217	219	5
82	84	1
188	189	11
63	75	6
74	75	3
35	187	1
8	146	2
187	192	5
39	43	1
109	115	5
214	227	2
185	192	5
31	38	3
9	205	1
4	21	2
150	155	7
17	18	4
151	167	5
0	0	6
34	35	7
147	177	1
63	65	2
11	15	1
36	62	1
188	191	1
33	36	2
218	240	2
228	229	16
60	103	1
182	183	12
64	85	2
173	175	7
39	47	3
214	247	2
175	183	3
35	62	2
70	86	2
71	100	1
229	234	3
205	227	2
31	75	2
189	198	3
68	78	1
203	230	1
4	215	1
106	107	4
75	76	4
79	83	6
207	229	1
170	175	5
207	224	2
48	78	5
114	155	2
14	15	5
46	51	2
73	74	4
95	155	3
160	178	1
110	117	2
174	199	1
18	19	4
213	218	1
54	78	1
110	113	4
112	244	1
57	114	1
210	212	5
63	88	1
13	37	4
179	182	1
59	60	2
47	68	3
29	36	3
27	202	1
209	210	6
68	92	2
74	108	3
214	220	2
101	179	1
179	180	8
27	147	2
67	78	2
60	61	10
36	67	1
26	235	1
144	145	1
22	44	2
47	220	2
52	67	1
3	51	1
62	85	1
164	167	5
212	233	1
110	112	2
35	208	4
220	222	8
159	184	1
186	187	4
5	210	2
230	234	1
18	37	4
96	152	7
51	196	2
212	236	3
192	194	3
90	183	3
26	27	8
61	241	2
231	235	2
166	167	8
168	172	1
224	245	1
146	146	3
71	87	1
98	108	2
189	190	6
47	50	3
223	224	4
186	192	4
15	244	4
4	154	2
3	14	1
14	245	1
195	197	3
217	218	2
58	175	3
183	214	3
64	65	1
46	168	1
169	171	5
93	110	1
16	220	3
75	77	1
79	88	3
112	114	2
30	55	1
212	225	2
120	145	1
89	91	4
195	196	4
91	100	1
56	92	1
200	201	5
192	195	2
25	26	1
104	106	1
79	114	1
221	234	4
47	78	1
7	44	3
216	217	2
224	233	3
165	167	3
236	239	4
80	113	2
3	12	1
75	84	6
151	152	2
13	14	5
73	86	2
85	97	4
7	153	4
187	231	2
30	172	1
97	100	5
165	186	3
14	248	2
164	184	1
52	57	2
89	111	1
173	182	1
52	115	1
57	60	1
208	219	2
165	175	3
60	108	1
114	116	2
113	152	2
168	239	1
17	21	1
49	61	1
58	69	1
225	226	8
40	235	1
189	191	3
68	69	11
66	99	1
7	203	1
149	200	1
237	243	1
114	118	1
164	165	6
35	55	1
102	107	1
78	98	2
104	105	1
194	195	5
209	223	1
32	205	2
45	46	7
5	15	3
37	209	2
96	107	1
112	168	2
47	59	2
100	108	1
16	61	2
211	216	1
161	230	1
44	54	2
24	154	4
13	13	2
19	37	2
38	239	1
152	159	1
104	109	1
61	65	1
44	45	6
59	86	1
161	181	1
41	53	2
57	85	1
14	78	1
98	152	2
12	14	5
59	66	1
119	120	1
202	226	2
56	113	4
56	186	2
163	166	1
110	168	1
16	39	2
202	235	2
169	172	4
177	245	3
203	211	1
88	108	2
49	79	5
17	38	2
204	222	1
238	239	8
180	186	2
241	243	1
73	75	3
179	193	1
170	172	2
32	53	2
95	104	4
66	72	3
234	245	2
11	36	2
185	208	2
9	179	1
177	246	2
233	235	4
60	76	2
11	201	2
150	173	1
59	61	2
176	184	3
14	77	3
46	199	4
86	109	2
92	105	1
118	119	2
181	246	1
219	220	4
177	195	3
149	149	8
47	96	2
30	204	1
153	179	2
113	204	1
63	91	4
17	40	1
72	77	2
35	36	2
22	204	3
169	197	2
48	75	4
235	241	1
105	106	6
111	245	2
21	28	1
171	176	2
168	174	2
7	54	2
183	188	3
40	52	3
18	38	2
210	215	4
153	154	3
40	109	1
161	168	1
26	228	3
194	238	2
173	224	1
229	235	1
88	91	1
209	211	1
197	213	1
154	173	4
7	8	7
10	235	3
238	247	1
112	117	2
115	178	3
91	99	3
110	245	2
156	161	1
27	75	2
172	192	2
38	82	2
166	172	1
191	209	1
153	155	1
16	63	2
88	93	2
35	37	1
106	109	2
150	153	1
5	47	2
211	225	1
161	167	1
37	231	3
191	223	1
50	66	3
48	61	1
226	232	2
2	202	3
86	100	4
160	214	1
97	107	1
39	53	1
68	164	1
55	59	1
207	209	4
7	9	1
246	249	2
26	37	2
184	210	1
12	17	1
72	74	1
20	36	1
47	222	2
70	104	2
49	171	2
12	40	2
186	225	2
155	205	2
15	61	2
145	160	2
202	227	1
46	173	3
120	153	1
242	244	1
57	77	1
4	37	1
49	71	2
152	166	1
84	110	3
39	90	1
35	51	3
150	199	1
68	72	3
23	42	1
107	109	1
114	147	1
29	235	1
181	248	3
59	98	2
29	40	1
67	154	1
14	213	3
26	226	1
184	239	2
2	3	2
199	201	1
60	87	1
191	207	1
163	175	1
61	64	1
237	240	1
165	178	2
8	46	3
184	186	2
58	174	2
1	11	1
190	195	3
6	52	1
232	234	2
167	238	2
185	200	1
7	11	3
205	229	3
42	44	2
2	59	1
51	53	2
5	6	1
186	221	1
65	80	1
40	42	2
219	227	2
57	92	2
209	212	1
236	240	1
182	184	2
112	160	1
109	113	1
168	186	1
99	111	1
98	99	1
194	198	1
108	110	1
185	199	1
69	86	1
193	200	1
201	212	1
182	204	1
115	117	4
112	171	2
48	175	1
41	43	2
186	196	2
38	58	1
11	40	1
6	35	1
83	191	3
63	98	2
109	236	1
111	118	1
51	109	1
5	157	3
88	100	1
119	190	2
37	47	2
211	235	1
15	156	1
163	181	1
10	53	2
105	179	2
144	231	1
0	42	1
36	38	2
99	103	1
162	230	1
180	183	1
32	220	1
2	228	1
55	95	1
97	174	1
38	63	1
57	67	1
198	214	1
22	51	1
26	54	1
210	233	1
59	76	1
1	10	1
95	202	1
168	171	2
7	169	1
188	192	1
103	107	2
15	212	1
13	62	1
5	28	1
197	219	1
144	206	1
100	109	1
65	89	1
49	60	1
77	98	2
120	121	1
223	229	1
51	69	1
20	35	2
223	225	1
10	38	1
176	179	1
41	52	1
241	245	2
186	199	1
57	59	2
63	92	1
15	240	1
32	41	1
167	220	1
31	171	1
202	207	1
146	147	2
52	229	1
4	15	1
152	204	1
78	85	1
193	214	1
8	15	1
74	89	1
47	71	1
38	170	1
43	110	1
62	93	1
4	209	1
240	245	1
157	161	1
145	169	1
204	212	1
237	246	2
167	189	1
91	197	1
60	79	1
60	75	2
17	46	1
236	241	1
85	116	1
183	184	1
52	162	1
8	40	1
211	247	1
212	232	1
16	59	1
178	180	1
203	235	1
77	86	1
