160	160	2
14	14	4
55	232	1
80	80	10
150	151	3
146	153	1
5	13	1
96	99	1
174	175	2
136	136	8
18	18	2
32	54	2
8	8	5
32	50	2
219	219	4
179	179	7
127	224	1
104	123	1
177	179	2
9	9	1
30	116	1
163	164	9
10	10	8
56	162	1
226	226	7
169	169	2
106	111	2
182	183	4
192	205	1
156	156	4
176	177	1
10	11	2
185	190	2
212	212	3
54	61	2
168	178	1
43	43	10
108	108	2
37	88	1
119	129	1
29	29	6
48	48	15
3	11	4
49	167	2
72	73	4
207	219	1
134	160	1
82	82	2
122	135	1
33	60	2
231	231	5
220	222	2
59	59	4
113	113	2
102	102	5
173	173	7
7	7	7
25	25	6
65	70	1
3	3	1
27	63	2
155	156	2
81	81	6
212	213	2
58	84	1
181	181	5
178	209	2
179	207	2
24	52	2
209	209	8
184	208	1
155	198	1
171	171	2
28	28	6
224	224	9
204	218	1
13	13	8
75	84	1
68	68	5
50	86	1
76	76	3
47	62	2
149	150	1
51	52	6
48	88	1
73	73	3
145	191	1
78	78	1
192	229	3
129	129	3
239	240	3
146	146	5
179	180	2
123	127	2
24	26	1
164	179	1
71	72	3
21	21	5
50	95	1
185	185	1
40	41	4
7	8	3
193	194	2
207	224	3
114	129	1
207	207	5
115	115	5
44	46	2
204	204	2
13	14	2
81	83	8
99	100	1
33	36	1
13	30	1
46	46	5
4	7	2
85	85	3
27	27	2
55	58	1
223	224	3
52	52	3
214	214	2
156	157	5
157	157	1
2	3	1
26	28	2
159	159	2
37	41	3
9	179	1
22	31	2
21	60	1
41	41	10
23	163	1
4	10	1
17	21	3
26	27	2
18	163	2
166	178	1
131	136	1
61	61	7
56	57	4
189	190	2
140	146	3
20	20	3
26	73	2
38	38	7
27	28	3
191	191	3
230	231	4
36	36	6
106	106	2
234	235	3
75	78	1
185	186	5
103	108	2
3	8	1
192	193	3
4	4	5
92	107	1
37	39	1
118	121	1
223	223	2
139	159	1
137	147	1
176	181	3
190	211	3
9	29	1
49	83	3
170	170	3
230	230	4
124	124	1
80	84	3
210	213	1
104	126	1
49	49	4
118	126	1
24	24	5
194	236	1
45	45	8
141	142	2
12	16	2
67	199	1
18	23	1
45	46	2
188	189	4
2	2	2
3	4	2
32	32	2
29	34	1
143	144	1
3	36	3
195	228	3
61	62	1
2	35	1
189	210	2
222	222	1
101	101	1
20	60	1
107	108	1
60	78	4
225	225	4
24	27	1
197	197	4
166	166	5
83	83	4
206	207	2
11	11	1
45	47	1
75	133	2
53	53	3
153	161	1
153	154	2
213	226	1
39	42	1
42	42	3
228	228	5
131	131	2
80	85	1
50	50	8
82	174	2
19	19	4
107	107	2
185	189	1
9	15	1
15	50	1
167	170	2
120	120	8
186	187	3
44	45	1
161	166	2
77	80	3
33	107	3
221	222	3
98	173	1
191	212	2
178	208	1
174	174	3
174	211	1
125	126	1
129	158	1
194	194	2
237	237	1
68	99	1
67	133	1
38	43	1
177	178	2
62	62	1
16	78	1
40	40	4
236	237	1
22	23	3
175	181	3
161	161	5
56	69	1
136	137	2
96	96	6
200	201	3
26	26	5
103	103	7
144	144	1
35	49	3
5	6	6
66	66	2
82	83	2
30	31	3
207	208	3
210	214	1
37	38	6
186	186	1
35	35	3
211	215	3
69	69	2
212	230	1
62	152	3
30	30	5
146	148	1
32	228	3
54	54	3
213	213	5
177	177	5
238	238	3
66	71	1
125	125	2
49	51	2
107	109	2
86	86	5
55	154	1
150	161	3
169	178	2
34	35	3
21	61	1
21	56	1
23	36	2
39	154	1
199	200	3
62	64	1
75	75	2
16	18	1
32	202	1
103	106	1
48	202	2
0	57	2
83	84	1
23	23	4
137	138	3
173	187	1
154	154	5
4	49	2
20	58	1
213	214	1
92	103	2
39	39	4
40	215	2
192	192	2
146	150	4
3	12	1
233	235	1
74	75	2
135	158	1
8	17	2
112	128	1
40	214	1
67	68	2
129	130	1
184	184	4
182	182	4
224	225	1
97	130	3
80	81	1
51	51	2
151	151	2
12	12	1
16	16	6
168	168	3
114	123	2
97	128	1
132	133	1
69	70	1
109	109	1
201	201	2
187	187	1
205	205	3
30	81	1
149	149	1
67	67	3
104	105	1
210	210	3
9	10	1
33	33	2
110	110	3
54	142	2
81	88	1
54	141	1
28	73	1
107	115	1
214	215	5
147	163	2
35	37	2
60	143	1
18	19	1
49	50	3
102	103	3
124	126	4
168	169	1
29	200	1
66	69	1
104	104	3
134	134	1
118	122	1
36	202	1
217	217	3
242	243	2
33	196	1
144	145	1
65	65	2
215	226	1
73	236	1
57	158	1
179	190	1
4	18	1
32	33	1
16	17	2
155	155	2
108	126	1
96	101	1
141	141	1
78	129	1
162	187	1
150	150	3
162	162	2
1	211	3
184	186	1
147	147	2
143	196	2
170	171	4
84	85	1
163	165	2
229	230	2
136	240	1
62	145	1
234	234	1
77	77	3
76	95	1
188	188	5
32	55	1
99	99	2
29	30	3
89	89	1
203	207	1
38	39	1
79	79	6
213	218	2
201	202	5
172	173	1
195	195	1
69	150	1
52	103	2
118	119	2
157	166	1
12	13	1
202	231	1
69	88	3
232	233	1
54	58	1
83	175	3
60	76	1
27	85	1
31	32	1
79	80	4
40	42	1
175	190	1
98	100	1
226	227	3
154	162	2
101	157	1
18	206	2
14	15	2
195	197	1
8	13	1
148	205	2
97	143	1
13	23	1
167	167	5
4	9	1
22	22	1
178	213	1
44	44	2
164	164	3
176	206	1
234	241	1
200	200	2
6	8	1
164	212	1
191	192	1
70	70	4
209	217	1
195	196	3
235	235	2
31	127	2
18	58	1
124	125	3
197	204	1
148	149	1
144	173	1
6	7	2
229	229	1
34	108	1
123	124	1
139	140	1
72	72	5
2	4	1
25	27	2
17	17	3
152	153	1
146	211	1
194	195	1
15	60	1
171	172	1
39	43	2
209	210	2
102	116	1
204	207	1
113	118	2
191	201	1
31	82	1
185	187	1
20	85	1
70	71	1
18	188	1
153	153	4
105	107	1
8	15	2
126	126	1
116	116	2
101	103	1
75	77	1
137	137	2
152	181	1
64	64	3
69	73	1
32	232	2
0	40	1
56	56	1
138	139	2
202	203	1
6	16	2
105	106	1
66	80	1
11	15	1
159	165	1
193	193	2
135	136	2
60	60	3
156	158	2
5	23	2
183	183	3
117	123	1
21	23	1
47	53	1
98	98	2
36	37	1
127	127	2
50	53	1
62	155	1
172	174	1
13	22	2
62	139	1
135	135	3
67	77	1
218	218	2
172	172	1
112	113	2
88	88	2
51	53	1
91	92	1
217	218	1
199	214	2
181	183	2
162	163	1
67	80	2
105	124	2
208	211	1
58	81	1
5	5	5
62	99	1
112	112	1
13	15	2
56	159	1
16	32	1
216	216	1
9	44	1
32	34	1
12	17	1
139	139	1
58	59	4
10	59	1
132	132	2
227	227	1
105	105	2
167	169	1
113	136	2
203	204	3
121	128	3
127	128	1
130	155	1
238	240	1
63	97	2
10	42	1
25	30	1
189	200	2
50	59	1
12	15	1
63	64	3
154	186	1
118	118	1
153	163	1
147	205	1
182	185	1
2	11	1
181	182	1
111	111	1
6	13	1
221	229	1
65	72	2
100	100	1
97	98	2
56	160	1
190	190	2
164	165	2
6	17	1
65	101	2
66	67	2
20	41	1
229	232	1
68	97	1
28	58	1
33	35	1
232	232	1
95	96	1
77	79	1
215	215	1
34	34	2
176	188	1
157	167	1
147	149	1
196	197	1
0	0	1
71	71	2
32	53	1
136	138	1
23	39	1
64	86	1
163	163	1
208	208	3
28	202	1
1	2	1
31	75	1
6	14	2
7	14	1
62	63	1
104	115	1
59	77	1
79	81	1
179	182	1
8	9	1
33	54	1
241	242	1
235	238	1
175	178	2
76	79	1
61	139	1
216	227	1
19	136	1
156	167	1
166	168	1
7	18	1
63	160	1
10	51	1
37	214	1
24	38	1
165	188	1
97	97	2
37	64	1
1	59	1
139	154	1
127	137	1
46	70	1
12	49	1
23	56	1
77	78	1
136	154	1
4	6	2
76	78	1
117	118	3
184	210	1
136	160	1
84	102	1
7	41	1
58	65	1
242	242	1
117	117	2
144	146	1
206	206	2
105	123	1
37	37	1
159	176	1
49	168	1
223	228	1
48	51	1
6	12	1
175	186	1
189	189	1
54	128	1
101	123	1
187	206	1
198	199	1
140	141	3
145	146	1
160	161	1
191	227	1
175	175	2
198	225	1
84	84	3
103	127	1
4	5	1
117	124	1
4	168	1
83	126	1
223	230	1
20	46	1
48	66	1
178	178	1
211	227	1
116	117	1
117	119	1
180	180	2
14	147	1
100	101	1
140	142	2
197	212	1
17	18	2
225	226	1
63	73	1
0	5	1
219	221	1
2	14	1
31	52	1
36	60	1
203	203	1
74	101	2
66	144	1
221	224	1
214	217	1
236	236	1
71	86	1
22	35	1
238	239	1
135	155	1
58	58	1
101	172	1
217	223	2
15	147	1
24	37	1
16	24	1
64	72	1
206	208	1
149	157	1
204	206	1
1	36	1
221	221	1
198	201	1
135	161	1
46	47	1
170	197	1
63	150	1
103	104	1
234	238	1
51	157	1
0	37	1
184	185	1
106	107	1
58	170	1
28	75	1
13	17	1
18	20	1
52	53	1
0	9	1
62	98	1
137	140	1
22	48	1
46	202	1
192	194	1
153	158	1
145	150	1
128	159	1
128	131	1
1	6	1
109	110	1
9	40	1
96	97	1
175	213	1
7	50	1
63	98	1
169	170	1
49	55	1
63	63	1
105	111	1
62	161	1
46	52	1
145	159	1
41	42	1
138	159	1
4	11	1
150	192	1
19	55	1
197	201	1
25	28	1
165	165	1
50	88	1
