148	148	7
8	8	8
102	103	3
63	63	1
20	20	3
144	144	3
46	57	2
13	13	4
88	88	4
54	55	1
54	57	3
6	6	6
89	90	2
24	24	6
8	9	3
132	132	6
105	112	1
54	54	4
129	130	1
116	123	2
108	147	1
123	123	2
90	90	1
62	123	1
15	16	3
118	119	3
40	40	4
109	114	2
75	76	3
95	96	3
15	58	1
67	69	3
92	94	2
97	97	2
106	107	1
91	92	3
145	146	2
147	147	2
97	99	2
57	67	1
79	92	1
73	73	2
7	7	4
128	128	5
113	146	1
9	10	3
113	114	3
4	25	1
3	3	5
85	85	2
11	14	3
137	138	1
20	23	1
74	74	2
154	170	2
54	126	1
34	34	1
37	37	3
81	82	2
99	145	3
1	25	1
96	96	2
127	127	1
70	70	3
92	92	2
108	108	2
8	10	2
152	153	1
38	46	2
57	63	1
121	141	2
114	117	1
134	135	2
148	161	1
161	163	1
125	125	1
124	124	3
68	70	1
93	93	2
103	106	1
77	147	1
6	7	1
7	54	2
155	155	1
164	164	2
23	24	2
141	142	2
21	21	2
148	149	2
67	67	2
17	64	2
78	79	3
5	42	1
82	121	1
109	109	3
51	51	3
72	73	3
98	98	5
38	39	1
46	46	2
42	65	2
113	139	1
47	48	2
117	117	3
95	153	2
109	126	1
76	79	1
27	27	1
22	22	7
103	105	1
18	20	1
79	79	4
39	40	3
145	145	2
1	7	1
57	57	3
124	148	1
81	95	1
84	84	1
104	104	2
131	135	3
101	103	2
119	130	4
142	144	1
81	81	1
156	163	2
9	9	1
35	36	2
99	123	3
135	135	2
10	11	1
12	14	2
2	101	1
131	131	6
68	68	1
127	128	2
134	134	1
113	113	2
154	154	3
135	166	1
95	123	2
14	14	4
56	56	1
1	1	3
98	99	1
139	139	1
11	11	2
78	78	3
0	0	2
50	51	4
37	133	2
142	149	1
87	89	1
110	111	5
151	151	3
66	67	1
12	12	2
21	47	1
96	98	2
39	39	5
93	94	2
2	2	2
2	56	2
111	131	1
130	131	1
169	169	3
77	77	1
79	88	1
49	49	3
142	142	2
112	112	1
103	103	2
129	129	2
43	43	4
149	159	1
72	72	1
61	62	1
117	162	2
45	45	5
119	150	2
164	165	1
51	103	2
129	135	1
159	159	3
163	163	1
64	98	1
83	84	1
17	17	2
10	10	1
118	148	1
57	61	1
156	156	2
13	108	1
50	50	2
130	130	4
63	69	3
45	46	2
75	75	2
161	161	1
114	169	2
39	51	2
143	145	1
115	132	1
72	86	1
5	5	1
121	121	2
68	69	2
72	74	1
86	87	1
62	62	2
36	36	2
139	140	1
7	10	3
76	77	1
162	162	1
71	71	2
80	85	2
24	54	1
142	166	3
70	71	1
17	45	1
48	65	1
16	16	1
168	169	1
20	22	1
49	56	1
157	157	1
105	167	1
83	83	3
119	120	2
41	41	1
124	152	1
126	126	1
114	123	1
109	110	1
47	47	1
78	146	1
46	50	1
69	69	2
114	115	1
162	164	1
159	160	1
34	87	2
170	170	1
84	85	3
70	72	1
20	48	1
81	83	1
5	6	1
25	74	1
53	55	2
67	68	1
37	64	1
167	168	1
102	104	1
36	136	1
54	107	1
86	86	1
21	71	2
166	166	1
68	123	1
11	57	1
119	119	2
41	49	1
50	72	1
117	156	1
101	101	1
120	120	2
70	73	2
33	33	1
137	141	1
113	115	2
43	44	1
145	157	1
65	65	2
158	158	1
20	24	1
137	137	1
100	102	1
80	118	1
106	106	1
26	26	1
102	102	1
122	153	1
127	129	1
37	39	1
98	123	1
137	139	1
11	13	1
52	52	1
24	25	1
56	137	2
78	145	1
15	56	1
114	116	1
46	47	1
19	23	1
116	150	1
13	15	1
80	89	1
42	43	1
88	117	1
150	150	1
90	91	1
118	118	1
25	57	2
3	47	1
168	168	1
76	76	1
64	64	1
