51	52	3
50	51	3
37	37	4
88	88	8
63	66	2
44	44	5
40	40	2
49	67	1
45	45	1
53	53	2
88	89	3
80	93	1
42	42	2
94	94	3
86	86	5
48	52	4
47	48	3
60	61	2
52	52	7
66	66	3
74	75	2
80	80	2
58	61	2
25	27	1
60	60	3
43	43	6
48	48	8
64	65	2
63	63	5
91	91	7
85	91	1
95	96	2
73	73	3
36	38	2
97	97	6
84	84	2
83	83	1
49	49	4
25	25	5
54	54	7
22	52	1
22	22	3
86	89	1
88	102	1
33	33	4
62	62	3
98	99	1
66	67	3
76	76	4
65	65	3
35	36	2
34	34	2
87	94	2
92	93	1
67	99	1
78	78	6
56	57	2
29	29	4
62	64	1
53	54	4
86	88	4
93	93	2
24	24	2
83	88	1
55	55	1
69	69	1
63	76	1
70	70	4
82	100	1
36	37	3
61	61	3
55	57	2
102	102	2
78	97	1
96	96	1
91	92	1
71	91	1
100	101	4
24	25	2
87	89	2
85	86	2
46	47	1
82	97	3
87	93	1
39	39	2
67	67	4
87	87	3
81	85	1
25	26	2
47	47	1
89	89	3
74	74	5
41	41	5
89	93	1
69	71	1
56	90	2
83	85	1
70	71	3
101	101	5
83	100	1
68	68	5
75	75	3
46	46	4
58	59	1
64	91	1
57	58	1
73	74	2
71	76	2
64	78	1
90	91	4
50	50	2
87	88	3
34	36	1
93	94	1
90	90	1
56	56	2
67	68	1
44	47	1
79	80	2
62	63	1
99	99	1
79	81	1
59	59	4
89	90	2
65	67	1
49	51	1
80	83	1
64	64	3
67	69	1
32	32	3
39	60	1
51	51	5
72	72	1
71	71	1
54	95	1
100	100	1
76	77	1
22	38	1
60	62	1
81	81	4
83	89	1
99	100	1
96	100	1
68	69	1
78	80	1
48	50	1
23	23	1
30	30	1
35	38	2
92	92	1
78	79	1
68	75	1
27	28	1
37	38	1
58	58	2
24	48	1
86	87	1
57	94	1
63	64	1
95	95	2
26	37	1
35	37	1
97	98	2
31	47	1
57	91	1
45	47	1
42	43	1
54	55	1
79	79	1
40	52	2
90	99	1
82	101	1
27	46	1
27	27	1
87	101	1
49	50	1
52	53	2
94	100	1
65	66	1
79	84	1
85	85	1
38	38	1
