56	69	2
25	26	3
34	35	1
59	60	3
4	16	1
49	49	4
67	67	1
68	69	1
19	19	1
13	17	1
80	80	2
10	10	1
72	72	1
8	11	1
21	89	2
59	59	2
12	12	5
50	51	1
3	5	2
82	83	1
57	58	1
81	81	2
26	26	1
46	46	1
6	6	5
7	11	1
60	61	2
30	70	1
57	67	1
8	8	3
64	64	3
69	85	1
62	77	1
7	9	1
52	52	1
53	54	2
73	73	4
74	74	2
75	75	4
68	68	1
5	77	1
24	25	2
77	77	2
10	13	1
48	49	1
25	59	1
9	54	1
57	57	2
58	58	3
13	72	1
65	71	2
5	6	1
80	81	1
76	76	2
51	51	1
70	72	1
66	66	1
48	82	1
65	65	1
60	60	2
79	81	1
76	78	1
28	28	1
11	11	1
29	31	1
12	25	1
78	83	1
66	67	2
3	3	1
23	70	1
55	55	1
7	7	1
81	82	1
56	56	1
19	22	2
31	31	1
21	21	1
84	84	1
17	84	1
12	13	1
3	4	1
25	25	2
5	49	1
53	53	1
0	0	1
17	17	1
47	47	1
8	13	1
76	83	1
14	19	1
15	15	1
