168	169	1
153	155	4
223	224	1
73	74	3
4	9	7
78	107	2
159	159	3
224	227	2
68	68	1
70	72	3
20	20	2
148	149	4
202	206	2
61	61	13
5	11	2
155	158	2
234	236	1
80	80	4
116	117	3
163	164	4
145	147	1
37	37	2
54	54	5
24	28	1
211	211	1
58	58	3
15	15	9
117	118	3
130	130	1
204	206	1
111	111	3
196	197	2
26	100	3
104	104	4
137	137	2
193	196	3
74	74	2
129	129	2
56	56	3
193	194	2
140	140	4
33	33	2
103	104	2
36	37	3
30	30	3
159	160	2
44	44	10
40	42	2
64	64	4
196	223	2
84	203	1
194	194	7
10	10	1
208	208	4
84	85	1
9	9	2
88	88	3
38	47	1
25	28	2
37	38	3
2	2	2
29	29	2
156	157	2
32	36	1
169	183	2
35	37	2
69	69	3
230	230	4
199	199	3
229	231	2
224	229	1
158	159	5
163	163	1
71	127	1
59	60	3
197	198	1
75	76	3
13	13	6
121	205	3
147	151	1
167	198	2
75	77	2
162	164	1
106	106	1
15	16	1
97	99	4
191	191	1
107	107	3
172	173	2
77	78	2
228	228	2
53	53	7
28	28	3
198	198	3
181	184	1
175	176	1
42	43	4
140	161	2
48	56	2
28	202	1
70	70	6
38	46	1
62	62	6
49	51	3
18	18	11
228	229	1
19	19	6
221	221	4
237	238	1
188	189	5
150	151	5
242	242	1
30	174	3
171	173	1
50	55	2
209	209	4
6	6	2
115	115	4
22	23	4
48	55	1
192	192	4
34	35	1
81	81	4
222	222	3
226	228	5
44	47	2
143	160	1
7	7	4
20	24	2
153	207	2
212	213	1
182	182	5
145	162	2
127	128	2
165	169	1
216	216	1
15	50	1
34	139	1
207	207	3
211	212	1
1	175	1
192	201	2
182	192	1
134	160	1
64	65	4
4	5	5
135	136	2
76	76	3
31	33	1
18	36	1
66	66	2
26	27	3
51	51	2
40	57	1
203	203	7
25	45	2
0	0	2
125	125	3
193	193	3
105	106	3
203	204	1
61	64	1
124	124	2
39	39	4
39	42	2
176	176	5
181	183	1
86	86	2
31	32	2
227	242	1
99	100	3
2	3	1
80	81	2
8	200	1
169	170	1
99	99	2
34	34	3
63	66	2
0	3	1
24	24	4
138	159	2
165	167	1
156	158	1
164	169	1
60	63	3
65	65	2
214	214	1
186	188	1
204	204	2
59	73	1
186	186	2
51	52	1
17	35	1
212	212	1
217	221	2
183	183	5
48	49	1
224	224	2
139	141	1
58	59	2
173	212	1
2	22	2
16	16	2
164	166	2
1	2	1
39	63	1
117	117	3
36	38	1
35	35	4
204	205	1
76	77	1
151	151	1
17	17	2
10	46	3
42	42	2
78	78	2
37	39	1
183	184	3
241	241	1
33	35	4
59	59	3
190	190	2
150	150	4
154	159	1
3	4	1
27	27	2
52	69	3
63	63	4
183	225	1
108	108	5
226	227	1
33	34	7
116	116	2
174	174	6
114	114	2
215	216	2
40	40	2
45	46	1
72	73	3
10	11	1
177	177	2
19	20	1
24	25	1
13	20	1
181	212	1
116	134	2
6	15	1
135	161	1
73	73	2
150	162	1
10	29	1
45	45	2
20	21	2
197	197	1
229	230	1
33	70	1
66	76	1
190	219	1
214	216	1
220	223	1
25	46	1
75	75	2
74	85	1
123	123	1
184	186	3
237	237	3
153	154	1
236	236	2
47	47	5
140	141	1
180	180	1
95	96	2
234	235	2
206	216	1
122	122	2
235	235	1
18	37	1
101	105	1
50	50	1
219	219	2
164	231	1
215	215	4
216	217	2
225	227	2
137	141	1
156	156	3
31	31	3
180	184	1
0	1	1
32	32	1
31	174	1
213	213	5
77	124	2
216	226	4
189	198	2
209	210	4
59	66	1
14	55	2
173	175	1
220	220	4
152	165	3
127	127	3
8	9	4
13	16	1
120	144	4
155	156	1
16	18	1
101	101	1
67	68	1
112	112	2
4	7	1
21	23	2
231	231	2
218	218	1
25	25	2
0	167	3
219	221	1
68	70	3
2	4	2
185	186	1
46	46	1
166	166	1
103	103	2
129	135	1
207	215	1
215	219	1
3	198	1
30	39	1
19	37	1
8	198	2
133	134	2
55	55	1
119	122	2
181	181	3
150	190	1
119	133	1
146	147	2
136	136	3
5	5	1
214	215	1
34	51	1
141	144	2
88	99	1
25	26	3
189	209	1
219	220	1
82	84	1
84	91	1
70	127	1
116	126	3
130	131	1
151	165	2
7	49	2
9	10	1
210	212	1
164	189	3
43	43	3
189	189	1
6	7	1
240	240	3
177	196	1
39	50	1
136	153	1
233	233	1
9	26	2
154	154	1
201	201	1
77	77	1
226	226	1
141	146	1
186	187	1
102	103	1
3	3	1
15	17	1
4	4	1
0	20	1
205	205	1
29	30	1
142	142	2
201	211	1
13	15	2
98	98	1
8	8	2
74	122	1
60	66	1
170	175	1
144	186	1
197	211	1
123	124	1
128	128	4
134	135	3
51	88	1
23	23	2
196	196	2
155	167	1
206	207	2
62	63	1
102	102	1
21	28	1
187	187	1
16	33	1
144	145	1
47	48	1
49	57	1
62	64	2
201	216	1
35	57	1
178	188	1
192	195	1
59	83	1
182	185	1
0	33	2
11	47	1
41	42	1
36	39	1
105	105	1
163	168	1
29	66	1
17	57	1
152	152	1
100	100	1
118	119	1
20	36	1
180	186	1
39	64	1
136	137	1
202	202	1
22	22	1
35	42	1
20	206	1
77	79	1
217	217	1
52	60	1
119	119	1
60	71	2
205	206	1
139	139	2
108	109	1
141	141	1
99	103	1
120	120	1
170	170	1
175	180	1
167	189	1
234	234	1
43	47	1
82	83	1
133	133	2
50	52	1
195	199	1
80	82	1
165	168	1
187	188	1
119	121	1
14	14	1
74	86	1
137	161	1
153	153	1
121	126	1
52	53	1
112	121	1
57	60	1
137	139	1
70	121	1
82	82	1
68	102	1
67	67	1
53	117	1
38	38	1
134	138	1
72	139	1
184	184	1
161	203	1
31	69	1
133	159	1
68	69	1
61	63	1
115	116	1
