139	142	1
97	97	4
24	24	5
57	57	4
143	143	3
138	139	1
63	63	2
53	53	4
6	20	2
46	46	4
103	104	2
37	38	3
7	8	1
9	12	1
102	102	4
18	18	3
47	47	1
149	149	3
111	112	2
15	15	3
48	53	1
127	127	3
3	4	1
71	71	6
33	103	1
68	69	2
81	81	3
128	135	1
38	38	3
34	35	4
93	95	3
132	132	3
146	146	2
153	153	3
5	32	1
33	34	4
23	67	1
112	113	3
29	29	6
38	39	2
139	139	2
78	78	3
95	96	1
49	62	1
108	111	1
128	129	4
65	65	3
48	48	4
24	36	2
143	144	2
7	16	1
82	86	1
85	85	2
120	137	1
20	20	5
154	154	3
22	22	7
96	119	1
3	11	1
6	6	7
131	134	2
121	147	1
107	108	1
64	64	3
141	146	2
54	138	1
4	4	4
54	71	1
114	114	1
64	65	1
138	143	1
69	71	2
74	74	5
50	50	2
104	105	2
5	11	1
103	105	2
90	90	2
147	147	1
25	25	4
141	141	1
107	107	2
95	99	2
93	93	3
11	11	5
80	87	1
104	104	4
8	12	1
67	67	3
13	13	1
137	137	3
16	18	1
51	51	8
103	111	1
111	111	2
140	141	3
39	39	4
29	30	1
100	100	3
56	57	2
25	26	2
111	115	2
79	79	3
98	98	1
110	111	1
35	37	1
38	46	2
122	123	2
16	17	1
149	153	2
18	19	6
95	97	3
46	47	2
95	95	4
84	88	2
72	73	1
50	67	1
36	36	2
29	79	1
131	131	2
115	116	3
14	15	3
51	71	1
140	149	1
68	68	4
28	28	4
13	19	1
106	119	1
140	142	2
97	98	1
122	124	1
123	123	4
31	31	2
35	35	2
138	138	1
41	44	1
86	86	1
5	16	1
40	40	4
49	53	1
83	143	2
58	58	3
33	33	2
74	75	3
133	134	2
19	20	1
42	42	2
87	93	1
9	9	2
99	114	1
74	76	1
134	134	3
40	41	1
41	42	2
106	106	2
12	13	2
54	54	2
10	10	3
72	75	1
97	99	2
27	27	4
10	11	3
122	122	4
3	8	1
7	7	3
84	86	3
43	43	2
82	82	3
119	120	2
107	110	2
110	110	3
40	44	2
136	137	3
99	100	1
75	81	1
87	87	5
50	71	1
10	87	1
4	20	1
112	112	2
49	51	1
8	9	2
137	138	1
13	17	1
83	84	4
94	95	2
70	70	3
24	64	1
65	76	1
99	99	1
43	44	3
11	12	1
83	86	1
52	52	1
81	94	1
34	34	2
3	9	1
114	116	2
76	76	1
34	36	2
100	102	1
21	108	1
73	75	1
83	88	1
125	126	3
80	80	2
119	119	3
28	74	2
105	105	3
42	77	1
132	136	1
109	109	2
114	142	1
124	125	3
130	132	2
73	73	2
30	31	1
42	84	1
130	131	1
5	5	2
79	80	1
31	32	1
37	37	2
43	53	1
49	92	2
57	71	2
133	133	1
77	77	1
14	14	1
109	110	2
86	124	1
43	84	1
103	103	2
116	119	1
44	44	3
142	143	1
121	124	2
126	126	2
8	14	1
141	142	1
67	79	1
152	153	1
66	79	1
75	75	3
100	101	1
137	139	1
135	135	1
44	45	1
26	29	1
22	62	1
32	33	3
73	74	1
57	69	1
45	50	1
42	43	2
50	51	1
129	129	3
43	45	2
99	130	1
90	93	1
127	128	2
44	46	1
18	20	1
4	19	1
32	32	5
140	143	1
49	54	1
55	56	2
128	128	3
7	17	1
53	54	1
144	144	1
26	27	2
105	110	1
64	83	1
12	12	2
130	135	1
148	148	1
63	67	1
84	138	1
22	23	1
152	152	1
74	77	1
131	136	1
70	153	1
55	55	2
136	136	1
47	48	1
95	98	1
39	40	1
48	49	3
41	41	1
21	21	2
113	116	1
66	66	1
49	49	1
35	36	2
38	97	1
47	90	1
21	67	1
11	35	1
12	16	1
37	39	1
86	99	1
30	30	1
10	12	1
68	73	1
120	120	1
138	141	1
49	52	1
84	84	1
63	65	1
39	53	1
128	130	1
7	13	1
4	12	1
17	19	2
76	80	1
97	102	1
105	106	1
17	18	1
17	17	1
98	102	1
4	5	1
150	150	1
85	86	1
99	103	1
77	78	1
79	92	1
69	70	1
112	138	1
114	141	1
109	120	1
113	117	1
99	112	1
