65	66	3
67	67	4
73	73	7
33	57	1
37	38	1
36	36	2
72	72	2
43	44	2
56	59	1
39	39	5
46	46	3
19	19	4
26	55	1
37	37	5
38	38	6
6	25	1
65	67	1
28	28	4
23	36	1
41	41	4
39	40	1
31	48	2
71	72	2
37	54	1
46	48	3
65	70	1
1	53	1
40	40	3
26	53	1
1	2	5
75	75	6
5	5	8
68	70	1
56	74	2
36	42	1
53	54	4
33	33	3
66	66	2
72	74	2
47	47	5
48	48	5
23	23	2
29	34	2
37	39	1
26	26	2
68	68	4
26	27	3
32	68	2
65	65	3
35	35	9
59	76	1
54	54	4
44	45	2
70	71	3
32	50	2
73	77	2
4	4	4
12	12	2
30	54	1
8	8	3
57	57	3
7	7	4
34	34	5
49	50	3
34	35	2
35	58	1
57	58	6
60	77	1
51	51	4
62	62	3
31	31	1
28	39	1
24	25	3
13	13	2
21	61	1
52	52	7
61	61	4
71	71	2
15	15	2
55	55	1
4	13	1
64	64	4
35	36	1
2	11	1
20	22	1
22	22	7
63	63	3
62	63	1
32	33	2
53	53	5
37	73	1
70	77	1
2	60	1
61	71	1
34	49	1
59	60	2
41	42	1
47	52	2
43	60	1
60	60	2
30	32	1
32	32	4
54	70	1
33	34	2
0	1	1
45	45	2
44	60	1
5	6	5
64	71	2
58	58	4
23	24	1
40	58	1
2	3	3
9	9	3
33	59	1
59	59	4
51	52	1
21	68	2
25	25	3
25	69	1
34	41	2
61	62	6
66	67	2
69	69	2
69	70	3
3	60	1
30	30	1
20	62	1
6	6	1
10	13	1
34	37	1
62	71	1
56	61	1
29	29	2
70	70	2
57	59	1
55	67	1
71	73	1
20	20	1
42	42	1
21	72	1
27	27	1
23	27	1
40	41	2
34	69	1
20	21	1
35	53	1
5	43	1
3	3	4
24	69	1
49	49	2
24	27	1
9	10	2
69	71	1
11	11	1
24	24	3
2	2	1
2	7	1
77	77	1
44	44	3
56	60	1
37	56	1
7	8	1
24	54	1
27	55	1
57	67	1
55	56	2
61	63	2
44	51	2
40	75	1
34	56	1
75	76	1
0	2	1
38	43	1
3	7	1
27	28	1
7	9	1
31	32	1
21	21	1
34	70	1
28	46	1
62	64	1
10	10	1
0	59	1
21	38	1
58	67	1
34	59	1
6	7	2
64	65	1
43	54	1
30	34	1
10	11	1
25	26	1
56	58	1
36	41	1
20	65	1
18	18	1
2	6	1
50	50	2
68	69	1
56	57	1
22	23	1
59	70	1
53	56	1
