54	54	4
35	36	2
39	68	1
102	102	8
56	62	1
26	26	6
61	68	2
58	67	1
99	104	1
96	96	5
28	95	1
86	86	3
92	92	9
75	75	11
93	93	9
34	35	3
28	29	1
114	114	6
76	90	2
72	96	2
73	99	1
40	40	8
81	102	3
22	65	1
24	24	4
32	32	5
71	71	9
91	91	5
76	100	4
82	82	4
98	98	9
27	27	4
74	75	1
65	65	6
65	108	1
55	55	9
101	101	6
55	67	1
31	32	4
64	64	3
22	67	1
104	106	2
76	76	8
104	104	8
97	97	6
51	52	1
71	97	1
55	57	4
87	87	4
58	58	5
66	69	1
31	65	1
112	112	5
73	73	7
60	68	5
72	72	8
33	110	1
45	60	1
51	51	5
25	40	1
50	51	6
37	38	3
36	36	6
62	62	6
74	77	2
50	50	8
105	106	2
109	109	7
34	52	2
81	83	1
89	91	1
61	74	2
96	97	2
39	40	4
111	111	4
83	84	3
53	55	5
110	110	11
35	60	3
107	108	5
90	90	2
103	103	5
38	38	4
70	70	4
66	70	1
73	74	3
21	21	4
23	61	1
34	36	1
98	99	1
79	79	6
52	73	1
44	45	4
66	66	7
57	68	1
103	104	7
92	95	1
54	59	2
79	81	3
27	79	1
24	62	1
47	47	5
108	109	4
39	85	2
108	108	2
33	72	2
78	87	1
71	80	1
82	83	2
59	60	4
80	100	1
68	71	1
43	43	8
68	69	1
107	107	13
87	89	2
70	71	6
63	68	1
49	65	1
56	58	3
65	66	3
31	108	1
78	78	9
62	64	2
35	35	5
34	34	5
62	85	1
87	88	7
74	74	9
69	69	4
26	27	4
98	109	1
100	100	8
64	65	5
113	114	2
66	67	5
102	104	2
31	31	8
78	100	5
63	64	5
109	110	5
95	95	4
68	92	3
39	41	1
64	73	1
104	105	5
91	99	1
55	59	2
75	77	2
83	90	1
29	29	5
72	83	1
22	57	1
83	85	2
106	106	5
30	30	6
99	99	2
104	107	2
58	59	2
44	44	9
46	46	5
83	89	1
105	105	11
68	68	3
63	63	3
47	50	1
36	38	1
22	71	1
100	102	4
78	90	2
81	87	1
58	64	1
83	83	4
84	85	2
53	54	4
113	113	11
29	47	2
52	84	2
111	112	2
97	100	2
25	25	3
78	82	1
93	100	1
101	103	1
76	79	3
81	103	2
63	65	3
62	108	2
41	47	2
67	67	4
69	70	3
49	49	3
71	78	3
25	26	2
36	39	1
31	52	2
67	68	2
72	80	1
82	84	3
41	41	4
75	76	1
75	99	1
55	58	2
42	42	3
93	94	3
88	89	6
75	84	1
23	60	1
34	102	1
100	101	1
33	33	4
52	52	5
59	75	1
29	30	3
80	81	1
79	89	1
61	91	1
69	96	1
22	22	2
19	19	4
31	35	1
56	60	1
30	31	4
22	24	1
35	62	1
51	59	2
77	78	2
106	107	2
91	109	1
28	28	3
22	50	1
102	103	1
51	100	3
23	53	2
84	92	1
22	59	1
88	88	6
56	57	2
69	72	3
22	23	6
37	51	2
46	47	2
103	105	2
80	102	1
21	77	1
99	107	2
99	101	1
88	90	4
77	110	1
61	61	5
90	91	2
43	48	1
65	67	1
73	75	2
79	80	2
73	76	1
40	41	1
89	90	2
97	109	2
37	37	6
91	93	2
53	85	1
79	94	2
71	72	2
23	23	3
92	93	2
46	50	1
56	97	1
39	39	4
22	26	1
63	74	2
76	77	5
61	62	1
38	85	1
45	45	4
64	66	3
85	86	3
74	85	1
91	95	1
72	73	1
34	69	1
81	82	2
53	60	2
45	95	1
24	78	1
20	21	1
33	34	1
25	64	1
63	106	1
62	63	1
33	109	1
110	111	5
81	109	1
25	27	5
60	91	1
99	100	2
94	94	2
61	89	1
72	77	1
30	73	2
30	92	1
45	74	1
84	84	2
98	100	1
109	112	1
68	70	1
74	93	1
21	30	1
80	85	1
55	56	1
48	48	2
24	60	2
61	65	2
83	108	1
78	79	2
81	94	1
55	61	1
106	108	2
42	43	1
75	78	1
61	90	2
74	92	1
95	96	2
72	81	1
74	109	1
70	72	1
87	94	1
57	57	3
75	83	2
62	66	1
103	109	1
33	43	1
86	87	1
49	86	1
70	73	2
96	99	1
80	97	1
66	68	1
86	88	1
77	80	1
77	88	1
97	104	2
27	67	1
56	56	2
29	39	1
49	50	1
81	97	1
92	113	1
65	110	1
41	42	2
105	107	2
71	88	1
77	91	1
99	102	1
56	69	1
77	77	4
73	110	1
99	110	2
20	20	1
31	62	1
26	72	1
67	93	1
89	89	2
56	61	1
43	44	1
74	79	1
81	81	2
89	107	1
85	85	4
49	60	1
69	73	1
42	46	1
32	35	1
20	67	1
60	63	1
63	83	1
91	92	1
96	102	1
101	102	1
79	99	1
31	104	1
26	58	1
28	99	1
60	60	3
21	22	2
54	56	1
73	100	1
97	102	1
27	28	2
93	95	2
35	86	1
105	109	1
82	85	1
28	37	1
84	106	2
38	49	1
73	77	1
42	44	1
43	86	2
104	108	1
87	105	1
70	104	1
59	59	5
80	87	1
108	110	1
104	111	1
83	93	2
71	77	2
81	95	1
63	84	2
98	107	1
28	73	1
22	51	1
29	75	1
53	100	1
62	69	1
30	45	1
49	96	1
50	56	1
45	91	1
67	69	1
45	46	1
23	100	1
23	25	1
25	75	1
57	60	1
45	61	1
25	53	1
74	101	1
69	75	1
61	78	1
25	78	1
52	68	1
32	33	1
100	113	1
106	110	1
54	55	1
92	109	1
19	20	1
60	80	1
103	106	1
