55	55	7
117	131	1
110	111	1
54	70	2
56	56	2
28	28	4
115	126	4
5	18	2
34	34	1
118	119	3
49	49	3
81	83	1
71	71	5
67	68	1
128	128	2
90	90	6
23	23	3
65	65	2
22	32	1
60	115	1
61	61	1
6	7	1
24	24	1
123	131	1
123	125	1
49	50	1
31	33	1
13	13	5
117	122	2
123	123	4
14	15	1
107	108	1
102	102	3
97	97	3
52	54	3
117	117	3
64	65	1
78	78	1
123	133	2
32	32	1
107	107	1
53	53	3
9	10	3
57	57	2
122	123	2
125	125	5
110	113	1
94	94	3
88	88	4
29	29	3
70	70	3
45	50	1
122	125	2
59	59	1
83	83	1
64	84	3
82	82	3
1	2	3
62	65	2
93	94	2
83	86	2
56	68	2
53	95	1
86	90	1
83	87	2
57	106	1
45	63	1
61	63	1
101	101	2
80	80	1
0	1	1
82	97	1
91	92	1
81	82	2
121	122	1
82	86	1
55	56	1
109	109	1
25	25	2
60	61	3
118	118	2
113	113	1
108	108	3
108	118	1
87	88	3
22	22	3
19	19	2
96	96	3
79	106	1
76	104	1
84	96	2
5	5	2
58	58	1
109	113	2
6	6	3
60	60	1
32	34	1
60	69	1
57	120	1
94	95	1
116	116	1
95	95	4
104	104	1
8	9	2
131	131	1
108	110	3
110	118	1
1	1	1
77	77	2
21	21	2
84	105	1
79	80	1
52	76	1
58	87	1
2	2	1
58	59	1
37	38	1
55	66	2
75	95	1
76	76	4
29	30	1
62	62	3
67	67	2
65	67	1
8	8	1
26	26	2
63	63	4
20	20	2
88	90	1
130	130	1
126	127	3
52	115	1
96	112	2
119	120	1
59	94	1
9	16	1
123	135	2
66	67	2
84	84	1
103	103	1
69	69	2
91	114	1
19	37	1
47	47	1
0	0	1
130	131	1
58	80	1
23	86	1
82	87	1
45	66	1
36	86	1
59	60	2
30	31	1
92	116	1
66	83	1
59	68	1
105	105	3
68	98	1
77	78	1
100	100	1
79	79	1
89	89	2
33	78	2
87	87	1
2	94	2
133	135	1
117	118	2
85	97	1
92	93	3
13	15	1
45	130	1
18	18	1
52	53	3
105	106	3
82	96	1
98	105	1
43	63	1
98	130	1
122	131	1
37	82	1
112	112	1
98	98	1
37	37	1
106	106	1
55	109	1
55	83	2
34	77	1
54	54	1
114	114	1
7	8	1
44	55	1
83	88	1
120	120	1
74	74	1
31	31	2
10	10	1
33	33	1
55	84	1
132	132	1
67	97	1
56	58	1
66	108	1
43	43	1
129	129	1
85	91	1
55	116	1
31	32	1
50	50	1
8	23	1
86	131	2
92	92	1
81	97	1
50	132	1
80	97	1
86	88	1
7	7	1
111	111	2
56	120	1
88	132	1
