156	156	2
84	84	3
53	53	5
72	72	3
91	91	2
116	140	3
67	67	5
28	28	11
24	25	2
81	102	2
11	37	1
121	148	1
128	129	2
151	151	3
39	40	4
6	6	12
8	10	1
49	51	1
13	13	11
22	22	8
86	86	3
10	10	9
96	157	2
164	168	3
25	25	14
173	174	4
36	38	2
3	67	1
50	51	4
37	43	3
38	38	11
11	11	6
66	80	1
152	152	6
16	17	4
19	26	1
148	172	2
114	124	2
96	101	1
110	110	1
170	176	2
12	23	1
127	128	3
108	176	1
88	170	2
154	155	2
73	74	4
21	43	3
22	23	4
2	8	5
90	91	4
149	149	7
26	26	8
64	65	3
20	21	4
10	11	4
34	35	4
45	51	2
120	120	3
52	53	6
144	145	3
17	33	1
30	30	8
116	116	2
72	77	2
135	135	3
16	16	8
94	94	5
93	94	5
148	148	5
134	148	1
3	7	1
101	101	5
20	23	1
79	79	2
39	39	8
74	154	1
59	136	2
159	159	6
180	180	1
82	82	4
30	31	3
155	164	1
32	33	8
176	179	1
134	135	2
95	95	3
121	140	1
0	0	3
16	43	2
123	123	8
101	128	2
154	154	5
104	138	2
51	52	2
17	42	1
155	155	3
5	5	2
83	105	1
38	39	3
87	114	2
18	18	8
23	24	2
32	32	4
7	10	2
133	156	1
125	125	5
15	16	3
43	45	2
147	148	1
9	9	5
146	146	3
18	22	3
36	37	1
11	35	3
126	126	5
119	119	4
108	108	1
78	157	1
150	153	1
4	4	10
14	14	7
6	7	5
118	118	3
10	23	2
35	35	13
144	144	2
62	62	1
147	147	4
85	86	1
160	160	5
100	100	4
19	19	10
29	30	2
124	125	1
5	14	2
55	131	2
42	42	6
169	169	2
104	104	4
27	27	4
64	64	1
75	76	2
179	179	7
114	123	1
2	11	1
132	132	2
33	33	4
39	43	2
138	139	1
62	77	1
11	15	3
14	36	2
162	162	4
89	109	2
134	163	1
78	90	3
73	156	4
15	15	6
111	111	4
2	9	2
117	118	5
5	6	7
75	82	2
82	109	1
61	61	2
123	124	3
132	158	1
173	175	2
157	175	1
115	123	1
22	42	1
2	4	4
10	42	5
35	36	1
86	102	4
12	13	6
1	7	1
143	143	3
58	61	1
38	42	1
108	165	1
57	58	3
40	40	4
44	44	8
173	173	2
171	171	2
171	172	3
21	21	5
143	144	3
56	57	4
13	14	7
163	163	5
90	94	2
106	136	1
164	180	1
2	3	4
101	112	2
12	12	7
45	45	7
72	100	1
85	109	1
7	7	8
37	38	3
142	169	1
8	8	4
51	80	1
13	23	2
25	26	3
76	132	1
97	97	1
26	28	1
71	71	3
17	17	10
32	36	2
75	75	3
131	156	1
87	87	2
107	108	2
18	19	1
42	43	4
24	24	13
51	51	4
166	166	2
27	28	3
100	101	1
28	29	3
18	23	3
121	122	2
152	153	2
98	130	1
101	102	3
125	131	1
106	106	3
99	112	1
34	37	1
161	162	4
52	52	8
101	118	1
59	59	3
49	50	1
78	177	1
55	84	1
3	3	5
5	40	2
177	178	3
25	41	1
53	90	2
1	1	10
8	28	3
7	8	4
41	41	6
4	67	2
34	34	6
131	131	3
93	142	2
43	44	6
8	9	2
41	42	3
16	37	3
33	34	4
150	151	1
104	106	1
128	128	5
157	157	1
63	64	2
145	146	4
9	30	1
135	136	3
102	121	2
170	170	3
97	98	1
143	145	4
103	103	5
91	94	1
77	77	6
110	116	1
151	152	3
114	114	2
129	149	1
161	165	1
123	171	1
54	54	3
74	74	3
100	117	1
55	55	7
29	29	8
110	180	1
87	169	1
18	41	1
37	37	6
102	102	2
140	140	2
109	109	3
105	106	5
17	18	3
19	20	7
154	162	1
83	106	1
159	162	2
117	117	6
160	165	2
130	130	4
141	141	2
19	22	4
73	73	4
25	45	2
40	41	3
133	133	2
5	67	1
8	43	2
20	20	3
55	56	3
53	131	2
79	130	1
163	164	3
76	79	1
174	174	2
21	24	2
94	101	1
23	23	4
4	8	1
105	108	2
87	88	1
167	176	3
97	114	1
51	57	1
51	56	1
122	124	2
167	168	4
118	139	1
112	137	1
58	134	1
146	154	1
144	156	1
146	174	1
79	80	1
141	142	1
86	109	1
178	178	2
95	104	1
16	19	1
143	146	1
15	44	3
63	63	3
39	41	2
119	120	1
117	127	1
145	145	7
62	64	1
1	17	2
65	65	3
20	75	1
27	29	3
145	174	1
66	66	6
3	4	4
168	168	4
167	167	2
96	96	2
37	46	1
95	96	1
83	84	1
16	41	1
77	79	1
75	130	1
60	61	1
113	158	1
150	176	2
131	132	1
76	83	1
3	36	1
134	146	1
177	177	1
132	134	2
56	56	2
162	171	1
119	121	1
57	134	2
134	134	3
80	80	4
51	82	2
93	93	2
113	117	1
132	135	3
144	173	1
23	37	1
94	102	1
104	105	5
4	34	1
165	166	1
136	136	3
157	160	1
23	38	1
152	155	1
126	167	2
7	31	1
146	147	3
142	142	1
4	6	1
107	145	1
151	162	1
176	176	6
43	43	4
178	180	1
112	112	1
2	5	1
66	72	1
12	45	1
59	60	3
137	137	2
115	140	3
109	160	1
16	38	3
2	2	2
36	54	2
15	36	1
135	167	1
129	130	2
24	28	2
121	121	5
10	35	1
70	71	1
60	60	6
84	85	3
150	173	1
45	46	1
9	13	1
95	148	2
157	158	2
30	41	2
90	90	2
144	165	1
26	37	1
139	139	2
3	8	4
98	126	1
170	175	2
152	161	1
120	144	1
67	68	1
175	175	1
89	111	1
57	57	2
23	35	2
72	130	1
76	76	3
31	32	3
52	61	2
98	100	1
150	150	4
26	27	1
10	29	2
74	177	1
9	11	1
134	138	1
35	38	2
172	172	3
146	156	1
78	132	3
54	89	1
96	170	1
157	177	1
72	115	1
96	97	1
14	23	1
102	119	1
15	21	1
25	29	1
9	10	3
7	15	1
43	126	1
71	80	1
73	115	1
153	162	3
17	22	1
77	179	1
91	93	2
23	26	1
124	172	1
103	107	3
119	129	1
123	125	2
94	125	2
97	129	1
124	124	1
153	153	2
57	74	1
105	122	1
114	127	1
170	172	1
12	19	1
107	107	3
147	158	1
4	5	2
100	128	3
158	158	2
99	99	2
4	9	1
57	59	1
15	37	2
58	60	1
146	160	1
3	10	1
14	37	1
122	125	2
8	31	1
62	63	1
125	128	2
85	85	1
74	116	1
89	89	1
91	132	2
122	122	1
52	90	1
35	174	1
98	98	2
53	79	2
0	1	2
21	23	2
132	159	1
100	130	2
130	131	1
55	110	1
10	14	3
6	55	1
159	167	2
154	156	1
111	112	1
32	37	1
28	31	1
77	102	3
141	161	1
1	41	1
20	22	1
70	163	1
18	33	1
2	7	1
66	67	2
0	18	1
142	143	2
14	16	1
24	35	2
50	61	2
36	36	2
57	135	1
165	167	2
4	7	2
83	85	1
10	24	1
9	12	2
117	130	1
68	68	2
144	166	1
146	172	1
80	81	1
80	132	1
163	169	1
20	24	1
98	117	1
59	107	1
156	159	1
51	61	1
17	31	1
58	80	1
148	176	1
6	14	1
72	73	1
16	50	1
92	92	1
88	88	1
12	37	1
24	44	2
16	18	1
150	161	1
16	40	1
114	115	1
12	22	1
80	102	1
117	129	1
36	173	1
13	18	1
119	124	1
21	36	1
118	119	1
32	40	1
92	171	1
3	6	1
139	176	1
78	149	1
91	92	2
24	73	1
11	46	1
13	34	1
9	31	1
31	34	1
134	137	1
151	153	1
120	129	1
113	136	1
89	170	1
91	171	1
77	99	1
127	127	4
9	14	1
110	111	1
113	129	1
21	63	1
141	143	1
65	66	2
101	131	1
78	89	1
5	56	2
95	125	1
102	104	1
112	115	1
38	41	1
24	41	1
113	113	2
134	176	1
163	167	1
140	171	1
87	96	1
17	56	1
81	81	1
175	176	1
11	34	1
23	42	1
165	165	1
35	43	1
104	144	1
33	40	1
1	5	1
91	130	1
174	175	1
34	162	1
27	42	1
105	105	1
142	171	1
95	102	1
12	25	1
147	175	1
28	36	1
127	149	1
54	55	1
98	99	1
84	86	1
32	43	1
122	123	1
109	162	1
