116	116	2
111	111	1
25	31	2
105	110	1
138	138	1
93	93	1
55	56	2
102	144	1
118	118	3
29	29	3
85	127	1
139	139	1
140	141	1
115	115	2
102	103	1
123	124	1
120	120	4
41	41	2
4	4	2
131	131	4
121	121	4
15	15	4
5	6	2
68	68	2
73	73	1
32	32	2
20	20	1
117	117	3
34	34	1
85	86	1
39	64	1
10	11	1
144	144	2
122	122	1
134	137	1
123	123	2
126	135	1
83	84	1
130	131	1
126	126	1
38	38	1
33	33	1
139	140	1
60	60	1
11	36	2
119	120	2
78	79	1
54	54	2
72	72	1
124	140	1
125	125	2
131	132	1
117	120	3
27	27	2
43	125	1
59	94	1
141	141	2
36	38	1
28	28	3
118	132	1
59	59	1
53	54	1
65	105	1
124	124	3
48	49	1
75	86	1
0	1	1
21	33	1
94	94	1
5	5	3
77	78	1
119	132	1
87	88	1
1	34	1
20	35	1
138	139	1
103	103	1
118	119	1
97	97	1
136	139	1
55	55	1
74	74	1
76	85	1
30	30	3
106	110	1
97	98	1
76	76	2
1	1	1
145	146	1
127	127	2
119	121	2
95	104	1
137	137	2
101	102	1
130	130	1
35	35	1
113	113	2
21	35	1
23	23	2
86	86	1
42	42	2
65	66	2
89	90	2
31	33	1
14	14	1
26	32	1
61	61	2
134	141	2
19	19	1
72	73	1
125	131	1
98	99	1
69	69	1
100	100	2
64	65	2
0	0	1
3	24	1
140	140	2
107	107	1
108	110	1
59	60	1
90	90	1
37	54	1
22	23	1
143	143	2
136	136	1
6	6	1
142	143	1
101	101	1
134	134	3
48	48	1
110	110	1
108	108	1
73	103	1
77	77	2
75	81	1
58	59	1
66	66	1
23	30	1
91	111	1
21	37	1
128	128	1
82	82	1
146	146	1
95	95	2
135	135	1
102	102	1
69	119	1
36	37	1
106	106	1
65	76	1
22	134	1
14	15	1
2	2	1
24	143	1
111	113	1
84	85	1
82	83	1
40	40	1
85	87	1
99	133	1
9	9	1
99	99	1
94	95	1
