178	180	2
6	6	10
18	18	7
81	145	4
137	138	4
15	15	11
117	117	3
83	121	2
105	127	6
84	85	4
148	148	5
124	124	9
98	100	3
90	90	2
139	139	4
56	56	9
16	16	4
92	93	4
136	136	5
123	123	8
54	55	4
94	94	3
126	126	5
131	134	1
26	26	15
171	171	2
64	64	10
160	161	7
55	60	6
9	12	5
52	52	9
30	30	8
176	176	8
136	170	2
58	64	2
154	156	4
137	170	3
3	3	6
112	113	5
169	173	1
5	6	4
62	62	9
112	112	13
134	173	3
11	172	2
41	41	4
25	94	2
105	106	4
10	10	5
39	39	6
56	61	3
157	157	3
27	27	10
24	24	14
123	124	3
37	37	8
150	151	5
51	60	4
84	84	8
5	5	12
4	12	5
140	156	3
57	58	1
38	38	13
11	11	12
19	20	5
8	17	4
167	169	1
145	146	5
118	119	3
42	43	7
142	142	17
125	125	10
38	40	3
133	133	5
9	9	15
90	146	2
147	148	5
14	29	4
44	45	7
25	25	1
134	134	6
141	141	3
35	35	4
8	10	3
65	65	9
118	118	3
31	32	7
114	114	1
89	90	2
95	95	5
169	170	4
2	4	3
99	100	5
109	109	5
154	154	4
42	42	5
28	28	7
178	178	7
119	119	2
76	92	1
91	92	2
155	155	8
36	36	4
110	110	1
144	144	4
110	111	2
2	3	4
6	7	7
13	15	4
108	109	1
6	11	3
146	146	6
132	132	8
12	13	6
54	54	4
19	19	5
4	33	4
167	167	5
32	33	3
152	152	4
9	30	3
140	140	7
103	103	5
29	30	7
101	101	4
2	44	3
18	42	6
25	26	9
7	7	3
13	13	7
83	109	2
174	175	4
2	2	13
10	29	1
73	77	1
97	97	7
125	129	3
78	79	1
24	25	6
116	117	4
28	65	1
77	77	7
7	8	2
129	129	1
173	173	4
23	23	7
146	155	2
20	41	5
68	68	4
160	160	3
3	15	3
33	35	1
174	174	7
33	33	10
29	29	9
125	131	2
14	14	5
26	27	3
99	107	3
9	15	2
80	80	2
39	43	2
25	27	2
167	168	1
49	49	2
109	154	3
156	165	1
66	66	5
156	156	5
44	44	1
21	81	5
9	16	4
61	61	4
147	158	3
90	91	3
17	17	4
32	35	1
111	111	2
163	163	7
25	29	1
34	34	3
92	94	5
103	134	2
12	12	7
51	51	2
116	118	4
31	31	6
177	179	3
135	135	2
142	170	4
96	97	3
83	107	1
161	161	2
128	128	2
172	172	4
150	171	4
96	96	2
99	180	1
179	179	3
37	72	3
138	138	1
20	20	6
60	100	2
8	8	3
4	4	4
9	13	1
81	94	2
22	22	3
64	65	4
15	22	2
107	111	1
153	153	1
73	73	3
81	123	1
31	63	2
112	131	3
113	114	2
148	149	3
40	40	3
43	43	4
66	68	1
175	175	7
7	28	8
32	32	3
169	169	1
107	112	3
136	166	3
0	0	4
145	145	2
13	14	3
85	121	2
100	102	5
11	12	1
103	104	3
113	113	1
53	53	1
131	131	4
89	89	1
140	157	3
168	168	3
153	157	1
26	28	3
93	105	1
106	106	1
3	4	2
135	170	2
149	149	3
86	86	2
170	170	1
53	57	2
138	140	1
90	93	2
40	41	3
137	137	2
91	91	1
173	174	2
104	104	2
50	50	7
7	9	3
14	15	2
66	67	4
1	1	2
135	136	2
101	102	1
50	51	2
160	165	3
96	98	4
107	107	2
113	115	2
166	166	2
129	135	1
85	87	1
143	145	3
71	71	4
126	154	3
81	88	3
144	173	1
127	128	2
154	155	1
121	122	1
32	36	4
130	136	1
59	59	5
86	100	2
60	60	3
76	76	1
32	74	2
10	11	2
87	87	2
75	76	1
51	55	1
116	143	2
86	87	4
98	99	1
158	159	1
160	162	2
144	145	2
63	86	1
5	9	1
18	20	1
143	159	1
17	37	2
132	133	1
151	152	2
130	131	1
162	162	4
21	21	1
145	149	2
39	44	2
21	23	2
111	127	1
33	34	1
11	31	1
20	22	1
166	167	1
61	62	1
118	134	1
55	55	2
151	159	1
2	33	2
159	159	2
166	169	1
155	156	1
178	179	2
168	169	1
52	88	1
83	86	1
57	57	2
130	130	2
27	92	1
163	164	1
28	29	2
81	90	1
13	20	1
56	57	1
152	161	1
45	45	1
81	81	1
74	74	1
6	41	1
53	54	1
