32	43	1
24	25	2
23	23	3
28	28	1
10	11	2
43	43	1
67	68	1
31	40	2
10	10	1
55	55	2
18	20	2
23	27	2
68	68	2
40	40	5
36	37	2
13	13	5
4	4	4
5	6	1
67	67	3
8	9	8
22	22	4
72	72	1
50	51	2
30	30	2
32	33	1
6	6	1
74	74	1
65	66	2
53	54	1
64	69	1
59	59	1
45	71	1
45	46	1
65	65	2
22	36	1
22	23	2
56	56	4
41	42	2
37	43	1
33	33	1
3	3	4
46	46	2
29	29	2
73	73	2
66	66	2
41	41	2
9	9	1
43	74	1
31	50	1
65	67	3
71	71	2
3	4	2
47	47	1
70	71	3
38	38	1
36	39	1
9	12	1
63	63	3
0	1	1
24	24	2
11	11	2
66	67	2
37	37	1
47	49	2
61	61	1
8	8	2
23	24	2
29	30	1
21	37	1
21	34	2
38	46	1
50	50	2
19	19	1
48	51	1
35	35	2
48	50	1
54	54	1
60	66	2
36	43	1
69	69	1
40	41	2
27	29	1
26	26	3
44	45	1
20	20	3
3	6	1
30	31	2
1	1	1
4	13	1
53	53	2
31	64	1
35	49	2
13	18	1
34	35	1
56	59	1
64	66	1
31	31	2
44	72	1
52	52	1
48	48	2
5	5	1
0	44	1
51	51	1
70	70	1
34	34	1
32	51	1
