133	135	1
23	23	4
75	122	1
52	52	2
174	175	1
13	15	1
99	99	1
16	18	1
184	184	3
13	13	1
68	109	2
25	153	1
55	57	1
1	1	2
150	151	1
68	71	1
111	111	1
41	41	4
48	48	3
146	147	2
124	124	1
121	121	1
121	132	1
88	96	1
109	109	1
149	151	1
149	149	1
10	10	2
77	77	1
28	97	1
125	126	1
96	96	1
13	19	1
142	142	1
164	165	3
124	125	1
8	13	1
29	161	1
7	15	2
165	166	2
164	164	2
54	58	1
36	42	1
77	78	1
28	29	2
4	36	1
152	152	1
22	156	1
148	148	1
123	126	1
17	17	2
81	81	1
91	94	2
141	141	1
162	163	1
32	110	1
22	22	1
36	156	1
78	142	1
95	95	1
152	153	1
169	169	1
175	175	3
143	143	2
114	114	1
46	57	1
100	153	1
4	25	1
32	141	1
28	149	1
110	110	1
19	19	1
155	155	2
86	86	1
105	105	1
22	23	1
151	151	1
128	173	1
91	95	1
182	182	1
135	148	1
87	153	1
25	144	1
28	143	1
121	155	1
44	46	1
11	11	2
177	177	1
33	33	2
137	156	1
134	155	1
1	2	1
161	162	1
70	72	1
136	145	2
130	130	1
149	150	2
147	163	1
70	96	1
119	120	2
3	3	1
61	108	1
178	178	1
97	117	1
7	7	2
75	75	2
53	53	2
15	16	1
90	90	2
142	143	1
55	60	1
162	162	1
92	93	1
112	113	1
153	153	1
27	33	1
117	118	1
45	45	2
128	179	1
8	25	1
121	150	1
57	57	1
172	172	1
106	106	1
117	141	2
58	59	1
55	59	1
101	101	1
128	154	1
157	158	1
70	97	1
86	178	1
123	158	1
31	31	1
114	119	2
177	178	1
115	116	1
87	178	1
128	129	1
187	187	1
87	87	1
54	57	1
89	152	1
71	96	1
58	62	1
52	54	1
130	155	1
90	153	1
25	25	1
96	103	1
184	185	1
184	186	1
0	0	2
146	146	1
16	16	1
24	24	1
47	47	1
27	29	1
136	136	1
