18	19	2
129	136	1
6	10	1
28	28	3
39	41	1
16	16	3
133	134	3
140	161	2
138	138	3
93	162	2
162	162	2
27	27	12
14	14	4
24	24	7
83	84	2
100	113	2
22	22	6
119	120	1
55	77	2
43	44	2
26	26	5
5	15	1
34	35	1
29	29	3
31	35	3
68	118	1
63	63	1
133	138	1
32	32	6
13	13	3
64	95	1
161	161	1
118	119	1
108	121	2
25	25	5
151	162	1
78	78	4
148	164	1
140	168	2
176	176	4
173	175	3
140	140	2
38	40	1
85	86	1
54	72	1
75	114	2
108	108	2
8	11	3
19	19	4
9	19	3
50	53	1
30	30	7
7	46	1
34	34	4
99	99	2
52	59	2
30	171	2
54	56	1
15	15	2
16	33	1
68	68	3
9	20	2
17	18	2
43	43	1
13	15	1
31	31	7
59	61	1
14	110	1
24	25	9
102	102	2
82	85	4
94	111	1
116	119	1
114	114	5
95	122	2
3	20	1
135	135	3
3	12	1
62	62	2
18	18	7
142	142	1
9	9	3
8	8	6
70	150	1
91	94	1
2	19	2
6	43	1
125	125	4
149	149	3
10	45	1
95	97	1
167	167	4
23	39	1
5	8	2
161	162	1
157	157	4
115	115	1
3	13	1
130	130	3
10	10	6
26	28	4
33	33	4
171	172	1
72	72	1
16	45	1
117	118	1
160	161	1
54	54	2
171	171	2
90	95	1
37	37	4
112	112	6
76	151	2
28	30	2
38	38	6
109	109	2
43	84	1
123	131	1
8	13	1
154	155	3
20	20	5
102	122	1
141	141	2
64	64	1
21	21	4
65	65	3
3	3	4
3	4	1
133	133	1
58	59	1
43	45	2
91	91	1
1	1	8
164	167	1
11	42	1
177	178	3
52	58	1
151	170	1
133	169	1
169	169	5
70	80	2
58	120	1
107	107	2
10	15	1
26	27	1
175	175	2
81	81	1
174	174	2
72	73	1
124	127	1
1	15	2
61	62	1
11	18	4
65	66	1
153	153	4
16	17	4
91	111	1
52	52	3
14	45	1
104	104	2
116	120	1
30	175	1
137	143	1
73	89	1
161	171	2
81	105	1
98	98	2
106	106	3
155	156	3
166	166	3
103	103	3
12	15	1
35	37	1
121	121	3
113	129	2
144	144	2
80	81	2
132	162	1
17	17	2
174	175	1
156	174	1
144	147	2
77	77	3
23	23	4
17	30	1
66	66	3
40	40	8
32	33	1
4	4	2
118	118	2
132	132	2
12	12	3
5	5	5
7	18	1
79	97	1
2	45	2
38	125	1
160	160	2
10	14	2
61	61	2
87	98	2
97	97	2
2	23	1
134	134	4
41	41	6
5	29	1
4	9	2
7	7	2
35	35	6
132	133	2
94	94	2
76	76	4
136	136	2
122	122	5
145	146	1
5	43	1
147	147	1
60	60	1
103	136	1
152	152	4
107	118	1
154	154	2
13	43	1
80	90	1
15	45	1
3	41	1
135	136	1
101	101	2
132	145	1
21	44	1
77	78	2
29	30	3
34	60	1
29	97	1
0	1	2
135	175	2
88	88	1
99	100	1
93	93	4
11	12	4
25	32	1
39	39	3
54	55	1
151	153	1
35	38	1
32	36	1
2	6	3
91	92	2
58	58	1
6	8	1
146	146	2
45	46	1
39	40	2
73	74	1
163	165	3
143	144	2
111	111	1
173	176	1
127	127	3
171	173	1
83	83	2
150	150	2
141	142	1
162	171	1
164	164	4
65	67	1
53	143	1
1	45	1
14	17	1
59	102	1
51	51	2
53	59	2
153	154	1
93	100	1
119	140	1
36	36	6
136	158	1
1	9	1
102	104	1
74	74	3
141	165	1
17	31	1
12	13	3
82	83	1
21	45	1
98	101	1
85	92	2
5	6	2
56	56	1
42	42	3
15	16	1
44	44	3
126	180	1
57	58	1
43	82	1
7	33	2
116	116	1
31	91	2
131	132	1
126	126	1
1	20	1
137	138	1
79	79	1
2	3	2
119	119	2
21	22	1
6	7	2
62	129	1
137	137	1
134	145	1
50	51	2
2	2	3
61	137	1
28	29	3
65	68	1
23	24	1
84	85	1
82	82	2
157	178	1
150	151	1
62	111	1
33	37	1
112	116	1
16	113	1
173	174	2
95	95	2
98	115	1
71	130	2
116	135	1
6	6	2
153	164	1
170	178	1
77	152	1
29	31	1
73	75	3
86	128	1
175	178	1
10	40	1
38	39	1
10	72	1
5	37	1
75	87	1
147	167	1
139	139	3
61	68	1
26	44	1
37	40	1
73	73	1
24	26	2
124	126	1
30	35	1
78	106	1
12	19	1
3	8	1
77	90	1
0	74	1
42	45	1
51	57	1
18	20	1
137	139	1
46	46	1
73	76	1
156	157	1
83	113	1
8	9	2
19	20	2
55	75	1
123	123	1
105	125	1
1	6	1
154	174	1
29	149	1
92	93	1
23	42	1
44	45	1
11	11	3
143	143	1
77	81	1
21	23	1
64	67	1
89	89	1
113	113	2
7	8	1
45	45	2
71	71	1
172	172	1
148	148	3
129	146	1
168	169	1
11	21	1
16	21	1
16	74	1
120	120	1
32	34	1
27	28	2
29	41	1
59	60	1
157	158	1
67	102	1
5	41	1
124	147	1
10	17	1
92	103	1
13	17	1
66	106	1
1	4	1
68	148	1
5	16	2
24	30	1
9	10	1
25	26	1
127	180	1
104	124	1
145	145	1
131	131	1
40	41	1
140	159	1
7	9	2
11	15	1
143	171	1
33	34	1
148	173	1
0	0	1
108	112	1
4	8	1
89	137	1
14	18	1
71	73	1
96	96	1
140	166	1
6	31	1
105	114	1
131	146	1
5	9	1
