72	73	1
75	75	1
49	49	3
60	60	5
87	88	5
50	50	8
79	80	1
40	40	7
77	77	2
53	85	3
35	36	5
69	69	8
90	90	9
31	31	3
63	63	5
41	41	3
64	71	1
71	71	6
101	102	2
53	54	2
79	79	5
95	95	1
69	70	4
68	68	1
29	32	2
57	57	2
88	88	1
60	61	1
36	36	2
95	98	2
66	66	2
85	86	3
42	42	4
72	74	3
39	102	1
100	100	4
45	45	6
65	66	2
59	59	4
98	98	5
48	48	3
42	43	3
76	77	1
52	90	1
81	82	2
55	89	1
26	27	1
99	101	2
58	58	1
23	35	1
45	47	1
72	72	1
38	38	1
45	46	1
84	84	3
48	97	1
35	38	2
63	93	1
99	99	3
78	78	1
44	44	1
43	43	2
50	51	5
53	55	1
39	39	3
100	101	3
70	70	1
52	53	1
48	49	1
53	53	7
46	47	4
89	89	1
54	99	1
73	73	2
51	65	1
24	66	1
53	98	2
91	92	2
55	56	3
52	52	4
61	61	4
87	87	1
70	71	2
58	72	1
45	50	2
80	81	1
49	50	4
51	64	2
34	38	2
80	80	3
95	96	1
101	101	3
34	52	2
39	77	2
92	92	2
92	99	1
47	47	2
32	57	1
86	88	1
51	51	4
86	86	5
96	96	3
54	55	1
71	86	1
39	40	2
59	60	1
64	64	2
29	29	3
76	76	2
54	57	1
93	93	2
94	95	1
59	63	2
40	48	1
35	43	1
53	79	1
40	41	1
34	35	1
49	100	1
32	56	1
94	94	2
52	54	1
80	86	1
81	84	1
40	49	1
91	91	1
68	69	3
30	30	1
33	34	2
41	42	1
83	83	1
63	64	1
81	86	1
41	66	1
54	54	1
85	85	1
79	81	1
23	25	1
44	52	1
81	81	1
78	88	1
27	27	1
22	22	1
23	23	1
