59	69	1
45	90	2
49	89	1
105	109	2
63	63	2
59	82	2
101	101	2
39	39	1
22	98	2
80	96	1
88	88	1
54	58	2
87	88	2
87	92	1
32	32	2
99	99	4
91	91	3
35	35	1
82	83	1
64	70	2
40	46	1
31	32	3
98	104	1
22	27	1
102	108	1
73	74	2
86	88	2
81	84	3
59	80	3
44	45	1
49	49	1
43	44	2
61	61	2
79	79	1
40	40	1
79	80	1
93	93	2
64	65	2
84	84	1
69	69	1
50	51	1
62	74	2
60	60	1
33	33	1
22	77	1
56	58	1
59	79	2
25	26	2
92	92	1
40	41	2
58	61	2
21	21	3
102	103	1
60	96	1
38	38	1
55	96	1
40	93	2
29	31	2
70	70	1
45	49	1
108	108	2
78	79	1
111	111	3
36	40	1
94	94	1
29	46	1
58	58	3
66	75	1
33	36	1
30	31	1
74	74	1
56	57	1
41	41	1
80	84	1
26	60	1
104	104	1
107	107	2
82	85	1
80	87	1
85	85	1
91	103	2
107	110	1
82	95	1
106	110	2
23	23	1
60	62	1
63	64	1
76	78	1
22	51	1
90	90	1
73	83	1
71	103	1
29	40	1
83	87	1
84	85	1
26	52	1
26	58	1
31	31	1
112	112	1
21	114	1
96	109	1
105	110	1
101	104	1
82	84	1
91	92	1
48	59	1
67	67	2
71	71	1
