33	33	2
51	52	2
220	220	7
103	103	5
7	22	2
41	42	2
153	153	1
18	21	2
41	73	1
99	99	1
67	67	2
180	189	3
166	166	1
36	36	1
70	85	1
168	171	2
18	86	1
176	176	2
42	42	2
218	218	1
24	74	1
179	179	5
69	69	1
17	17	4
37	201	2
60	88	1
48	49	1
213	213	2
41	41	3
117	123	1
84	84	3
125	127	1
63	63	1
154	154	3
164	164	3
11	41	1
81	82	2
52	52	1
12	228	1
38	41	1
160	160	1
29	32	1
150	158	2
224	225	1
126	126	3
155	155	3
84	85	1
202	202	2
71	71	1
219	219	2
59	71	1
71	150	1
61	70	2
65	66	3
6	6	3
186	186	3
16	16	2
78	79	2
215	215	3
191	192	2
70	75	3
216	217	1
62	74	2
174	183	1
182	182	2
0	0	1
101	102	1
192	194	1
40	40	3
104	104	2
43	43	2
159	194	1
205	205	5
143	143	1
171	171	4
177	177	1
4	4	4
158	172	1
194	213	1
86	86	3
48	78	1
156	158	2
33	80	2
22	23	4
39	39	6
9	9	1
3	30	1
154	155	1
192	195	1
40	42	1
8	16	2
24	24	2
125	166	2
45	45	3
102	102	1
50	50	2
239	239	2
1	5	1
230	230	1
21	34	1
213	223	2
125	125	1
118	118	3
29	30	1
56	56	4
173	175	1
45	47	2
148	148	2
46	200	1
183	232	2
183	211	2
53	80	1
230	231	2
31	42	2
25	25	3
168	168	2
14	14	6
9	10	1
128	159	1
97	98	1
150	151	2
8	8	2
68	71	1
235	235	3
19	37	1
123	123	3
30	31	2
34	35	1
36	39	2
31	32	1
49	50	2
124	124	2
74	74	2
133	136	2
117	118	1
106	222	1
75	81	1
56	57	2
2	48	1
12	17	1
195	195	3
58	58	1
32	35	1
178	220	2
190	190	2
103	169	1
205	206	1
98	98	1
25	74	2
133	133	1
39	42	1
57	60	1
35	35	1
23	23	1
38	38	1
223	223	1
140	141	2
60	60	3
14	35	1
60	67	1
237	237	2
200	200	3
228	228	2
34	36	2
195	197	1
19	163	1
120	120	2
19	20	2
54	55	1
66	66	2
187	191	1
181	212	1
86	87	1
49	77	1
157	159	1
198	199	1
8	14	1
59	102	1
188	231	1
4	30	1
155	167	4
156	157	1
128	129	1
23	223	1
11	11	2
10	241	1
101	101	1
13	14	3
27	27	1
224	224	1
62	63	2
10	10	1
3	3	3
137	137	4
47	47	3
70	240	1
2	2	2
109	109	3
108	109	1
202	203	1
64	64	3
37	38	1
109	221	1
78	78	1
82	83	2
30	220	1
70	72	1
67	70	1
201	201	3
102	127	1
124	125	1
24	25	1
28	28	1
100	100	1
4	223	1
17	18	1
101	169	1
46	46	2
198	204	1
105	105	2
139	139	3
216	216	2
130	130	1
49	49	1
25	125	1
2	4	2
201	206	1
61	61	2
240	240	1
26	26	3
72	72	3
83	83	2
222	222	1
177	212	1
55	55	3
65	69	2
49	79	1
174	174	1
117	117	1
146	146	1
187	194	1
158	158	2
114	114	1
236	236	1
152	235	1
80	80	1
181	181	2
153	175	1
14	40	1
174	175	1
86	128	1
192	192	1
234	234	1
31	80	1
0	42	1
148	155	1
142	143	1
111	111	1
14	16	1
34	79	1
165	185	1
213	231	2
140	140	1
0	89	1
98	152	1
78	80	1
54	54	4
160	198	1
196	207	1
7	7	2
53	173	1
15	19	1
135	135	1
123	125	1
75	84	3
162	164	1
169	216	1
15	36	1
5	42	1
44	44	2
124	127	1
51	64	1
81	81	2
36	193	1
97	97	2
79	80	1
18	18	1
77	77	1
229	231	1
233	233	1
53	53	1
183	183	1
167	167	1
68	69	1
110	150	1
185	185	1
12	14	1
13	18	1
214	215	1
209	210	1
151	215	1
47	175	1
56	129	1
11	36	1
44	194	1
176	177	1
24	89	1
57	57	1
53	203	1
100	219	1
97	99	2
184	199	1
80	81	1
123	126	1
122	124	1
229	229	1
76	76	1
210	211	1
60	78	1
149	153	1
69	70	1
212	218	1
21	49	1
30	50	1
7	8	2
12	19	1
30	37	1
58	60	1
145	145	1
55	57	1
129	131	1
107	107	2
59	73	1
208	211	1
83	138	1
107	218	1
91	162	1
28	69	1
30	30	1
96	99	1
5	13	1
64	65	1
191	191	2
106	144	1
53	54	1
32	32	2
1	1	1
217	217	1
140	142	1
31	31	1
169	209	2
71	241	1
153	233	1
31	198	1
149	150	1
21	22	1
108	146	1
169	169	1
71	143	1
113	113	1
136	136	1
227	227	1
182	216	1
231	232	1
