18	18	1
38	38	1
4	5	1
30	31	1
3	3	1
11	11	7
34	34	5
17	17	7
1	2	3
21	22	2
30	32	2
31	32	2
14	15	3
29	29	2
43	43	1
13	14	1
44	44	2
5	5	3
23	23	2
12	12	2
28	28	1
41	41	2
40	40	4
42	45	1
10	10	3
42	42	1
51	51	2
30	30	2
46	47	1
0	1	1
1	1	3
35	35	1
55	55	2
19	19	2
20	22	1
33	37	1
36	38	1
13	13	2
16	16	2
15	15	2
20	21	1
45	45	2
39	39	1
32	37	1
28	32	1
9	9	1
21	21	1
22	22	1
3	5	1
50	51	2
35	39	2
0	6	1
40	41	1
15	16	1
11	12	1
41	47	1
14	14	2
6	6	3
57	58	3
14	19	2
23	37	1
8	8	2
22	23	1
56	56	1
36	41	1
54	54	1
35	36	1
14	16	1
