7	7	10
17	17	11
38	38	18
32	55	4
20	21	2
26	30	1
75	75	14
27	27	13
53	53	18
56	56	11
19	19	13
11	11	7
49	54	1
63	64	5
57	57	15
38	39	9
5	6	6
45	46	7
48	48	14
37	37	11
12	12	6
70	70	13
58	59	5
4	4	15
64	67	1
77	78	3
72	73	4
63	63	22
28	68	1
25	25	8
52	53	4
74	75	4
73	73	17
26	26	19
79	79	15
2	6	1
0	0	11
34	34	6
46	46	18
46	47	7
50	51	6
76	76	17
29	69	1
78	78	10
33	38	1
16	16	5
0	1	6
64	69	1
1	1	16
65	65	19
6	7	4
71	71	15
49	49	10
33	33	12
9	10	1
16	17	4
55	66	1
21	21	6
77	77	13
11	16	1
64	65	10
66	75	3
29	40	1
0	2	4
78	79	3
46	48	1
68	68	6
7	8	6
80	80	18
29	30	5
30	54	3
43	43	6
29	49	1
52	52	5
13	14	12
42	42	17
18	18	5
75	76	5
32	33	3
41	41	14
40	61	1
5	5	18
28	29	6
60	61	9
39	39	16
64	64	14
2	2	8
10	10	2
38	42	1
8	8	7
56	57	5
63	70	3
62	62	15
54	67	1
3	3	6
31	31	11
55	55	17
74	74	15
32	32	7
5	7	2
29	29	7
6	6	15
60	71	3
53	57	1
49	53	2
52	65	1
27	36	2
53	54	6
31	32	7
11	12	4
0	17	1
28	28	10
50	50	5
17	18	7
8	16	1
68	70	2
40	40	11
25	37	2
15	53	1
35	35	15
36	41	1
72	72	7
45	45	9
48	49	6
2	4	1
59	60	3
58	58	4
1	2	3
55	56	4
27	34	4
54	55	5
71	72	6
4	9	1
14	14	7
36	36	12
81	81	2
45	57	2
34	62	1
47	48	5
51	51	6
49	64	2
54	54	7
33	34	4
69	69	11
47	49	1
27	29	2
34	36	1
47	47	5
61	61	8
46	63	1
7	58	2
50	53	2
19	20	3
9	9	7
65	67	1
66	66	7
59	59	15
61	64	1
35	39	1
70	72	1
39	40	1
26	43	1
42	43	1
49	57	1
52	64	1
37	38	2
40	49	1
30	69	2
30	33	1
3	72	1
30	30	10
45	48	1
49	50	2
31	40	1
26	27	4
29	54	1
36	37	6
44	45	3
65	66	5
65	68	1
26	31	3
57	64	1
6	58	2
30	56	1
3	6	2
12	15	2
51	62	1
30	31	3
33	40	2
67	67	7
6	61	1
4	6	1
55	69	2
25	26	3
31	50	2
19	28	2
60	60	4
69	71	3
5	27	1
49	66	2
8	56	1
36	38	2
45	74	2
47	60	1
10	11	1
31	69	2
20	20	5
15	15	8
49	51	1
29	68	1
50	63	1
52	68	1
3	39	2
34	35	5
17	26	2
62	65	1
29	47	2
35	55	2
76	77	1
32	54	1
40	42	3
74	76	1
27	28	5
76	78	2
59	72	2
68	69	2
49	70	3
14	78	1
69	70	3
61	62	1
13	13	7
8	9	4
51	64	1
35	36	1
48	65	3
66	68	2
31	49	1
38	43	1
51	52	1
46	80	1
55	68	2
63	66	4
42	57	1
30	47	2
32	34	1
12	13	1
49	65	2
80	81	1
64	66	1
46	61	2
54	68	1
37	65	1
35	69	3
15	25	3
43	61	3
79	80	1
9	35	2
4	5	3
39	61	1
1	53	2
11	14	1
15	27	1
72	78	1
27	31	1
34	39	1
62	71	1
45	60	1
21	32	3
2	3	2
40	41	1
17	30	1
40	80	1
11	39	1
67	68	2
30	46	1
50	65	1
31	33	1
75	77	5
41	42	2
30	40	1
28	36	1
63	68	3
9	11	2
70	71	4
50	68	1
30	32	2
65	70	1
10	32	1
10	12	1
68	71	1
3	37	1
73	74	1
13	16	1
1	18	1
50	72	1
9	34	1
66	71	1
13	21	3
15	26	1
54	56	2
3	12	1
36	54	1
48	59	1
48	73	1
66	67	3
8	28	2
14	15	1
63	65	2
7	21	1
52	67	1
31	35	1
48	55	2
33	56	2
68	72	1
47	80	1
62	76	1
62	72	1
37	39	1
19	57	1
35	45	1
46	57	1
57	60	1
67	70	1
18	19	2
11	13	1
3	60	1
42	63	1
53	55	1
49	69	1
27	35	1
6	8	1
60	62	1
34	46	1
40	48	1
5	66	1
2	39	1
8	30	1
32	50	1
59	61	1
18	33	1
49	71	1
1	9	1
61	68	1
64	73	1
26	35	1
36	45	1
35	49	1
26	28	1
71	75	1
11	49	1
2	29	1
