125	125	5
73	74	3
110	110	5
151	152	2
62	62	3
188	188	3
74	74	6
94	115	2
74	118	4
104	105	2
119	119	7
109	109	3
112	139	2
130	130	4
174	174	4
112	149	2
42	43	9
91	118	1
38	38	5
89	89	14
16	16	9
105	118	6
22	22	5
157	165	6
161	162	4
150	150	10
146	146	1
183	183	1
15	15	7
68	72	5
117	117	2
33	34	4
44	44	3
24	24	10
162	162	9
70	70	5
75	75	4
174	175	5
176	179	3
159	160	7
92	92	3
99	101	4
177	178	4
2	37	3
8	8	2
56	57	5
126	127	5
36	42	1
166	166	4
7	7	2
106	148	8
56	56	2
122	142	6
47	47	2
133	147	4
6	6	4
95	96	2
127	128	2
150	151	4
23	23	3
159	165	2
32	33	9
15	16	4
139	172	4
169	169	4
126	128	1
1	15	3
157	168	3
86	86	5
161	161	1
46	52	2
114	114	3
36	37	3
90	90	8
43	43	2
147	147	2
59	59	5
65	67	4
163	164	5
151	155	2
157	158	1
31	31	3
4	4	5
59	60	4
73	73	8
115	115	2
140	140	3
61	61	2
91	91	2
135	136	12
39	40	5
108	131	5
29	32	3
116	117	7
121	122	2
13	13	7
63	63	1
131	147	3
64	64	8
131	132	4
189	189	1
135	135	4
52	54	1
88	88	3
138	138	11
0	18	8
35	35	8
91	92	5
42	70	2
182	182	4
48	48	3
4	15	1
77	77	5
97	98	3
60	61	7
80	80	2
164	164	3
148	148	4
79	79	6
64	68	6
85	85	6
106	106	2
118	118	1
11	12	5
33	35	2
82	83	3
153	182	1
38	39	2
129	129	5
20	20	3
184	185	8
156	168	2
146	147	1
81	81	1
75	79	3
116	116	4
13	14	1
84	84	5
130	143	1
25	47	1
120	122	2
40	40	2
28	28	1
79	80	2
35	36	2
167	167	4
102	102	2
117	119	7
46	46	3
156	156	3
72	73	3
25	25	4
94	95	1
103	104	1
150	155	1
18	19	2
27	27	6
36	36	5
58	67	2
29	29	2
72	72	2
39	39	4
14	40	6
30	30	2
67	68	2
137	155	1
112	112	3
2	8	2
173	173	1
123	123	3
52	53	2
145	145	3
128	128	3
170	170	1
2	15	2
105	106	2
153	183	3
103	103	2
71	71	2
179	179	1
16	18	2
13	122	2
76	76	5
135	158	2
34	36	4
99	100	2
3	7	2
93	93	4
173	174	1
113	113	4
105	105	3
139	139	1
18	20	4
4	6	2
82	82	1
3	125	1
60	92	2
137	137	4
61	65	2
94	99	1
10	10	2
98	98	3
158	158	3
159	159	1
96	96	1
0	22	2
0	0	1
96	98	1
78	78	1
95	98	2
9	9	2
42	42	1
111	113	2
63	81	4
45	45	1
30	31	3
62	66	1
19	19	1
131	131	6
1	77	1
132	144	1
131	138	3
122	122	1
151	151	1
107	107	3
155	156	1
149	149	1
152	153	1
144	144	1
128	138	1
60	74	2
104	114	2
107	110	1
21	27	2
19	26	1
124	124	1
57	57	4
65	66	1
52	52	1
133	134	2
136	137	1
17	20	1
52	60	1
58	58	1
74	80	1
22	23	1
127	140	1
120	120	1
31	32	2
165	168	1
65	73	1
108	150	1
23	24	2
172	172	3
171	172	1
25	41	1
154	154	1
79	86	1
55	55	1
114	117	1
98	99	1
154	175	1
53	53	1
44	72	1
158	159	1
172	173	1
157	164	1
77	84	1
