70	70	2
68	68	3
68	77	2
95	96	3
42	99	1
29	29	1
98	98	2
81	82	4
80	80	2
40	40	2
90	90	4
56	57	2
59	59	4
72	73	2
70	71	2
43	43	4
93	93	3
57	57	1
56	56	3
77	77	3
78	78	3
91	91	2
60	94	1
40	41	1
62	62	3
97	97	2
48	48	3
35	55	1
41	56	1
99	99	3
63	63	3
63	64	2
96	96	3
65	66	1
46	61	1
37	38	1
36	36	2
86	89	3
66	66	4
60	60	2
100	101	3
32	32	2
40	89	1
24	26	1
72	75	1
52	56	1
39	40	1
92	92	2
87	93	1
72	79	1
47	47	4
45	54	2
102	102	2
31	31	3
58	58	2
94	94	3
79	80	2
44	47	2
93	101	1
38	38	1
46	46	5
86	87	5
45	45	4
38	86	1
79	79	2
85	85	1
88	88	1
50	52	1
64	65	1
49	50	1
51	51	3
48	50	1
100	100	4
83	83	2
90	92	1
94	96	1
50	55	1
46	95	1
90	91	2
101	101	3
96	97	1
78	92	1
60	63	2
37	37	1
21	22	1
84	84	1
34	35	2
58	68	1
63	65	1
68	75	1
92	93	1
50	50	3
74	80	1
59	66	1
75	76	2
35	38	1
101	102	1
89	91	1
53	53	2
20	23	1
86	86	1
44	44	1
74	74	4
52	52	2
76	76	1
61	62	2
92	98	1
77	78	1
69	71	1
33	33	3
96	98	1
39	39	1
25	26	1
45	48	1
82	82	1
89	90	1
64	64	1
81	89	2
54	55	1
59	101	1
25	25	1
26	26	1
56	61	1
95	95	1
