86	86	3
152	174	2
122	122	2
31	31	8
126	126	4
114	115	2
116	116	2
192	196	2
86	87	1
152	152	2
8	8	5
3	135	3
11	49	1
94	94	5
111	195	1
49	49	1
120	120	3
138	138	3
162	162	1
115	115	3
37	37	3
26	26	3
116	118	2
146	146	2
69	78	1
171	172	1
173	173	2
141	141	2
174	178	1
156	156	3
87	87	1
89	89	5
174	174	2
48	48	3
120	123	1
137	137	2
36	38	1
19	19	2
171	171	3
34	34	2
179	180	1
44	58	1
59	116	1
5	5	3
121	121	2
180	180	6
10	10	2
119	119	7
190	190	8
189	189	4
178	178	2
180	182	1
161	163	2
48	49	2
27	28	1
147	147	1
148	148	4
182	182	2
129	129	6
169	170	3
150	150	3
2	24	2
176	178	1
153	154	2
172	172	2
115	158	1
111	189	2
102	110	2
34	35	1
50	69	1
40	40	1
78	78	1
139	139	1
52	53	2
72	142	1
58	80	1
170	170	4
62	62	1
195	196	3
168	168	4
153	163	1
131	131	4
34	36	3
160	161	1
130	130	2
20	32	1
124	124	5
153	169	1
45	45	3
111	111	3
9	9	2
180	181	3
127	127	2
173	175	2
59	59	1
28	28	1
88	88	1
141	151	1
15	15	7
29	31	1
35	35	4
148	152	1
104	106	3
40	41	2
145	145	2
33	40	1
164	183	1
181	182	3
183	183	1
77	79	1
112	131	1
106	106	1
14	15	2
10	11	3
132	132	3
148	149	4
120	121	1
144	146	2
100	195	1
174	175	1
144	153	3
111	188	1
131	139	3
30	30	3
190	191	2
167	167	2
43	43	2
146	190	2
71	71	3
195	195	1
187	188	2
0	0	3
119	120	1
11	11	2
141	142	1
164	164	2
51	52	1
125	126	1
161	178	1
18	19	1
2	2	2
130	134	1
73	74	2
192	192	1
123	123	2
104	104	2
87	99	1
93	95	2
2	3	2
179	181	4
69	71	2
146	155	1
177	177	2
12	12	1
58	58	3
12	32	2
189	190	4
37	39	1
140	141	3
114	114	3
129	131	2
152	193	2
74	153	1
14	14	1
138	151	2
84	87	1
141	143	1
145	147	1
149	180	1
144	145	1
132	135	1
95	101	1
100	100	3
80	83	1
167	168	2
100	101	1
162	164	1
149	151	1
16	17	1
191	192	1
64	64	2
70	70	1
79	81	2
144	144	3
113	125	1
159	159	2
24	26	3
22	26	1
20	20	2
157	158	3
56	56	2
176	176	1
51	51	1
6	7	3
165	185	2
122	123	1
61	62	1
130	139	1
66	67	1
178	192	1
143	143	2
172	173	2
13	13	1
102	174	1
135	135	2
161	164	1
159	161	1
73	75	1
9	10	2
153	155	1
166	167	1
87	89	1
84	99	1
177	191	2
153	159	3
25	25	1
21	21	1
142	148	1
32	32	1
128	128	2
6	8	1
55	58	1
125	125	1
7	7	2
104	173	1
110	110	2
78	79	1
113	114	1
146	147	1
79	80	1
188	188	4
37	56	1
44	44	1
160	160	1
43	44	1
102	187	2
11	20	1
52	52	1
20	22	1
35	44	1
113	124	1
133	134	1
96	96	1
196	196	1
160	163	1
134	135	1
70	78	1
103	103	2
26	28	1
193	193	2
17	17	1
172	174	1
68	69	1
188	189	1
148	193	1
93	94	1
105	106	2
3	3	1
179	179	1
143	154	1
1	1	2
33	34	2
71	149	1
41	66	1
127	128	3
89	106	1
157	157	1
143	144	2
186	188	1
106	107	1
175	175	1
59	80	1
76	77	1
7	21	1
158	158	1
162	167	1
154	154	1
147	148	2
85	85	1
22	23	2
171	174	1
115	117	1
45	46	1
163	163	1
187	187	1
168	171	1
81	82	1
47	194	1
57	57	1
133	133	1
153	153	1
147	189	1
114	125	1
65	65	1
109	110	1
146	180	1
177	197	1
178	179	1
140	140	1
160	180	1
21	23	1
72	73	1
116	117	1
30	131	1
