54	56	1
81	81	6
42	42	1
27	28	2
61	62	4
77	91	1
89	90	2
46	47	6
93	93	2
55	56	3
52	53	2
72	72	1
82	82	2
78	79	3
83	86	1
97	97	2
43	43	3
26	30	1
88	94	1
39	39	1
28	28	1
26	26	1
31	52	1
49	56	1
69	69	2
37	37	3
83	87	7
79	79	2
36	36	2
34	34	1
53	54	5
80	80	2
42	43	1
83	83	3
38	38	3
54	54	8
79	80	2
76	84	1
82	83	5
87	88	2
47	47	5
86	87	3
25	25	3
92	99	1
30	30	3
87	87	4
48	48	2
25	26	2
64	64	10
98	98	2
22	24	1
32	50	2
36	51	1
29	29	2
101	101	2
62	73	1
46	46	4
92	95	1
41	45	1
76	77	3
51	51	3
38	41	2
26	29	2
95	98	1
56	62	1
57	57	2
74	74	2
43	44	3
59	59	4
58	58	6
57	58	2
92	92	1
25	29	2
66	67	4
38	39	2
56	57	2
40	58	2
50	51	1
85	85	4
24	24	2
45	45	2
55	55	2
67	94	5
50	69	3
62	62	3
73	73	2
68	68	4
40	41	3
73	75	1
70	73	1
71	71	4
50	50	1
79	81	3
55	73	2
77	78	1
39	40	3
30	78	2
29	36	2
35	35	3
33	33	2
94	94	2
78	78	2
48	49	1
41	41	2
63	63	3
100	100	1
27	27	2
76	76	3
88	89	2
61	61	2
66	66	1
95	96	2
21	21	1
51	52	1
28	29	2
23	23	2
35	36	1
102	102	4
65	65	1
37	38	1
56	56	2
98	99	1
62	63	1
41	43	1
22	29	2
99	99	3
23	68	1
96	96	2
87	91	2
45	46	3
92	94	1
90	90	3
52	52	1
49	90	1
103	103	2
44	45	1
75	75	2
67	67	1
80	81	1
70	70	1
67	68	1
63	65	2
33	34	2
32	32	1
46	60	2
77	77	1
40	40	1
97	98	1
22	25	1
44	44	1
88	88	1
89	89	1
100	101	1
85	87	1
60	61	1
26	27	2
52	54	1
20	30	1
95	95	1
32	78	1
59	67	1
26	28	1
