5	5	8
46	46	7
36	36	3
11	11	7
10	10	3
2	2	7
4	5	1
37	37	8
28	29	4
14	15	4
58	58	5
1	1	2
13	13	7
23	31	4
22	22	2
4	4	8
14	14	9
7	7	7
41	41	7
45	45	2
15	16	2
52	52	6
35	37	3
47	48	2
34	37	1
15	15	4
6	6	2
9	9	5
15	50	1
33	35	3
34	34	5
55	55	4
54	54	3
45	46	1
32	32	10
47	47	8
33	34	5
8	9	2
33	33	3
39	39	5
40	40	5
3	5	1
0	0	5
3	3	4
31	31	5
19	20	1
12	12	6
7	8	2
13	14	2
36	37	2
56	56	3
39	49	2
31	32	5
17	17	4
32	35	6
29	31	3
47	53	1
30	31	3
49	49	9
18	18	2
56	57	3
48	48	4
53	53	6
19	19	3
43	43	4
10	41	2
52	53	3
40	41	7
44	44	5
38	46	1
57	57	5
32	34	2
40	42	1
55	56	1
10	11	2
20	51	1
22	38	1
16	17	1
42	43	1
37	38	5
41	42	3
53	54	4
15	30	2
8	40	1
19	33	3
17	18	1
21	23	3
52	54	1
10	28	1
23	24	3
28	31	1
28	28	3
35	36	1
33	47	1
20	23	2
38	38	6
29	37	1
17	34	2
5	6	1
50	51	1
29	29	1
12	31	1
33	36	1
27	27	2
42	42	4
34	39	1
49	50	2
19	21	1
47	51	1
3	4	1
39	40	1
46	53	1
6	7	1
45	48	1
1	3	1
58	59	1
8	29	1
51	51	1
15	33	1
11	14	1
0	1	1
50	50	3
14	16	2
10	15	1
29	32	1
10	12	2
11	12	2
42	49	1
4	6	1
35	35	1
57	58	1
24	24	1
6	10	1
14	48	1
35	38	2
39	44	2
7	11	1
1	2	2
7	10	1
52	57	1
34	38	1
21	22	1
2	3	1
35	43	1
19	30	1
30	30	2
44	46	1
47	56	1
51	52	1
22	56	1
16	30	1
28	32	1
