73	73	5
143	145	3
46	46	10
72	87	2
83	83	7
9	9	14
90	90	18
101	105	1
97	98	2
17	25	1
79	79	7
165	165	6
65	66	2
11	11	7
167	169	5
163	163	3
121	132	1
76	76	6
136	137	3
153	153	5
53	69	1
41	41	7
70	103	1
6	133	1
158	160	4
88	93	1
6	6	6
7	7	18
55	55	4
69	69	10
5	7	3
44	44	4
88	89	8
56	57	5
152	160	2
20	21	6
166	169	3
72	72	3
160	161	2
158	158	7
1	2	8
13	18	2
111	111	4
35	140	1
114	114	3
78	78	5
149	149	2
8	96	2
145	151	2
12	12	5
11	12	10
103	104	4
110	110	5
107	109	3
136	136	4
87	124	1
34	34	13
21	21	5
109	109	5
42	43	4
95	95	4
124	124	7
57	57	5
37	39	1
108	108	11
21	23	3
151	151	6
100	100	5
167	168	4
111	112	8
71	71	12
64	65	3
80	81	4
1	1	8
75	75	7
107	153	2
121	121	1
37	136	2
112	114	2
8	10	3
41	42	5
53	54	3
119	119	5
112	112	6
99	100	3
50	52	2
37	38	3
35	35	8
81	111	1
36	36	11
17	17	7
57	58	2
26	26	13
22	24	1
170	170	3
53	53	14
106	141	1
115	118	1
127	128	3
146	146	8
163	165	3
134	135	1
116	116	8
80	80	7
129	131	1
89	95	1
55	82	1
89	90	3
2	2	11
18	19	4
14	15	5
88	88	6
71	72	3
144	145	3
81	82	5
117	117	4
162	162	2
11	13	3
101	103	6
65	65	5
118	118	4
152	152	4
19	19	5
87	88	1
47	47	16
63	63	4
15	26	2
141	141	5
143	144	5
93	93	6
144	155	2
66	66	5
155	157	1
139	142	3
144	144	5
73	75	1
56	56	3
90	91	3
5	5	6
146	147	3
115	116	7
70	96	1
52	52	5
139	140	3
3	3	5
54	54	7
110	111	5
137	137	5
147	147	2
139	139	3
39	39	7
6	8	1
113	114	2
77	79	2
8	9	2
69	70	4
57	126	1
82	82	3
113	113	8
10	10	5
69	90	4
169	169	7
159	159	5
58	63	1
18	18	12
135	137	2
131	131	4
140	166	3
50	63	1
160	160	4
107	141	2
109	112	1
89	100	1
164	164	3
27	28	4
127	130	2
57	63	2
138	138	5
47	48	6
15	16	2
101	116	2
43	43	2
85	106	1
169	170	1
104	104	8
152	153	6
51	51	4
142	145	4
133	135	2
105	105	3
6	41	1
154	154	3
138	139	5
134	134	5
120	120	6
91	91	11
22	22	6
27	27	8
0	0	5
34	163	1
92	93	3
19	79	2
74	74	3
108	109	6
63	69	4
42	127	1
63	116	2
140	140	4
13	13	8
168	168	4
10	17	2
91	100	1
130	130	5
163	166	1
54	55	4
79	82	1
155	155	2
38	38	12
92	92	9
84	99	1
155	156	2
144	151	2
85	85	5
86	129	1
77	97	1
141	142	6
64	66	4
5	39	1
4	4	2
3	4	4
97	97	10
15	15	5
8	8	3
70	71	2
64	67	4
38	40	1
36	155	2
167	167	3
36	157	1
110	160	2
87	87	7
4	5	3
142	142	3
1	71	1
106	106	6
147	148	3
106	107	3
99	99	6
25	25	8
68	80	1
10	11	4
66	67	2
82	83	2
88	90	2
45	45	8
5	23	1
137	138	4
145	145	1
5	6	5
87	93	1
110	145	1
69	76	3
3	7	3
102	134	2
151	155	1
42	42	8
82	134	2
140	141	3
1	55	1
36	47	2
67	69	1
153	157	1
28	28	3
51	56	2
7	49	1
9	10	5
51	54	1
96	96	4
93	95	1
119	120	4
64	64	7
24	24	4
109	110	1
77	78	4
145	149	1
22	23	2
105	106	3
79	84	1
107	107	5
23	25	1
47	49	3
20	20	5
52	55	1
145	146	2
63	79	1
52	57	1
12	128	1
100	102	1
105	148	2
138	140	1
104	105	4
17	19	1
1	20	1
140	145	1
145	148	3
72	73	2
102	102	8
101	101	8
39	51	1
123	125	3
98	115	1
50	51	4
75	82	1
38	39	2
78	80	1
0	27	3
3	107	1
154	157	2
104	117	1
12	40	1
12	89	2
87	91	1
16	18	1
67	67	5
86	95	1
94	94	4
85	97	1
77	77	5
66	80	1
111	113	1
144	149	1
0	24	2
148	148	3
150	150	5
87	90	2
72	104	1
70	70	3
98	98	5
91	95	2
107	149	1
103	103	2
16	16	4
37	37	8
57	62	3
122	126	2
91	96	4
2	20	1
153	155	1
56	64	1
8	25	1
86	86	4
100	101	5
40	40	7
34	157	3
72	84	1
67	68	1
2	25	2
23	23	5
112	142	1
23	24	1
80	83	1
72	74	1
165	167	1
64	92	1
70	77	1
131	133	3
86	130	4
85	138	1
26	53	1
1	4	1
44	45	3
107	140	1
128	128	6
126	129	1
98	100	1
138	150	1
73	74	1
125	127	1
1	117	1
157	158	2
0	4	1
161	162	2
0	1	5
39	50	1
20	24	1
133	133	2
14	14	3
94	95	1
55	56	3
62	62	2
15	18	2
104	115	1
2	140	1
55	83	2
96	97	2
67	112	1
135	136	1
47	52	1
68	68	3
39	40	8
13	55	1
129	130	3
109	150	1
80	89	1
43	44	1
13	15	3
84	84	7
73	91	1
53	153	1
86	106	2
78	79	3
6	7	4
18	111	1
76	88	2
8	22	1
126	126	3
69	79	1
133	134	1
100	104	4
93	152	1
64	68	1
62	63	2
84	87	1
102	114	1
21	22	2
37	44	1
115	115	3
116	117	1
116	123	1
142	143	2
125	132	2
0	25	1
56	63	1
36	37	2
89	89	1
79	80	6
106	148	2
93	94	3
104	107	1
2	66	1
148	149	1
132	132	3
58	82	1
121	122	1
71	73	1
120	121	5
81	114	1
44	46	3
126	131	1
114	115	1
101	102	2
82	148	1
114	118	1
48	48	5
51	52	2
107	108	1
162	164	1
72	86	1
66	110	1
26	27	2
34	36	2
156	156	3
123	123	4
15	20	1
96	112	1
46	121	1
157	157	2
27	50	2
48	49	1
166	166	1
14	23	1
12	16	1
2	3	1
86	97	1
78	89	1
103	106	2
126	130	1
84	85	2
164	165	3
92	94	1
107	122	1
70	86	1
145	147	1
25	134	1
63	113	1
70	105	1
125	126	2
163	164	3
45	74	1
63	64	1
129	133	1
154	156	1
86	87	3
84	96	1
75	84	1
19	72	2
123	124	2
68	83	1
108	110	2
143	143	2
118	119	1
97	101	1
122	125	3
168	170	2
18	23	2
161	161	1
135	135	1
12	25	1
2	109	1
80	97	1
91	92	1
70	73	1
49	49	2
37	142	1
77	80	1
95	96	1
65	95	1
51	63	1
1	45	1
74	81	1
115	142	1
126	128	1
5	8	1
34	35	1
141	165	1
17	93	1
110	112	1
50	50	3
93	123	1
147	149	1
58	58	1
58	62	2
120	123	1
81	83	1
19	20	3
72	78	1
147	153	1
73	132	1
68	106	1
79	87	1
86	88	1
154	155	1
72	85	2
106	112	1
66	74	1
1	7	1
70	78	1
1	5	1
127	127	1
139	166	1
160	162	1
37	47	1
89	151	1
53	64	1
2	43	1
83	84	1
102	103	1
75	77	1
51	57	1
38	41	1
17	18	1
153	154	2
7	82	1
33	33	1
16	17	2
5	63	1
157	159	1
61	72	1
1	41	2
8	46	1
79	81	1
92	95	1
91	93	1
97	99	2
117	120	1
13	14	1
11	64	1
2	6	1
127	143	1
66	96	1
12	13	1
91	135	1
68	82	1
74	145	1
73	160	1
4	6	1
85	87	1
149	150	1
123	126	1
108	145	1
150	151	2
52	54	1
82	149	1
7	9	1
6	18	1
69	88	1
81	81	3
24	90	1
86	89	1
139	168	1
64	74	1
98	113	1
154	160	1
15	17	1
10	56	1
12	15	1
96	99	1
13	106	2
135	139	1
25	26	1
35	36	1
70	74	1
129	129	1
97	113	1
126	127	2
145	150	1
6	9	1
128	129	1
89	94	1
159	160	1
27	43	1
74	130	1
33	34	1
90	95	1
