44	44	3
60	61	1
52	52	3
39	39	4
35	35	4
51	51	2
11	11	3
30	30	4
34	34	1
3	3	3
59	59	3
56	57	1
22	22	3
38	53	3
30	41	1
53	58	1
60	60	4
30	32	1
39	58	3
56	58	1
37	37	1
32	33	2
52	53	1
55	56	3
10	10	2
38	41	4
23	51	2
14	14	2
40	40	5
44	61	2
61	61	1
53	54	2
43	62	1
40	42	1
0	43	1
35	47	1
4	5	2
41	41	2
58	58	5
38	38	1
49	49	2
42	62	1
29	53	1
9	10	1
62	62	3
36	37	3
3	4	1
7	8	3
24	38	1
56	56	1
45	57	1
58	60	1
14	23	1
38	39	2
53	53	1
45	46	2
43	44	1
48	48	7
4	4	2
15	15	2
25	25	4
6	6	4
58	59	1
33	33	1
57	57	1
33	58	1
21	21	3
30	31	2
45	47	1
46	47	2
37	38	3
16	18	1
46	49	1
19	19	2
39	43	1
36	36	5
47	47	1
51	52	2
23	50	1
32	32	2
12	18	2
42	44	1
14	15	1
15	16	2
20	37	1
1	4	1
31	31	2
54	54	1
5	36	2
8	8	1
1	1	2
50	50	1
2	3	1
16	16	1
39	41	1
2	18	1
24	24	1
31	32	1
48	49	1
46	56	1
35	60	1
30	47	1
9	9	1
22	32	1
44	60	1
59	60	1
0	5	1
18	22	1
31	36	1
33	35	1
35	36	1
44	45	1
13	24	1
24	37	1
42	42	1
55	55	1
14	21	1
57	58	1
