118	118	5
153	153	3
158	158	5
168	168	5
31	31	5
24	25	3
161	161	3
130	131	3
10	20	3
6	30	3
119	119	4
50	50	4
14	14	7
10	59	2
170	170	2
113	114	7
103	103	6
72	72	5
94	96	1
21	21	8
127	127	3
32	69	1
154	156	4
145	145	5
41	65	1
142	143	2
125	125	2
24	24	7
151	167	2
78	78	4
132	134	2
27	27	1
24	28	1
15	15	4
71	71	4
24	36	2
19	24	3
155	155	1
20	21	5
41	42	2
64	64	1
10	18	1
43	43	7
32	45	1
143	143	1
179	179	3
15	99	2
38	38	8
151	151	6
10	10	2
171	172	2
179	180	3
43	44	9
81	82	4
51	51	2
140	140	7
62	75	1
0	0	4
29	29	4
166	170	3
44	44	8
44	65	1
52	139	1
84	144	2
176	176	5
52	79	1
77	78	1
11	11	1
17	20	4
2	3	1
102	102	5
96	102	3
3	7	1
15	16	4
116	117	2
32	32	5
13	13	4
41	41	5
101	102	2
55	56	2
126	126	3
137	137	4
115	115	11
132	133	1
157	157	4
169	169	2
112	112	2
40	43	1
60	60	2
52	53	6
148	149	1
10	14	1
108	108	4
155	156	2
76	76	7
122	122	7
73	73	3
150	158	4
161	162	2
78	79	2
34	39	1
18	18	3
90	90	5
84	102	1
90	138	1
37	43	1
100	100	2
39	39	5
114	117	2
154	159	2
145	146	2
76	81	2
75	87	2
90	91	5
127	130	1
39	40	9
158	159	1
28	28	5
39	43	1
107	108	2
40	40	5
10	11	2
142	142	1
81	81	3
175	175	1
18	19	2
123	148	1
8	8	1
42	44	1
117	142	1
52	54	1
15	17	4
74	94	1
32	64	3
141	141	2
173	173	4
166	167	4
84	84	4
35	35	2
57	59	2
134	163	1
146	146	4
154	158	1
139	140	3
9	10	2
110	128	1
111	111	3
118	119	2
75	75	1
89	89	3
52	59	1
70	111	1
159	159	1
66	66	2
26	81	1
150	151	3
91	91	4
53	53	4
9	11	2
136	160	2
25	26	1
130	130	1
81	144	2
44	62	1
14	23	1
128	129	1
36	38	4
28	44	2
36	39	1
115	116	2
12	14	2
16	16	3
26	30	2
34	35	1
80	80	1
154	154	2
45	45	2
4	5	1
135	135	3
31	77	2
80	81	2
33	34	1
112	124	1
6	6	3
21	22	2
139	139	4
10	17	1
117	157	3
65	65	2
167	168	1
63	76	2
89	92	2
157	158	1
36	37	1
89	102	2
98	99	2
33	33	3
31	32	6
105	106	1
32	33	1
137	143	1
36	36	4
22	22	2
62	62	2
51	54	1
4	7	2
60	61	2
96	105	3
147	147	3
121	121	6
75	76	1
167	167	2
38	39	6
1	1	1
95	95	3
151	154	1
17	18	1
35	66	3
113	113	2
62	63	2
121	138	2
93	93	1
33	64	1
120	120	4
23	23	1
128	130	1
114	114	2
124	124	3
9	9	2
42	42	2
15	30	1
160	160	2
7	7	2
58	59	2
83	85	3
168	180	1
26	26	1
134	137	1
123	123	2
49	49	1
1	2	3
89	101	2
79	80	2
90	119	1
149	154	1
130	135	2
95	104	3
3	3	2
29	30	1
148	148	3
42	43	2
97	97	2
147	148	4
45	46	3
152	169	1
70	71	1
106	106	2
35	36	1
55	55	4
28	31	2
96	100	1
56	56	2
63	87	1
15	18	1
9	23	2
121	122	2
86	87	1
108	109	1
149	167	1
81	85	1
20	20	1
38	41	1
149	150	1
74	74	3
12	13	2
150	165	1
54	55	1
9	21	3
11	16	1
42	45	2
100	102	1
144	145	1
94	94	2
148	167	1
167	179	1
117	117	4
135	165	1
37	37	3
0	11	1
131	131	2
13	14	1
150	150	1
174	174	2
164	164	1
73	74	1
146	161	1
7	9	1
144	150	2
162	162	3
19	130	1
65	66	1
0	1	1
44	45	1
110	111	2
40	41	2
87	87	1
2	4	1
80	142	1
5	5	1
77	77	2
102	103	1
53	54	1
37	38	2
17	25	1
165	165	1
39	44	2
27	32	1
76	108	1
109	109	1
92	92	1
107	114	1
61	61	1
116	125	1
72	78	1
101	101	2
27	30	1
23	24	1
38	40	1
14	24	1
164	165	2
37	57	1
91	92	1
55	133	1
34	34	4
92	93	1
64	142	1
25	28	1
153	154	1
38	44	2
67	71	1
12	20	2
19	19	1
5	9	2
149	149	1
17	63	1
26	29	1
124	148	1
145	167	1
140	145	1
91	108	1
150	168	1
76	77	1
16	17	1
33	70	2
163	166	1
30	30	1
59	60	1
26	27	1
24	27	1
98	98	1
136	136	1
133	133	2
137	139	2
66	67	1
151	156	1
127	128	1
11	54	1
126	127	1
64	77	1
11	12	1
12	12	1
19	20	1
56	59	1
174	175	1
99	100	1
177	177	1
162	163	1
18	85	1
25	27	1
80	83	1
10	16	1
