43	43	6
39	39	8
31	31	4
33	34	3
34	35	3
19	19	19
39	41	6
18	18	6
41	41	6
30	30	10
27	27	18
35	35	9
22	22	8
49	50	4
28	29	7
32	33	6
26	26	12
40	40	9
36	36	8
17	17	4
33	33	9
24	24	9
46	46	5
18	24	1
47	47	8
36	37	1
34	34	7
45	46	6
42	42	11
26	27	2
31	35	1
23	23	13
24	28	2
48	48	7
37	37	10
51	51	2
28	28	5
47	48	3
30	32	1
50	51	3
50	50	5
44	45	5
37	38	3
46	47	4
44	44	13
17	18	2
44	48	1
22	24	1
29	29	8
19	21	2
43	44	3
49	49	9
38	38	6
23	24	7
20	21	1
39	46	1
32	34	1
25	26	2
25	25	3
45	47	1
23	37	2
22	23	3
21	22	1
31	32	2
42	43	2
20	20	4
21	48	1
32	47	2
36	48	2
47	50	3
21	21	3
45	45	3
24	29	1
26	28	2
48	49	2
30	31	2
32	32	3
41	42	3
30	47	1
27	28	2
40	45	1
27	29	1
33	35	2
39	42	1
39	40	1
40	42	1
37	48	1
31	46	1
