56	71	2
56	56	4
84	84	8
83	85	2
81	81	5
108	108	5
46	47	1
25	26	2
34	35	6
66	68	2
54	69	1
83	83	1
20	21	2
53	55	3
76	76	6
94	105	3
60	72	2
65	68	1
96	97	5
91	91	6
102	107	2
89	91	2
50	50	7
113	115	1
31	31	7
83	91	3
69	113	1
92	95	5
48	49	6
78	79	3
26	67	3
22	36	2
75	75	8
100	100	7
73	74	2
86	86	7
24	25	2
24	24	3
41	42	7
68	69	3
107	107	9
66	66	4
64	79	1
48	48	4
87	87	2
46	74	2
70	70	5
109	110	2
103	104	4
20	77	1
21	42	1
27	27	5
110	110	6
51	51	5
62	65	1
65	65	2
43	43	6
39	39	4
91	99	2
25	86	1
58	58	3
63	63	6
42	42	3
100	101	4
111	111	3
105	107	4
109	109	6
64	85	1
82	82	8
80	82	2
58	59	3
60	60	4
57	58	5
49	57	1
46	92	1
35	35	3
64	86	1
42	113	1
45	45	5
82	84	1
86	87	6
101	101	6
32	32	8
101	102	5
65	100	1
82	92	1
29	71	1
87	108	1
68	68	4
19	19	4
98	99	1
26	27	3
52	52	3
93	94	1
61	61	4
106	106	4
38	38	3
71	71	4
112	113	1
46	46	6
31	35	1
70	71	2
21	21	2
101	108	1
105	106	4
30	31	4
41	112	2
85	86	1
99	99	3
110	112	1
86	109	1
59	61	2
49	50	5
61	62	5
36	36	5
23	23	7
73	77	1
105	105	7
79	79	6
104	107	3
102	102	3
59	62	2
22	22	3
64	64	5
36	37	4
27	28	3
33	33	2
90	91	4
28	28	5
99	100	1
62	70	1
80	80	3
47	48	5
81	84	1
60	74	2
69	69	3
45	49	1
43	45	3
76	81	1
54	54	3
83	84	5
82	97	1
35	36	2
51	52	3
31	33	1
94	94	9
67	67	3
107	109	3
95	95	4
85	87	2
41	43	2
115	115	3
30	30	5
22	23	3
98	98	2
29	30	1
107	108	3
71	75	1
104	104	2
97	109	1
109	111	1
71	74	1
89	89	3
88	91	3
79	80	1
71	78	1
97	98	4
113	114	1
78	78	3
26	26	2
65	73	1
40	41	4
84	91	1
84	85	4
78	80	1
80	81	3
39	112	1
71	76	1
94	95	1
41	100	1
53	53	3
64	65	3
49	49	1
41	41	2
77	77	5
65	67	2
37	40	1
97	97	2
40	47	1
59	59	5
113	113	4
96	96	2
68	71	1
67	68	2
69	70	4
22	71	1
74	74	2
69	85	1
37	37	7
47	47	3
47	111	1
29	98	1
85	91	1
75	76	2
38	39	3
88	88	7
29	29	1
21	23	1
74	75	2
21	22	2
20	20	2
60	62	3
89	93	1
40	113	2
54	55	3
95	96	2
57	57	1
108	109	1
22	32	1
25	67	1
30	95	1
20	24	1
35	72	2
55	57	1
38	58	1
88	90	1
103	107	2
93	93	1
72	103	1
21	109	1
73	75	1
88	89	1
103	103	5
57	74	1
59	60	1
25	90	1
92	110	1
69	106	1
34	34	3
63	68	2
40	40	1
86	91	2
59	73	1
77	78	1
85	85	2
44	44	1
82	93	2
106	107	3
55	55	1
73	76	1
55	69	1
82	85	2
55	56	1
46	91	1
30	96	1
46	89	1
35	109	1
22	31	1
96	98	1
105	109	2
87	89	1
25	25	2
94	112	1
34	112	2
85	88	2
27	46	1
33	36	1
65	82	1
54	79	2
92	92	2
87	88	2
37	38	2
63	64	2
80	86	1
77	80	1
102	103	2
110	111	1
114	115	1
54	58	1
42	43	1
71	96	1
62	62	3
28	32	1
46	94	1
33	34	1
22	81	1
66	67	1
82	83	2
62	63	1
41	49	1
65	70	1
34	46	1
31	34	1
57	62	1
24	39	1
48	111	1
66	104	1
50	51	1
72	73	1
73	81	1
94	106	1
