56	56	7
92	92	7
11	12	2
141	141	2
70	70	1
9	16	4
34	73	3
18	18	4
63	64	2
25	25	2
164	170	3
172	172	7
169	169	4
7	7	3
25	39	7
162	162	1
48	48	4
61	62	2
164	164	2
117	118	2
144	150	4
17	17	6
131	133	5
117	117	2
140	140	8
73	73	1
24	24	4
167	167	5
116	119	1
100	100	3
32	32	7
33	33	2
19	20	6
81	81	1
189	190	4
6	6	4
185	185	4
125	125	2
157	157	2
91	91	2
54	55	3
71	71	4
16	16	1
179	188	3
118	118	3
166	167	2
95	95	3
53	54	4
166	166	3
155	156	3
113	113	7
13	125	1
8	9	1
173	173	5
151	151	2
14	124	3
3	3	7
101	101	3
178	178	1
72	72	3
138	164	2
45	45	3
75	76	2
62	104	2
97	97	2
0	1	2
89	89	3
64	64	5
33	93	1
108	145	3
68	69	3
124	125	4
140	142	3
34	74	4
67	68	1
15	109	3
144	144	2
179	180	3
83	84	3
188	189	2
43	43	3
148	150	2
23	71	1
121	130	1
60	63	3
181	190	4
93	94	4
60	60	3
34	34	2
22	22	2
112	112	4
178	179	2
134	136	2
30	34	4
134	134	3
161	163	1
42	84	3
121	121	1
27	27	3
114	114	4
107	107	1
20	20	2
21	21	5
62	67	3
9	9	5
68	68	3
16	34	3
1	1	2
5	5	3
77	77	4
116	116	1
88	89	3
77	83	4
104	104	2
126	126	3
4	5	1
55	56	1
133	133	1
78	90	3
128	129	1
61	61	1
63	63	3
47	47	2
107	108	2
4	4	2
96	187	1
82	82	3
105	106	2
99	99	3
156	156	1
136	136	1
132	134	1
110	110	6
84	84	2
2	2	1
116	146	1
166	169	1
137	138	3
69	81	1
66	67	3
96	116	2
117	155	1
12	13	2
155	155	1
59	59	1
32	34	1
147	150	2
42	42	2
121	122	1
15	15	1
12	12	2
112	128	2
173	175	1
165	165	1
146	175	1
