130	130	9
136	137	3
144	144	2
79	79	4
64	73	1
63	64	2
80	81	2
68	68	5
80	80	3
140	141	3
117	118	2
33	35	1
65	86	1
54	55	1
9	15	4
129	142	2
58	67	2
138	139	1
119	119	5
68	105	2
3	4	2
82	112	1
99	103	2
75	75	2
73	79	3
63	63	3
74	74	3
6	6	2
30	30	3
64	64	5
31	31	3
58	58	4
36	36	4
84	109	1
59	69	3
54	54	2
53	53	1
34	34	4
124	125	3
61	68	3
133	134	4
8	9	1
24	24	1
26	27	2
49	49	3
105	106	3
95	102	1
8	122	1
83	86	2
102	103	3
65	72	1
119	124	2
81	140	2
52	53	2
51	52	2
59	59	1
96	96	2
118	118	3
48	48	4
123	123	4
108	108	2
100	100	4
91	91	2
58	59	1
34	105	1
41	58	3
84	84	1
70	72	3
83	84	1
87	87	3
97	98	3
135	136	3
50	51	1
69	69	1
68	93	1
134	135	1
61	66	1
83	85	1
127	139	2
98	98	1
5	98	1
102	102	4
131	132	1
107	107	5
109	109	6
112	114	2
23	39	3
112	113	4
124	124	2
68	69	2
35	35	2
11	95	1
109	117	2
2	3	3
112	112	3
116	117	5
129	137	1
23	23	4
61	61	2
20	20	1
105	105	2
141	141	2
133	133	3
57	58	1
36	106	1
20	21	1
67	67	1
115	115	3
27	28	1
139	140	4
51	51	2
33	55	1
9	21	1
32	32	1
73	73	3
2	2	3
42	42	5
47	63	1
94	94	1
32	53	1
134	134	5
95	103	1
131	131	4
143	143	4
25	101	1
9	11	1
71	100	1
108	113	1
135	135	5
126	126	3
18	18	3
62	62	3
59	60	1
66	103	2
82	83	1
121	124	1
81	81	3
8	8	3
27	27	2
69	70	1
123	144	1
101	102	2
40	40	1
137	139	3
88	90	1
139	139	4
84	85	2
38	39	2
0	3	1
135	138	1
11	11	5
137	137	4
143	144	4
140	140	3
70	70	3
32	33	2
136	136	3
1	10	1
26	29	1
121	123	2
82	82	2
15	15	2
50	72	1
57	57	1
64	65	4
111	111	3
127	127	1
38	120	1
83	83	2
31	76	1
5	5	6
110	110	1
52	52	3
121	122	3
0	1	1
27	59	1
92	92	2
128	128	2
21	34	1
59	99	1
106	106	1
37	37	2
129	129	1
127	136	1
90	98	1
67	68	4
38	38	1
41	41	2
28	28	1
24	39	1
122	123	3
29	142	1
31	36	1
5	26	1
142	142	4
145	145	2
70	102	1
19	23	1
14	59	1
13	13	2
14	65	1
97	111	1
19	19	3
56	88	2
132	132	2
48	50	1
55	73	1
65	87	1
14	14	1
113	113	2
87	88	1
99	99	1
142	145	1
124	143	1
119	120	1
61	64	1
72	72	1
69	95	1
94	96	2
24	26	1
122	122	2
123	124	1
9	9	2
55	55	2
66	71	1
28	60	2
107	114	2
60	68	1
92	94	3
80	83	1
2	76	1
81	82	1
90	90	2
135	137	2
121	127	1
111	112	1
104	106	2
31	32	1
39	39	1
137	140	1
146	146	1
49	50	1
48	49	1
21	24	1
78	92	1
127	143	1
5	70	1
6	74	1
106	107	1
73	74	1
128	143	1
86	86	1
43	43	1
57	87	1
129	131	1
28	29	1
104	104	2
66	72	1
0	21	1
103	103	2
89	97	1
3	9	3
90	91	1
63	85	2
60	60	1
114	115	1
16	36	1
109	112	1
92	95	1
61	62	2
139	141	1
63	86	1
142	143	1
16	142	1
116	119	2
22	22	1
56	56	2
114	132	1
1	6	1
34	35	1
91	95	1
57	74	1
107	140	1
121	128	1
13	16	1
145	146	2
56	116	1
105	131	1
116	116	1
77	77	1
131	141	1
88	88	1
114	114	1
9	13	1
9	12	1
136	139	1
26	26	1
9	125	1
68	131	1
100	102	1
67	103	1
136	138	1
122	124	1
138	140	1
40	41	2
70	71	2
76	88	1
16	16	1
17	82	1
132	135	1
138	141	1
3	16	1
15	16	1
39	55	1
95	98	1
65	73	1
76	95	1
121	130	1
6	54	1
36	37	1
18	57	1
36	40	1
42	50	1
