21	22	1
164	164	2
155	156	2
232	233	2
160	161	1
4	5	1
177	177	3
205	206	1
16	16	2
99	174	1
208	209	1
30	34	3
186	186	1
188	189	2
88	89	2
56	57	2
184	184	2
56	56	1
99	99	2
87	88	1
242	243	2
162	162	3
237	240	1
116	117	1
69	69	2
238	239	2
36	36	4
17	17	1
154	193	1
117	176	1
118	119	1
8	8	2
23	23	1
115	115	3
218	218	2
68	68	3
79	80	1
189	213	2
154	154	2
7	10	1
95	190	1
228	228	4
156	156	6
172	224	1
166	219	1
183	246	1
1	110	1
44	45	2
103	104	1
241	242	1
88	88	3
105	106	1
10	10	2
215	217	1
77	77	1
242	244	1
163	163	2
165	180	1
34	34	1
244	244	2
197	197	1
27	27	4
180	180	2
57	58	1
180	214	1
145	202	1
71	71	2
39	40	1
182	183	1
38	69	1
18	37	2
110	160	1
119	119	5
118	118	2
168	168	1
169	170	1
29	44	1
63	63	1
4	12	2
188	188	2
189	190	1
198	202	1
116	116	3
204	204	2
46	70	1
114	114	2
109	156	1
85	85	1
182	192	2
158	159	2
155	155	5
107	107	5
182	182	2
101	108	2
169	169	2
154	155	1
185	185	1
37	80	1
224	224	3
15	69	1
9	52	1
153	153	3
93	192	1
114	115	1
196	197	2
155	194	1
18	38	1
3	3	1
145	196	1
61	61	1
166	166	4
209	209	4
47	50	1
219	219	1
44	44	3
101	225	1
14	165	2
33	34	1
181	181	2
89	112	1
169	171	1
51	64	1
4	86	1
32	32	3
108	108	2
208	212	1
117	117	3
245	245	2
60	60	1
61	117	1
242	248	1
72	102	1
87	87	2
90	91	1
41	42	2
26	27	1
95	95	1
222	223	1
69	70	1
20	59	1
162	245	2
212	213	1
152	152	2
89	90	1
221	245	2
21	40	1
33	33	2
229	229	1
156	178	1
237	237	2
245	246	1
158	158	3
200	200	4
238	238	2
41	43	1
25	25	1
11	11	1
52	53	1
187	188	1
47	184	1
53	66	2
70	70	1
238	241	1
232	232	6
101	104	1
184	208	1
179	179	2
43	43	1
155	220	1
70	234	1
172	172	1
76	77	1
81	81	1
90	152	1
163	195	1
229	230	2
175	223	1
198	198	1
191	191	2
150	150	1
93	94	1
230	231	1
235	235	1
60	94	1
105	105	1
36	239	1
186	187	1
181	184	1
220	220	1
106	106	1
37	38	1
110	110	4
42	42	4
193	193	3
213	214	3
196	211	2
174	174	2
97	97	2
24	93	1
18	18	2
159	159	2
95	97	1
67	67	1
222	222	1
11	15	1
188	193	1
2	3	1
4	4	3
213	213	2
39	41	1
52	145	1
197	199	1
106	107	1
47	49	1
234	234	1
28	86	1
18	48	1
91	91	1
75	88	1
6	12	1
78	105	1
168	226	1
18	145	1
94	95	1
234	235	1
154	227	1
231	231	2
160	160	2
199	199	1
169	181	1
145	145	4
101	102	1
190	191	1
21	44	1
79	79	2
30	35	2
146	146	1
80	82	1
60	106	1
106	108	1
90	93	2
112	114	1
203	203	2
172	230	1
155	221	1
172	173	1
214	214	1
202	202	2
160	178	2
202	203	1
46	46	3
97	98	1
240	241	2
111	112	1
102	102	1
194	195	1
78	78	1
185	186	2
66	67	2
195	195	1
81	82	2
21	21	2
47	48	1
152	179	1
194	197	1
47	181	1
48	50	1
50	50	1
178	178	1
22	22	1
110	203	1
207	220	1
74	74	1
196	226	2
34	84	1
56	65	1
83	84	2
178	189	1
68	80	1
186	192	1
165	165	2
35	35	2
108	111	1
222	227	1
33	97	1
208	208	2
206	208	1
92	93	1
221	221	1
100	100	1
157	158	1
242	245	1
193	194	1
170	211	1
175	175	1
240	240	1
26	26	2
112	112	1
194	198	1
82	83	1
195	196	1
85	86	1
184	195	1
29	31	1
191	194	1
79	94	1
96	96	1
66	66	1
168	169	1
