71	72	2
96	96	5
102	102	2
76	76	3
63	64	1
74	76	1
66	90	1
82	98	1
50	50	2
68	74	1
97	99	1
21	22	1
44	44	2
22	22	3
36	37	1
66	66	1
30	30	3
85	86	1
81	81	2
91	91	2
103	103	2
67	67	2
94	95	1
53	54	1
78	79	3
97	97	3
40	44	2
79	80	2
27	28	2
45	86	1
63	63	3
57	86	2
57	57	2
95	96	4
74	74	2
89	90	2
25	29	1
77	77	2
45	45	3
65	65	1
32	76	1
65	66	1
21	37	1
35	35	2
58	58	1
83	85	2
26	37	2
80	80	4
39	39	2
52	52	4
54	54	4
66	92	1
69	69	1
61	62	1
32	32	1
68	68	2
29	82	2
71	74	3
61	61	3
60	60	1
64	64	2
66	67	1
62	62	2
63	65	2
67	68	3
52	94	1
87	97	2
99	99	2
80	81	1
64	89	1
101	101	2
82	82	1
20	22	1
95	99	2
73	74	1
40	40	1
28	86	1
73	73	3
52	89	1
52	53	1
83	88	1
52	55	1
47	49	1
93	95	1
105	105	1
52	54	2
92	93	1
32	34	2
25	26	1
48	48	4
28	31	2
88	88	2
93	93	3
72	73	2
46	83	1
22	106	1
86	87	1
57	60	1
94	94	2
54	57	1
42	46	1
68	69	2
53	53	2
50	88	1
30	33	1
97	98	1
87	88	1
79	89	1
76	102	2
59	60	1
63	79	1
25	25	2
25	36	1
100	101	2
84	96	2
59	87	2
48	49	1
44	45	2
70	97	1
70	91	1
56	57	2
90	90	1
60	89	1
47	98	2
55	55	2
40	45	1
26	42	1
43	43	1
37	38	1
22	84	1
30	41	1
57	58	1
102	103	1
72	72	2
95	95	2
41	41	1
21	24	1
47	47	1
45	47	1
56	88	1
71	71	1
56	81	1
59	59	1
95	98	2
32	54	1
34	78	1
82	84	1
23	23	1
51	51	2
38	39	1
21	21	1
86	88	1
70	77	1
36	36	2
47	86	1
104	104	1
25	28	1
46	46	1
32	42	1
59	68	1
60	61	1
