111	112	1
47	49	1
92	93	1
120	120	7
87	87	2
116	116	3
0	0	4
134	134	2
79	79	1
61	61	3
111	111	3
91	91	3
106	106	3
19	20	1
66	66	1
112	113	2
99	99	5
45	45	4
66	67	1
6	6	2
81	84	2
88	88	4
66	70	1
114	114	2
65	66	1
68	68	4
63	63	1
72	72	3
32	33	2
89	93	1
30	30	3
13	14	2
89	89	2
28	28	2
36	36	3
75	75	1
109	109	1
96	125	2
122	122	2
50	52	2
89	111	1
64	67	1
125	125	1
57	60	1
54	58	1
125	126	1
118	134	1
78	104	1
76	76	5
69	69	4
71	71	5
93	93	1
44	45	1
114	115	1
47	61	1
53	54	1
105	106	2
69	70	2
65	68	1
119	120	2
26	26	2
29	74	1
112	112	2
58	58	1
94	94	2
131	133	1
79	135	1
82	84	1
62	62	2
10	11	2
21	22	1
86	86	1
104	105	1
54	85	1
10	10	2
32	34	1
63	74	2
47	53	2
22	23	1
64	65	1
59	60	2
74	74	3
25	26	1
110	113	1
101	102	1
84	85	1
16	17	3
120	131	2
50	51	1
127	127	2
98	99	1
90	124	1
90	90	5
85	88	1
91	107	1
131	131	1
67	67	2
91	92	3
80	80	1
125	130	2
38	39	1
107	107	2
26	27	2
55	55	1
98	98	3
102	102	2
70	70	1
78	79	1
28	29	1
21	21	1
130	130	1
33	34	1
100	101	1
73	73	1
15	18	1
123	123	1
77	78	2
115	115	1
70	73	1
118	118	1
107	108	2
101	101	3
100	115	2
2	2	1
3	3	2
98	124	1
97	97	2
87	88	2
95	96	1
43	43	1
78	78	2
9	11	1
4	5	2
67	68	1
64	64	2
95	132	1
37	38	1
115	116	4
74	75	1
133	134	1
25	25	1
103	103	1
9	9	1
65	65	3
72	78	1
38	44	2
121	122	1
96	96	2
69	104	1
7	7	1
58	59	1
50	50	1
104	104	1
55	56	1
90	91	2
55	65	1
108	108	2
97	123	1
113	113	1
18	19	1
8	8	2
89	90	1
71	104	2
98	111	1
32	37	2
42	42	1
108	109	2
32	32	4
24	25	1
110	110	2
92	92	2
99	129	1
63	64	1
128	128	1
65	70	1
85	85	1
70	114	1
100	113	1
12	12	1
69	93	2
33	35	1
44	44	1
82	96	1
15	16	1
122	123	1
132	132	1
62	63	1
58	76	1
13	13	2
79	80	1
57	76	1
82	85	1
106	108	1
