47	48	1
29	30	4
96	102	2
124	124	2
59	60	1
74	74	3
0	63	1
78	79	1
101	101	3
69	70	4
79	79	2
113	114	3
87	87	1
104	104	1
2	2	2
20	20	2
88	88	3
122	122	1
60	60	2
60	61	3
23	25	2
76	76	3
25	25	2
67	68	1
90	93	3
38	38	4
33	34	4
84	84	3
100	125	1
111	111	5
99	122	2
67	67	1
27	27	1
50	50	2
58	59	3
92	92	3
90	90	2
51	51	1
3	4	2
7	7	1
72	75	1
93	94	3
126	126	3
61	64	2
73	73	1
109	109	2
115	115	3
11	11	1
92	95	1
94	94	2
103	103	3
106	106	4
26	26	1
93	95	1
18	95	1
72	79	2
95	95	3
62	64	1
59	59	8
61	61	6
35	35	3
75	75	1
114	114	3
80	80	1
76	79	1
129	132	1
78	78	4
132	133	1
77	78	6
3	65	1
59	90	4
86	86	2
106	107	3
101	102	1
113	113	1
98	134	1
118	118	4
2	6	1
71	72	1
0	2	1
63	68	1
12	14	1
37	43	1
95	99	2
55	55	5
90	91	2
112	116	1
111	113	1
97	97	4
65	65	1
106	109	1
28	28	2
4	4	1
63	63	1
43	69	2
73	75	1
107	108	2
121	121	2
93	93	5
26	69	1
84	86	1
25	80	1
108	108	1
129	130	1
20	21	1
22	22	4
21	23	1
48	48	1
83	83	1
4	26	1
53	53	2
96	96	4
25	27	1
77	77	4
21	22	1
122	124	1
73	92	1
66	84	2
0	0	2
54	55	2
91	91	3
98	99	1
85	85	1
112	117	2
122	123	1
31	31	1
91	124	1
16	17	1
126	127	4
97	98	2
3	23	2
68	68	2
57	57	1
117	118	1
82	82	1
28	81	1
119	119	2
52	52	3
69	69	6
66	66	1
20	99	1
89	90	3
116	116	3
16	20	1
70	70	1
128	128	2
50	54	2
62	62	3
125	125	2
46	60	1
89	91	2
26	28	1
77	79	1
22	23	1
80	81	1
66	68	1
66	67	1
100	120	1
75	78	2
24	24	1
23	24	1
102	102	1
49	50	1
31	32	4
17	19	1
43	53	1
119	120	2
34	34	3
82	83	2
13	70	1
93	112	1
110	111	1
4	22	1
108	109	1
105	108	1
100	119	1
8	8	2
97	99	1
29	65	1
134	134	1
27	28	1
87	122	2
12	12	1
120	120	1
4	5	2
123	123	1
2	32	1
127	128	1
30	30	1
29	29	1
98	101	1
19	20	1
2	43	1
112	112	3
65	66	1
97	110	1
55	62	1
127	129	1
57	59	1
2	47	1
89	89	1
58	61	1
52	77	2
110	110	1
131	131	2
124	125	1
83	87	1
43	43	2
115	116	1
107	107	1
