21	25	2
95	95	2
100	100	8
94	95	1
140	140	5
98	98	4
120	121	2
102	102	7
107	113	2
34	35	4
123	124	2
76	77	4
130	130	3
74	74	4
21	21	7
121	121	4
12	21	1
86	107	4
117	117	6
78	78	3
7	7	4
76	100	1
18	18	5
6	10	1
109	110	2
103	118	2
97	97	4
125	125	15
88	126	1
105	107	1
22	22	6
103	103	8
23	24	7
135	135	10
2	4	1
13	13	4
2	2	3
93	93	2
22	25	4
100	102	1
89	90	5
12	12	13
123	123	12
3	3	5
19	19	3
76	83	1
8	11	5
99	99	3
91	91	4
125	126	4
25	26	4
84	84	5
29	31	2
131	131	10
16	16	2
72	75	2
94	94	4
94	111	2
7	8	5
118	118	2
78	80	3
32	32	6
87	87	6
80	80	7
13	15	2
17	124	1
82	82	2
133	133	6
101	102	2
79	80	8
5	9	2
132	135	1
122	122	10
29	30	1
75	78	3
118	120	4
83	105	2
130	131	1
80	84	1
96	96	14
112	112	5
107	107	3
104	105	3
119	120	4
77	77	4
89	89	4
27	28	3
72	83	2
83	84	5
74	75	5
129	129	6
116	117	2
124	126	2
8	9	5
120	120	4
10	37	2
118	119	3
6	6	6
72	80	3
132	132	8
29	29	4
35	35	1
14	14	4
97	129	1
105	105	3
109	112	4
86	86	7
104	108	2
108	109	4
74	102	2
34	34	3
73	73	7
126	126	5
107	108	1
14	37	2
25	25	5
114	117	1
85	111	1
77	103	1
17	17	5
7	9	2
107	110	3
128	128	6
1	1	6
9	9	1
81	82	2
32	123	1
109	109	5
79	79	5
101	103	1
75	75	4
107	111	1
83	83	1
37	38	2
12	26	2
95	96	1
111	111	2
38	38	1
124	125	1
122	123	1
79	86	1
136	136	2
76	76	6
16	28	1
20	20	8
131	132	3
88	103	1
75	76	1
10	12	1
12	37	1
34	36	1
4	4	5
106	106	3
108	108	5
105	119	5
17	18	3
103	107	2
99	110	1
36	37	1
8	8	3
31	84	1
126	134	3
36	36	3
37	37	1
95	111	2
2	5	1
134	135	4
132	140	1
135	136	3
16	17	1
116	116	4
115	117	1
3	5	1
26	27	2
18	19	3
71	72	1
114	114	5
15	16	1
26	26	6
10	10	3
84	85	2
9	10	3
128	129	2
132	134	1
0	3	3
27	27	5
137	137	1
4	5	1
133	136	3
5	13	2
5	5	9
84	105	1
2	3	2
37	91	1
119	119	5
113	113	4
74	79	1
102	127	1
134	134	3
28	31	2
33	33	4
38	94	1
17	20	2
13	14	2
110	111	4
95	126	1
113	114	2
5	6	2
93	94	4
72	102	1
12	87	3
32	72	1
73	86	2
11	25	1
11	26	1
91	92	3
14	17	1
1	3	1
0	6	1
72	72	2
32	78	1
127	127	1
77	78	1
6	7	2
16	19	3
115	128	1
101	115	1
9	12	1
117	119	1
20	24	1
138	138	3
69	121	1
74	76	1
112	113	1
71	71	4
12	20	2
131	133	2
7	75	1
121	122	3
21	121	2
92	92	1
132	133	2
102	104	2
3	4	1
127	129	3
81	84	1
17	128	3
87	109	1
137	139	3
16	126	1
14	125	2
0	2	1
96	98	2
88	94	2
88	127	1
22	71	1
29	32	3
88	88	2
8	10	4
31	31	3
90	90	1
81	103	1
19	30	1
115	119	1
86	87	2
78	83	1
111	113	1
105	106	1
12	19	1
93	117	3
85	85	1
28	28	2
126	129	2
98	99	4
82	83	2
14	16	1
20	94	1
124	127	1
30	30	1
133	134	3
107	119	1
130	134	1
33	123	1
120	122	1
18	29	1
99	128	1
0	1	1
71	87	2
129	131	1
33	35	1
110	110	2
72	86	2
12	14	1
101	101	1
75	100	1
6	26	1
84	86	1
19	20	1
74	101	1
96	97	1
98	101	1
95	98	1
118	123	1
124	124	3
26	28	1
112	118	1
33	34	1
138	140	1
91	131	1
115	115	1
75	79	1
17	86	1
104	119	1
14	15	2
7	20	2
11	125	1
31	34	1
90	123	1
110	112	1
5	22	1
78	79	1
15	17	1
12	85	1
11	11	1
15	18	1
9	23	1
71	73	1
20	93	1
97	98	1
88	89	1
14	22	1
26	29	1
99	115	1
22	23	1
75	120	1
79	84	1
72	73	1
23	25	1
20	37	1
13	26	1
15	31	1
26	91	1
112	114	1
11	89	1
97	100	1
86	108	1
27	29	1
92	109	1
89	101	1
