242	242	9
12	14	3
193	194	5
64	65	3
119	121	5
169	169	12
50	53	3
53	53	22
23	23	25
32	32	22
30	30	18
231	231	13
131	133	1
12	12	24
150	150	16
129	184	2
173	175	2
188	189	5
102	103	7
20	21	8
13	84	1
43	200	1
0	0	14
113	116	1
129	130	1
182	183	7
77	77	6
12	17	6
19	19	22
160	160	10
3	3	16
163	169	2
165	180	1
192	192	5
2	4	7
125	126	1
177	177	16
187	209	1
61	61	14
219	219	11
25	27	4
50	51	3
6	45	1
5	18	3
139	141	4
202	203	5
57	58	5
24	25	21
84	84	10
170	175	1
225	225	15
128	129	6
218	220	4
68	68	14
217	218	9
46	46	21
50	50	7
180	180	16
41	42	7
48	48	16
55	55	12
5	188	1
59	59	11
189	189	13
65	71	1
36	36	19
14	40	1
80	129	1
188	188	13
156	157	10
35	49	1
231	234	1
58	58	16
11	11	19
104	104	8
148	149	5
6	34	1
207	207	12
201	222	2
238	238	8
164	164	10
203	203	5
141	143	9
64	74	1
44	44	10
47	51	3
26	26	17
96	114	2
187	218	1
142	143	12
211	211	6
167	167	12
28	28	16
191	191	16
185	198	1
17	17	13
221	221	11
100	101	8
14	14	15
159	161	6
233	234	8
27	27	20
13	21	2
156	156	6
173	173	9
36	54	1
6	7	6
138	138	13
216	216	10
101	101	11
71	71	13
21	21	11
20	42	2
132	134	2
64	64	14
68	69	3
34	69	2
2	20	4
229	229	14
60	60	23
72	72	10
123	123	9
232	232	6
105	121	2
50	76	4
145	145	7
39	174	2
171	171	27
179	182	1
108	138	2
222	223	3
126	127	4
200	200	7
233	233	14
66	71	1
40	40	18
88	88	14
152	212	2
29	31	6
122	124	1
54	54	21
221	222	6
152	188	2
217	217	12
128	128	18
136	190	2
120	120	13
9	10	10
186	188	1
154	154	16
120	121	10
75	75	21
136	136	10
37	37	21
43	166	2
74	74	18
69	69	13
22	23	7
176	176	6
20	22	2
60	62	1
114	118	2
18	19	8
144	144	8
204	204	7
192	195	1
66	68	5
137	138	7
194	194	7
183	183	16
209	210	2
238	241	1
165	165	9
46	60	1
20	33	1
8	33	2
29	29	18
10	11	3
56	56	9
152	154	2
97	97	5
159	159	9
52	52	21
81	81	8
48	51	2
52	53	7
23	25	2
109	133	2
28	125	1
228	229	15
106	116	7
234	237	1
43	44	6
105	117	2
234	234	4
172	173	3
1	37	1
185	185	11
1	1	10
159	160	5
162	164	1
55	57	4
16	16	8
140	140	13
10	10	17
127	127	12
146	146	5
120	142	1
33	33	18
197	198	7
163	163	12
2	21	1
223	227	3
125	125	4
122	122	5
230	230	10
240	240	9
105	105	12
16	26	2
76	76	9
58	60	2
127	128	4
3	31	1
44	54	3
120	126	2
42	43	6
8	8	22
18	18	13
135	135	9
166	172	1
4	4	10
200	230	2
235	236	3
114	119	1
185	186	3
205	205	10
235	235	13
23	31	1
43	43	16
104	116	2
25	26	8
145	146	2
196	197	11
134	134	8
179	179	13
45	45	13
112	157	1
47	47	13
137	182	1
39	190	1
58	59	6
100	100	23
95	95	8
7	7	8
5	6	7
182	208	1
40	76	3
25	25	22
31	31	16
187	187	9
106	106	7
236	237	7
195	196	8
20	20	21
136	137	6
88	89	2
162	173	2
15	42	1
214	215	2
56	57	11
122	127	1
133	133	8
202	202	13
18	22	2
167	169	9
227	227	14
218	218	7
224	224	15
35	35	5
70	72	4
187	189	3
117	117	9
18	21	1
182	182	18
67	175	2
15	49	1
22	53	2
103	103	7
18	49	1
2	2	15
33	34	6
51	51	11
238	239	3
196	203	2
165	166	5
208	208	11
220	222	1
89	89	5
21	23	2
210	210	13
35	36	5
192	193	7
121	123	2
45	54	3
197	197	12
42	46	1
38	39	3
105	120	1
123	127	5
175	175	13
223	223	9
3	33	2
6	15	2
182	211	3
153	153	5
45	47	5
130	130	8
202	223	1
111	112	2
137	181	2
38	38	19
231	232	2
144	146	3
62	62	13
109	109	9
241	242	8
65	68	1
23	104	2
41	50	1
135	136	12
218	225	3
44	45	12
226	226	7
71	72	4
8	9	7
164	165	7
49	49	8
29	30	8
15	16	3
8	12	1
45	46	13
143	173	1
121	138	1
6	6	9
8	11	2
205	206	9
112	122	1
25	74	2
115	115	5
51	53	1
137	145	2
203	204	9
13	16	3
155	155	8
15	21	1
42	61	1
221	223	3
113	170	1
236	236	8
190	202	1
70	71	5
67	68	8
9	9	7
187	188	2
172	172	13
82	85	2
13	13	5
184	184	12
201	226	2
61	62	3
210	213	1
151	151	10
67	67	12
209	211	1
199	199	14
152	152	11
26	201	1
117	120	2
39	242	1
22	35	1
73	74	9
46	47	11
134	148	1
156	165	1
80	80	21
5	5	7
223	225	2
181	182	2
77	129	2
0	56	3
145	151	1
149	149	8
57	59	5
83	84	4
16	35	2
198	198	8
143	144	3
79	79	5
211	217	1
230	231	4
20	196	2
107	132	2
236	241	1
166	166	20
21	22	14
4	12	1
102	102	12
29	32	3
109	163	1
39	41	2
11	36	2
170	221	3
48	50	2
199	207	3
215	217	2
95	99	3
155	165	1
222	222	10
204	217	1
153	155	3
107	107	2
12	13	5
85	139	2
218	219	6
241	241	9
188	190	1
60	67	1
159	190	2
121	128	3
34	35	5
7	8	6
108	142	2
11	15	2
7	189	1
190	191	7
83	83	5
1	3	3
8	20	1
18	43	1
65	87	2
13	40	1
28	29	5
65	134	1
195	203	2
81	82	3
84	85	7
140	141	5
216	218	2
22	22	13
133	134	5
73	73	12
40	41	6
52	57	1
11	13	2
140	167	1
66	69	3
217	232	3
52	199	1
150	169	1
108	162	2
9	54	2
211	212	4
131	146	1
160	169	1
141	164	1
186	187	6
213	226	1
60	61	3
29	193	1
204	233	1
119	158	3
60	83	2
137	139	1
1	2	8
16	17	6
215	216	7
76	81	2
224	225	8
153	170	1
191	200	3
49	50	2
226	231	1
146	148	2
19	20	3
227	229	9
128	143	1
8	16	1
67	71	2
4	6	6
5	190	1
4	7	4
202	204	2
51	60	1
212	212	5
140	142	1
128	134	1
39	39	15
124	125	3
32	183	3
15	15	13
9	37	2
174	175	6
30	197	2
184	185	2
165	183	1
23	24	2
11	12	7
151	166	1
158	158	6
179	219	3
185	219	1
147	229	1
186	211	2
109	138	2
37	43	2
162	169	1
137	137	8
39	43	1
184	191	1
49	53	2
150	151	6
64	69	1
47	50	3
11	37	5
23	34	1
6	38	1
65	65	16
120	128	2
162	166	2
36	50	1
9	55	1
0	1	7
7	13	1
99	100	6
134	137	4
161	161	9
74	102	1
39	42	4
182	188	2
102	104	4
13	17	3
19	23	1
232	233	6
13	14	9
76	77	4
154	155	5
78	79	3
36	67	1
226	228	4
85	85	11
17	49	1
29	74	1
57	57	11
16	33	1
228	228	10
167	168	6
105	106	3
0	29	1
133	148	2
148	166	1
227	228	1
177	179	1
158	159	7
121	121	13
153	154	6
104	106	3
122	128	1
135	144	1
28	102	2
126	126	2
181	181	12
128	131	2
99	99	13
3	19	1
149	184	1
98	98	6
63	72	3
167	182	1
53	198	3
179	181	2
119	119	9
214	221	1
114	114	5
42	45	1
237	237	13
47	56	1
109	137	2
108	135	2
102	122	3
15	19	4
66	66	12
191	212	2
215	215	6
62	64	3
63	63	13
191	192	7
202	224	2
96	96	8
15	40	2
187	224	1
195	195	7
62	63	5
103	115	1
41	41	5
89	90	1
148	148	3
0	17	1
181	186	1
14	17	2
205	207	2
202	206	1
117	118	4
182	209	3
97	105	2
14	15	2
176	223	1
155	156	2
33	35	1
0	28	2
42	42	7
136	143	1
164	179	2
71	136	2
18	78	2
104	105	2
39	48	2
115	118	5
239	240	5
111	111	2
138	139	7
24	29	4
152	153	3
143	143	12
214	216	6
141	142	4
85	86	7
19	41	2
205	227	1
0	3	3
142	178	1
54	55	5
85	158	1
114	115	3
49	52	3
141	141	5
26	27	3
187	232	3
13	15	2
86	86	5
180	221	1
5	8	2
36	56	2
27	38	1
82	83	3
98	99	2
109	160	2
214	214	6
128	149	2
42	75	1
24	24	10
187	194	1
27	28	9
72	86	2
103	128	1
144	152	2
147	193	1
181	183	2
149	164	1
149	150	5
107	118	1
219	220	4
66	67	11
209	209	8
75	82	3
1	17	1
26	56	3
17	50	2
144	145	7
22	32	2
123	124	6
101	103	3
37	47	3
36	75	1
90	90	1
184	192	1
139	162	2
232	236	1
186	186	5
42	56	1
205	223	3
49	104	4
24	28	1
166	169	1
28	74	2
101	158	2
201	201	7
109	110	3
128	144	1
52	75	1
170	172	4
202	230	1
168	169	5
79	92	1
174	220	2
117	122	1
103	104	5
107	163	2
159	165	2
156	169	1
12	30	1
234	235	2
119	120	1
160	161	3
59	60	7
208	213	2
99	139	1
206	206	9
76	78	2
225	229	1
120	144	3
182	185	1
174	174	8
65	67	1
4	5	5
14	36	1
7	17	3
198	199	4
100	118	1
5	7	6
147	147	5
175	187	1
38	197	1
10	45	2
127	149	1
158	160	2
171	221	1
66	154	1
96	117	1
200	201	6
128	130	1
109	130	1
107	108	5
179	210	1
155	160	1
95	100	1
99	141	1
101	102	7
35	48	5
2	48	3
166	167	2
173	174	5
125	127	8
106	142	2
211	231	1
82	82	3
182	184	1
171	208	1
48	200	1
168	168	5
226	229	2
11	39	1
15	18	2
196	196	5
3	32	1
151	167	1
193	196	1
152	168	2
2	22	1
58	82	1
16	51	1
85	88	1
229	231	1
23	76	1
124	126	4
216	217	2
118	119	3
204	206	5
4	31	1
154	190	1
140	143	1
208	221	3
14	78	4
103	116	1
53	60	1
199	208	5
38	153	1
0	16	2
141	165	2
190	190	9
103	105	2
20	53	1
80	182	1
112	221	2
162	163	4
75	84	5
198	229	1
9	33	2
203	206	1
68	71	1
5	45	1
39	201	1
116	118	4
3	167	1
116	116	6
36	49	2
97	166	3
157	157	8
142	142	9
159	175	2
130	227	2
92	117	2
70	70	7
139	139	10
36	38	1
148	157	4
37	38	8
229	230	3
208	220	2
147	149	4
159	164	1
96	98	1
145	147	1
202	236	1
40	79	2
8	18	3
16	36	1
86	139	3
149	161	1
204	205	2
130	142	3
207	208	4
211	214	3
108	108	8
2	19	2
178	178	9
48	230	1
40	45	3
72	73	4
52	76	1
14	77	3
6	33	1
21	30	1
2	3	7
121	122	5
9	27	1
150	155	1
130	132	2
220	220	7
61	74	1
62	235	1
17	18	1
47	48	2
80	86	1
139	144	2
65	72	2
55	56	2
11	47	1
51	59	1
107	126	3
209	222	4
170	170	9
142	146	1
69	70	7
17	51	1
125	166	1
17	22	2
107	120	1
163	165	1
16	50	2
58	84	2
78	78	7
110	110	4
113	114	2
97	98	2
11	29	1
158	163	1
9	35	1
25	102	1
36	48	2
52	54	2
170	174	1
182	202	1
100	105	3
9	46	3
133	137	1
80	84	1
76	84	2
210	217	3
39	49	1
12	15	2
154	156	1
112	161	2
122	143	3
13	41	1
161	168	1
19	21	2
133	173	2
101	106	1
19	186	2
4	19	1
215	218	1
18	34	3
5	22	1
134	138	1
106	119	1
201	202	3
214	225	1
34	68	1
157	160	1
116	117	1
202	232	1
150	162	1
74	75	4
63	205	1
39	106	3
214	219	3
82	88	1
161	166	1
109	116	1
79	81	1
157	161	1
147	151	1
100	159	1
2	8	2
124	127	1
24	30	1
30	105	1
81	128	1
77	78	3
201	225	3
201	224	1
205	236	1
54	56	2
197	231	1
112	200	1
207	215	1
74	83	2
8	171	1
168	173	1
228	230	5
237	238	1
88	91	1
30	33	2
105	132	1
81	84	2
6	17	1
20	23	4
200	239	3
139	164	2
13	65	1
0	19	1
127	163	1
10	27	1
1	202	2
159	163	3
1	50	1
136	146	1
17	34	1
179	216	2
157	167	2
6	19	2
192	196	3
113	113	6
234	236	2
107	122	1
239	239	5
10	211	2
105	122	1
0	2	3
65	215	1
7	14	1
169	189	2
61	73	1
46	65	1
144	147	2
106	138	4
134	135	3
124	124	4
78	80	1
216	220	1
27	54	1
44	65	2
185	209	1
205	222	1
225	227	1
8	35	1
98	145	1
153	207	1
95	101	1
29	50	2
200	226	2
189	190	5
203	205	2
47	103	1
175	176	4
115	116	4
43	45	1
218	235	1
112	113	2
29	49	2
21	29	1
186	218	2
48	53	1
38	57	1
120	124	2
65	66	1
49	78	1
193	229	2
103	111	1
132	132	4
3	54	1
151	238	1
143	188	1
31	32	1
39	47	1
25	211	1
113	118	1
222	225	2
4	8	1
109	134	1
226	227	6
34	104	1
219	224	2
149	151	1
179	186	1
51	52	3
49	200	1
138	145	2
96	118	1
44	47	1
178	231	1
27	57	1
86	88	2
4	47	2
12	36	1
32	39	2
185	188	2
7	19	1
121	129	2
182	217	1
36	43	1
98	235	1
115	169	1
66	70	1
53	59	1
15	35	2
147	148	3
0	37	1
132	135	1
143	145	2
157	158	4
123	125	2
147	183	1
28	31	1
77	128	2
170	173	2
111	141	1
21	192	1
82	114	1
39	40	3
39	173	2
61	64	1
200	204	1
13	22	1
1	20	1
36	102	1
178	179	2
160	163	1
42	48	1
0	32	1
190	204	1
210	211	1
106	117	1
25	32	4
84	128	3
18	134	1
12	40	1
225	226	1
217	225	1
64	71	1
225	228	1
103	130	1
62	74	1
128	176	1
220	224	2
26	74	1
20	185	1
29	192	1
165	168	1
105	119	2
30	31	4
137	186	1
24	32	1
108	137	1
183	215	1
127	131	2
177	188	1
129	129	4
95	96	2
17	77	1
152	155	1
4	20	2
194	196	1
139	140	2
177	209	2
213	225	1
64	75	6
176	179	1
135	150	1
186	189	2
85	115	1
33	121	1
190	197	1
166	183	2
96	97	5
122	123	3
155	159	1
198	230	2
139	143	2
138	183	1
169	174	1
201	210	1
119	123	1
171	172	1
146	147	3
212	222	1
18	75	1
17	33	1
171	173	2
125	130	1
42	54	1
137	164	1
216	224	1
193	193	7
182	197	1
201	223	3
170	171	3
53	54	1
12	33	2
171	222	2
64	239	1
134	146	1
200	240	1
136	138	2
7	235	1
115	130	1
0	198	1
202	237	1
11	27	1
117	142	1
197	226	1
115	129	1
196	199	1
75	103	1
96	104	1
82	84	2
7	190	1
80	82	3
89	92	1
164	175	1
165	167	1
212	213	4
87	87	3
14	21	1
144	180	1
126	143	1
45	170	1
176	177	5
34	36	1
169	171	2
201	227	1
33	37	2
15	211	1
16	19	1
22	75	1
9	11	1
14	18	1
101	115	1
34	186	1
177	178	4
9	20	1
228	235	3
107	109	1
109	139	2
39	45	3
163	180	1
102	105	1
11	54	2
144	154	1
3	4	4
179	223	1
63	64	2
104	133	1
212	226	1
43	50	1
44	52	1
5	19	2
96	105	1
223	226	1
29	195	1
78	117	1
150	168	1
160	172	1
151	170	1
99	104	1
39	66	1
77	88	2
177	190	1
20	44	2
202	231	1
195	223	1
6	9	1
36	166	2
25	55	2
139	142	2
6	16	1
24	31	1
75	76	3
217	241	1
34	34	3
206	236	1
134	150	1
150	174	1
30	32	2
103	107	1
131	131	1
218	224	1
220	221	2
58	62	1
203	207	1
120	133	1
157	163	1
155	163	1
161	167	2
67	70	1
217	223	1
30	47	1
159	162	1
110	135	1
34	103	1
108	120	1
216	235	1
17	197	1
3	5	4
4	103	1
42	44	1
167	174	1
186	217	1
22	33	2
75	77	1
2	17	1
7	33	1
103	127	1
207	221	1
104	141	2
165	203	1
78	129	1
10	39	2
176	192	1
228	231	3
14	104	1
153	166	1
123	129	4
62	76	1
38	45	1
48	49	1
223	224	1
28	30	1
39	44	1
72	236	1
13	66	1
79	118	1
43	65	1
69	72	1
148	150	1
135	190	1
123	130	1
162	162	2
145	164	2
64	76	1
61	69	1
25	30	1
37	101	1
205	208	1
6	197	1
184	189	1
34	48	1
199	228	2
179	180	2
178	182	1
148	182	1
10	43	1
11	32	1
34	105	2
10	33	1
95	98	2
10	44	1
110	134	1
135	165	1
7	166	1
127	130	1
12	16	1
185	217	1
197	203	2
77	105	1
36	103	1
134	136	1
162	171	1
8	10	1
106	114	1
180	181	2
61	76	2
213	214	2
136	178	1
141	144	1
138	141	1
175	210	1
114	116	1
0	45	1
38	170	1
158	221	1
25	237	1
180	183	1
136	184	1
75	105	1
45	56	1
178	183	1
67	73	1
151	202	1
65	82	2
104	117	2
45	172	1
63	77	1
121	130	1
184	187	2
50	52	1
213	213	1
64	66	1
196	204	1
6	23	1
11	197	1
38	48	1
118	118	1
36	37	2
240	241	3
184	188	1
34	130	1
184	186	2
42	50	1
57	61	1
26	28	1
139	165	1
3	36	1
209	214	1
5	17	2
77	79	1
131	137	1
9	28	1
35	41	1
178	186	1
101	119	2
139	149	1
209	234	1
116	125	1
80	117	1
69	71	2
14	20	1
35	37	1
103	122	2
26	42	1
43	54	1
157	173	2
54	57	1
120	134	1
185	191	1
128	147	1
183	191	1
10	70	1
83	88	1
33	36	1
8	15	1
160	167	1
39	100	1
106	107	1
168	171	1
142	160	1
20	52	1
6	18	1
85	149	1
139	167	1
7	16	1
175	178	1
5	168	1
125	163	1
23	184	1
56	61	1
152	157	1
173	182	1
89	104	1
187	195	2
12	20	1
199	229	1
147	165	1
28	101	2
76	101	1
7	18	1
158	175	1
106	118	1
64	81	1
210	215	1
144	151	1
134	167	1
37	190	1
113	115	1
28	44	1
121	127	1
19	51	1
195	202	1
20	192	1
185	189	1
34	122	1
208	209	1
210	212	1
123	141	1
21	32	1
194	195	1
196	206	1
215	233	1
184	208	1
19	40	1
101	233	1
205	228	1
41	52	1
71	73	1
21	198	1
43	157	1
57	60	1
199	209	1
133	138	1
156	158	1
3	8	1
109	135	1
72	235	1
9	30	1
64	70	1
96	101	1
86	97	1
112	112	2
40	50	1
21	31	1
181	208	1
13	211	1
106	123	1
85	242	1
196	198	1
170	237	1
136	147	1
15	41	1
26	32	1
150	152	1
39	53	1
64	72	1
150	172	1
217	233	1
199	200	1
78	104	1
15	20	1
149	183	1
34	58	1
170	209	1
78	83	1
28	43	1
79	82	1
101	118	1
