28	32	1
137	218	2
136	136	6
1	1	6
209	209	3
120	120	6
190	190	8
49	49	4
57	57	5
223	223	8
226	227	1
13	167	3
70	70	5
66	98	2
225	225	10
151	151	2
2	14	5
25	70	2
27	28	3
6	6	3
151	152	9
193	194	7
33	33	8
31	88	2
26	27	2
14	45	3
109	109	2
218	218	5
125	126	5
179	179	4
59	79	9
45	45	4
134	134	6
56	56	4
210	210	4
67	67	7
195	196	2
148	148	8
55	55	5
238	239	1
220	237	3
233	234	5
62	62	6
73	77	7
34	34	6
183	183	4
99	99	4
60	60	12
27	27	8
175	175	9
169	222	7
137	137	9
82	84	3
79	81	2
173	220	4
40	40	10
86	86	3
43	43	6
84	84	3
13	16	5
125	125	5
117	140	3
102	102	5
48	51	2
95	95	8
163	163	3
180	180	5
27	32	2
74	74	5
175	196	2
233	233	3
173	201	2
115	123	3
12	12	12
205	205	4
185	196	5
19	19	6
201	202	4
170	170	2
147	148	3
50	50	6
211	214	1
10	26	2
232	242	5
148	208	3
160	160	3
238	238	12
158	158	3
190	191	4
179	180	2
156	156	5
64	68	1
212	213	5
219	238	3
4	41	1
188	188	2
201	203	4
147	149	2
227	227	3
85	85	3
18	18	13
4	4	4
49	84	2
61	61	3
202	202	5
80	80	2
23	23	3
8	15	2
56	57	3
62	74	7
101	101	3
114	115	4
31	31	6
166	166	2
10	10	5
11	11	12
12	22	2
58	59	2
8	16	2
36	77	1
123	123	7
160	166	4
216	216	2
118	118	2
71	235	8
156	157	4
37	37	6
186	186	3
226	238	2
44	71	2
52	61	3
7	7	12
165	165	3
133	133	3
108	108	2
119	145	6
239	239	5
65	67	4
231	231	1
154	155	3
51	52	3
184	184	4
198	198	2
228	228	2
171	171	4
39	41	2
67	108	1
126	126	3
119	119	4
166	167	2
54	61	3
160	161	2
164	164	4
1	2	2
220	236	4
207	207	2
48	48	5
81	83	3
82	83	4
35	35	7
20	37	1
214	215	2
16	43	2
105	107	3
241	241	2
36	36	12
51	55	1
191	191	4
27	45	4
41	76	2
143	143	4
182	238	8
33	43	1
69	69	6
214	222	3
12	13	1
124	157	3
40	42	2
182	182	5
9	9	5
21	21	2
211	212	4
168	222	5
157	218	3
138	218	1
41	41	2
22	22	1
127	130	3
220	220	1
78	78	3
72	72	2
140	141	2
237	237	4
38	38	6
52	78	2
175	207	1
13	14	1
26	26	4
240	240	8
169	169	3
153	181	1
234	234	3
53	54	7
6	34	1
66	67	2
185	185	8
133	137	2
58	58	7
54	55	3
135	135	2
163	164	5
52	52	1
65	65	2
21	75	2
25	26	3
194	200	8
8	8	5
0	54	1
138	142	1
105	106	2
233	238	2
189	193	2
8	9	3
18	19	1
188	200	3
157	157	2
77	77	2
101	102	4
229	229	4
139	140	2
29	29	2
189	189	3
192	193	3
47	47	1
39	71	2
64	64	8
40	41	1
215	217	1
204	206	2
81	84	4
195	195	1
217	228	1
181	181	1
232	232	2
1	14	6
68	69	2
144	145	1
117	117	1
162	165	1
198	211	1
121	121	3
6	7	2
20	20	2
104	104	4
230	230	5
17	18	4
3	43	1
19	32	4
130	156	1
178	178	2
168	169	3
45	70	2
79	79	3
198	199	1
25	25	1
97	97	3
16	16	2
38	57	1
103	106	2
32	32	2
167	167	1
10	43	2
141	141	2
168	223	1
208	220	1
187	187	1
68	68	2
113	114	2
23	24	2
130	157	2
75	78	1
20	47	2
217	218	4
113	153	2
4	14	1
82	153	3
158	218	3
18	24	1
71	71	1
196	196	2
235	235	3
8	59	2
28	191	2
161	219	1
13	34	1
15	15	2
149	150	1
42	47	1
29	30	4
219	219	1
30	99	3
26	33	1
226	226	1
205	206	3
202	203	2
88	88	1
161	161	1
146	146	2
3	5	2
54	67	1
30	30	1
42	42	1
217	217	2
173	173	2
110	110	2
158	159	1
133	165	2
97	108	1
17	17	1
139	207	1
0	9	1
50	52	1
96	96	3
213	219	1
21	28	1
4	42	1
178	179	1
66	68	1
167	169	1
49	81	1
11	42	3
137	178	1
30	31	2
39	86	1
29	44	1
