10	72	1
4	4	3
28	29	2
2	2	3
49	60	1
52	52	1
61	61	3
27	28	3
8	9	1
45	45	5
3	6	1
65	65	3
78	78	7
9	9	4
11	14	2
66	66	4
3	3	4
67	67	1
7	18	2
43	43	3
8	8	2
51	52	2
52	54	1
59	60	2
32	50	2
69	70	1
54	54	12
20	20	4
26	26	4
80	80	2
27	27	2
0	6	4
49	49	3
49	52	1
9	29	3
9	25	2
50	51	2
38	38	1
46	46	3
71	71	2
74	74	3
41	41	4
68	68	1
35	35	1
37	37	2
13	14	3
59	63	1
51	68	3
51	51	2
53	53	2
58	58	3
73	73	2
79	79	3
28	28	3
44	48	1
20	69	1
4	5	1
7	7	1
54	67	1
48	48	6
34	35	1
11	11	1
57	57	2
17	17	2
13	13	3
25	30	3
53	66	3
32	71	2
31	53	1
21	22	1
7	10	1
62	63	1
59	59	2
16	16	3
67	68	1
1	1	1
5	6	1
37	38	2
76	76	3
22	56	2
34	34	2
0	0	1
29	29	2
63	63	3
25	32	1
20	54	1
40	40	1
15	55	2
52	63	3
35	36	2
60	63	2
6	6	1
21	56	1
47	47	1
38	39	2
20	30	1
1	30	1
51	54	1
70	70	1
64	64	3
61	74	1
1	7	2
72	72	1
27	73	1
36	36	1
0	5	1
31	31	2
45	47	1
15	15	1
50	52	1
17	58	1
19	19	2
49	51	1
0	2	1
21	21	1
74	75	2
15	16	1
32	32	1
60	61	1
62	62	1
49	68	1
42	42	1
30	30	2
39	39	1
29	30	2
75	75	1
33	34	1
