145	146	1
17	18	1
150	151	1
153	154	2
155	155	1
67	71	1
44	44	3
31	32	1
8	8	1
100	100	2
157	157	2
23	24	2
128	135	1
55	55	4
142	142	1
131	132	2
51	51	4
0	0	2
12	14	2
8	9	4
90	102	1
137	138	2
55	56	1
42	42	4
69	69	4
151	151	2
49	49	2
132	137	1
132	132	4
36	36	1
146	147	1
34	34	2
27	27	5
109	109	2
118	138	1
54	54	2
115	116	2
140	140	3
91	91	2
93	93	3
30	34	1
50	51	2
135	136	1
99	101	1
156	156	1
2	3	1
80	80	2
90	95	1
140	142	1
42	43	1
30	111	1
105	105	2
16	16	3
5	44	1
26	26	2
13	42	2
18	18	1
132	133	2
124	124	2
127	150	1
15	15	3
104	105	1
43	43	3
66	70	2
102	102	1
16	31	1
120	120	1
52	52	2
152	152	2
131	131	4
67	69	1
140	150	1
151	156	3
47	49	1
21	21	1
82	122	2
50	52	2
112	113	1
114	115	1
33	33	1
104	131	1
75	75	1
25	25	4
77	77	2
144	144	2
92	109	2
85	86	1
150	150	3
53	54	2
14	42	1
139	139	1
94	95	1
6	6	3
134	134	1
37	37	1
131	158	1
122	122	3
84	87	2
22	22	1
73	74	1
132	140	1
46	46	1
68	70	1
5	6	1
158	158	2
18	54	1
53	53	3
135	137	2
54	56	1
80	103	1
30	31	1
119	120	1
158	159	2
87	92	1
116	116	2
105	107	2
155	156	1
134	135	1
156	157	1
115	136	2
82	83	1
36	118	1
84	84	1
157	158	1
52	70	1
32	39	1
9	9	1
102	125	1
114	114	1
121	134	1
108	108	1
116	117	1
96	97	1
70	70	1
74	114	1
5	5	3
31	31	2
101	101	2
2	4	1
3	3	1
92	116	1
105	127	1
117	117	2
18	19	1
149	149	1
13	14	2
28	29	1
153	153	1
81	83	1
45	45	2
6	8	1
108	111	1
95	97	1
24	24	1
23	27	2
127	127	1
72	73	2
11	12	1
41	42	1
126	127	1
81	81	1
144	147	1
113	115	1
45	48	1
14	14	1
66	66	1
40	40	1
82	86	1
10	10	1
138	157	1
138	138	1
94	94	1
108	109	1
18	33	1
7	7	1
24	130	1
108	110	1
6	43	1
147	148	1
125	126	1
67	67	3
128	128	1
99	99	1
8	10	1
