147	147	2
104	110	1
119	119	1
20	20	3
31	33	3
74	78	1
9	9	1
131	132	4
40	40	1
8	9	1
122	123	2
132	132	1
98	98	3
55	56	1
122	122	3
31	32	4
123	139	1
67	69	1
42	42	2
24	24	6
62	93	1
43	81	1
103	103	2
25	25	1
88	90	1
48	48	4
43	43	1
16	16	3
30	30	3
12	13	1
106	122	1
26	32	1
4	35	1
13	13	7
44	44	2
71	71	2
19	20	2
51	51	4
104	104	1
15	16	4
25	50	1
98	99	1
73	73	1
67	67	2
57	75	1
94	95	3
86	86	2
5	5	2
21	22	2
23	23	5
84	84	2
100	106	2
16	17	1
6	95	1
66	66	2
68	82	1
65	68	1
85	95	1
15	15	4
83	83	6
114	116	1
6	33	1
6	6	1
80	81	2
143	144	1
36	37	1
6	13	1
23	36	1
76	79	1
33	33	4
111	112	1
96	96	1
43	46	3
46	48	1
27	32	2
123	123	4
138	149	1
127	143	2
4	17	1
125	125	1
148	148	1
69	82	1
62	63	1
11	11	3
21	21	2
128	128	2
11	33	1
114	114	2
41	43	1
129	129	2
55	55	1
146	146	1
100	100	1
151	151	1
4	20	1
129	140	1
49	82	2
68	68	1
41	41	3
105	115	1
63	65	1
66	67	1
7	30	1
120	121	1
93	94	2
3	5	1
88	88	1
85	86	1
50	50	1
151	153	2
79	79	1
78	78	2
129	130	1
70	70	1
42	50	1
106	106	2
68	80	1
102	103	1
31	31	2
4	4	1
142	145	1
72	72	1
34	34	1
26	52	1
81	83	1
82	82	1
43	44	1
87	87	2
127	127	1
150	151	1
85	85	2
77	77	2
37	37	1
15	24	2
104	117	1
100	131	1
26	50	1
9	32	1
81	82	1
5	12	1
87	88	1
22	22	1
101	101	1
109	115	1
26	26	1
90	110	1
11	12	1
133	133	1
136	136	1
126	127	1
69	69	1
138	138	1
98	103	1
12	12	1
94	98	1
22	36	1
72	73	1
85	92	1
38	38	1
121	122	1
11	13	1
141	144	1
46	46	1
103	105	1
28	30	1
5	18	1
17	17	1
19	19	1
39	39	1
17	18	1
40	43	1
126	128	1
