90	90	3
83	83	4
57	69	1
89	90	1
58	63	1
28	29	1
82	82	3
41	41	2
142	145	1
119	120	1
150	151	1
99	100	1
73	73	3
36	41	1
150	156	1
154	155	1
12	20	1
68	68	1
122	146	1
122	122	1
2	4	1
97	97	1
20	55	2
115	137	2
98	112	1
34	70	1
54	54	2
141	141	1
57	71	1
41	43	1
25	26	1
130	132	1
46	46	2
38	38	1
39	39	3
88	89	1
127	127	2
104	132	2
70	70	2
11	24	1
144	148	1
18	46	1
126	126	3
104	104	2
119	119	1
155	155	3
38	39	1
133	133	2
79	94	2
154	154	3
121	122	3
109	109	1
48	48	1
80	80	3
21	22	2
83	86	2
104	105	1
92	112	1
72	80	1
26	55	1
152	152	2
30	30	2
48	49	2
21	21	3
79	79	2
3	3	3
139	140	1
108	112	2
98	100	2
87	139	1
85	85	2
51	54	1
138	138	4
50	55	1
128	128	3
57	57	1
94	138	1
77	77	1
117	139	1
104	141	1
41	72	1
140	140	1
41	47	1
79	86	1
98	98	3
32	32	2
91	92	1
112	112	4
27	27	2
65	65	1
64	64	2
71	71	2
44	44	2
79	80	2
103	156	1
93	93	1
28	28	1
131	132	1
68	70	1
40	41	1
138	158	1
93	115	1
117	117	1
113	116	1
0	1	1
29	75	1
118	118	1
131	133	1
84	86	1
12	12	1
62	68	1
108	108	1
87	87	1
1	1	3
123	124	2
25	25	1
142	154	1
3	4	2
14	15	2
9	9	2
22	28	2
85	151	2
55	158	1
147	147	4
11	12	1
8	8	2
155	157	2
35	53	1
137	137	2
77	79	1
132	132	1
75	75	2
100	100	2
149	149	1
89	139	1
158	159	2
40	40	1
120	120	1
148	148	4
22	22	3
86	86	1
125	125	1
144	150	1
53	71	1
43	128	1
120	121	1
23	23	1
86	88	2
43	67	2
37	37	3
88	91	1
158	158	1
69	134	2
19	20	1
133	148	1
37	67	1
73	128	1
144	145	1
33	107	1
145	145	1
89	140	1
68	110	1
12	13	1
81	136	1
16	16	1
31	33	1
79	89	1
5	5	1
126	143	2
2	3	1
13	16	1
95	95	1
156	158	1
105	105	1
89	89	1
15	15	1
142	143	1
152	153	1
31	50	1
93	120	1
1	2	1
79	137	1
97	131	1
105	107	1
145	147	1
12	23	1
94	94	1
63	71	1
89	108	1
127	128	1
82	83	1
134	152	1
13	42	1
45	46	1
52	52	1
124	126	1
119	139	1
63	70	1
136	137	1
31	36	1
99	107	1
56	69	1
134	134	1
121	125	1
