41	42	4
71	71	6
135	136	5
101	101	6
74	74	6
81	82	2
173	173	3
24	38	1
9	9	5
6	161	2
22	22	4
114	114	6
45	45	2
113	113	8
164	165	3
56	56	2
155	157	1
30	31	5
4	4	5
38	40	2
156	156	6
115	115	6
150	151	1
103	104	3
94	96	4
93	93	3
17	18	1
127	127	5
13	15	2
5	6	7
29	29	7
153	153	3
85	85	1
79	79	2
59	59	8
59	60	3
155	175	1
113	114	2
33	33	7
179	179	1
6	6	3
31	31	4
123	125	2
13	14	2
157	158	1
66	67	5
44	44	4
32	32	5
61	61	8
12	12	4
127	135	2
58	58	8
4	9	1
67	67	3
160	161	1
28	28	3
37	37	7
140	140	9
66	77	2
5	5	4
114	115	4
90	92	2
132	132	6
50	60	2
52	95	1
170	170	6
83	83	3
109	109	3
130	130	3
133	133	3
22	28	1
42	42	4
50	62	2
9	25	3
144	144	5
61	62	2
68	68	1
62	65	1
8	14	4
126	126	3
80	81	2
159	159	2
127	153	2
23	25	3
141	141	1
159	160	2
8	8	4
7	8	5
38	39	2
76	79	6
93	94	12
19	34	3
155	155	5
81	81	2
176	176	3
21	22	2
111	162	1
57	61	1
154	165	3
157	157	2
33	34	1
63	63	2
53	64	1
137	138	1
100	101	3
131	132	2
88	104	1
31	33	1
15	15	4
143	145	2
62	64	1
113	116	1
124	124	4
103	135	1
76	76	4
117	147	1
38	38	5
27	29	2
119	119	3
26	27	1
21	29	1
129	129	4
82	107	1
121	124	2
160	160	2
169	169	3
51	66	1
125	125	1
104	105	2
60	60	3
20	21	4
50	51	5
167	167	2
147	169	1
18	19	4
65	89	2
165	167	1
53	53	1
123	123	2
11	11	2
91	94	2
117	117	3
12	41	1
35	35	3
17	27	1
25	25	4
136	136	2
151	151	3
34	34	2
161	161	1
95	139	1
10	13	2
0	1	2
164	164	1
156	157	2
155	159	1
116	116	1
22	26	1
126	129	1
120	130	1
96	96	5
68	75	1
79	80	1
22	25	2
72	72	2
82	106	3
135	135	2
8	9	1
142	143	2
15	17	3
2	3	1
146	152	1
26	31	1
112	112	6
82	101	1
14	14	6
157	159	2
36	37	2
139	139	3
90	91	2
30	34	1
92	93	2
73	74	3
129	130	1
83	84	3
41	41	4
23	23	3
51	51	3
3	3	4
141	142	1
23	35	3
138	141	3
68	72	1
0	0	1
30	30	9
39	40	1
26	26	1
73	73	1
52	52	1
102	103	1
97	97	3
147	147	4
98	98	2
36	40	3
55	55	1
98	102	2
151	152	2
161	164	2
125	126	2
77	77	2
78	79	1
146	147	4
125	131	1
161	163	2
2	2	3
31	32	3
118	119	1
118	143	1
101	102	2
24	36	1
102	125	2
57	57	2
156	159	3
39	39	2
21	31	1
36	36	2
111	113	2
88	115	1
92	92	1
115	152	2
175	176	1
133	142	1
80	80	4
82	84	1
22	23	9
9	11	1
61	63	2
153	165	1
19	19	3
7	7	1
66	66	5
19	20	2
32	34	1
16	42	1
156	175	1
149	150	1
155	162	3
45	46	1
52	53	2
107	111	2
111	111	1
177	177	1
135	144	1
39	45	1
94	122	1
154	154	2
43	45	5
109	110	2
118	118	3
131	131	1
17	31	1
141	148	2
101	103	2
15	16	1
35	37	4
92	105	1
153	162	2
172	172	1
32	33	2
124	135	1
106	109	1
16	16	2
61	72	1
54	57	2
148	148	3
96	97	1
23	26	3
74	90	1
10	19	2
153	159	1
73	89	1
90	104	3
11	13	1
76	77	1
27	43	1
50	50	3
14	19	2
63	73	1
90	94	2
18	41	1
165	166	2
34	35	1
142	142	2
36	41	1
171	174	2
75	75	2
143	143	1
128	163	2
143	144	1
147	148	1
14	15	1
148	174	2
35	36	2
37	38	1
12	13	1
52	54	1
145	145	1
150	166	2
89	89	1
61	103	1
168	169	1
114	163	1
145	147	1
57	59	1
166	166	3
9	15	1
72	78	1
65	66	1
121	122	1
20	20	1
27	28	1
24	24	2
91	92	2
65	67	1
102	102	1
2	27	1
61	71	1
87	117	1
172	173	2
53	57	1
4	5	1
64	64	1
126	130	1
99	99	2
109	119	1
1	2	1
54	55	2
101	129	1
6	18	1
33	44	1
171	172	1
77	78	1
115	116	1
120	120	1
73	81	1
43	43	1
82	82	1
154	178	1
94	95	1
153	163	1
134	144	2
133	135	1
26	30	1
90	90	1
14	17	1
79	85	2
150	150	1
90	93	1
16	41	1
121	121	1
17	44	1
124	130	1
40	41	1
87	99	1
102	126	1
72	74	1
17	17	2
176	177	1
111	112	1
122	122	1
110	110	1
44	45	1
140	142	1
29	30	1
74	89	1
12	18	1
44	46	1
129	131	1
110	144	1
170	173	1
44	73	1
5	33	1
149	179	1
61	65	1
71	75	1
106	108	1
148	170	1
17	54	1
163	164	1
6	7	1
28	30	1
27	27	1
171	175	1
164	166	1
160	164	1
13	13	1
107	107	1
88	88	1
41	45	1
138	139	1
148	149	1
10	10	1
72	76	1
145	148	1
78	98	1
42	43	1
