121	121	1
3	3	1
108	108	1
134	134	1
79	79	4
71	72	3
34	34	2
131	131	3
120	123	1
89	89	2
31	36	1
17	116	2
17	17	2
8	9	1
86	86	2
106	120	2
31	31	3
118	118	2
81	81	1
125	125	3
20	20	1
33	33	5
129	129	4
126	126	4
125	126	1
37	37	1
16	16	2
21	21	5
138	138	1
8	11	1
73	73	1
17	18	1
1	3	2
128	128	1
28	29	1
23	24	1
79	80	1
106	108	1
9	12	2
12	38	1
115	134	2
127	137	1
117	120	1
129	130	3
4	8	1
90	96	1
106	121	1
127	127	4
90	103	1
109	109	1
118	120	2
83	84	2
81	82	4
1	1	3
9	9	3
130	137	1
19	21	2
26	96	1
1	2	2
80	130	1
83	83	3
87	88	1
114	116	1
6	6	1
104	104	4
95	96	1
104	112	1
122	122	2
28	28	1
111	111	3
6	33	1
88	90	1
4	37	3
2	2	1
131	136	1
3	8	1
103	103	1
88	100	1
73	75	1
135	136	1
13	13	2
113	113	2
28	30	1
75	77	1
93	121	1
32	32	3
105	105	1
105	106	2
104	113	1
76	76	1
25	25	1
78	101	1
102	102	1
30	31	2
15	16	1
91	91	1
5	98	1
89	90	1
84	85	1
120	120	1
78	79	1
99	99	3
38	38	3
87	87	1
12	37	1
80	80	1
72	72	1
128	129	1
126	127	1
36	37	1
7	7	1
106	106	1
116	124	1
11	11	1
136	136	2
5	5	1
14	14	1
104	106	1
111	114	1
74	74	1
111	115	2
82	86	1
27	28	2
19	135	1
6	18	1
9	10	1
77	77	2
4	5	1
68	115	1
26	27	1
133	134	1
10	11	1
140	140	1
29	30	2
4	4	1
36	36	3
75	75	1
23	79	1
93	93	1
101	101	1
131	133	2
20	21	1
12	20	1
72	82	2
23	23	1
107	108	1
15	15	1
98	98	1
4	33	1
12	12	1
137	137	1
136	137	1
3	31	1
130	130	1
29	32	1
106	109	1
7	8	1
