129	130	2
126	126	1
49	49	1
40	41	2
41	164	3
13	13	1
36	36	3
91	91	1
38	38	3
110	111	3
160	160	5
37	37	1
20	20	1
137	137	2
40	40	4
91	93	1
62	62	2
132	132	1
153	153	3
47	80	1
48	48	2
57	62	2
101	102	2
70	70	2
79	80	3
75	75	2
92	100	1
107	154	1
94	94	6
110	110	4
144	144	2
101	101	2
150	150	4
112	112	5
9	9	3
155	155	1
94	95	1
76	78	2
7	8	2
90	90	3
98	98	1
102	103	2
122	127	2
110	112	1
47	57	1
58	58	4
68	68	4
78	78	4
42	75	1
24	24	2
91	92	1
125	125	4
133	133	2
14	14	2
124	124	3
48	49	1
37	45	2
52	56	1
64	79	1
80	80	5
122	122	2
11	13	1
49	50	3
62	63	1
16	21	1
126	128	2
78	79	2
0	0	1
19	20	1
154	154	4
38	57	1
43	43	3
13	14	1
85	85	5
73	73	5
86	88	1
130	130	3
58	100	1
164	164	1
152	152	2
11	11	1
103	103	1
80	99	1
42	43	1
36	43	1
55	56	1
18	25	1
65	110	1
75	82	2
120	120	3
117	117	2
42	99	1
39	40	1
3	3	2
96	96	2
114	128	1
37	43	2
112	113	2
72	73	2
79	98	1
33	33	1
71	71	1
49	52	1
156	157	1
91	94	1
12	137	1
137	145	2
34	34	1
131	131	1
41	99	2
87	95	1
104	104	1
100	102	2
57	103	1
114	117	1
153	154	3
140	140	1
47	47	3
52	52	1
41	42	1
50	62	2
4	9	1
75	77	1
5	5	5
45	46	1
148	149	3
117	118	3
86	93	1
114	120	1
80	84	2
146	166	1
26	103	1
84	84	2
125	156	1
84	95	1
6	12	1
157	157	1
46	46	1
47	48	2
38	69	2
138	138	1
107	107	1
49	51	1
114	114	3
163	163	1
147	148	1
6	6	1
123	125	1
137	138	1
37	38	2
9	10	1
78	89	1
128	129	2
111	111	2
8	9	1
47	49	1
86	86	1
62	69	1
34	35	3
122	123	1
101	105	1
86	87	1
26	26	1
134	134	1
139	139	3
46	53	1
66	67	1
54	55	1
52	79	1
99	100	1
136	137	2
121	121	1
26	56	1
109	111	1
151	151	1
10	10	2
136	136	1
82	82	1
108	108	4
91	96	1
158	158	1
63	63	1
16	17	1
114	116	1
97	97	2
1	2	1
93	113	1
42	80	1
115	115	4
148	148	2
106	106	1
0	4	1
28	28	2
19	19	2
19	21	1
47	52	1
68	69	1
122	126	1
95	95	1
69	69	1
22	24	2
13	106	1
100	101	1
45	53	1
44	70	1
169	169	1
96	97	1
85	90	1
147	147	1
138	140	1
152	159	1
156	156	1
155	160	1
63	79	2
25	25	2
157	158	1
116	116	1
15	23	1
109	110	1
77	120	1
135	138	1
76	77	1
65	67	1
23	24	1
50	51	1
115	116	1
43	44	1
77	77	1
44	45	1
26	79	1
150	154	1
123	123	1
5	24	1
51	51	1
63	64	1
1	1	1
49	65	1
4	4	1
81	81	1
