82	82	4
32	32	2
26	26	2
13	17	1
68	68	2
139	139	1
66	66	1
45	45	2
28	117	3
9	10	2
47	47	3
8	8	4
23	70	3
105	144	2
6	8	1
96	96	1
41	41	2
139	145	1
41	42	1
4	4	2
103	112	1
33	47	1
143	143	1
16	16	3
123	124	2
98	110	2
34	34	2
69	71	1
87	93	1
131	132	2
141	148	1
10	16	1
77	80	1
85	99	2
13	13	2
19	19	1
117	117	1
24	25	2
43	45	1
14	15	1
73	77	2
76	79	3
136	148	3
15	15	1
123	136	1
94	95	1
49	49	1
147	147	1
76	85	1
96	103	1
150	150	2
102	108	1
64	66	1
131	131	2
115	115	1
66	68	1
47	48	1
140	141	1
30	33	1
6	15	2
17	18	2
44	44	5
119	122	2
138	142	3
7	8	1
86	86	1
4	20	1
22	22	1
104	104	1
98	98	1
5	6	1
81	81	1
8	36	1
112	115	2
103	105	1
67	67	4
28	30	1
149	150	1
56	56	1
6	6	2
37	37	2
24	24	1
53	53	1
35	37	1
107	107	3
53	56	1
58	58	1
126	145	3
8	9	2
17	17	2
18	18	3
138	139	2
45	55	1
140	146	1
100	102	1
97	97	2
50	51	1
36	36	1
139	143	1
34	35	3
11	12	1
85	112	1
125	127	1
146	147	1
14	30	1
11	11	1
70	71	2
4	38	1
139	144	2
18	23	1
123	146	1
63	64	1
75	75	1
10	15	1
104	126	1
99	112	1
104	105	1
71	77	1
28	29	1
50	55	1
48	48	1
106	107	1
10	10	2
63	67	2
112	113	1
12	12	2
112	112	2
115	122	1
28	28	4
80	80	2
104	130	1
26	47	1
116	116	1
50	74	1
54	54	2
7	7	2
142	142	1
67	77	1
93	97	1
2	38	1
144	146	1
85	85	1
136	137	1
39	40	2
31	31	1
86	99	1
70	70	1
127	145	2
83	84	2
53	55	1
63	66	1
20	50	1
24	47	1
129	130	1
106	106	1
153	153	1
132	132	1
77	105	1
93	95	1
127	127	2
113	117	2
92	92	1
27	29	1
13	19	1
30	32	2
66	69	1
34	36	1
77	77	1
16	17	1
76	76	1
55	55	1
81	97	1
138	152	1
81	83	2
13	15	1
98	101	1
53	57	1
19	20	1
22	24	1
87	105	1
80	82	1
20	21	1
81	82	1
34	43	1
77	108	1
9	9	1
57	57	2
9	42	1
115	116	1
104	106	1
73	73	1
149	151	1
112	118	1
29	29	1
128	128	1
86	87	1
27	27	1
