53	53	26
0	0	13
85	86	4
22	31	1
52	152	6
78	79	1
208	214	1
49	49	1
28	28	9
147	147	9
167	168	7
127	127	14
68	69	7
208	208	2
121	121	5
11	20	5
40	40	9
9	10	6
39	39	15
47	48	8
104	104	10
25	25	10
17	23	4
28	85	1
159	159	6
19	36	3
69	69	7
197	197	6
180	212	4
184	184	9
207	208	5
149	150	5
208	223	4
155	155	8
58	199	5
36	36	7
230	230	10
125	125	7
194	216	2
75	77	2
194	199	2
226	227	8
157	177	1
206	227	8
174	174	6
54	54	12
152	162	1
97	159	6
142	145	4
199	199	8
166	166	7
11	11	14
164	175	4
5	34	5
29	29	22
217	219	2
175	175	4
21	21	5
171	171	13
13	13	10
104	106	1
200	200	9
42	118	2
145	145	19
227	227	14
86	86	11
67	67	17
32	32	8
217	217	15
10	10	22
7	8	9
144	146	5
238	238	6
156	157	7
74	74	12
206	221	2
37	37	13
58	221	3
107	114	4
106	122	3
66	77	4
80	81	2
204	204	4
59	167	8
37	48	3
36	42	6
51	51	14
144	144	16
21	31	3
185	185	7
136	145	3
88	89	3
8	66	4
119	119	6
239	239	10
210	219	1
81	152	4
225	227	3
17	21	6
123	124	5
48	48	7
221	221	4
45	45	16
191	192	5
46	153	4
185	186	1
173	173	10
186	210	2
78	78	14
8	8	3
213	213	11
198	199	1
187	187	8
16	16	9
115	125	2
16	59	1
5	7	5
47	47	14
174	227	2
44	44	10
116	122	1
139	139	15
82	82	3
133	133	4
75	75	15
215	216	1
123	123	6
179	213	3
161	161	4
30	30	9
192	192	2
62	62	9
3	3	5
139	140	3
154	158	5
206	206	9
123	125	1
213	224	2
180	181	3
233	234	4
214	214	7
170	171	1
207	221	1
157	158	1
48	82	4
104	105	9
12	12	14
33	49	3
59	59	14
184	185	4
107	117	4
177	177	17
143	143	6
228	229	4
202	202	8
141	143	2
122	122	1
133	134	1
142	142	3
103	103	7
52	53	7
137	138	2
140	140	5
153	153	9
99	99	16
188	188	6
167	167	3
191	191	11
223	229	2
63	63	9
6	13	5
133	144	2
235	235	10
166	175	5
99	102	2
236	236	12
101	101	12
99	100	3
190	191	1
210	211	9
200	217	1
208	230	2
190	190	5
38	69	1
140	142	2
35	35	10
207	207	9
129	139	3
146	161	2
20	20	10
221	222	3
65	65	11
205	206	4
83	83	5
222	223	3
185	187	6
146	146	5
241	241	3
136	136	16
43	44	1
216	216	5
232	232	9
173	181	4
18	18	4
79	79	1
162	162	8
59	60	1
6	6	15
85	85	10
182	182	12
209	209	3
229	229	3
50	51	7
80	80	7
13	14	8
176	226	2
198	200	3
186	186	5
117	125	6
37	38	2
165	165	4
51	52	13
135	135	4
160	181	2
26	26	11
10	11	9
35	36	6
81	83	4
11	23	2
0	22	2
178	178	11
215	224	5
171	178	4
64	65	6
56	56	4
32	38	3
45	46	11
113	113	4
163	163	4
149	149	3
72	73	3
14	14	15
25	26	3
148	148	6
130	131	3
27	27	8
58	58	10
179	179	7
28	45	9
13	78	2
205	205	4
97	97	13
137	137	2
228	228	15
154	155	1
60	88	1
111	111	6
54	141	3
172	172	10
224	224	10
104	107	3
174	175	6
124	124	8
116	116	3
22	22	3
30	31	3
67	160	5
173	174	1
160	160	7
25	47	2
105	105	6
130	130	4
198	198	3
42	42	7
220	220	3
237	237	11
39	42	3
106	108	6
107	107	9
24	26	1
46	46	11
83	122	7
55	55	2
96	101	2
18	39	1
126	127	1
211	211	14
43	43	7
58	59	4
177	228	3
52	52	11
207	210	2
175	198	2
183	183	8
77	77	6
226	226	6
21	22	8
150	150	4
81	122	12
232	242	4
166	173	3
15	49	1
126	186	3
153	156	1
220	222	6
95	100	2
178	211	2
81	81	10
18	23	2
63	73	2
138	138	8
34	36	2
17	17	7
17	18	6
152	152	7
175	193	2
203	203	7
200	219	1
158	158	4
61	61	6
168	169	1
219	219	4
59	124	3
30	75	2
198	206	5
66	67	4
1	1	7
169	169	10
43	45	3
28	37	1
201	201	6
5	6	4
211	213	3
148	149	1
113	114	2
219	228	2
70	73	1
144	147	2
24	28	2
176	176	5
9	9	12
81	84	3
52	102	3
74	85	4
192	202	4
34	34	4
120	122	2
98	98	1
215	215	2
159	161	3
64	64	17
19	20	3
70	70	18
210	210	12
27	233	1
7	88	2
12	22	2
128	128	10
180	180	7
114	114	3
130	169	4
81	82	5
66	66	4
181	181	6
32	36	5
0	1	5
68	85	1
183	187	6
175	178	3
242	242	7
200	206	2
4	4	2
140	143	2
4	5	10
53	65	1
10	15	4
8	51	7
105	106	3
39	81	2
82	85	4
73	73	8
195	195	8
24	24	13
108	108	1
81	171	5
3	60	1
212	212	6
8	201	2
156	158	4
33	34	3
36	53	2
139	159	2
64	72	2
193	193	4
49	50	3
16	17	3
204	217	1
44	72	3
1	2	3
178	214	2
63	85	1
147	148	1
20	35	3
75	165	2
118	231	5
70	71	1
18	19	3
2	36	1
170	172	2
134	134	5
68	68	2
53	88	2
224	225	2
19	19	11
168	168	5
126	168	2
20	23	4
38	39	2
8	86	3
15	40	3
18	20	2
218	218	4
109	173	5
46	47	7
158	161	6
85	133	2
23	23	8
22	34	2
44	68	5
60	63	1
55	58	1
13	50	4
240	240	3
154	154	4
3	40	5
67	68	2
129	129	5
199	200	1
102	109	2
60	60	2
82	84	2
97	178	1
239	240	7
157	157	3
173	226	3
55	61	2
191	194	5
20	31	5
82	83	3
33	33	1
48	68	1
208	227	4
175	218	3
84	84	4
23	24	3
142	143	3
119	121	3
72	72	5
79	114	2
170	191	5
22	23	5
35	58	3
109	131	3
134	135	4
222	222	2
129	138	2
35	75	1
200	201	2
6	7	1
63	68	1
61	109	2
218	219	4
77	80	1
11	37	4
108	117	4
76	109	1
101	121	1
160	169	1
100	103	1
103	111	1
230	231	2
54	55	7
208	217	1
61	62	2
117	117	3
162	173	3
24	25	2
128	129	1
209	212	2
194	197	1
120	120	5
66	68	2
126	211	3
172	180	1
38	70	1
79	125	3
193	196	3
211	212	1
233	233	1
12	13	2
58	63	1
225	226	2
15	15	7
65	66	5
5	5	5
50	50	4
163	165	2
154	156	4
154	196	1
180	186	4
32	84	1
109	109	1
180	199	3
164	164	2
53	55	3
53	54	1
16	58	2
181	182	3
160	161	2
33	67	4
231	231	3
38	50	2
102	103	5
119	120	2
140	141	2
178	180	4
115	124	2
88	88	2
180	210	3
2	223	1
71	71	3
1	4	3
132	137	1
102	102	5
212	214	2
105	108	1
22	58	1
99	101	3
29	30	1
96	128	5
223	224	2
0	75	3
156	156	3
97	122	1
179	199	1
69	75	2
176	177	1
6	14	5
79	238	1
61	183	2
7	14	2
33	70	3
65	162	1
135	136	3
212	213	2
8	18	4
112	112	1
29	85	3
129	170	2
41	42	1
116	123	1
185	204	3
21	97	1
33	36	1
208	210	1
82	152	1
203	226	3
10	27	1
5	13	3
43	155	2
2	33	4
50	109	1
181	183	3
40	41	2
235	236	2
178	179	2
77	78	6
7	7	5
219	220	2
109	208	1
146	148	1
55	98	2
32	170	1
182	183	3
129	132	4
3	79	2
181	204	1
187	188	2
61	149	2
122	127	3
193	218	2
152	157	2
101	102	3
125	168	1
151	151	1
3	8	1
158	159	2
225	225	2
100	100	3
169	184	1
216	232	1
196	196	1
76	78	1
207	230	1
26	232	1
40	51	2
75	88	1
103	175	2
43	82	1
124	127	1
27	28	1
223	225	1
149	157	2
23	196	1
28	75	1
206	207	1
64	235	1
107	130	1
107	108	2
45	203	1
18	50	1
125	127	2
124	125	2
158	195	1
113	122	1
129	130	2
201	225	1
151	152	1
42	96	1
106	106	1
84	85	1
180	188	2
4	60	1
201	224	1
98	99	1
7	52	1
175	206	1
214	215	1
102	220	3
164	167	1
71	73	1
13	15	2
74	75	1
86	90	1
69	70	2
150	152	1
187	204	1
116	118	1
139	141	1
100	106	1
15	76	1
57	95	1
115	167	1
203	205	1
103	171	1
28	86	1
48	115	1
152	153	1
31	31	1
16	23	1
157	163	1
146	147	1
