26	26	6
122	124	1
126	129	1
42	42	3
57	57	2
123	123	2
35	104	1
26	47	2
8	8	6
82	83	2
59	59	2
101	101	1
90	127	2
93	93	2
94	94	5
3	20	1
12	12	3
119	122	1
46	65	2
23	23	2
27	27	6
11	101	3
20	42	1
46	46	1
105	106	1
39	40	5
98	99	6
49	56	1
58	122	2
90	131	4
11	93	2
82	90	1
81	82	1
47	47	4
44	44	2
103	104	1
30	30	5
29	29	6
32	32	2
28	28	3
79	80	3
4	4	3
78	127	3
105	105	3
111	112	2
82	82	1
79	101	1
100	100	5
28	80	2
40	40	2
12	13	1
21	21	5
133	133	1
57	59	2
15	15	1
94	95	2
39	41	1
127	127	1
5	58	1
93	97	2
39	39	1
113	129	1
6	29	2
48	48	4
47	77	2
130	130	2
60	61	2
99	99	2
25	25	1
134	134	4
85	91	1
25	27	1
25	26	2
125	125	1
60	105	1
59	60	2
77	78	1
81	133	1
65	65	4
64	84	1
18	19	1
61	72	2
9	9	2
90	90	3
6	6	1
34	35	1
61	61	1
62	62	1
123	124	1
21	85	1
97	97	1
60	60	4
27	71	1
8	19	2
56	93	1
127	133	2
104	104	1
72	72	2
56	114	1
70	70	3
47	121	1
7	7	1
55	81	1
110	110	3
108	109	2
26	27	2
83	83	1
129	130	1
121	122	1
114	117	2
79	79	2
85	85	1
13	13	1
73	73	1
20	20	5
15	38	1
82	84	4
64	69	1
58	58	2
74	75	1
36	38	1
76	76	1
20	45	3
46	76	1
76	86	2
10	10	4
3	4	1
74	74	1
63	73	1
91	92	1
6	83	1
87	88	3
85	90	1
25	47	1
93	95	1
35	36	2
9	67	1
31	108	2
86	86	3
96	97	2
80	80	2
78	79	2
109	109	1
37	37	1
77	77	1
45	48	1
30	129	1
31	51	2
64	65	2
28	91	1
111	111	1
5	41	1
13	14	1
38	40	1
29	100	2
115	115	1
109	126	1
45	45	1
87	87	1
29	47	1
68	70	1
62	73	1
34	69	1
93	96	1
69	69	1
83	86	1
10	31	1
14	38	2
21	36	1
33	33	1
98	98	1
90	115	1
75	76	1
29	115	1
84	85	1
80	96	1
48	59	1
75	75	1
24	33	1
64	64	1
84	84	1
80	97	2
97	98	1
114	114	1
3	8	1
13	81	1
42	43	2
47	48	1
42	72	2
19	77	1
82	86	1
56	81	1
5	5	2
97	107	1
5	24	1
4	15	1
48	94	1
22	35	1
21	26	1
79	95	1
114	132	1
37	89	1
118	118	1
81	81	2
69	70	1
92	133	1
57	58	1
24	24	1
66	67	1
2	10	1
25	48	2
55	55	1
41	41	1
