105	113	2
122	122	2
121	139	1
95	95	2
45	46	2
47	47	2
55	55	2
44	45	2
64	67	1
76	115	2
137	148	2
37	38	2
19	20	2
9	10	2
143	145	1
112	113	1
100	101	2
54	54	1
142	142	1
76	76	3
117	117	3
19	21	2
118	118	3
8	9	3
104	104	2
35	52	1
97	97	1
19	41	3
131	131	5
20	20	3
31	32	2
38	40	1
153	153	1
67	68	1
42	42	3
29	135	1
63	63	4
97	111	1
104	123	1
35	50	2
65	65	3
104	137	1
15	16	2
100	129	1
81	81	2
9	23	1
137	137	3
88	88	5
125	128	2
62	62	3
32	32	3
35	37	1
5	14	1
43	136	1
57	57	3
84	87	1
7	106	1
28	29	1
40	150	1
86	87	2
128	128	2
49	69	1
153	154	1
125	126	1
147	147	1
102	130	1
67	67	4
39	40	2
11	26	2
65	104	1
47	65	1
149	149	4
43	49	1
56	56	4
29	29	1
40	41	3
124	127	1
21	21	3
62	63	1
71	71	3
76	84	1
131	132	1
65	109	1
77	118	1
72	72	1
134	135	2
17	17	3
87	87	1
33	33	3
19	24	1
28	33	2
66	66	4
28	49	3
110	111	2
25	35	1
106	107	1
78	98	1
85	86	1
10	11	2
65	66	1
38	86	1
120	120	1
63	74	1
14	15	1
81	84	1
68	70	1
140	141	2
74	75	2
35	35	1
4	25	2
108	123	2
77	77	1
96	96	5
30	30	1
91	92	1
100	113	2
12	12	2
21	22	2
35	36	1
12	13	2
115	115	1
54	136	1
7	122	1
68	68	3
141	142	1
71	109	2
51	51	1
50	62	1
69	74	3
105	110	1
28	58	1
66	85	1
41	42	1
46	47	1
152	152	3
126	128	1
47	48	1
143	143	2
17	18	1
125	125	1
53	54	1
151	151	1
10	10	1
100	142	2
120	128	2
14	14	1
40	40	1
94	98	1
41	43	1
24	25	1
154	154	2
9	9	1
45	45	2
145	145	1
28	31	1
94	94	1
85	85	2
99	105	1
13	17	1
124	126	1
62	64	1
106	106	1
10	21	1
26	62	1
56	58	1
66	75	1
144	145	1
16	19	2
31	31	1
107	107	2
13	48	1
83	84	1
121	145	1
104	115	2
53	132	2
9	11	1
43	44	1
111	111	2
16	17	1
113	113	1
6	7	1
97	98	2
68	69	1
77	79	1
116	117	1
48	48	3
28	28	2
3	5	1
111	141	1
63	65	1
124	139	1
66	67	1
136	140	1
99	112	1
34	49	1
25	68	1
95	143	1
136	136	1
26	68	1
48	53	1
27	56	1
15	31	1
135	136	1
64	64	2
131	147	1
84	92	1
112	121	2
65	110	1
109	115	1
148	148	1
93	93	2
22	22	1
104	109	1
11	12	1
101	101	1
48	70	1
42	50	1
101	102	1
73	74	1
19	19	2
74	74	1
51	62	1
11	73	1
94	102	1
18	18	1
144	144	1
63	84	1
29	31	1
68	151	1
78	85	1
136	143	2
11	11	2
25	26	2
61	63	1
82	84	2
15	15	1
46	80	2
27	34	1
128	129	1
145	147	1
26	26	1
33	65	1
55	56	1
5	6	1
41	41	1
82	94	2
76	78	1
69	78	1
6	6	1
130	136	1
23	49	1
21	30	1
82	103	1
133	133	1
138	138	1
132	132	1
137	142	1
50	64	1
121	121	2
81	82	1
70	139	1
15	32	1
58	58	1
36	36	1
112	136	1
31	57	1
95	98	1
115	117	1
23	23	1
18	19	1
126	127	1
75	75	1
10	52	1
104	113	1
38	38	1
137	138	1
80	82	1
12	29	1
97	108	1
130	137	1
