86	86	2
54	72	5
10	32	2
50	51	3
64	82	2
75	103	1
33	34	1
92	92	3
86	88	1
115	115	4
12	81	2
67	67	4
76	76	2
59	93	1
66	77	1
46	47	2
45	45	4
111	111	1
99	101	1
78	79	5
72	74	1
90	90	7
106	106	4
72	72	2
93	93	3
54	54	2
9	25	1
24	24	3
77	78	2
40	84	1
109	110	2
107	109	3
77	77	6
55	55	2
31	31	3
84	85	4
123	123	3
14	14	5
2	2	2
27	27	1
131	131	1
83	85	1
43	65	1
129	129	3
28	28	4
40	40	8
45	46	1
23	23	2
91	100	2
80	110	3
14	70	3
39	62	2
101	105	1
112	112	6
69	69	3
62	63	2
73	73	6
59	85	2
96	114	2
16	16	3
24	40	1
64	64	4
19	41	1
107	119	1
125	125	1
25	44	1
30	30	4
21	66	2
45	59	2
70	92	1
64	65	2
64	74	2
129	130	2
55	79	3
102	104	2
87	87	3
122	122	5
3	5	1
48	48	1
57	57	3
65	66	2
110	111	2
8	8	2
117	118	2
107	107	5
18	18	3
29	29	1
9	14	3
100	126	3
40	62	1
39	40	2
15	16	1
120	120	1
21	21	3
14	66	3
60	61	2
41	41	4
54	126	1
70	70	1
51	52	3
52	52	4
100	100	5
89	90	1
15	15	4
41	43	2
105	105	1
85	88	1
53	53	1
95	96	3
75	126	2
98	98	1
1	14	1
131	132	1
99	99	2
80	80	1
20	20	2
92	93	5
1	1	2
19	19	3
80	81	2
44	44	2
46	46	2
103	103	3
124	124	1
11	11	2
95	95	3
49	53	1
30	102	1
112	116	1
56	56	2
130	130	2
78	100	1
52	55	1
56	112	1
42	42	2
71	112	1
50	50	1
78	117	1
94	95	2
76	80	1
61	61	1
124	125	3
101	102	1
10	11	1
23	44	1
76	82	1
78	78	6
127	127	1
49	49	1
81	82	1
109	109	3
82	82	2
44	82	1
99	100	3
69	112	1
26	27	2
18	33	3
17	17	2
7	11	2
43	43	2
69	70	1
61	84	2
78	80	2
5	5	2
118	118	1
12	12	4
72	116	1
69	71	1
94	94	2
9	9	1
7	14	1
14	15	1
42	46	1
54	112	1
24	28	2
79	82	2
91	91	5
96	115	1
58	58	1
83	97	2
71	75	1
66	66	4
88	92	2
60	62	1
12	75	1
58	63	1
98	102	1
0	0	1
5	28	1
127	128	1
82	83	1
119	119	1
61	62	2
57	125	1
79	80	1
22	22	2
33	43	1
62	62	1
64	104	1
55	72	1
73	74	1
12	14	2
83	83	2
91	93	2
97	100	1
89	89	2
97	98	3
85	85	3
10	94	1
59	82	2
101	106	1
99	110	1
46	48	2
59	59	1
68	68	1
86	87	1
46	70	2
75	75	1
75	82	1
79	79	2
97	97	1
96	96	1
44	96	1
39	67	1
47	47	1
107	118	1
24	44	1
55	114	2
73	83	1
8	23	1
7	16	1
51	51	2
106	107	1
71	72	3
56	120	1
40	41	1
2	4	1
42	65	1
25	68	1
33	67	1
13	13	1
102	102	1
115	116	1
101	130	1
13	15	1
104	104	1
60	60	1
13	66	1
70	71	1
6	11	1
50	110	1
3	12	1
116	116	1
2	3	1
55	74	1
18	22	1
25	25	1
