86	86	2
56	56	2
21	21	2
101	101	1
19	19	2
100	110	1
76	105	1
36	36	2
93	93	1
40	41	1
43	43	2
39	40	1
103	104	1
78	98	1
20	20	3
79	95	1
90	90	2
74	76	2
84	111	1
35	36	2
82	108	1
110	110	1
42	44	1
96	96	2
79	81	1
73	74	3
47	48	3
72	72	2
37	37	2
98	98	3
49	49	2
108	108	3
47	47	1
48	49	1
66	73	1
106	106	2
31	31	4
45	98	1
104	104	1
44	44	1
32	33	1
23	23	2
109	111	1
103	103	1
37	38	3
70	70	3
76	104	1
53	105	2
74	75	1
88	91	1
43	114	2
90	91	1
20	25	2
73	77	2
79	79	4
97	97	1
84	85	1
85	85	1
75	75	1
64	64	1
22	22	2
93	100	1
77	77	2
24	24	1
82	82	2
59	60	1
76	102	1
85	92	1
72	104	1
74	74	1
43	115	1
40	40	1
26	26	1
83	85	2
50	100	1
74	104	1
45	99	2
62	62	1
98	99	1
111	111	1
55	55	1
77	78	1
94	95	1
