141	141	5
64	65	3
144	144	2
124	125	5
169	172	3
179	180	2
23	32	2
27	27	3
163	164	4
179	179	12
98	113	1
102	103	3
36	37	4
3	5	2
120	120	4
128	129	1
33	33	4
103	103	2
156	156	13
2	2	4
37	37	6
52	56	1
56	59	4
102	104	3
25	25	7
106	113	1
168	168	5
38	40	1
122	122	4
126	126	4
157	158	5
160	160	5
8	8	4
83	83	6
124	124	11
161	162	4
113	127	1
4	7	1
33	195	2
113	120	3
155	158	3
160	193	1
44	44	3
112	163	2
14	14	1
154	157	1
68	68	4
153	153	7
181	181	6
6	20	2
53	54	2
57	58	3
99	158	4
144	145	7
8	9	1
56	56	4
100	100	4
12	12	6
145	146	5
85	85	8
139	139	5
136	196	1
64	74	1
74	79	1
34	40	3
194	194	4
139	140	4
57	57	6
61	62	2
117	153	2
162	164	2
173	173	8
134	134	6
69	70	2
184	185	3
3	3	8
102	102	4
39	40	2
164	167	3
46	48	4
45	45	1
111	112	2
95	95	1
68	77	2
16	16	3
14	47	2
87	87	9
70	71	4
23	24	3
147	148	2
197	197	4
82	82	6
158	180	1
196	197	1
150	153	1
57	193	1
144	160	2
7	18	3
6	8	3
9	9	3
116	117	6
180	180	9
7	8	2
4	18	2
3	7	1
103	150	1
170	175	1
12	13	1
38	38	3
192	193	5
73	76	1
50	51	2
13	133	1
103	105	1
1	171	1
33	164	1
192	192	8
2	3	5
104	104	7
19	45	1
25	26	3
52	185	2
196	196	13
113	113	2
112	169	2
89	89	1
136	136	4
1	19	1
150	152	1
162	191	2
123	154	4
131	182	1
29	29	3
151	151	5
32	32	7
3	4	5
163	186	3
112	112	6
59	69	2
36	107	1
156	158	1
135	137	6
112	113	3
42	42	3
175	178	3
24	25	3
152	153	3
97	116	3
101	102	2
193	193	5
149	149	10
154	159	3
167	167	6
138	161	2
3	18	1
143	147	1
43	43	4
11	11	9
7	7	6
148	150	3
81	83	3
15	24	2
83	84	5
155	156	1
116	116	2
146	146	2
115	117	1
182	182	3
28	29	5
106	120	1
4	28	1
26	27	1
170	170	9
135	135	5
160	161	4
170	174	1
86	86	4
176	178	1
164	164	5
110	165	1
169	171	2
143	143	6
21	22	1
62	62	2
187	188	7
114	119	2
67	70	1
195	196	2
121	121	6
191	191	2
150	151	3
156	157	4
190	192	2
6	7	4
178	178	8
161	161	7
78	78	1
59	59	7
159	159	4
5	97	2
94	95	3
171	171	4
22	23	4
166	166	10
188	194	4
180	196	3
96	96	4
167	172	2
162	162	7
95	196	1
26	26	5
177	178	4
117	154	1
79	79	4
49	49	5
54	54	2
115	168	3
62	73	1
81	82	5
15	15	7
0	2	3
128	128	3
41	41	14
105	106	4
53	55	1
6	36	2
0	1	2
112	130	1
36	36	8
5	5	8
19	19	5
1	2	2
114	114	6
86	90	1
154	154	5
169	169	3
138	138	4
47	47	6
194	195	1
58	58	8
20	44	2
27	38	1
18	19	2
15	16	5
22	22	2
59	62	2
41	69	1
134	135	2
110	166	2
101	101	6
179	181	3
70	70	2
10	12	1
150	150	1
182	189	1
117	119	3
183	183	2
38	188	2
129	129	5
137	142	1
64	64	2
138	166	1
103	106	1
117	132	1
120	132	3
93	94	2
51	51	7
132	142	1
46	46	3
125	197	1
109	155	1
17	37	2
185	186	3
29	36	1
130	130	4
133	161	1
176	177	6
131	139	3
112	143	1
14	15	4
23	23	7
123	123	3
31	31	2
52	52	1
157	157	4
74	76	1
5	35	2
184	184	4
21	21	3
58	103	1
1	23	2
165	166	4
118	118	4
4	4	2
40	40	5
81	86	1
114	141	1
188	190	3
52	127	1
145	145	6
143	159	2
159	160	4
17	35	3
181	182	6
82	188	1
178	179	3
129	132	1
171	172	3
109	109	3
174	174	3
112	165	2
137	138	1
189	189	3
77	77	5
74	103	2
130	131	3
75	75	3
43	58	2
106	106	1
97	113	1
132	157	1
103	104	2
108	109	1
163	187	1
117	140	3
155	155	4
66	66	2
158	159	2
116	140	2
102	106	2
189	190	2
54	55	1
124	187	1
95	101	3
109	140	1
0	3	2
135	139	1
122	124	4
159	176	2
30	148	1
143	144	2
6	28	2
88	89	1
158	162	1
122	194	1
78	79	1
28	28	6
152	152	6
15	70	1
172	172	5
170	191	2
32	42	1
0	0	2
6	6	2
162	166	6
176	176	5
144	163	1
173	174	2
49	196	1
176	179	3
106	107	1
34	105	2
186	188	2
63	63	3
149	151	4
147	147	2
185	187	2
172	181	2
113	138	1
27	28	3
99	125	2
75	153	1
40	45	2
177	177	5
4	172	1
122	123	2
145	160	1
149	167	1
130	140	1
120	143	2
193	194	3
105	120	1
16	17	1
77	79	3
46	47	1
148	148	2
41	42	1
20	20	3
185	188	1
120	158	1
172	175	3
133	133	2
55	66	3
126	172	2
140	140	3
61	61	2
172	173	4
125	125	5
23	38	1
113	116	2
11	14	2
1	1	4
20	22	3
104	105	5
111	111	2
131	131	1
149	150	1
99	99	5
55	55	2
38	61	2
162	165	1
117	118	1
51	53	1
132	143	1
155	157	1
18	21	3
5	38	1
10	37	1
101	121	1
69	69	8
10	11	2
53	53	1
19	20	2
24	40	1
40	74	3
114	118	2
119	119	4
153	155	1
72	73	1
178	190	2
121	144	1
132	132	3
190	190	2
115	115	2
49	52	2
155	172	1
183	184	3
5	34	1
161	172	1
106	112	2
149	153	3
98	98	3
39	39	6
58	59	3
190	191	1
148	151	2
175	175	4
121	123	2
18	18	4
5	37	1
167	168	1
180	190	1
55	65	1
63	73	1
48	48	2
142	142	3
119	120	2
162	163	1
142	143	2
167	169	2
117	117	2
10	10	1
151	158	1
107	112	1
182	190	1
184	187	2
179	182	1
139	143	1
110	115	1
81	81	1
49	55	2
102	105	1
123	197	1
182	183	2
34	35	3
177	180	1
76	76	4
85	86	2
191	192	1
187	187	3
51	126	1
132	183	1
107	107	4
130	139	1
142	151	1
130	132	3
105	113	1
136	167	1
66	68	1
63	64	1
143	158	2
16	20	1
33	101	2
1	4	1
143	148	1
82	84	1
127	127	3
168	170	1
146	147	2
119	122	1
153	158	1
119	121	3
181	189	2
106	114	1
14	32	1
58	66	1
80	80	3
168	184	1
178	192	1
114	173	1
124	126	1
165	165	3
35	187	1
172	174	1
96	97	3
169	186	1
137	137	7
5	18	1
54	56	1
142	146	1
27	29	2
152	183	1
164	174	2
51	127	1
109	110	2
44	59	3
195	195	1
35	35	3
28	188	1
21	177	1
140	158	1
120	121	1
94	94	2
4	5	2
138	169	1
78	82	1
159	192	1
137	146	2
183	192	1
30	30	2
166	167	1
100	171	2
36	43	2
181	184	2
33	43	2
147	187	1
38	43	1
133	135	1
158	158	3
8	134	2
175	176	2
34	67	1
146	150	1
147	188	3
75	76	1
98	112	1
154	155	1
142	158	2
172	190	2
112	166	1
9	80	1
157	159	1
114	115	2
61	76	1
158	179	1
169	178	1
9	10	1
105	105	1
111	174	1
170	179	1
132	166	1
40	41	2
151	152	3
171	174	1
116	167	1
24	24	5
61	64	1
108	108	1
166	175	1
104	107	1
179	193	1
17	19	2
18	40	1
121	128	1
56	67	1
116	139	2
34	144	2
136	138	1
148	156	1
19	29	1
140	155	1
27	31	1
3	17	1
72	74	1
88	88	2
165	176	2
169	170	1
79	80	2
183	197	2
154	158	1
168	169	1
188	188	2
20	24	1
129	141	1
12	47	1
168	185	1
116	144	2
104	106	2
4	8	1
70	72	1
45	46	1
187	193	1
156	167	1
45	57	1
50	52	2
149	185	2
107	108	2
75	78	1
3	9	1
143	152	2
125	126	1
109	163	1
159	161	1
101	105	2
186	186	2
80	81	1
146	148	1
55	68	1
109	176	2
132	158	2
159	167	1
105	112	1
110	110	1
180	184	1
58	62	1
100	101	1
62	63	1
65	67	1
106	111	1
38	41	1
34	34	2
144	150	1
2	24	1
67	67	1
1	173	1
152	156	2
32	67	1
151	156	1
145	175	1
170	177	1
37	38	1
0	69	1
33	36	1
71	75	1
117	120	1
111	141	1
40	43	2
96	99	1
86	87	1
78	85	1
100	115	1
137	144	1
183	187	1
185	185	2
113	171	1
134	140	2
167	179	1
159	181	1
51	197	2
109	111	1
53	128	1
164	166	1
158	188	1
120	144	1
110	111	1
115	137	1
26	38	1
64	71	1
31	32	1
97	97	1
138	139	1
146	152	1
186	190	1
