195	195	4
125	125	3
154	164	1
148	148	2
188	188	4
65	75	2
173	174	4
141	141	1
163	163	3
2	3	1
110	110	4
148	174	1
178	188	1
114	115	2
28	28	2
128	161	2
12	12	3
16	16	5
167	168	3
83	84	2
58	63	2
159	159	1
51	52	1
57	57	3
185	196	1
172	172	3
186	187	3
109	112	1
142	155	1
113	144	1
57	58	1
2	25	1
2	2	3
135	136	2
183	183	4
184	184	3
109	110	1
156	156	3
51	51	1
180	184	1
25	25	1
104	109	1
59	59	1
94	94	2
26	27	1
167	167	3
13	13	2
179	179	5
38	38	3
132	193	1
54	54	5
23	23	2
69	69	4
132	132	1
136	137	2
69	70	2
121	121	3
132	146	1
85	88	1
21	21	3
9	9	3
27	27	2
53	56	1
108	136	1
185	189	3
102	103	1
108	108	3
132	133	1
17	17	1
185	185	2
103	104	2
15	15	1
88	88	2
93	93	1
120	120	2
33	42	1
4	4	1
34	34	1
79	84	1
140	163	1
16	170	1
145	147	2
69	87	1
8	9	1
142	142	1
180	181	1
100	195	1
128	128	1
121	122	1
55	56	2
82	83	1
61	61	2
10	14	2
192	192	1
41	54	1
161	161	1
41	41	3
143	144	1
169	197	2
119	120	2
180	180	2
166	167	2
187	187	4
0	3	1
152	152	2
53	55	1
193	193	5
152	193	1
53	53	4
181	182	1
115	138	1
153	154	1
191	191	3
3	3	3
101	112	1
140	140	3
116	117	1
47	47	2
147	147	3
189	190	1
188	189	1
42	43	1
137	140	1
165	182	2
44	44	1
133	134	2
68	68	5
111	123	2
154	155	2
78	78	1
151	183	2
99	120	1
102	102	1
63	64	1
189	189	1
185	186	2
144	178	2
74	75	2
18	18	1
40	40	2
133	182	1
81	83	1
135	135	3
38	39	2
48	48	3
84	85	1
157	157	3
49	50	1
119	119	1
125	126	1
63	70	1
172	174	3
45	45	2
31	33	2
149	150	1
11	11	1
118	131	1
173	173	1
18	173	1
116	116	2
169	170	1
124	129	1
146	148	1
112	113	3
168	168	1
194	194	1
13	14	2
190	190	3
43	79	1
19	19	1
97	98	1
158	158	4
175	176	3
100	100	2
31	32	1
84	84	2
58	59	3
129	129	1
178	178	3
134	134	1
2	8	1
70	71	1
191	192	1
178	185	1
70	70	2
105	105	1
131	132	2
42	79	1
4	6	2
34	38	1
79	80	1
151	151	2
131	131	1
116	118	1
152	153	1
56	57	2
193	194	1
98	99	1
8	8	1
126	127	1
115	115	1
172	173	2
197	197	1
163	166	1
70	153	1
133	133	1
52	52	2
152	155	2
122	122	6
154	158	1
174	174	4
127	127	2
77	77	1
29	29	1
154	154	2
196	196	3
190	191	1
0	38	1
48	163	1
171	171	1
157	159	1
60	61	1
97	139	2
22	22	1
7	8	1
73	78	1
139	139	2
10	67	2
75	89	1
120	147	1
128	148	2
111	156	1
41	42	2
21	57	1
123	123	2
67	67	2
49	49	1
163	164	1
78	79	2
58	58	2
74	76	1
104	104	3
165	165	1
56	56	1
21	25	1
160	181	1
135	137	1
39	39	1
62	62	2
122	123	1
191	193	1
6	6	4
196	197	3
45	46	1
86	114	1
134	140	1
174	175	2
153	153	2
33	49	1
112	112	1
33	33	1
146	151	1
153	190	1
36	37	1
20	20	1
170	170	1
7	7	1
42	42	1
16	37	1
22	36	1
109	109	2
107	130	1
142	144	1
126	126	2
9	28	1
162	162	1
153	157	1
40	41	2
19	21	1
166	166	1
168	169	1
16	17	1
130	197	1
55	60	1
34	35	2
114	114	2
143	155	1
115	196	1
99	144	1
10	11	1
124	185	1
127	128	1
113	113	2
182	182	1
10	10	1
14	14	1
144	145	1
143	174	1
150	150	3
24	27	1
68	74	1
88	89	1
1	2	1
60	60	1
139	140	1
46	49	1
160	160	1
57	110	1
72	72	1
142	143	2
30	33	1
52	56	1
132	134	1
120	146	1
30	30	1
54	55	2
164	165	1
11	12	2
55	55	1
148	149	1
5	5	1
53	66	1
34	36	1
53	54	1
11	51	2
158	159	1
173	176	1
81	82	1
140	177	1
35	35	1
101	113	1
145	145	1
59	61	1
9	23	1
181	181	1
96	99	1
180	190	1
160	161	1
172	182	1
182	185	1
