24	24	3
68	69	2
73	75	1
111	111	1
19	21	3
36	36	3
80	81	2
6	7	1
13	13	5
38	40	2
17	17	3
67	68	1
120	139	1
99	135	1
132	132	3
135	135	3
71	71	1
14	14	2
144	144	4
34	34	1
137	138	1
48	48	3
64	65	2
40	40	2
52	56	2
87	93	1
119	140	2
21	22	2
74	98	1
57	58	5
121	142	1
35	36	2
110	111	1
2	3	1
67	70	2
101	101	2
33	35	1
47	47	4
147	148	1
55	71	1
128	144	1
123	124	2
73	74	1
87	87	2
46	47	1
24	45	1
55	56	1
122	122	3
132	148	1
76	77	1
66	66	1
149	149	1
96	98	2
140	142	2
110	110	2
63	63	5
64	64	3
128	130	1
33	34	1
32	33	2
10	10	1
48	49	1
148	148	5
125	127	1
62	63	1
68	68	6
122	142	2
32	64	1
77	77	1
97	113	1
8	8	3
46	46	2
65	66	2
149	150	4
115	136	2
97	116	1
18	18	3
53	53	3
12	13	1
111	114	3
18	19	1
95	95	1
131	138	2
43	44	2
78	78	4
6	6	2
42	77	1
103	111	1
95	116	1
84	98	1
13	15	1
139	145	1
143	144	3
69	72	1
30	31	3
38	38	2
63	64	1
129	129	2
67	67	1
22	22	2
129	139	1
121	123	1
109	110	1
8	9	2
124	124	1
30	100	1
69	69	4
83	86	1
29	30	2
26	26	1
146	147	1
25	34	1
39	42	1
28	29	1
126	127	2
100	102	1
130	130	2
15	20	1
96	96	1
132	134	1
78	79	1
99	100	1
121	138	1
92	92	1
108	114	1
35	35	5
83	84	2
71	80	1
102	116	1
29	102	1
99	99	1
137	139	1
73	73	3
43	43	4
81	82	1
27	28	1
56	57	2
72	72	3
17	18	3
14	15	1
19	25	2
65	76	1
73	96	1
104	104	1
82	83	2
127	136	1
106	108	1
44	44	1
52	68	1
105	105	1
133	133	4
138	138	1
134	139	1
22	23	1
19	19	2
39	40	1
80	80	3
150	151	1
57	66	1
97	105	2
9	9	2
97	97	1
95	97	2
49	49	1
118	118	2
37	38	2
103	108	1
23	45	2
88	88	1
137	137	1
115	117	1
56	56	2
7	7	3
135	136	1
146	146	1
21	23	2
93	93	2
149	151	1
4	4	1
121	125	2
45	45	3
21	21	3
10	11	1
53	54	2
93	103	1
5	5	1
125	125	3
125	126	1
41	41	1
107	108	1
114	125	1
50	51	1
39	39	1
42	49	1
126	146	1
23	27	1
11	12	1
18	27	1
23	26	1
107	107	1
101	104	1
130	132	1
8	10	1
89	96	1
121	139	2
123	154	1
131	133	1
54	56	2
131	132	1
140	140	2
115	116	1
70	72	1
127	127	1
16	16	1
128	129	1
134	136	1
44	45	1
141	141	1
25	26	2
6	63	1
65	84	1
139	146	1
154	154	1
54	55	1
84	84	1
30	83	1
6	62	1
119	120	1
133	136	1
116	116	1
20	28	1
15	16	1
29	32	1
11	11	1
89	97	1
73	78	1
117	118	1
141	144	1
50	55	3
43	46	1
9	10	1
41	53	1
114	117	1
40	41	1
34	35	2
56	67	1
14	26	1
71	81	1
151	151	1
112	126	1
139	142	1
113	114	1
21	29	1
134	138	1
50	53	1
69	86	1
142	143	1
77	81	1
5	6	1
