32	32	3
66	66	2
94	94	1
89	103	1
103	104	2
90	90	4
58	59	4
23	23	1
103	108	3
96	97	1
81	83	1
19	28	1
62	62	3
30	31	1
77	108	2
108	108	1
80	85	2
45	45	4
47	55	3
73	73	1
65	65	10
34	34	1
27	28	2
91	92	2
72	108	1
71	72	3
52	52	1
55	56	1
85	85	2
107	108	1
103	103	1
31	31	2
33	34	2
78	78	4
69	71	1
56	57	1
79	84	1
54	58	1
55	59	1
103	106	4
73	76	3
81	81	3
78	104	1
111	111	1
68	68	2
66	67	1
38	39	1
83	84	2
79	79	5
84	84	1
61	67	1
100	100	4
96	96	1
93	94	1
71	71	3
97	97	1
62	107	2
105	107	1
115	115	1
103	109	2
78	105	1
29	29	1
90	91	1
109	109	2
93	93	1
47	75	1
41	41	1
99	100	2
64	65	2
82	102	1
44	97	1
87	87	1
101	101	1
86	93	2
38	38	1
76	76	3
73	107	2
75	75	1
79	109	1
30	30	2
73	75	1
106	107	1
74	74	2
44	44	1
70	71	3
102	109	2
26	27	3
61	63	2
106	106	1
102	102	3
50	52	1
111	113	1
33	33	1
23	37	1
85	86	1
88	88	1
58	98	1
46	105	1
57	57	1
70	72	1
110	110	1
57	59	1
102	103	1
91	91	2
75	76	1
79	86	1
61	62	2
91	109	1
98	98	3
97	98	1
21	22	1
50	51	1
35	35	1
95	95	1
65	68	1
69	74	1
65	66	1
85	92	1
20	20	1
47	47	1
53	56	1
55	55	1
56	56	2
99	99	1
62	82	1
27	27	1
88	92	2
