181	181	1
86	86	3
109	110	3
156	156	2
139	139	2
78	78	1
11	34	1
187	188	10
16	16	6
135	136	1
11	25	1
27	28	7
112	112	3
32	33	8
156	157	2
127	127	2
0	5	1
17	18	1
124	124	7
41	122	1
173	173	3
107	107	2
110	111	2
5	5	1
171	171	3
101	107	1
166	166	7
12	12	1
2	54	3
104	114	1
70	72	1
174	183	3
78	101	3
172	173	2
57	58	1
177	177	4
22	23	2
7	7	4
183	186	1
92	92	3
174	175	1
153	162	1
104	104	1
134	135	1
162	162	4
62	62	2
164	165	3
40	41	1
145	154	2
71	72	2
71	119	1
169	169	1
89	91	1
169	170	3
106	107	1
72	73	1
156	158	2
104	107	1
164	170	2
185	186	3
152	164	3
116	116	2
176	176	3
157	181	1
141	150	1
83	84	4
120	120	2
31	104	1
53	55	2
158	161	2
134	141	2
129	129	2
8	122	2
89	89	6
72	72	2
167	168	2
22	26	2
47	48	1
133	133	4
90	91	2
48	48	4
175	175	5
62	108	1
105	134	1
25	25	7
17	17	5
31	31	4
65	67	1
146	147	3
149	166	2
26	27	1
68	68	2
142	142	2
76	92	1
126	127	1
36	36	2
159	159	4
46	47	3
80	80	3
13	13	1
2	2	2
34	35	1
65	65	5
138	138	4
18	20	5
136	136	1
148	148	7
77	78	2
31	33	1
58	71	1
119	119	2
159	183	1
135	140	1
66	111	1
119	128	2
189	189	3
134	144	3
105	105	4
173	178	1
151	168	1
84	85	1
167	167	5
141	144	2
10	27	1
135	135	2
144	154	1
38	39	1
12	13	1
19	20	2
41	41	5
1	1	2
42	122	2
151	151	1
179	179	1
116	117	1
104	105	1
175	176	1
145	145	6
95	95	3
102	103	1
153	153	6
122	122	5
121	121	3
4	6	1
144	146	2
170	170	1
82	82	1
146	149	1
154	179	1
152	152	6
93	94	1
91	93	2
148	149	1
180	181	2
13	17	1
80	81	1
57	57	1
90	90	1
61	62	1
93	93	3
120	121	1
29	29	4
10	11	2
150	150	2
14	47	2
53	53	1
131	131	1
186	189	2
132	133	2
91	91	1
73	73	1
21	21	2
73	115	2
154	155	1
165	165	1
101	102	2
64	64	3
147	148	2
60	61	1
61	61	1
43	43	2
158	159	4
117	117	2
168	168	1
74	76	2
159	160	1
129	142	1
110	110	3
39	40	1
67	67	1
145	149	1
188	188	1
137	138	1
10	12	1
16	17	2
23	23	1
118	118	2
30	31	3
186	187	1
77	77	2
182	182	2
70	70	2
19	19	5
26	60	5
78	103	2
37	123	1
14	14	2
129	130	3
44	44	1
71	71	3
107	112	1
155	155	4
103	103	1
115	116	2
20	20	2
155	170	1
125	127	2
89	154	1
99	99	2
165	168	2
178	179	1
175	178	1
30	35	1
185	189	1
129	135	1
22	22	1
47	47	1
27	36	1
148	159	1
16	18	1
162	163	3
4	5	1
123	129	1
119	120	3
41	42	2
62	68	3
18	19	2
28	31	1
111	111	2
40	40	1
74	110	2
27	27	1
149	149	1
52	52	1
94	94	2
56	56	2
170	176	1
56	57	1
139	157	1
43	44	1
15	15	1
100	100	4
4	4	2
30	44	1
83	151	1
91	92	1
133	135	2
3	3	1
37	37	1
142	143	1
177	182	1
176	177	1
123	125	1
79	95	1
58	58	1
186	186	2
106	106	3
141	141	2
97	97	1
79	79	1
39	39	2
46	46	1
79	81	3
90	100	1
18	18	1
23	24	1
150	164	1
19	25	1
78	95	1
101	104	1
170	173	1
185	185	2
3	4	1
85	85	2
157	180	2
1	41	1
155	161	1
130	130	2
21	24	1
119	139	1
124	126	1
36	38	1
84	169	2
120	125	1
163	163	4
153	157	1
81	92	1
30	128	1
87	166	1
15	109	1
156	163	1
157	163	1
32	32	1
128	128	2
74	75	1
96	96	1
179	180	1
34	128	1
5	6	1
62	64	1
157	157	2
188	189	1
178	180	2
106	146	2
88	88	3
152	153	1
166	167	1
183	183	2
182	183	1
65	66	2
79	80	1
108	108	2
45	45	1
130	133	1
9	13	1
102	102	1
125	126	1
123	128	1
113	113	1
85	86	1
110	119	1
74	74	1
137	137	1
111	113	1
108	111	1
81	81	1
143	149	1
175	189	1
12	15	1
82	84	1
146	146	1
163	164	2
114	114	1
143	153	1
76	77	2
5	7	1
115	146	1
137	139	1
121	123	1
13	15	1
34	124	1
67	69	2
116	118	1
108	122	1
152	185	1
10	10	1
73	75	1
43	107	1
187	187	2
6	7	1
55	61	1
85	87	1
30	30	1
54	55	2
36	79	2
101	101	1
156	168	1
147	152	1
36	37	1
184	185	1
55	55	2
90	127	1
33	35	1
114	115	2
33	33	1
120	144	1
9	43	2
86	168	1
129	164	1
184	184	1
153	154	1
59	60	1
13	16	1
19	55	1
8	8	1
147	147	1
75	75	1
93	100	1
35	35	1
63	63	2
94	99	1
144	145	1
146	153	1
14	17	1
145	146	1
161	163	1
27	77	1
24	24	1
24	26	1
34	48	1
175	183	1
