63	64	3
60	60	4
102	103	1
66	66	2
64	66	1
105	106	1
96	96	4
124	125	1
59	59	2
77	77	3
114	114	1
7	92	1
111	111	1
9	9	3
17	17	1
50	51	1
11	13	1
98	98	6
28	29	1
108	108	1
78	95	1
125	125	3
24	24	2
68	68	1
16	17	2
79	79	1
82	95	1
65	65	1
111	120	2
81	87	1
73	73	3
130	131	1
25	25	4
2	3	1
19	19	2
55	55	2
112	112	3
6	6	1
56	56	1
106	129	1
5	5	3
124	124	4
27	27	3
89	90	1
120	120	3
33	33	2
82	96	1
131	132	2
61	61	6
128	129	3
120	129	2
133	133	2
5	7	1
99	99	4
13	13	2
35	35	4
16	16	1
21	21	1
62	65	1
19	20	2
85	114	1
102	102	2
8	9	2
105	105	4
30	30	2
119	120	1
33	34	1
94	95	1
69	76	1
86	86	2
71	71	1
75	75	3
74	74	4
112	120	1
94	94	2
24	26	1
124	127	1
88	88	1
53	53	2
128	128	5
97	97	1
101	102	1
31	32	1
93	93	2
92	92	1
123	130	1
103	103	2
102	114	1
75	76	1
115	115	3
113	113	1
76	76	1
57	58	1
91	91	2
103	113	1
134	134	1
7	7	2
108	121	1
114	118	1
55	57	1
100	100	2
11	14	3
91	92	2
49	49	1
58	60	1
70	70	3
62	62	1
80	80	1
6	84	2
11	11	1
131	131	2
77	78	2
87	87	2
110	111	2
18	18	1
27	28	1
64	73	1
127	127	2
5	6	2
114	115	1
55	134	1
114	117	1
8	11	1
107	108	1
63	63	1
10	11	2
95	95	1
90	90	1
4	4	1
35	36	1
129	130	1
58	58	2
68	69	2
13	14	1
48	50	1
71	95	1
29	29	2
2	2	2
130	130	2
116	118	1
65	67	1
24	117	1
57	57	1
72	72	1
84	100	1
71	73	1
117	117	1
107	107	1
86	87	1
52	52	2
118	118	1
103	126	1
111	112	1
52	54	1
91	125	1
4	5	2
49	50	1
43	43	1
29	30	1
53	54	1
121	126	1
99	100	1
36	36	1
82	82	1
82	83	1
109	109	1
23	25	1
44	44	1
85	86	1
1	12	1
31	31	1
113	114	1
