91	103	1
127	127	3
6	6	6
30	31	5
161	162	1
31	31	6
4	6	1
112	124	2
24	44	2
37	37	5
132	132	3
168	168	1
164	178	2
57	59	1
108	126	1
50	50	4
112	112	5
11	13	2
56	57	2
35	35	5
132	133	5
2	5	1
21	24	1
28	174	1
32	32	4
62	62	2
135	135	2
9	22	4
19	19	4
134	134	1
25	26	6
23	23	2
146	163	1
162	162	1
177	177	1
45	45	4
167	167	1
24	39	2
5	16	2
43	43	3
165	166	1
26	26	5
20	30	2
45	46	1
12	12	4
176	176	1
56	56	1
62	122	1
2	2	3
94	96	5
131	131	3
83	103	1
36	37	1
109	110	2
178	178	1
24	24	4
140	152	2
168	169	2
49	49	1
11	14	1
26	28	2
15	17	1
30	43	3
179	179	2
140	140	2
118	118	3
71	71	4
72	73	2
42	42	1
19	20	2
20	20	2
170	174	1
30	30	3
157	164	2
88	105	1
9	9	2
75	87	3
4	4	2
59	59	3
24	25	1
160	160	3
3	45	2
21	21	1
176	179	2
153	153	1
51	51	1
126	126	1
28	94	2
81	81	2
62	66	1
123	123	4
29	29	3
88	89	1
129	129	1
106	106	1
19	33	3
126	127	1
125	125	2
121	123	1
19	26	2
79	79	1
87	105	1
31	33	1
130	136	1
37	39	1
142	142	3
34	36	1
15	21	2
4	5	2
5	6	2
82	82	2
138	138	1
151	151	3
6	7	3
20	23	3
22	45	2
105	107	1
59	104	1
173	173	4
27	27	3
3	3	5
65	65	1
175	176	1
156	156	1
114	180	1
8	8	2
39	39	1
116	116	1
147	148	1
76	89	1
151	173	1
19	45	1
124	125	1
32	35	2
86	86	1
113	113	1
139	159	1
102	102	2
7	35	1
14	32	2
163	167	1
97	97	2
23	24	1
24	26	2
23	28	1
18	24	3
25	27	2
17	24	1
18	18	1
0	14	1
17	17	3
158	173	1
141	159	2
116	117	1
23	27	2
7	7	2
60	96	1
10	11	2
115	125	1
2	4	3
25	25	3
28	90	1
96	101	2
76	77	2
78	80	2
7	33	1
44	44	2
153	157	1
22	22	3
162	163	2
10	10	6
50	75	1
34	34	1
100	101	1
2	3	3
99	99	3
40	41	1
164	165	1
174	174	1
54	54	2
81	82	2
125	163	1
52	52	1
89	89	1
77	78	1
85	87	1
172	177	2
0	0	1
18	20	1
14	131	2
50	97	1
137	137	1
3	7	1
77	77	3
33	33	3
44	45	2
36	36	1
3	5	1
4	22	1
180	180	4
70	72	1
5	9	1
28	29	1
52	59	1
125	166	2
74	88	1
13	15	1
2	16	1
51	59	1
151	165	1
27	28	4
54	55	2
155	161	2
99	100	1
16	16	1
83	83	2
60	60	2
101	101	1
15	15	5
90	105	1
157	161	1
133	135	1
171	172	1
139	139	1
113	116	1
65	66	1
43	44	1
137	138	1
126	128	1
54	74	1
26	27	1
54	85	1
71	72	1
119	119	1
123	131	1
78	78	3
98	98	2
18	21	1
107	107	1
169	169	2
82	95	1
20	31	1
1	2	1
80	109	2
24	29	1
141	141	2
4	35	2
136	137	1
66	78	1
16	22	1
66	67	1
4	46	1
76	91	1
31	32	1
127	129	2
78	118	1
80	80	1
124	165	1
38	38	1
132	134	1
75	75	1
113	115	1
55	92	1
5	7	1
3	13	1
2	8	1
1	6	1
161	166	2
164	164	1
130	135	1
172	173	1
62	129	1
164	170	1
150	150	2
62	63	1
23	31	1
43	45	1
73	81	2
146	164	1
108	109	1
16	41	1
57	96	1
21	22	1
5	14	1
56	91	1
29	30	2
88	179	1
152	153	1
144	144	1
133	133	1
134	136	1
16	40	1
13	125	1
72	84	1
12	126	1
16	21	1
120	121	1
88	92	1
108	108	1
114	115	1
103	104	1
61	100	2
15	22	1
12	13	1
8	10	1
134	142	1
5	5	1
61	120	1
127	171	1
33	34	1
68	68	1
120	120	1
97	115	1
3	4	2
141	148	1
155	156	1
79	80	1
164	166	1
39	40	2
161	161	1
92	93	1
22	30	2
14	14	1
11	11	1
86	90	1
160	162	1
141	150	1
16	124	1
41	41	1
21	31	1
13	13	1
101	102	1
141	143	1
154	166	1
65	72	1
33	38	1
96	96	1
88	133	1
