66	68	2
149	149	2
98	99	1
66	66	4
4	6	3
28	28	2
16	17	1
80	82	1
14	26	2
96	97	2
106	118	2
55	101	1
74	79	2
8	16	1
112	112	3
78	80	2
27	27	1
34	34	3
47	79	1
5	10	1
73	73	4
119	131	2
94	97	2
42	42	4
99	99	2
19	19	5
105	105	2
35	35	2
74	74	4
13	14	1
38	40	2
132	142	1
138	138	1
139	139	5
120	121	2
103	103	1
141	141	1
94	98	2
104	107	2
40	40	1
47	55	1
33	33	5
138	146	1
26	76	1
37	37	3
100	101	1
40	43	1
94	94	1
76	77	2
13	15	3
43	44	4
57	57	1
10	10	2
14	27	2
96	96	4
14	14	3
15	16	4
83	90	1
148	148	1
146	146	2
100	113	2
10	11	2
133	136	1
109	109	1
132	138	1
88	90	1
92	92	1
107	107	2
147	148	1
11	24	3
71	92	1
19	20	1
24	24	2
32	33	1
21	21	2
5	8	1
75	82	3
83	83	2
76	84	1
56	56	2
12	13	1
117	117	2
50	50	2
38	68	5
57	105	1
13	13	4
31	31	3
63	63	1
47	63	1
77	77	3
86	86	1
51	75	2
118	118	1
36	36	6
22	22	4
142	144	1
80	81	2
55	55	5
32	32	3
62	63	1
41	109	3
101	112	1
29	84	1
85	85	4
43	43	1
75	75	1
6	6	1
12	12	3
22	33	3
131	131	3
147	147	5
134	135	1
5	6	2
66	67	1
38	38	2
146	150	1
100	102	1
130	136	1
140	140	3
125	128	3
144	144	4
82	82	6
45	45	3
41	57	1
79	79	2
31	71	1
5	5	2
151	151	3
41	53	3
48	48	1
15	15	1
2	130	1
83	86	1
120	129	2
130	139	2
140	143	1
4	4	1
23	23	1
137	137	3
119	119	2
120	120	1
121	123	1
39	40	2
53	69	2
28	29	3
132	132	2
101	101	2
84	85	2
95	95	1
98	119	1
28	30	3
78	79	1
40	41	2
8	8	2
62	62	1
80	80	2
9	12	1
51	52	1
95	97	1
20	32	2
58	58	1
69	70	3
85	86	2
20	23	1
143	143	1
141	144	2
114	114	1
69	69	1
84	84	1
154	154	3
83	99	1
71	113	2
46	46	2
15	48	2
19	21	1
81	81	1
3	3	1
22	26	2
31	87	1
68	68	2
89	113	2
23	110	1
39	52	3
64	64	1
90	90	1
121	122	1
33	39	2
119	122	1
123	124	1
20	20	1
29	29	5
20	21	1
75	94	1
34	36	1
21	22	1
49	50	1
124	124	2
29	32	1
66	94	1
70	78	1
26	26	2
115	117	1
5	21	2
127	132	1
43	47	1
135	135	1
66	93	1
38	39	3
72	72	2
70	74	1
26	27	2
136	136	1
24	26	1
81	82	1
93	103	1
72	94	1
64	80	1
22	23	3
76	76	2
85	87	2
58	63	1
42	43	4
15	24	1
37	77	2
102	103	1
132	136	1
4	5	1
33	86	1
3	5	1
102	102	1
13	22	1
23	24	1
140	141	1
46	109	1
133	133	1
127	131	2
48	49	1
152	152	1
19	23	1
83	84	1
115	118	1
6	8	1
33	34	1
25	25	1
122	127	1
15	27	1
87	99	1
84	86	1
124	125	1
125	125	1
92	97	1
91	113	1
65	69	1
90	93	1
11	27	1
128	128	2
104	104	1
135	144	2
73	74	1
115	115	1
45	46	1
115	116	2
127	127	1
45	48	1
43	51	1
82	99	1
65	66	1
108	109	1
30	34	1
