63	64	2
241	243	4
189	190	2
167	167	7
212	212	4
171	174	3
240	240	5
12	37	2
37	37	1
109	111	2
49	183	3
225	225	4
61	64	3
20	20	2
4	5	5
2	19	1
46	46	4
112	113	2
230	230	6
149	150	1
48	48	2
245	246	2
118	118	3
91	91	4
219	221	1
248	248	2
198	199	5
221	225	1
158	248	2
76	84	2
191	191	4
207	207	4
206	207	1
47	48	1
198	198	9
91	94	1
180	180	7
201	201	2
223	223	2
21	22	2
242	245	2
183	219	1
104	104	3
90	91	2
159	178	2
241	242	2
102	102	4
8	8	6
83	90	2
81	119	2
73	76	3
224	225	1
168	169	1
89	93	1
223	224	1
184	190	4
74	76	1
215	216	1
45	45	1
217	218	2
80	83	4
198	226	1
184	185	2
4	47	1
176	182	1
114	115	5
188	191	3
210	210	2
195	195	3
107	107	2
108	117	4
193	194	3
44	45	1
25	26	2
87	87	2
51	51	1
211	218	3
61	62	5
233	233	3
87	89	2
51	52	1
52	52	4
65	70	1
197	197	5
103	103	3
77	78	2
170	171	5
176	176	1
169	169	6
226	232	1
241	241	2
198	200	1
80	81	4
160	172	1
18	18	3
177	177	6
154	154	3
45	46	3
72	73	6
97	97	3
101	101	3
90	90	2
237	237	6
207	210	2
189	189	3
221	221	2
118	119	5
182	182	1
153	153	7
82	82	2
60	60	4
80	101	1
196	199	1
85	86	3
88	92	2
36	36	3
74	74	8
156	156	6
163	163	5
222	225	3
166	167	1
24	225	2
66	67	1
178	179	1
150	150	6
68	68	5
68	69	2
81	81	1
192	194	3
236	236	4
66	66	2
210	211	2
172	172	2
236	240	1
59	59	2
164	165	2
105	105	2
61	61	3
227	227	3
205	205	5
80	80	1
209	209	2
185	185	3
41	53	1
25	25	3
239	239	4
76	77	5
218	218	3
238	238	3
160	174	2
188	188	6
179	179	1
70	70	6
191	192	1
75	75	4
186	186	5
76	76	1
118	152	1
14	14	4
119	119	4
222	222	1
145	145	3
177	178	2
166	182	1
211	224	1
228	228	1
160	166	1
235	235	4
65	65	4
175	176	1
209	210	3
53	56	1
203	203	3
65	66	1
184	201	1
102	119	1
187	188	1
17	17	2
155	155	2
48	49	4
160	179	1
115	116	5
146	147	1
22	23	3
184	188	2
95	109	1
165	166	3
156	179	1
171	171	4
39	39	3
65	67	4
113	113	5
68	73	1
157	159	1
197	208	1
84	101	1
111	111	4
197	199	5
234	235	2
33	33	2
78	100	1
211	213	1
189	221	1
200	200	1
7	8	3
161	162	2
64	64	6
49	50	3
97	98	3
187	190	4
178	178	7
68	85	1
19	19	1
85	103	2
87	88	2
47	182	1
62	62	1
217	217	5
183	183	2
215	215	2
71	71	1
19	20	1
5	30	1
71	74	1
162	163	2
29	29	1
10	11	1
89	90	3
103	104	2
81	97	1
88	88	1
62	64	1
162	174	1
9	9	1
160	216	1
188	190	2
81	87	1
171	179	1
146	151	3
77	77	6
5	39	2
179	200	2
20	21	1
237	238	1
238	239	1
158	158	2
173	174	2
191	193	1
43	43	2
234	234	2
236	237	3
100	102	2
68	70	3
61	66	2
208	248	2
21	21	4
194	194	1
151	151	1
182	216	1
99	99	3
172	173	1
120	120	1
199	199	3
235	236	1
74	75	2
157	157	1
89	99	1
119	174	1
28	28	4
152	152	1
152	153	1
29	36	1
197	198	1
229	229	2
163	164	2
169	171	2
162	186	1
109	109	6
213	224	2
67	71	1
11	172	2
63	63	2
204	205	1
224	224	2
49	49	3
213	214	3
200	235	1
208	230	2
209	238	1
44	44	1
22	22	3
225	236	1
159	159	2
117	117	3
170	175	2
211	231	2
69	69	2
56	64	2
41	43	1
54	216	1
243	243	3
30	30	1
202	207	1
75	76	1
163	189	1
162	162	2
117	119	2
60	61	1
107	111	2
31	52	1
246	246	1
159	160	1
243	245	3
214	217	1
41	41	3
61	111	1
92	92	2
66	80	2
67	67	1
152	157	1
31	53	3
115	115	2
73	105	2
210	218	1
78	78	1
145	146	1
221	222	1
17	18	2
153	155	1
114	114	2
51	220	1
160	161	2
219	220	2
219	219	1
176	177	3
78	79	1
246	247	1
89	89	1
222	226	1
240	241	2
222	232	1
16	55	1
169	170	3
58	58	2
100	100	2
39	69	1
69	77	1
50	51	1
2	2	2
16	16	3
211	212	2
29	35	1
23	23	1
45	81	1
11	11	1
2	156	1
108	108	3
57	57	1
70	76	2
82	83	1
150	155	1
168	168	2
226	227	1
117	118	1
93	93	3
73	73	1
52	167	1
63	150	1
104	106	1
150	227	1
187	187	2
177	183	1
55	60	1
105	106	3
211	225	1
93	100	1
181	181	1
172	174	1
167	171	1
214	230	1
4	37	2
83	89	2
69	71	1
94	173	1
196	196	2
64	65	4
62	214	1
236	243	1
29	39	1
59	111	1
244	245	1
99	100	1
24	24	1
145	152	2
163	165	1
166	166	3
27	27	1
71	72	3
192	196	1
53	54	1
93	94	1
174	174	1
60	62	1
9	10	1
192	193	3
150	229	1
59	60	1
47	168	1
15	15	1
215	243	1
99	103	1
94	95	1
73	74	1
76	104	1
165	167	1
35	36	2
12	12	2
95	115	2
14	18	1
190	190	1
206	206	1
102	103	1
53	53	1
213	213	3
179	180	1
209	213	1
51	62	1
106	106	2
61	99	1
184	184	2
242	243	1
101	108	1
78	89	1
60	64	1
208	208	2
183	184	2
79	79	1
15	39	2
113	114	1
242	247	1
41	54	2
185	186	1
66	68	1
14	15	1
156	160	1
57	58	1
173	182	1
54	54	1
48	72	2
160	160	1
226	230	2
164	164	1
53	83	1
5	5	1
233	246	1
203	204	1
63	164	1
160	178	1
199	239	2
185	190	1
26	26	1
233	234	1
244	244	1
193	208	1
171	172	1
59	77	1
220	220	1
54	57	1
232	232	1
112	112	1
211	238	1
226	226	1
152	160	1
43	87	1
87	118	1
116	116	1
82	85	1
239	241	1
201	202	1
8	9	1
83	85	1
59	76	1
72	72	1
43	44	1
237	240	1
111	245	1
