23	23	5
67	67	7
64	64	3
40	78	1
34	34	4
88	88	1
120	120	2
94	94	3
27	27	9
46	121	1
76	78	3
46	47	2
98	98	1
9	9	5
79	79	4
47	66	2
69	69	2
23	77	1
113	113	6
19	19	3
30	82	2
13	13	3
32	32	2
43	45	1
90	90	3
95	96	2
107	128	2
85	111	1
123	123	3
14	14	1
41	41	6
133	134	1
18	94	1
12	40	1
74	74	1
6	88	1
126	126	3
11	13	1
25	25	2
19	35	2
11	40	2
65	65	5
80	84	1
118	118	1
8	9	1
29	29	5
34	36	1
37	39	2
67	76	1
35	37	2
10	10	1
12	12	3
59	59	2
5	20	1
19	20	3
3	3	1
8	8	3
101	101	6
10	11	2
19	21	2
77	77	4
32	82	1
80	80	3
59	61	1
70	73	1
71	71	4
86	88	1
57	75	1
81	86	1
58	85	2
70	70	4
15	16	2
99	100	3
31	77	3
59	107	1
105	105	2
46	46	6
92	92	2
131	132	1
133	133	2
9	12	1
107	127	2
83	83	4
116	116	4
75	75	2
49	93	1
11	11	10
16	47	1
37	43	1
104	105	1
28	42	1
30	30	3
57	58	5
62	74	1
15	15	8
47	47	7
78	78	1
86	86	4
21	21	1
25	29	2
66	66	2
6	6	3
11	78	1
2	2	1
8	93	2
45	62	1
89	90	2
63	63	3
56	76	1
24	83	1
6	7	2
123	124	1
78	93	1
70	71	1
61	61	2
93	95	1
121	122	1
107	109	1
50	127	1
75	84	2
119	120	1
20	21	2
38	38	1
91	91	3
59	60	1
76	76	6
40	42	2
110	112	1
21	133	2
46	48	1
4	7	1
109	109	1
27	29	2
45	45	1
30	32	2
107	130	3
29	30	2
108	114	3
18	18	6
91	97	1
87	87	4
122	125	1
32	129	1
93	93	1
114	132	3
95	99	1
127	127	1
15	17	1
62	62	3
0	1	1
107	112	1
72	72	1
97	97	2
1	130	2
100	106	2
11	70	2
114	114	1
40	40	2
6	89	1
110	110	2
87	88	3
106	106	2
75	76	1
25	83	1
40	81	1
78	79	1
60	60	1
97	99	1
60	82	2
42	42	1
73	73	2
27	31	1
88	92	1
36	36	1
5	5	1
12	13	1
1	14	1
47	100	2
117	117	2
81	81	1
9	63	1
85	95	1
81	94	1
79	91	1
118	122	1
15	23	1
78	80	1
92	94	1
25	28	1
19	88	2
33	33	2
57	57	1
20	132	1
7	10	2
91	92	2
39	39	1
56	56	1
132	132	3
102	102	1
45	128	2
7	92	1
82	85	1
21	29	1
15	82	1
19	80	2
25	26	1
47	93	1
128	129	1
17	17	2
115	116	1
30	92	1
25	75	1
26	26	2
13	66	1
120	126	1
66	92	1
26	57	1
43	43	4
103	103	2
134	134	1
21	132	1
34	72	1
98	99	1
11	12	1
44	75	1
62	63	2
6	94	1
128	128	1
37	38	1
25	99	1
69	82	1
26	93	1
98	116	1
121	126	2
1	97	1
71	72	1
16	20	1
51	54	1
44	61	1
57	81	1
129	129	3
9	31	1
35	35	1
85	86	2
82	82	2
104	104	1
10	47	2
48	48	1
44	46	1
124	124	3
30	55	1
18	134	1
27	28	1
131	131	1
10	78	1
50	51	1
46	64	1
129	132	1
24	24	1
55	55	1
76	92	1
28	28	1
3	19	1
101	130	2
96	99	1
95	100	1
26	27	1
119	119	1
64	68	1
81	83	1
58	58	1
20	20	1
76	83	1
12	82	1
31	72	1
96	128	1
40	51	1
119	125	1
83	94	1
50	50	1
79	80	1
22	60	1
95	95	1
72	73	1
33	76	1
94	96	1
115	131	1
107	107	1
76	116	1
66	95	1
14	71	1
55	93	1
75	124	1
106	107	1
86	97	1
45	99	1
123	125	1
130	130	1
85	85	1
19	82	1
125	125	1
