69	69	3
63	63	6
78	78	6
104	120	1
83	85	1
126	126	2
70	71	1
113	113	1
93	93	1
95	95	2
28	28	1
132	132	1
59	59	2
52	52	7
68	72	1
51	51	3
100	100	1
24	24	2
86	93	1
73	73	1
38	38	1
19	23	2
17	17	1
105	131	1
20	20	2
97	97	3
44	44	3
91	91	1
6	7	2
15	15	3
49	51	2
46	48	1
85	85	1
71	71	10
3	3	1
96	96	4
74	74	4
70	70	1
55	55	7
20	22	1
52	53	3
0	0	2
63	64	1
24	25	1
29	29	1
111	111	3
18	18	4
122	122	3
15	16	1
70	89	1
105	105	2
77	78	1
124	128	1
41	41	1
51	52	3
32	32	2
81	121	1
4	4	1
124	124	1
19	19	1
104	104	2
75	75	2
27	29	1
62	62	4
130	130	1
39	39	2
118	120	3
27	28	1
33	33	1
16	16	4
46	47	1
56	56	1
13	13	3
79	79	1
5	6	1
23	25	1
6	6	1
114	114	3
13	15	1
119	119	3
53	112	2
9	9	2
103	103	4
0	52	1
23	24	1
9	10	2
99	100	1
61	61	1
101	101	3
23	23	3
129	130	1
117	117	1
115	115	3
118	118	2
42	44	1
116	117	1
47	47	5
106	108	1
52	54	1
0	1	1
49	49	2
127	128	1
91	92	1
28	30	1
25	26	2
90	90	2
125	126	2
33	45	2
100	116	2
28	32	1
117	130	1
69	76	1
32	33	1
127	131	2
106	106	2
11	11	1
121	122	1
45	45	1
102	102	2
65	65	1
12	12	2
2	2	3
125	125	2
58	58	2
19	20	1
69	90	1
69	109	1
88	89	1
92	94	1
18	42	1
81	81	2
5	5	1
31	31	1
15	22	1
126	127	1
121	121	1
125	127	1
13	20	1
89	90	1
104	105	1
78	128	1
109	109	3
2	4	1
106	107	1
56	122	1
107	109	1
57	57	1
65	108	3
12	13	1
123	123	1
11	26	1
45	47	1
110	110	1
49	50	1
12	46	1
54	57	1
127	127	1
41	44	1
21	22	1
33	44	1
74	80	1
14	14	1
83	84	1
30	31	1
54	54	1
42	42	1
1	79	1
129	131	1
80	80	1
72	72	2
43	44	1
66	68	1
