92	94	4
2	2	6
92	92	3
52	52	4
122	122	4
64	64	2
176	176	5
51	51	1
57	59	1
57	57	5
20	20	1
149	149	5
92	93	3
79	96	1
27	27	4
25	38	1
66	66	4
32	32	5
134	134	2
104	105	1
155	158	1
132	148	2
71	75	1
109	110	1
11	11	5
77	169	1
3	3	9
29	29	2
4	11	1
60	60	5
68	68	1
125	125	1
36	36	1
158	158	3
160	162	1
27	36	2
148	148	4
93	93	2
169	169	3
94	96	2
161	161	3
13	41	1
24	29	1
97	99	2
106	106	7
38	43	1
4	73	1
136	136	3
52	54	2
28	28	3
39	39	3
96	97	1
135	135	2
28	67	1
129	129	1
35	37	2
72	102	1
13	13	2
90	92	2
41	44	1
167	167	1
154	156	2
54	54	2
146	146	1
25	41	1
22	156	1
64	68	2
130	130	1
41	41	3
31	86	1
5	6	1
26	26	3
59	60	1
9	10	5
36	62	2
14	124	1
150	150	8
153	153	3
33	33	2
14	15	2
105	105	2
0	36	1
155	156	2
77	77	5
121	121	2
30	31	2
22	22	1
7	8	1
169	170	1
7	7	2
75	75	3
130	131	2
123	125	1
144	144	2
14	16	1
56	56	3
51	65	1
1	5	1
37	45	1
88	113	1
2	44	1
179	179	1
1	36	1
142	142	4
54	113	1
162	163	3
130	147	1
49	155	1
14	32	2
42	42	4
80	80	1
28	31	1
132	132	1
73	73	2
5	7	2
121	122	5
158	159	2
76	77	1
39	40	1
110	154	1
117	129	1
37	59	1
143	162	2
1	12	1
14	14	8
16	16	3
141	141	2
4	4	4
81	126	1
44	44	3
110	110	2
15	15	5
24	25	5
5	5	1
32	63	1
72	72	4
11	12	1
103	103	1
78	79	1
123	123	1
165	165	1
22	26	3
61	135	2
119	119	3
38	38	3
104	106	1
89	99	1
175	175	3
21	21	2
45	45	3
143	143	4
16	17	2
0	1	3
2	13	1
113	113	1
96	96	3
25	26	1
25	25	4
8	12	1
97	97	1
43	44	1
105	106	1
24	24	3
119	130	2
172	173	2
92	159	2
37	37	4
17	18	3
111	111	1
40	40	4
55	56	6
160	160	2
22	33	1
81	81	1
64	97	1
177	178	1
28	30	1
52	108	1
157	166	1
53	53	4
12	12	2
34	36	2
155	157	1
79	79	3
127	127	2
159	162	2
42	139	1
112	125	1
175	177	1
150	162	1
77	105	3
6	9	2
89	89	1
19	19	4
29	30	1
61	61	1
23	24	1
139	139	1
68	83	2
1	1	4
173	173	2
10	10	7
53	79	1
171	171	3
159	160	2
23	23	2
164	164	2
159	159	1
94	102	1
145	145	1
26	28	1
142	143	3
7	12	1
14	42	1
57	58	1
3	4	1
50	61	2
44	45	1
31	31	2
14	39	1
32	45	1
52	53	1
133	133	1
94	94	1
26	27	1
96	98	1
109	170	1
153	155	1
157	157	2
26	30	1
99	133	1
74	74	4
114	114	1
35	35	1
30	34	1
17	17	1
138	153	1
76	93	1
10	11	1
50	109	1
158	160	1
14	17	1
109	131	1
143	177	1
20	21	3
138	139	2
42	46	1
41	42	2
8	8	4
91	91	2
35	63	1
40	41	1
140	140	3
85	85	1
131	131	1
116	117	3
107	107	1
166	166	1
6	7	1
104	104	1
115	143	2
137	137	3
79	89	1
8	9	1
65	65	1
107	108	1
115	122	2
162	162	2
167	168	1
62	62	1
61	63	1
21	37	1
109	124	1
91	93	1
78	78	1
138	138	1
109	137	1
132	133	1
120	120	2
109	109	3
126	146	2
133	169	1
68	71	1
61	95	1
58	59	1
128	134	2
168	168	1
156	156	2
38	39	5
146	150	1
123	143	1
177	177	2
106	149	1
19	20	1
152	152	1
156	158	1
83	83	1
90	90	1
53	54	1
123	124	3
80	82	1
140	147	1
34	34	1
127	135	1
22	44	1
121	123	1
82	88	1
76	81	1
2	3	1
151	152	1
96	141	1
137	141	1
37	38	1
34	37	1
101	102	1
43	43	1
62	92	1
170	170	2
55	57	1
134	136	1
146	151	1
95	95	1
6	6	1
154	154	1
23	25	1
27	31	1
102	102	1
127	131	1
134	135	1
42	44	1
0	28	1
63	63	2
31	32	1
58	58	2
80	81	2
33	35	1
51	77	1
116	118	1
86	86	1
77	78	1
54	117	1
96	100	1
80	83	1
113	114	1
6	12	1
147	148	1
1	43	1
143	174	1
86	87	1
21	22	1
16	68	1
108	108	1
93	94	1
