56	56	4
15	20	4
9	25	1
46	46	2
201	201	2
56	57	4
34	34	3
209	209	2
162	163	3
217	218	3
69	206	1
153	154	2
63	63	2
223	225	1
110	113	2
217	217	1
190	191	2
59	59	3
225	228	1
180	180	4
81	83	2
176	176	2
197	197	1
156	157	2
226	227	1
62	62	3
126	126	2
63	66	1
198	199	1
13	14	2
212	234	1
51	52	3
53	53	2
55	55	3
32	53	2
111	112	1
13	13	2
170	171	2
123	124	1
216	216	2
103	105	1
37	53	1
40	45	1
241	241	2
158	158	1
125	125	5
26	26	3
13	15	4
232	233	2
236	236	3
70	71	2
184	184	1
165	165	3
171	171	2
191	197	1
41	41	1
62	63	1
89	100	3
188	193	1
22	23	2
223	223	2
183	183	2
156	176	1
242	242	1
83	106	1
73	74	1
193	193	1
7	8	1
149	167	1
49	50	2
52	52	4
106	106	3
50	51	2
75	75	8
196	196	3
35	35	2
76	76	2
15	39	2
142	142	1
29	29	3
185	185	1
130	130	2
9	9	2
157	173	1
191	198	1
83	83	1
227	227	3
186	186	1
43	43	1
17	31	1
212	212	1
166	166	1
147	148	1
199	199	2
52	53	3
41	56	1
215	215	2
179	180	1
66	66	1
177	177	2
67	67	2
16	16	1
229	229	2
24	207	1
78	78	1
36	36	2
58	58	4
225	229	1
21	23	2
19	24	1
62	148	1
212	227	2
191	191	2
11	14	1
64	65	3
105	122	1
99	99	1
85	86	2
101	101	1
17	17	4
169	169	2
205	206	1
4	4	4
225	225	2
144	144	3
164	164	1
162	193	1
186	187	1
178	178	3
33	61	1
12	13	1
204	204	1
57	77	1
172	172	1
82	84	1
133	133	2
66	67	1
53	71	1
125	126	1
62	72	1
105	106	3
63	206	1
137	139	1
68	69	1
105	121	1
61	84	1
47	97	1
12	12	1
219	219	1
35	36	2
193	201	1
220	225	1
17	18	3
50	134	1
118	118	1
14	15	1
155	157	1
95	104	1
78	81	1
202	202	2
54	54	3
14	14	3
232	232	2
69	69	1
86	87	1
44	47	1
15	33	1
15	16	2
27	27	1
72	72	2
142	143	1
98	101	2
65	66	1
175	175	1
88	88	1
115	119	1
53	225	3
228	228	1
218	229	1
50	50	2
86	86	4
60	60	1
45	45	1
2	2	1
152	152	1
30	36	1
36	37	1
150	150	2
28	28	1
47	47	1
55	75	1
191	192	1
24	189	1
21	22	1
84	84	1
182	183	1
48	50	1
230	230	1
140	186	1
20	20	3
98	98	2
234	234	3
121	121	2
200	200	2
182	182	1
34	35	1
212	213	1
176	178	1
45	46	1
49	49	2
47	48	2
79	79	1
0	2	1
19	19	2
27	28	1
17	29	1
57	137	1
176	177	1
6	6	1
160	161	1
145	145	1
103	103	1
134	134	1
222	222	1
11	11	1
133	134	1
21	21	1
40	41	2
99	100	1
163	191	1
189	189	1
19	170	1
24	24	1
21	205	1
39	39	1
102	103	1
35	38	1
146	146	1
225	226	1
81	84	1
80	81	1
30	39	1
8	8	1
179	179	1
211	232	1
54	84	1
198	201	1
32	32	1
18	18	1
185	189	1
234	235	1
216	217	1
36	49	1
