81	82	3
63	63	2
68	68	2
3	3	2
77	77	2
58	81	3
56	57	2
72	72	2
73	73	2
51	51	3
14	14	1
10	19	2
88	88	1
21	49	1
85	85	1
54	74	1
68	69	3
55	58	2
26	28	1
78	79	1
79	79	1
65	65	2
21	21	1
29	29	1
81	83	2
60	60	1
9	9	2
35	35	1
16	16	1
6	46	1
61	61	3
51	53	1
26	26	3
50	50	2
10	14	2
79	80	3
70	70	1
46	48	3
69	86	1
74	74	2
58	58	2
31	31	1
81	81	1
8	9	2
63	64	1
76	76	1
51	66	3
87	87	3
23	24	2
73	85	1
83	85	3
2	15	2
57	57	2
23	23	2
75	76	2
57	58	1
83	83	2
28	28	1
75	77	2
54	54	1
17	23	2
54	65	1
67	67	1
7	7	1
48	61	1
75	85	1
71	71	1
75	75	1
12	12	1
7	8	1
4	4	1
17	63	1
5	8	2
49	50	1
48	49	1
22	71	1
13	13	1
63	66	1
5	5	1
11	11	1
46	67	1
