31	31	4
7	7	1
11	11	1
49	49	3
14	14	1
62	62	2
54	54	3
1	1	2
19	38	1
3	50	1
18	45	1
16	18	2
50	50	5
40	40	3
40	41	1
43	43	2
45	46	1
3	51	1
32	32	2
19	20	3
23	23	2
53	53	3
60	61	2
50	51	2
51	51	2
38	39	3
45	45	1
30	37	2
13	13	1
30	30	7
25	30	2
33	34	1
47	47	2
52	52	3
4	4	4
32	33	2
39	40	1
48	48	4
58	59	2
37	38	1
44	44	1
33	33	3
2	3	2
40	42	2
61	61	2
3	34	1
58	60	2
48	50	1
37	37	1
31	48	1
10	10	2
22	54	1
42	43	1
9	11	1
17	43	1
12	12	1
49	50	1
53	54	2
6	7	1
9	23	1
31	43	2
51	60	3
46	46	2
6	62	2
57	57	1
20	24	1
41	44	1
43	44	2
2	2	2
60	60	1
34	49	1
58	58	3
19	21	1
11	40	1
8	8	3
39	39	1
30	32	1
30	38	1
11	55	1
11	13	1
31	36	1
8	56	2
41	57	1
44	46	2
34	62	1
22	22	1
55	56	1
4	5	1
18	20	1
24	24	1
55	55	1
59	59	1
49	51	1
7	15	1
8	55	1
57	59	1
38	38	1
35	36	1
35	48	1
37	40	1
52	54	1
37	44	1
8	11	1
