47	48	1
38	102	1
177	177	4
15	21	1
164	165	1
74	85	2
45	77	2
187	187	1
11	28	1
144	145	1
117	118	3
29	45	1
53	53	2
175	175	3
108	127	2
214	216	2
222	222	1
140	141	2
57	57	3
0	8	1
174	174	2
103	103	5
13	14	1
160	169	1
194	194	1
238	241	5
63	64	1
83	83	2
10	10	2
29	29	3
154	154	2
84	85	2
107	107	1
182	182	3
175	176	2
72	192	1
190	191	3
66	66	5
11	11	3
139	139	3
191	192	2
17	17	8
76	78	1
166	167	1
45	100	3
215	215	4
225	225	3
217	218	2
237	237	1
198	199	2
26	27	2
175	190	2
184	184	1
2	2	1
146	146	2
114	115	1
12	14	1
152	152	1
106	118	4
169	169	2
8	8	2
230	231	2
144	148	1
43	44	3
238	238	1
81	105	2
173	175	2
80	80	2
106	106	2
205	205	2
134	134	1
191	191	3
183	183	2
55	55	6
76	77	2
60	60	1
105	119	1
31	31	1
171	171	2
3	3	1
56	56	2
133	133	3
159	181	1
40	40	3
203	203	2
214	223	2
183	205	1
179	179	4
135	149	2
81	90	1
21	21	2
47	47	1
178	183	2
173	192	1
15	19	1
201	201	2
113	136	1
69	155	3
82	82	2
69	69	2
154	155	3
7	8	3
128	128	1
26	26	1
32	48	1
148	149	3
158	191	2
17	20	2
215	216	2
15	228	1
144	144	1
145	146	1
47	52	1
226	226	2
5	6	3
14	14	5
29	30	4
63	67	3
169	170	2
153	154	1
209	210	1
213	221	2
62	62	1
197	197	1
99	99	1
214	217	1
150	150	2
6	6	2
215	227	2
239	239	1
178	178	1
128	129	2
163	163	2
143	147	2
102	102	3
236	236	1
48	48	1
142	180	1
1	1	1
141	141	1
25	29	1
35	35	2
77	79	2
145	145	1
20	20	2
33	33	1
61	62	1
2	8	2
207	208	1
112	112	2
66	67	1
33	35	3
199	199	1
98	99	2
36	36	3
185	185	2
15	15	1
115	116	2
169	171	1
72	73	2
183	184	1
161	164	1
209	209	2
236	238	1
192	193	1
102	164	2
203	204	2
138	138	2
221	222	1
139	140	1
20	200	1
200	201	2
38	48	1
193	194	2
9	11	1
119	119	1
6	22	1
43	43	7
114	114	2
223	223	1
161	165	2
31	32	3
235	235	2
189	189	1
211	211	1
81	82	1
78	78	2
54	55	3
36	37	2
118	118	1
27	28	3
158	158	4
166	166	3
212	212	1
177	178	1
37	53	1
11	12	1
80	81	2
116	116	1
12	12	2
170	170	1
220	221	2
74	101	1
147	147	2
28	29	1
23	23	2
22	32	1
186	191	1
204	207	4
39	42	1
136	138	1
176	189	1
111	111	2
110	110	1
143	161	1
86	96	1
203	205	1
101	101	2
38	42	1
200	226	1
198	198	1
104	106	2
59	84	1
71	72	1
180	207	1
181	183	1
224	224	3
45	45	1
27	27	1
153	153	1
228	228	1
41	41	2
26	39	1
211	213	1
13	13	1
148	148	1
176	176	1
61	103	1
173	174	1
216	225	1
20	22	1
61	61	1
2	32	1
49	49	2
30	30	2
227	228	1
63	63	1
30	47	1
172	173	1
1	3	1
48	101	1
20	21	1
200	200	1
10	15	1
125	127	1
84	84	1
39	39	1
51	51	1
28	28	1
65	65	1
175	213	1
193	193	1
218	218	1
