56	56	1
59	59	2
57	62	1
102	138	1
147	147	1
120	131	1
157	157	2
143	143	3
81	82	2
32	32	1
125	126	3
136	136	2
109	109	2
175	186	3
88	96	2
29	29	2
14	14	4
66	67	1
10	10	2
40	40	1
20	26	1
118	118	4
56	93	3
118	119	3
96	98	1
177	179	2
97	97	2
6	23	1
103	106	1
148	148	2
139	139	2
188	189	2
112	112	1
113	114	2
91	110	1
66	66	2
113	119	1
105	106	1
53	54	1
155	156	1
75	76	1
105	105	1
119	129	1
151	152	2
187	187	1
150	151	1
169	169	3
60	61	1
15	15	2
106	106	5
16	33	2
31	32	1
13	14	1
36	36	4
147	151	1
106	136	1
122	149	1
102	102	1
44	44	2
113	116	1
64	64	3
172	172	3
21	25	3
153	153	2
42	77	2
56	57	2
78	79	3
26	26	2
140	140	2
138	138	2
183	183	1
122	156	2
79	80	2
109	110	2
70	71	1
57	107	2
26	66	1
76	76	2
125	125	1
132	133	2
46	46	2
53	53	4
41	43	1
142	142	2
162	162	1
79	160	1
9	76	1
159	160	3
63	64	1
142	143	1
0	17	2
71	72	1
86	86	1
141	141	1
70	104	1
100	165	1
155	155	1
27	79	1
177	177	3
84	85	1
121	123	1
89	89	1
20	20	2
63	63	2
62	62	1
119	141	1
184	185	1
80	80	2
21	21	1
176	176	1
123	123	1
70	70	2
19	20	1
13	13	1
136	137	2
63	81	1
87	87	2
99	154	1
1	3	1
17	35	1
166	167	1
117	117	1
60	60	2
44	45	2
158	172	1
66	113	1
6	6	2
171	175	1
167	167	2
111	111	2
4	5	1
8	8	1
28	28	1
81	81	2
185	185	1
6	66	1
122	123	2
148	168	1
11	11	2
166	168	1
46	47	1
5	21	1
8	34	1
11	12	1
161	161	2
120	120	1
119	151	3
65	65	2
17	46	1
57	60	1
2	3	1
47	47	3
115	115	1
189	189	1
121	121	2
72	72	2
179	180	2
3	78	1
14	91	1
62	63	1
114	115	2
80	84	1
55	55	1
22	81	1
114	114	1
3	3	2
100	138	1
34	38	1
173	173	1
81	83	1
8	9	1
92	96	1
18	78	1
4	4	2
149	150	3
42	42	1
102	103	1
17	53	1
123	135	1
98	108	1
4	7	1
91	91	1
33	34	1
188	188	1
141	142	1
57	58	1
152	152	2
99	99	1
21	23	1
18	47	1
97	163	2
27	27	1
98	98	1
113	117	1
57	68	1
149	149	2
29	188	1
10	12	1
122	122	2
34	35	1
21	22	1
91	92	1
174	174	1
138	139	1
93	93	2
48	77	1
60	101	1
19	27	1
79	79	1
179	179	1
1	1	1
153	154	1
13	15	1
183	184	1
29	184	1
9	9	1
29	179	1
96	96	1
148	149	1
115	117	1
48	48	1
157	166	1
140	148	1
184	184	1
43	48	1
104	104	1
6	24	1
13	46	1
44	78	1
102	109	1
61	66	1
12	13	1
80	81	1
