62	62	8
102	102	9
85	86	2
81	81	3
110	111	8
70	73	1
134	134	12
66	66	9
35	36	4
93	94	4
21	21	5
43	44	3
120	121	6
132	132	8
95	96	6
44	44	6
121	122	1
90	93	1
17	36	1
117	117	9
82	82	3
67	91	4
15	78	1
83	83	5
87	87	6
89	90	4
24	24	8
114	115	4
77	83	1
118	119	4
96	110	1
115	116	5
111	111	7
63	65	1
80	80	9
72	72	10
26	67	3
101	113	2
81	82	2
20	23	2
25	25	7
77	78	6
102	103	4
61	64	2
85	85	5
1	3	4
135	135	3
20	21	4
119	119	13
14	33	2
107	109	1
1	1	7
11	17	3
81	85	2
76	76	7
127	127	4
49	50	6
130	130	5
33	34	4
45	45	10
99	101	4
17	35	2
31	31	2
88	88	12
13	15	4
5	5	9
31	75	2
112	112	8
64	65	8
8	8	4
94	94	6
57	57	5
94	123	2
113	113	7
73	78	1
18	18	2
126	126	6
96	101	2
3	4	4
77	85	1
27	28	3
25	50	3
28	28	1
114	114	6
121	121	3
13	86	1
123	123	5
91	91	4
87	110	2
60	60	6
68	68	3
53	56	2
52	52	9
65	65	4
130	132	4
95	95	8
97	98	3
49	49	3
80	106	1
84	84	3
2	2	2
128	128	3
101	101	5
32	32	8
54	54	8
99	99	6
104	104	9
132	133	2
110	110	7
71	71	7
31	70	2
43	61	1
59	60	4
100	100	6
93	93	12
91	92	2
120	120	8
44	55	1
19	19	6
104	105	6
108	108	5
44	45	4
75	75	5
113	114	1
83	86	3
112	114	4
94	95	3
47	53	1
59	59	5
5	128	1
74	74	12
97	100	1
84	86	2
56	57	4
90	90	8
118	118	6
101	111	2
131	131	8
70	71	3
80	88	1
16	49	2
0	3	1
48	48	1
73	73	7
23	24	3
26	104	1
80	90	1
62	64	4
106	106	4
14	14	1
128	129	2
26	49	2
4	4	7
107	111	1
50	69	1
53	53	6
6	6	4
26	61	1
28	36	1
22	22	2
13	27	4
105	105	9
69	69	3
129	133	1
15	37	1
63	64	1
58	60	2
64	64	4
37	37	1
45	47	2
29	29	1
24	25	5
43	43	5
130	131	2
77	84	1
9	9	3
92	92	6
2	4	1
72	73	2
65	66	4
61	61	11
68	69	5
8	10	1
79	79	9
38	38	4
47	48	2
119	120	3
127	128	2
78	78	4
76	78	1
107	108	3
63	63	6
36	36	3
75	76	3
111	112	2
49	78	1
22	99	1
83	84	2
92	93	1
3	3	6
20	20	4
12	12	2
10	11	2
87	99	1
13	14	1
116	116	6
117	118	2
106	109	1
128	130	1
18	19	4
16	17	2
71	100	1
43	54	1
67	67	1
25	45	1
77	77	4
98	98	7
30	30	6
100	113	1
49	52	3
108	111	2
27	27	5
2	79	1
125	127	1
4	127	1
37	38	2
123	124	1
113	115	1
122	122	3
120	122	1
87	114	1
36	38	1
7	7	5
73	79	1
71	72	2
23	23	2
28	63	2
99	100	1
134	135	2
99	123	1
17	38	1
86	87	1
57	58	2
64	71	1
14	15	2
103	117	1
90	91	3
7	8	3
10	10	3
49	77	2
77	131	2
107	107	3
17	17	7
61	62	3
94	121	1
81	87	1
99	122	1
14	22	1
64	66	2
9	10	1
23	62	1
133	133	8
62	63	2
0	1	3
100	101	1
34	34	2
47	52	2
129	129	6
52	53	2
109	111	2
89	91	1
79	80	1
32	33	1
100	112	1
103	103	3
66	67	1
26	26	6
35	35	4
29	31	3
54	62	2
16	34	1
30	31	3
96	96	1
50	50	6
2	5	1
131	132	1
50	70	1
19	26	1
57	59	1
86	86	5
3	35	2
54	82	1
29	30	4
101	105	1
15	15	3
119	121	1
70	70	3
34	35	2
99	106	2
31	32	2
43	59	1
19	20	1
93	106	2
36	37	2
50	51	2
131	133	1
21	22	5
103	121	1
43	63	1
93	107	1
8	21	1
122	123	2
43	55	1
82	83	3
26	69	1
58	59	1
45	83	1
21	24	2
82	92	2
46	46	1
27	43	2
89	89	3
11	11	1
105	106	2
2	3	2
44	84	1
129	131	1
2	6	1
45	46	1
80	99	2
16	16	2
42	42	3
100	122	1
66	69	2
33	33	2
95	110	2
109	109	2
23	87	1
125	126	2
42	50	1
16	36	1
97	102	1
77	127	1
48	58	2
13	16	1
45	56	2
78	106	1
29	33	1
113	117	2
87	88	4
29	77	1
116	118	1
112	113	1
124	124	3
0	2	2
16	18	1
125	125	3
15	17	1
96	111	1
66	82	1
53	54	4
97	97	4
47	49	1
0	0	2
95	109	1
101	104	2
11	13	1
6	7	3
100	121	1
65	105	1
59	69	2
26	50	3
97	99	1
61	66	2
92	94	1
86	88	3
28	29	1
58	64	1
30	36	1
73	111	1
101	102	4
23	63	1
102	112	1
77	125	1
22	81	2
110	112	1
93	99	1
95	108	1
62	82	1
53	68	1
124	125	2
87	91	1
4	128	1
10	13	1
17	37	1
116	117	1
65	70	1
108	112	1
35	37	1
97	111	1
97	122	1
27	30	1
81	83	1
115	115	3
98	102	1
74	75	1
128	131	1
75	128	1
5	6	1
90	135	1
55	55	1
63	134	1
93	114	1
15	36	1
12	27	1
126	127	2
94	111	1
88	89	1
67	69	2
23	79	1
3	5	1
11	12	1
53	59	1
3	17	1
16	19	1
