0	2	1
43	56	3
26	27	1
37	76	2
47	47	2
1	1	2
9	32	1
46	56	1
20	20	4
73	75	1
19	24	1
54	54	3
45	45	2
27	27	1
26	26	2
24	24	6
31	32	1
37	37	2
63	65	2
1	33	1
25	25	2
50	51	1
0	0	2
49	67	2
21	21	2
53	54	1
34	38	1
57	60	1
49	50	2
32	33	2
70	71	2
3	3	1
33	33	1
34	34	1
32	32	2
10	12	2
24	30	2
57	63	1
57	57	1
33	34	2
76	76	2
24	35	1
0	11	1
21	22	2
19	19	1
58	58	1
23	24	1
62	63	1
62	64	1
72	75	2
47	75	1
68	70	1
51	66	1
40	40	1
68	71	1
59	59	1
40	51	1
19	20	1
49	65	2
8	8	2
34	35	1
63	63	1
14	14	1
9	9	1
8	9	1
36	36	1
56	56	1
25	26	2
50	65	1
10	10	1
59	60	1
65	65	1
39	40	1
36	37	1
18	19	1
76	77	1
31	31	1
30	30	1
35	35	1
2	29	1
1	2	1
49	57	1
7	11	1
37	39	1
11	20	1
49	49	2
68	68	1
67	67	1
7	7	1
57	58	2
72	77	1
19	28	1
69	75	1
77	77	1
