130	130	1
89	103	1
122	155	1
6	6	1
183	183	1
75	75	1
54	54	2
188	188	2
9	24	1
34	34	5
89	123	1
185	189	1
99	111	1
32	32	1
116	116	1
35	46	1
81	81	2
16	104	1
129	129	2
109	109	2
58	59	1
131	132	2
153	154	1
114	114	1
175	176	2
76	87	1
154	188	1
166	166	1
109	110	2
176	177	2
9	10	1
174	175	1
32	66	1
187	187	3
4	4	1
102	102	3
72	72	3
34	35	1
39	39	1
37	38	1
26	26	1
187	189	1
17	17	2
178	180	1
91	92	1
19	57	1
129	169	2
150	164	2
10	11	3
7	7	2
98	140	1
84	84	1
15	15	2
114	142	1
35	170	1
126	126	1
114	115	2
70	71	1
2	2	2
151	151	1
44	45	1
43	47	1
172	172	1
10	26	2
60	60	1
67	67	1
40	41	1
55	58	1
103	103	3
16	17	1
127	128	1
45	45	4
152	153	1
30	30	1
53	54	1
164	164	1
162	162	5
66	68	1
78	80	1
17	60	1
173	175	1
73	73	2
37	161	1
179	180	2
121	177	1
182	183	1
19	21	1
140	141	1
89	175	2
188	189	1
171	171	1
100	100	5
152	152	3
121	179	1
182	182	3
114	135	2
160	161	1
33	34	2
142	142	1
13	26	1
52	52	2
8	24	1
6	83	1
86	117	1
100	141	1
36	101	2
139	139	1
172	176	1
146	146	1
80	80	1
149	149	1
47	48	3
42	57	1
138	138	1
9	15	1
47	47	2
39	40	3
44	47	2
24	36	1
37	149	1
10	12	1
90	93	2
145	145	1
177	177	1
42	43	1
110	110	1
134	136	1
83	83	1
140	144	1
115	119	1
75	116	1
154	190	1
132	155	1
58	61	1
43	46	2
168	171	1
16	16	2
173	174	1
133	133	4
15	21	1
127	157	1
87	88	1
46	46	1
12	12	1
82	82	1
128	128	1
143	143	1
138	139	2
158	161	1
44	46	1
113	113	1
74	79	1
127	127	1
78	78	1
174	174	2
147	163	1
45	46	1
61	188	1
151	158	1
167	167	2
42	42	1
20	56	1
58	58	2
184	184	1
48	48	1
115	116	2
13	25	1
177	179	1
77	88	1
72	119	1
173	173	1
79	110	2
62	188	2
188	190	1
186	187	1
25	25	1
10	29	1
147	147	1
90	90	1
30	36	2
131	133	1
68	72	2
132	132	1
157	159	1
87	87	2
57	57	1
38	87	1
103	108	1
187	190	1
141	141	1
81	171	1
147	149	1
86	87	1
56	128	1
0	0	1
36	36	1
136	136	1
157	157	1
135	144	1
111	131	1
65	66	1
164	165	1
150	150	3
77	103	1
151	154	1
168	170	1
13	14	1
119	132	1
74	115	1
61	63	1
30	41	2
134	134	1
40	87	1
13	56	1
89	89	1
86	155	1
179	181	1
97	185	1
55	55	1
5	7	1
178	179	1
107	108	1
65	147	1
46	57	1
140	140	1
177	180	1
34	36	1
86	86	1
143	146	1
22	22	1
8	8	1
37	37	1
175	184	1
