26	27	4
42	42	5
38	38	7
38	44	1
41	41	7
34	35	5
30	30	9
32	33	4
38	42	2
22	22	2
34	34	7
43	45	1
33	35	1
28	28	6
19	38	1
37	37	8
44	44	3
17	17	2
24	24	2
27	27	1
31	31	4
25	26	2
36	36	2
45	46	1
21	28	1
36	44	1
42	43	1
19	19	6
47	48	1
23	23	7
18	44	1
18	18	1
50	51	1
20	21	1
43	43	3
46	46	8
29	29	3
33	33	4
35	36	1
49	49	1
30	31	1
38	39	2
45	45	1
47	47	4
35	35	3
24	35	1
27	28	1
29	31	1
47	49	1
43	44	2
37	38	2
44	45	1
29	37	1
33	34	1
39	39	2
25	25	1
20	28	1
23	26	1
40	40	2
31	50	1
23	47	1
48	48	1
21	22	1
19	32	1
18	29	1
40	41	1
21	21	1
18	28	1
22	23	1
21	43	1
26	26	1
