94	98	1
3	89	2
5	5	3
45	45	1
4	130	1
115	115	5
116	116	5
126	127	2
128	129	1
127	127	9
98	101	1
69	70	2
5	7	1
32	34	1
57	58	2
96	119	1
109	109	1
12	12	3
45	46	1
107	108	1
14	14	1
54	54	1
100	117	3
60	60	1
62	62	4
112	120	1
96	96	4
82	84	2
44	44	3
90	104	1
46	81	1
95	96	1
52	52	2
111	112	3
123	123	4
108	108	1
100	100	3
12	102	2
26	29	2
66	66	1
13	13	2
104	121	1
120	123	3
101	123	1
18	20	2
108	109	3
56	56	2
93	93	3
89	89	1
59	61	1
125	126	1
118	119	3
128	128	3
124	125	2
77	77	3
99	100	2
52	53	4
46	47	1
92	92	2
76	78	1
70	70	2
87	87	2
111	113	1
36	36	2
79	80	1
73	73	1
80	80	5
50	50	3
6	27	1
81	81	2
101	101	1
43	44	1
26	26	2
74	74	5
91	92	2
64	64	4
117	117	2
23	24	3
77	79	1
36	53	1
110	110	1
131	133	2
121	121	1
86	87	2
34	35	2
15	15	2
103	104	1
60	61	2
64	81	1
113	134	1
95	95	3
33	33	2
120	124	1
94	96	1
53	70	2
112	113	1
61	61	2
3	4	1
85	85	1
99	105	1
71	88	1
113	115	1
125	125	3
32	32	1
112	114	1
35	35	1
88	88	2
119	129	1
37	58	1
53	53	3
126	126	4
124	124	3
72	72	1
78	79	1
113	113	2
104	129	2
119	119	5
24	24	3
120	120	2
78	83	1
93	96	1
7	8	2
17	19	1
8	9	1
98	98	3
72	73	2
79	79	1
7	22	2
113	129	1
132	133	1
112	112	2
90	91	3
97	97	3
67	83	1
89	90	1
102	102	3
69	69	2
117	118	2
63	63	1
106	106	2
78	78	5
133	133	2
107	109	1
38	57	2
17	17	1
63	64	1
25	25	1
10	11	3
107	115	1
31	31	1
77	78	1
61	79	1
86	86	1
6	6	2
30	30	3
122	122	1
93	100	1
5	75	1
99	101	1
46	46	1
21	22	1
129	130	1
107	107	1
27	28	1
95	107	2
76	76	1
42	44	1
1	11	1
81	82	1
22	23	1
51	53	1
71	71	1
90	90	4
69	71	1
33	62	1
43	45	1
86	111	1
43	64	1
54	56	1
122	124	1
65	66	1
96	107	1
51	68	1
105	106	1
20	21	1
91	99	1
21	21	2
134	134	1
33	69	1
66	67	3
15	16	1
54	58	1
98	115	1
65	65	1
70	80	1
1	1	1
59	59	2
28	29	2
44	51	1
11	11	1
75	76	1
83	84	1
68	68	1
127	128	1
19	19	1
29	29	1
71	87	2
75	88	1
82	82	1
16	16	1
83	86	1
35	63	1
93	95	1
117	122	1
61	64	1
3	3	1
95	102	1
