23	23	5
131	131	4
40	41	1
74	74	4
24	24	5
74	83	1
66	66	1
48	49	4
27	28	3
49	119	1
141	141	1
96	96	1
141	146	3
115	115	3
77	82	2
65	67	1
7	23	1
6	9	1
67	67	4
57	83	2
78	79	1
15	15	3
128	128	3
74	75	4
35	51	3
68	69	3
102	103	1
8	11	1
78	78	1
80	80	1
31	32	2
63	63	2
129	134	4
140	154	1
139	144	2
98	98	3
127	127	1
55	55	1
71	77	2
145	145	3
13	13	1
99	100	1
20	21	1
31	50	2
39	39	3
102	102	2
38	65	1
124	128	2
132	133	1
119	125	1
34	44	2
150	150	2
82	82	2
143	143	1
34	34	1
151	151	4
30	30	2
112	113	1
106	108	1
2	2	3
109	109	1
17	18	1
103	129	1
51	51	1
128	140	1
32	32	2
70	71	1
67	127	2
118	118	3
137	145	2
14	15	2
35	36	2
73	74	1
142	142	1
32	87	2
133	133	1
15	17	1
71	71	3
97	97	3
116	116	2
136	138	4
144	144	4
46	46	1
139	139	1
146	146	2
121	122	1
48	48	1
4	4	1
94	98	1
41	41	3
111	111	1
103	104	1
93	93	2
49	50	1
26	28	1
8	8	2
84	87	1
110	110	2
38	64	1
6	7	2
123	123	2
113	113	3
38	38	2
96	120	1
46	82	2
132	136	2
148	148	1
123	126	2
18	18	1
16	16	2
43	44	1
100	100	1
4	25	1
90	92	1
18	67	1
47	57	1
134	149	1
66	114	1
15	32	1
49	49	1
137	137	2
126	127	1
62	64	1
31	51	1
111	113	2
89	90	1
99	99	3
84	85	1
21	22	1
32	34	3
5	5	1
154	154	1
114	114	1
56	56	1
12	13	1
72	106	1
4	28	1
130	136	1
46	57	1
28	29	1
29	30	1
15	25	1
69	69	1
130	130	1
85	86	1
93	110	1
17	17	1
14	14	1
95	100	1
25	29	1
130	138	1
27	27	1
73	73	1
20	22	1
152	153	2
106	112	1
112	114	1
10	13	2
130	139	1
19	49	1
92	98	1
40	40	1
46	86	1
7	8	1
7	69	2
107	107	2
29	32	1
120	122	1
84	84	1
125	126	2
79	80	1
32	138	1
62	62	1
23	24	1
72	72	1
50	50	1
24	35	1
115	117	2
68	68	1
37	37	1
42	69	1
23	26	1
3	3	2
92	93	1
92	92	1
67	69	1
119	119	1
50	80	1
14	16	1
97	98	1
19	30	1
97	109	1
