20	20	2
20	23	1
42	42	3
8	8	3
67	67	1
161	161	2
81	82	1
70	70	1
225	226	2
71	72	1
156	157	2
156	158	1
141	142	1
52	53	4
32	32	1
169	169	2
4	4	2
64	65	1
19	21	1
62	111	1
142	143	1
77	78	5
108	108	1
116	116	2
222	222	2
50	53	2
100	100	2
166	178	2
68	81	1
74	75	3
219	219	2
80	80	5
153	155	1
220	221	2
39	39	2
199	199	1
209	209	2
199	200	2
145	145	1
108	114	1
34	34	1
51	78	1
49	57	2
11	64	1
52	60	1
59	59	3
127	127	3
160	161	5
233	233	3
64	64	3
240	240	1
166	166	2
2	3	1
24	25	1
207	207	4
180	180	5
86	86	2
79	79	2
191	192	1
81	103	2
29	29	2
153	153	3
67	71	1
121	121	2
179	180	1
216	216	1
129	129	3
78	79	3
129	168	1
47	48	1
82	101	2
144	145	1
2	4	2
113	134	1
141	141	1
24	24	4
103	103	1
115	115	1
220	231	1
25	25	1
238	238	4
242	242	2
144	147	2
45	46	2
193	193	3
201	201	1
41	42	1
4	10	3
14	15	1
9	9	2
99	99	1
37	38	2
191	207	1
48	48	2
234	234	1
1	1	3
65	65	4
197	204	1
126	126	2
213	214	2
33	40	1
84	85	1
13	50	1
48	56	1
16	39	1
81	81	1
56	57	2
44	67	1
187	187	2
40	40	2
128	131	1
69	71	1
18	18	3
124	124	2
72	86	1
105	105	6
44	44	5
57	58	1
66	146	1
178	178	3
196	196	3
56	56	4
33	33	1
221	221	1
59	60	1
192	196	1
33	177	1
75	75	4
204	228	2
40	41	3
179	181	1
189	189	2
226	227	4
5	7	1
142	142	4
162	162	1
66	66	3
207	209	3
55	56	1
29	41	1
6	19	1
50	84	1
18	19	1
65	161	1
28	28	1
107	107	1
36	37	2
43	43	1
237	237	3
72	145	1
102	102	2
78	78	2
115	134	1
223	224	3
146	146	3
164	165	1
29	30	1
95	95	2
206	207	1
69	69	3
138	138	2
150	150	1
193	195	1
19	133	2
224	225	3
143	143	1
159	159	1
44	45	3
49	50	3
114	114	1
19	20	1
62	64	2
201	211	1
28	49	1
186	225	1
83	85	1
122	122	1
5	5	2
27	198	1
12	21	1
66	76	1
23	23	2
125	126	1
183	183	1
203	206	2
139	139	4
218	219	1
192	230	2
177	178	1
58	59	3
12	15	1
85	85	3
192	192	1
163	167	2
43	172	1
96	97	1
28	67	1
117	117	3
168	169	1
190	191	1
163	163	2
150	151	1
138	147	1
12	12	1
164	164	3
26	26	1
123	129	1
181	185	1
73	73	3
48	145	1
75	79	1
202	203	1
84	84	2
232	232	2
170	170	3
24	56	1
115	117	1
66	69	1
187	201	1
168	168	2
62	62	1
204	226	1
51	142	1
198	226	3
55	59	1
29	32	1
181	183	2
40	42	1
214	216	1
12	19	3
76	77	1
28	29	1
37	37	1
111	122	1
239	240	1
4	117	1
46	46	2
25	26	1
104	104	3
175	175	3
173	173	2
184	184	2
193	220	1
215	215	1
214	215	2
29	31	1
58	58	1
172	173	1
8	21	1
67	69	1
75	76	1
97	97	1
154	155	2
176	176	2
72	72	1
8	22	1
185	185	1
54	57	1
36	36	3
42	65	1
183	226	2
173	174	2
187	200	1
32	37	1
125	127	1
53	53	2
26	27	1
83	83	1
218	218	1
16	16	3
206	206	4
11	11	2
21	21	3
35	35	3
46	47	1
113	114	2
158	164	2
137	139	1
225	225	1
115	118	1
118	133	1
140	140	1
166	167	2
174	200	1
52	52	2
239	239	1
148	148	2
120	125	1
118	118	2
188	188	2
156	156	1
28	36	2
25	38	1
98	99	1
7	17	1
44	55	1
10	10	1
106	106	5
0	2	1
15	15	3
175	176	1
176	217	1
167	167	1
208	208	2
186	187	2
227	229	1
96	98	1
139	140	3
101	102	1
12	95	1
82	83	2
46	65	1
0	3	2
152	154	1
202	210	1
186	203	2
228	228	2
112	113	1
6	17	1
147	151	1
186	186	2
0	38	1
50	50	1
182	183	2
101	156	1
181	194	1
1	2	1
134	135	1
38	104	1
50	85	1
175	178	1
155	155	2
76	76	1
206	209	1
61	62	1
5	8	1
117	118	1
39	40	1
241	241	1
2	2	2
123	123	1
133	134	1
211	212	1
72	73	1
212	212	1
40	138	1
137	138	1
61	61	2
133	133	1
227	227	1
147	148	2
14	14	1
49	49	2
65	66	1
75	152	1
50	62	1
71	71	1
130	130	1
163	178	1
98	107	1
195	195	1
232	234	1
17	116	1
67	80	1
39	61	1
76	154	1
217	217	1
74	74	1
201	202	1
165	167	1
40	50	2
49	116	1
3	11	1
134	134	1
3	3	2
13	13	2
183	184	1
151	151	1
54	54	1
186	188	1
119	119	1
97	98	1
55	55	1
147	147	1
92	92	1
197	201	2
48	49	1
53	116	1
46	152	1
80	103	1
220	220	2
186	230	1
197	226	1
61	68	1
4	7	1
35	36	1
221	222	2
0	6	1
6	7	1
79	80	1
52	163	1
155	156	1
17	205	1
237	238	1
121	122	1
167	168	1
12	13	1
91	91	1
225	239	1
47	47	1
197	199	1
184	185	1
86	102	1
222	223	1
203	226	1
117	130	1
5	177	1
103	104	1
68	68	1
176	177	1
216	242	1
97	135	1
152	152	1
