80	80	2
67	120	1
113	113	2
99	105	2
29	29	2
19	19	2
188	189	1
17	29	1
4	5	1
131	131	3
109	125	1
149	149	2
142	142	6
162	167	2
183	184	1
18	18	5
180	181	1
130	170	1
163	188	6
140	166	2
97	108	2
33	33	2
73	73	1
108	130	2
19	23	1
162	162	2
22	23	2
118	118	3
134	135	3
164	165	1
13	13	3
53	54	4
41	42	1
174	175	1
178	178	1
166	166	2
41	99	1
172	172	2
0	0	3
158	158	2
154	190	1
86	86	1
58	58	2
23	33	1
96	97	2
2	3	4
48	48	2
140	140	4
91	91	2
128	129	3
148	151	2
43	44	4
40	41	2
60	65	1
162	176	1
121	121	2
34	34	1
1	6	1
157	161	1
33	35	1
41	41	3
41	96	3
113	183	1
92	92	1
136	136	2
147	147	2
63	63	1
133	133	1
12	15	2
56	89	2
14	14	2
94	94	1
12	13	2
103	103	1
40	40	2
20	20	2
79	82	2
36	37	1
28	35	3
183	183	4
180	180	1
126	127	2
70	70	1
68	69	3
163	165	2
46	46	1
5	5	1
116	118	2
125	125	3
168	172	1
85	85	2
123	126	1
117	118	2
145	145	1
43	43	3
74	75	1
61	62	2
71	71	2
157	157	1
98	99	1
11	11	3
134	189	1
14	19	1
109	110	1
125	184	1
115	115	2
190	190	2
79	80	1
97	117	1
156	156	2
169	174	1
167	167	1
171	172	2
94	179	1
15	15	2
96	98	2
106	107	3
3	124	2
137	157	2
21	27	1
32	32	1
83	85	1
109	109	1
65	65	3
172	173	2
152	171	1
107	107	1
179	182	2
80	100	1
165	165	2
121	132	2
61	61	2
152	153	1
164	169	1
3	3	2
36	58	1
38	38	1
19	32	1
29	30	1
54	54	1
104	127	1
138	153	1
129	129	1
27	29	1
135	137	2
95	100	1
40	142	1
155	159	2
93	176	1
18	32	1
107	108	1
104	104	1
17	22	1
25	32	2
33	74	1
189	189	2
82	82	1
99	99	1
120	120	1
101	101	1
21	21	1
77	77	2
16	23	1
114	115	1
141	141	1
73	74	1
135	135	1
95	103	1
120	123	2
166	167	1
23	41	1
83	100	1
58	60	1
19	82	2
44	48	1
64	64	2
174	174	2
126	128	1
53	150	4
171	171	1
110	122	1
6	83	1
128	128	1
59	116	1
137	137	1
56	175	1
35	39	1
105	126	1
10	26	2
160	187	1
173	173	1
158	190	1
176	176	2
37	37	1
8	8	1
175	188	1
22	80	1
79	85	2
59	61	1
89	89	1
54	64	1
55	63	1
146	152	1
59	59	1
124	125	1
152	184	1
97	149	1
138	139	2
54	55	1
142	162	1
187	188	1
186	186	1
118	120	1
4	8	1
58	59	2
55	64	1
139	140	2
34	35	1
56	56	1
71	81	1
143	143	2
111	118	1
72	72	1
156	162	1
83	83	1
4	16	1
64	93	1
116	117	1
100	100	2
150	150	1
97	97	1
41	87	1
90	90	1
111	111	1
10	10	1
153	153	1
34	36	1
78	80	1
66	85	1
60	131	1
75	75	1
23	87	1
11	41	1
16	56	1
122	154	1
58	93	1
