80	80	1
54	55	2
5	5	1
38	38	4
12	12	1
188	190	1
92	93	2
10	10	1
176	176	1
114	122	2
73	73	2
91	91	2
64	97	1
117	117	2
68	68	3
21	21	1
77	77	2
85	85	3
70	70	4
182	182	1
146	149	3
46	47	1
46	46	3
82	82	1
61	62	1
35	35	1
96	97	1
27	30	3
43	43	1
70	98	1
103	134	1
0	1	2
15	16	2
14	14	1
162	168	1
40	40	2
169	174	1
67	67	2
189	189	1
129	129	2
65	88	1
122	123	1
83	83	2
65	67	1
45	45	1
79	79	2
117	118	2
60	65	1
127	127	1
134	139	1
171	182	2
52	53	1
121	121	1
180	180	1
47	47	2
16	16	1
153	153	3
58	63	1
101	103	3
156	162	2
164	188	1
186	186	1
36	37	1
75	83	2
78	78	3
57	58	1
32	47	1
107	141	1
102	115	1
178	178	1
97	101	1
143	143	1
99	99	1
148	156	1
61	63	1
101	101	3
6	7	1
177	180	1
110	110	2
53	54	1
164	164	2
89	89	2
138	139	2
104	105	1
136	137	1
55	75	1
8	8	1
10	11	4
19	20	1
146	146	2
7	7	1
114	148	1
148	149	1
120	120	2
57	57	1
108	118	1
114	168	1
10	12	1
154	165	1
183	183	1
166	167	2
126	126	1
19	19	2
147	147	1
83	84	1
4	4	1
105	105	1
53	55	1
170	170	1
53	53	1
189	190	1
7	24	1
2	2	1
30	47	1
139	151	1
67	68	1
97	98	1
55	55	1
140	141	1
147	167	1
25	25	1
146	160	1
58	64	1
23	23	1
172	184	1
16	17	1
98	98	1
96	119	1
26	26	2
138	138	1
113	113	1
175	183	2
148	157	1
109	112	1
119	119	2
136	178	1
20	20	1
62	62	1
166	184	1
116	181	1
133	133	1
5	7	1
39	39	1
131	155	1
151	151	1
114	114	1
145	145	1
66	66	1
41	75	1
96	103	1
141	141	1
144	163	1
31	31	1
95	95	1
184	184	1
