106	106	2
87	88	1
30	41	3
95	95	7
84	89	2
29	40	1
108	112	2
52	52	1
90	91	2
22	23	3
77	78	3
85	86	5
40	52	1
83	86	2
24	26	2
27	27	3
49	49	3
74	74	3
24	30	2
42	42	5
40	40	3
82	83	5
105	106	1
110	110	5
113	113	3
91	91	3
47	58	1
77	99	2
73	74	2
87	94	2
97	113	1
56	56	2
95	96	2
22	64	3
38	39	6
108	109	1
56	57	2
58	58	7
71	77	3
22	22	4
27	28	2
74	78	2
23	23	3
34	34	2
73	73	1
30	30	2
21	21	1
79	98	1
64	86	2
83	83	8
75	75	2
107	107	6
26	26	5
70	78	1
60	60	1
107	109	1
51	65	2
32	33	1
22	59	2
26	57	1
50	68	1
71	71	1
52	60	1
89	102	3
93	93	4
103	103	2
63	63	4
20	20	2
93	94	2
70	71	1
114	114	4
32	41	1
73	82	1
37	39	3
88	94	1
72	73	2
28	28	4
30	31	1
50	50	3
74	75	1
75	77	1
25	60	1
85	85	5
99	99	4
26	27	7
23	55	1
46	47	3
24	24	1
41	41	3
80	80	2
34	35	5
104	104	4
51	80	1
96	105	3
88	92	1
72	72	4
67	67	2
29	55	1
54	54	1
55	56	2
31	31	1
27	30	2
86	91	1
83	84	1
92	94	1
66	77	1
77	77	4
59	66	1
66	67	1
43	43	3
81	83	1
20	31	1
92	92	1
31	35	1
76	77	1
25	45	1
102	102	1
47	47	3
108	108	1
23	58	1
91	101	1
95	97	1
82	84	1
52	79	2
95	99	3
38	38	2
45	45	3
19	19	1
28	29	1
21	47	1
40	42	1
102	103	2
57	65	1
62	71	1
45	49	1
30	52	1
31	41	2
32	32	3
23	63	1
25	25	2
105	105	5
36	36	2
86	87	2
44	44	1
60	74	1
41	42	3
33	33	3
101	101	4
21	48	1
43	64	1
29	30	3
32	47	1
35	35	1
69	69	4
87	87	3
51	51	1
87	90	1
62	62	1
26	58	2
75	76	1
76	80	1
59	59	2
81	82	1
58	59	1
90	96	1
104	113	1
80	91	1
98	98	1
71	76	1
66	66	1
50	51	2
76	76	2
31	36	1
39	51	1
31	32	1
78	78	1
31	93	1
76	114	1
37	40	1
111	112	2
19	53	1
55	58	1
42	43	2
65	67	1
25	32	1
76	89	1
94	94	2
29	31	2
31	80	1
65	91	1
31	47	1
89	89	2
79	79	3
89	91	1
43	48	1
24	25	1
48	48	1
59	60	1
68	69	2
26	66	1
104	105	2
97	97	2
104	111	1
72	74	1
64	64	1
76	78	1
35	42	1
71	72	1
88	104	1
65	65	1
109	109	1
78	96	1
20	21	1
31	37	1
71	82	1
96	96	3
65	88	1
44	45	1
68	68	1
90	90	3
67	68	1
43	63	1
47	49	1
99	114	1
71	79	1
99	100	2
110	111	1
61	61	1
23	25	1
62	66	1
54	66	1
30	40	1
73	100	1
