96	96	3
18	126	1
5	5	2
100	100	3
77	77	2
132	135	4
119	119	2
73	73	2
53	53	2
21	21	7
117	117	8
10	37	1
14	15	1
18	19	1
145	146	1
108	137	2
69	71	2
98	98	2
25	26	2
8	37	1
111	111	5
114	114	3
91	94	1
119	125	2
120	120	5
63	63	1
84	84	4
26	26	4
20	20	7
8	9	2
13	20	1
112	112	1
31	33	2
112	129	1
8	8	1
25	25	3
79	85	1
119	121	1
85	123	3
102	102	5
142	142	12
54	54	2
93	93	3
68	68	3
27	27	6
137	137	2
40	61	3
141	141	9
124	124	7
55	55	4
47	59	1
88	88	3
110	111	2
130	130	4
9	29	2
78	128	3
134	134	9
67	67	4
21	30	1
71	71	4
61	61	1
58	72	1
29	29	7
52	52	3
127	127	2
74	74	7
49	49	3
127	129	3
127	128	2
48	49	1
70	70	3
135	135	6
126	126	7
87	87	1
9	26	2
118	132	1
1	1	3
28	67	1
81	81	2
133	134	2
39	40	3
42	42	2
22	22	6
140	140	5
11	11	2
19	19	8
145	145	5
96	97	1
119	144	1
95	96	2
6	9	1
28	28	7
83	83	1
139	139	2
4	4	2
125	126	1
16	16	3
35	35	3
10	62	1
47	47	2
146	146	4
128	129	6
38	39	2
92	94	3
92	93	1
3	4	5
125	125	2
84	85	2
23	23	6
143	144	5
33	35	1
117	132	5
133	133	2
48	123	1
103	103	8
49	50	2
126	127	2
123	128	1
128	128	3
97	97	1
9	9	1
34	34	1
59	66	1
102	103	1
135	137	1
107	108	3
91	117	1
2	30	1
95	95	4
20	30	1
15	15	1
128	134	1
26	27	1
69	72	1
36	38	2
1	71	1
48	63	1
21	22	1
42	61	1
103	104	4
38	48	1
39	39	3
2	2	3
99	99	2
122	123	6
122	122	5
111	112	1
78	79	3
89	89	1
37	37	2
15	16	1
94	95	1
143	143	8
137	138	2
112	113	2
23	24	2
124	127	1
39	41	1
124	125	1
130	133	2
86	86	2
92	92	3
104	104	2
47	65	1
13	13	2
62	62	7
64	74	1
84	126	1
91	91	4
72	73	1
110	110	1
1	2	1
0	2	2
111	114	1
69	69	4
64	64	2
59	60	1
144	144	5
117	130	2
3	3	1
129	129	6
39	84	1
112	128	1
80	80	2
60	60	2
88	89	1
54	62	1
90	90	3
34	35	1
91	103	1
5	6	2
75	126	1
93	133	1
67	125	1
101	134	2
75	76	3
81	82	1
78	78	3
50	51	1
132	132	1
57	70	1
22	29	1
66	66	1
57	57	3
113	113	2
21	26	1
99	100	1
58	59	1
39	42	1
49	51	1
36	37	2
21	43	1
119	120	1
30	51	3
117	133	1
83	84	2
140	141	2
129	130	1
116	116	3
19	23	3
109	109	4
65	66	3
6	6	2
136	136	1
114	115	1
115	116	2
51	51	1
22	124	1
76	79	1
67	68	1
24	25	1
81	131	2
138	138	1
113	114	2
75	118	1
131	131	4
22	24	3
90	118	1
91	112	1
41	41	4
38	41	1
39	70	1
117	144	1
14	14	3
10	21	1
22	23	1
22	58	1
110	118	1
19	28	2
30	30	2
26	67	1
140	142	1
18	27	1
130	131	1
38	38	2
118	119	1
98	99	1
40	42	1
33	34	1
116	117	2
88	111	1
130	132	1
51	52	2
56	56	3
18	18	5
129	142	1
118	118	2
53	117	1
98	104	1
87	88	2
92	113	1
10	10	3
104	106	1
1	23	1
67	126	1
17	17	4
141	142	1
117	120	1
131	132	5
94	119	1
61	62	1
80	131	2
72	87	1
31	32	1
26	31	1
1	24	1
58	66	1
74	75	1
91	120	1
105	105	1
64	66	1
30	67	1
91	115	1
66	68	1
50	50	1
52	53	1
107	107	1
101	101	1
53	54	2
123	123	2
108	108	2
1	6	1
35	51	1
86	87	1
101	102	1
128	141	1
5	10	1
79	80	1
29	30	1
116	127	1
65	65	1
40	40	1
139	140	1
79	129	2
25	28	1
106	107	1
127	139	1
12	20	1
36	36	1
120	135	1
12	12	1
121	121	2
12	14	1
19	30	1
104	105	2
1	73	1
108	109	1
8	19	1
21	103	2
31	31	1
2	69	1
89	90	1
135	138	2
126	139	1
63	78	1
114	129	1
56	126	1
134	135	1
2	3	1
126	129	1
99	106	1
55	56	1
43	43	1
118	120	1
35	36	1
27	28	1
25	52	1
123	124	1
25	27	1
