49	49	11
34	34	4
4	15	1
5	5	2
40	41	7
14	14	3
38	38	5
21	22	1
47	48	2
52	52	7
20	21	3
39	40	4
32	32	6
16	18	1
22	22	4
44	44	3
46	46	5
29	29	4
30	30	6
0	1	1
8	8	3
54	55	3
55	56	1
2	47	1
37	39	2
14	15	4
15	16	2
31	50	1
37	52	1
8	12	1
44	56	1
51	52	3
9	9	5
2	2	1
43	43	4
40	52	1
0	0	1
39	52	2
57	59	1
40	40	9
6	12	3
48	48	5
45	47	3
31	32	3
37	41	5
4	13	1
32	33	2
45	45	13
9	16	3
4	10	2
60	60	1
33	33	3
11	11	3
31	45	2
44	55	1
38	39	2
59	59	6
3	3	3
41	41	10
2	3	3
31	31	5
12	13	2
57	57	4
45	46	5
44	47	2
44	46	2
29	41	1
38	51	1
10	15	3
10	10	5
0	30	1
24	44	2
20	23	1
56	56	5
39	53	2
49	50	2
45	57	2
43	44	1
33	61	2
5	8	1
39	57	1
3	4	2
52	54	1
2	4	2
50	50	3
21	61	2
53	53	2
55	55	2
57	58	1
36	43	1
47	47	3
15	49	1
42	55	3
21	23	1
12	12	4
18	18	3
39	39	1
47	49	2
39	44	2
23	24	1
6	6	3
52	53	2
31	56	1
36	36	1
15	17	1
58	60	2
37	40	2
11	19	2
1	2	2
35	49	1
51	51	1
1	31	1
46	56	1
36	50	1
23	59	1
54	54	4
22	23	1
33	34	2
7	7	3
34	35	2
54	59	1
8	11	2
18	19	4
20	20	2
3	31	1
58	59	2
46	57	2
7	8	2
9	18	1
56	62	1
19	21	1
50	51	1
34	46	1
56	57	1
25	25	1
30	43	1
46	55	1
36	45	1
37	50	2
58	58	1
33	43	1
43	45	1
37	37	1
46	47	1
62	62	1
42	54	1
17	17	2
39	50	1
30	39	1
38	40	1
4	4	1
9	10	1
57	62	1
18	22	1
61	62	1
33	44	1
