93	93	1
59	59	4
37	61	1
74	91	1
88	88	2
78	79	1
87	87	2
107	107	8
67	69	3
55	56	2
87	88	5
67	67	3
19	70	2
54	57	1
82	84	4
77	77	4
106	106	3
58	59	2
56	59	1
83	83	6
69	70	1
78	94	1
56	57	1
86	86	4
58	68	1
105	109	1
66	67	3
60	60	2
103	104	2
100	101	1
65	65	2
40	40	2
26	26	1
42	42	3
104	105	2
109	111	4
45	45	2
60	64	1
80	80	3
103	103	1
76	89	1
22	22	2
102	103	3
85	86	2
104	109	3
108	108	3
64	90	1
37	88	1
94	94	3
96	97	2
105	112	1
38	39	1
95	112	1
104	107	1
69	69	3
101	102	2
47	47	1
88	89	1
95	96	1
77	79	2
109	109	1
98	98	1
29	29	4
109	110	2
81	82	1
53	57	2
103	108	1
38	56	1
82	82	1
83	84	3
38	38	2
38	54	2
37	37	2
102	102	1
107	108	3
34	35	2
112	112	1
34	34	1
105	107	1
88	90	1
20	20	3
55	57	1
101	101	1
90	91	2
41	41	1
87	89	1
95	95	4
75	75	1
40	41	1
61	63	1
56	56	2
89	90	1
54	54	2
53	53	2
39	40	2
89	89	2
28	28	1
37	38	3
100	100	4
110	110	2
27	37	1
95	102	2
73	73	1
27	31	1
35	35	1
39	56	1
113	113	5
96	111	2
57	61	2
22	28	1
95	103	1
65	66	1
62	62	1
64	68	1
45	46	1
81	81	1
69	88	1
35	57	1
50	51	2
80	83	1
77	78	1
68	69	3
72	75	1
37	60	1
80	85	1
54	58	1
46	46	1
33	34	1
80	81	1
31	56	1
92	102	2
47	50	1
32	32	4
50	50	1
79	79	1
58	58	1
105	108	2
91	91	1
76	76	2
98	101	1
41	52	1
54	55	1
38	82	1
71	71	1
57	71	1
34	36	1
72	72	1
43	46	1
82	83	2
92	93	1
99	99	1
88	91	1
26	40	1
64	64	1
33	33	1
67	68	1
23	23	2
65	67	1
84	84	1
62	63	1
49	49	1
74	75	1
