24	39	1
23	29	1
51	51	24
29	30	3
8	10	1
39	39	11
32	32	9
48	48	19
61	61	4
9	9	4
14	15	6
32	33	6
40	40	12
44	47	1
55	56	3
39	49	1
17	17	10
6	6	16
12	13	2
4	4	9
20	21	5
35	35	12
14	14	8
49	51	2
34	34	11
57	57	11
37	49	1
29	29	2
4	5	4
33	33	19
55	55	14
37	40	1
16	17	3
46	46	10
53	53	9
60	60	5
31	31	11
7	7	6
50	50	8
15	16	11
40	54	4
7	8	3
49	49	10
36	37	4
30	41	1
11	12	5
13	18	2
10	10	4
11	11	10
37	38	2
54	54	10
20	20	9
16	16	5
41	41	9
37	50	1
11	46	1
0	0	11
9	11	1
30	33	2
13	13	4
44	44	18
48	49	2
12	25	1
58	58	5
53	60	2
56	56	4
47	47	8
6	7	5
34	35	5
43	49	2
11	16	2
31	32	4
22	23	2
43	50	3
8	24	1
6	20	1
8	37	1
42	44	1
30	30	8
44	56	1
21	21	5
7	41	1
12	15	2
8	8	5
2	2	9
36	36	2
56	58	2
45	46	6
32	39	1
35	36	3
41	51	4
59	59	9
1	1	10
39	40	4
44	62	1
30	60	1
58	59	10
12	12	8
23	23	2
15	15	7
9	12	1
40	41	7
9	58	1
10	11	7
25	25	4
57	58	2
37	37	7
49	50	7
45	45	11
3	3	3
4	35	1
38	39	10
12	14	1
52	52	5
32	34	1
5	5	11
43	43	13
5	8	1
53	54	7
31	47	1
17	19	3
22	22	2
42	42	6
31	36	1
8	23	1
52	53	3
57	59	2
24	24	2
46	59	1
23	24	3
46	47	2
57	60	2
6	17	1
24	38	2
46	50	1
38	38	16
35	45	3
51	52	10
32	47	1
5	12	1
20	29	1
36	57	1
45	48	2
40	42	1
42	43	2
19	37	2
44	45	1
3	47	1
42	58	2
62	62	4
33	34	4
36	49	1
54	58	1
38	40	4
18	18	4
7	13	1
19	19	9
36	39	2
51	53	2
45	56	1
22	38	2
5	20	1
44	55	1
1	60	1
36	43	1
10	22	1
5	13	1
50	51	6
30	31	5
10	13	1
6	59	1
13	17	2
60	62	1
54	55	1
5	22	1
21	22	1
43	44	4
13	16	1
33	61	1
9	10	1
11	36	1
21	23	1
60	61	1
37	54	1
58	60	1
15	17	1
2	33	1
38	54	2
1	61	1
12	33	2
13	14	1
46	52	2
3	4	4
17	18	2
34	36	1
50	52	1
23	40	1
44	48	1
45	49	1
32	48	1
0	49	1
10	37	2
51	54	1
6	21	1
43	45	1
14	17	1
49	56	1
45	59	2
55	61	1
10	14	1
8	25	1
52	59	1
5	38	1
17	45	1
18	19	1
21	29	1
24	26	1
16	23	1
37	42	1
11	13	1
14	16	1
41	49	1
61	62	1
5	7	2
5	6	2
45	58	2
45	55	2
56	57	2
37	39	1
13	20	1
39	51	1
45	57	1
6	22	1
35	48	1
53	58	1
7	10	1
41	55	1
40	53	1
14	37	1
46	49	1
16	54	1
49	57	1
36	48	1
37	57	1
10	24	1
33	48	1
39	52	1
32	44	1
38	41	1
50	55	1
