66	66	4
12	13	2
24	24	3
61	61	5
20	21	1
19	62	1
72	72	3
18	18	3
25	58	2
75	75	4
54	65	1
31	31	1
58	58	3
74	74	4
59	60	1
62	63	2
10	10	3
7	7	1
52	52	2
11	11	1
56	56	2
9	12	3
87	87	2
77	77	1
4	5	1
47	48	2
76	77	3
85	85	1
26	26	1
79	83	3
72	74	1
17	18	1
14	14	6
5	9	1
88	88	2
49	49	3
78	78	3
34	34	1
22	23	1
52	54	1
31	89	1
15	15	1
23	23	2
48	48	3
77	78	1
62	62	4
69	74	1
55	56	2
6	8	1
14	26	1
49	51	2
62	65	1
12	12	2
73	79	3
78	79	2
68	68	1
17	17	1
86	87	1
57	57	2
73	80	1
71	71	1
56	57	1
20	20	1
6	10	1
84	84	4
30	30	2
3	3	1
23	25	2
59	59	1
22	22	2
25	26	1
79	79	1
9	10	1
82	82	1
89	89	1
77	80	1
1	1	3
47	47	1
29	29	1
25	25	1
4	4	1
72	73	1
13	13	1
68	86	1
61	75	1
53	53	1
51	52	1
13	14	1
9	9	1
85	86	1
3	4	1
74	75	1
59	76	1
73	74	1
70	71	1
55	55	1
13	17	1
51	84	1
63	63	1
