149	149	1
99	99	2
71	71	4
47	48	2
25	38	1
85	85	1
191	191	6
156	159	1
173	178	1
154	154	6
188	188	5
16	16	5
169	172	1
79	80	2
53	53	1
186	186	3
40	40	2
107	107	7
139	193	1
67	67	2
144	181	2
105	142	2
64	64	3
107	118	1
6	21	2
3	3	3
104	105	2
154	158	2
119	127	2
90	90	1
54	55	3
15	15	3
174	176	3
180	181	4
99	100	3
31	31	2
126	126	1
87	140	4
6	6	2
41	41	1
68	68	2
25	25	2
185	186	3
136	148	2
155	189	2
156	158	2
179	179	2
167	167	1
163	164	3
140	165	2
15	16	1
177	177	4
42	42	2
143	143	6
117	118	1
196	196	2
10	12	1
100	100	5
31	32	2
159	159	1
176	176	3
88	135	2
89	89	1
81	81	1
100	101	1
164	172	1
145	145	3
131	132	1
102	106	2
130	130	2
73	74	1
181	181	3
193	193	1
105	172	2
180	180	2
152	181	1
133	149	2
115	115	1
178	178	4
107	108	4
171	171	2
3	15	2
12	52	3
180	197	1
161	161	5
36	56	2
164	165	1
168	169	7
180	182	2
165	165	2
60	67	2
183	183	3
144	145	1
25	124	2
170	170	4
174	175	1
121	121	5
180	184	1
147	147	3
42	167	2
147	176	2
108	108	4
155	176	1
64	68	5
116	132	1
136	142	2
37	37	1
128	128	1
4	31	1
158	158	5
157	173	3
177	194	2
164	164	4
117	117	3
169	170	2
48	48	6
194	196	2
17	17	2
32	43	1
142	142	1
57	57	2
111	157	2
139	158	1
191	192	5
118	119	4
1	39	2
97	98	2
106	118	1
103	104	1
134	134	3
75	78	1
124	196	1
106	106	1
159	176	1
44	44	2
21	22	2
79	79	1
131	131	3
61	62	1
62	62	2
152	152	1
3	17	2
153	153	4
66	68	1
119	120	1
136	145	2
76	76	3
85	87	1
135	135	2
146	150	1
69	69	2
142	180	2
30	31	2
138	193	1
103	103	1
144	144	1
58	59	1
169	169	2
112	112	1
70	70	5
49	49	1
128	186	1
1	58	1
73	75	2
163	163	1
129	149	1
26	26	6
62	63	1
113	113	2
157	157	2
38	42	1
141	166	3
116	123	2
34	34	3
20	20	2
190	194	1
88	151	1
113	114	1
153	155	1
56	56	2
86	167	1
160	167	1
35	36	2
150	150	2
47	184	1
35	35	1
20	23	1
95	97	1
98	98	2
34	76	1
41	42	1
120	120	2
84	84	4
155	178	1
109	109	1
165	166	2
107	120	3
11	11	3
29	29	2
34	67	1
59	66	3
164	167	1
124	125	1
47	47	2
15	32	2
151	155	2
147	183	1
133	134	2
0	1	2
54	56	2
149	157	3
166	166	2
63	63	1
84	113	1
139	140	1
51	51	1
164	171	1
135	163	1
86	87	1
93	113	1
162	164	1
154	155	1
116	117	2
80	80	1
157	186	1
149	150	1
49	66	1
110	110	1
163	174	2
15	88	1
102	146	1
146	184	1
173	173	2
155	157	1
168	168	1
4	25	1
46	47	1
173	176	3
133	133	1
28	29	1
18	18	1
62	151	1
155	155	2
151	152	2
148	150	1
14	31	1
19	19	1
43	80	1
105	105	4
88	89	1
148	148	3
101	101	1
82	83	1
143	144	2
175	190	1
87	87	1
141	149	1
104	104	1
134	178	1
152	153	1
167	173	2
132	176	3
119	119	2
106	187	1
161	193	1
22	24	2
115	116	2
5	21	1
160	160	1
36	37	1
2	2	2
16	54	1
1	15	2
21	27	1
155	167	1
40	53	1
197	197	4
63	66	1
194	195	1
165	167	1
146	153	1
139	139	2
172	172	1
7	7	6
135	164	2
164	169	1
23	23	1
109	124	1
5	6	2
141	141	2
162	162	2
16	17	1
99	132	1
178	193	1
52	52	1
172	177	1
11	18	1
28	28	1
118	118	2
189	190	1
9	9	2
97	130	1
46	46	1
96	97	1
145	151	1
24	24	2
4	6	1
127	127	1
33	85	2
145	165	1
175	176	1
16	20	1
71	72	1
184	184	1
2	19	1
124	124	1
148	149	1
145	153	1
104	142	1
172	174	1
33	33	2
28	34	2
59	59	1
49	50	1
143	145	1
122	122	1
156	157	1
151	151	1
126	127	1
134	135	1
125	125	3
140	158	2
143	156	1
22	73	1
20	87	1
108	129	2
19	63	1
45	45	2
34	35	2
189	189	1
74	74	1
106	186	1
34	86	1
139	172	1
162	163	2
10	11	1
135	169	1
82	84	1
1	3	1
5	5	1
43	45	1
14	14	1
179	189	2
182	182	1
102	105	1
116	116	1
112	131	1
195	196	1
192	192	1
161	182	1
1	2	1
187	187	1
78	78	1
18	19	1
118	126	1
168	170	1
57	58	1
105	189	1
103	135	1
142	157	1
