20	22	1
27	27	14
21	21	30
30	31	2
36	37	6
43	44	2
42	42	6
24	24	12
31	41	13
15	22	3
40	40	18
39	39	10
32	41	2
24	26	4
32	32	10
20	21	4
21	24	1
27	29	6
24	25	4
19	19	4
39	40	3
26	26	4
29	29	15
37	44	1
31	34	4
37	37	7
35	35	5
17	38	1
36	36	12
31	32	8
29	30	9
33	47	6
25	31	2
43	43	17
20	27	1
45	45	16
23	23	11
18	18	5
34	34	11
43	46	4
30	30	20
41	41	11
38	40	2
16	16	18
33	41	2
15	17	1
46	46	21
31	31	16
21	22	13
46	47	11
15	16	4
35	36	14
25	26	5
19	20	3
33	33	8
17	18	4
38	38	13
28	35	2
44	44	7
17	17	14
42	43	6
19	23	2
27	28	1
32	42	5
21	25	3
25	36	3
23	24	6
48	48	5
22	42	1
15	15	4
14	40	2
33	34	1
18	37	3
41	42	5
37	38	3
30	40	3
25	25	9
28	28	4
20	20	6
22	22	1
47	47	8
26	40	4
18	19	4
45	47	1
31	33	2
9	9	4
34	43	1
28	30	3
47	48	3
15	29	1
27	41	2
26	27	2
28	29	1
11	11	1
18	39	1
43	45	1
32	33	1
26	29	1
38	39	1
15	34	1
31	39	2
22	24	4
35	38	2
22	23	2
16	40	1
29	40	1
30	47	1
33	42	1
30	32	1
