150	150	23
95	96	12
29	29	26
59	60	13
133	134	3
99	99	18
148	156	4
37	37	19
11	12	16
185	187	4
189	194	2
21	22	8
168	168	35
160	191	1
65	76	2
33	37	1
141	152	2
167	168	6
23	24	7
68	69	6
0	0	18
17	18	12
160	162	3
13	15	4
131	131	17
26	26	15
192	192	21
114	114	10
103	105	4
47	47	17
182	184	1
38	102	2
176	176	16
193	193	19
191	192	14
129	129	18
120	121	8
59	62	3
14	14	18
115	125	3
10	11	13
154	180	1
182	182	27
2	2	14
87	89	2
125	128	2
94	95	6
41	43	2
31	31	21
174	176	4
186	196	2
94	94	14
189	189	27
173	173	20
90	90	4
79	82	1
120	120	20
132	162	1
163	164	12
141	141	11
130	131	19
177	178	10
147	148	13
85	86	7
158	159	14
69	69	14
185	185	26
9	9	21
62	64	3
121	131	2
41	41	15
3	3	18
141	142	9
162	164	9
2	3	18
116	116	5
61	73	2
28	89	2
149	150	12
122	122	11
37	38	12
5	5	19
132	133	7
72	74	3
70	70	7
157	157	16
125	126	5
34	35	11
50	50	12
100	100	12
184	184	17
45	45	13
20	20	17
107	107	18
148	153	1
165	165	14
154	155	14
178	191	1
76	77	2
162	162	10
25	26	9
171	171	12
58	59	7
6	6	15
145	158	4
192	193	12
156	156	18
70	80	1
43	44	16
163	163	10
156	165	1
146	147	9
2	6	2
18	21	3
31	35	10
66	66	4
88	88	9
147	147	16
113	136	2
132	132	14
18	24	1
160	170	2
40	41	19
170	170	6
67	68	9
15	15	16
111	112	6
38	39	15
145	145	17
4	4	11
59	59	13
162	163	10
46	46	11
50	56	1
94	96	3
149	149	15
181	185	3
19	21	4
153	153	21
25	25	13
4	5	11
57	57	14
148	151	5
51	51	12
0	1	15
109	109	13
172	190	1
7	14	1
46	47	7
161	162	11
125	125	13
165	166	12
49	49	18
142	142	11
108	108	11
30	30	20
154	154	26
24	28	1
78	84	2
95	97	3
166	167	10
32	32	9
123	134	1
161	167	2
108	137	1
160	160	16
12	12	13
17	19	1
188	190	12
194	194	21
179	181	5
135	135	19
182	183	13
132	134	1
145	147	6
135	136	11
159	159	15
142	165	2
174	175	19
123	123	10
194	195	10
105	106	9
118	118	14
133	163	1
111	111	12
142	143	13
137	137	11
82	82	10
66	67	3
33	34	15
6	31	2
158	165	2
176	178	7
108	110	5
138	170	1
86	87	4
191	191	28
143	147	5
159	191	1
42	58	2
138	141	2
196	196	24
179	192	1
70	72	5
73	74	7
1	1	22
79	81	1
68	68	6
5	6	9
124	124	8
35	35	17
181	181	18
146	146	11
115	124	3
67	67	12
84	86	1
52	53	9
167	167	21
110	110	11
178	178	13
48	48	13
52	54	2
139	139	21
10	20	2
148	149	11
98	99	5
12	19	2
96	97	8
104	104	19
96	96	8
111	134	1
52	52	22
0	3	2
155	155	25
136	138	1
38	38	21
157	158	9
63	64	5
151	152	10
45	46	6
49	50	7
97	97	5
159	161	4
106	107	7
21	27	1
152	155	2
106	106	26
181	187	1
81	81	8
51	52	7
69	78	1
187	188	17
10	10	14
189	196	2
83	83	9
29	42	1
187	191	1
168	169	20
130	130	16
180	180	17
67	69	2
125	127	2
143	143	15
70	86	1
0	29	1
109	114	1
7	44	2
170	172	4
71	79	1
157	194	1
172	172	28
64	64	14
70	71	6
42	42	32
172	175	6
188	189	9
146	148	8
176	177	15
179	183	1
36	37	6
17	17	16
95	95	4
138	138	10
131	134	1
116	117	13
177	177	12
179	179	15
39	39	17
4	7	2
103	104	7
103	109	1
144	144	10
161	161	14
123	130	3
114	115	4
44	51	2
72	72	17
40	58	1
109	110	9
18	18	11
27	28	13
79	79	17
14	30	1
195	195	16
175	176	9
9	11	3
189	192	3
37	57	6
137	138	5
26	28	7
63	65	3
0	33	2
1	3	8
134	134	18
80	80	5
71	78	1
177	179	6
4	20	1
106	121	2
117	118	6
104	105	5
29	30	7
164	182	2
61	62	5
178	179	8
6	8	7
28	29	11
98	120	3
117	134	1
43	45	3
15	17	4
112	125	3
110	163	1
147	158	1
110	111	8
140	159	4
34	34	17
56	56	6
12	25	3
101	123	1
7	8	8
186	186	19
3	4	5
169	170	6
111	116	1
86	86	6
100	101	8
14	20	1
142	152	1
84	84	9
105	105	19
30	183	1
102	103	9
16	16	11
7	18	1
24	24	8
117	119	7
166	170	2
57	71	2
151	158	4
127	128	5
1	29	1
164	164	22
9	10	14
108	111	2
152	153	15
141	143	3
101	102	12
36	36	11
150	154	2
133	133	8
127	127	10
58	58	11
136	140	1
103	103	8
158	176	1
132	157	2
166	175	1
95	98	2
104	108	1
158	158	24
59	61	5
13	13	19
37	40	1
28	42	2
160	161	10
18	43	1
55	56	5
77	81	3
175	175	13
140	140	17
122	129	2
6	7	15
183	185	3
66	86	2
171	172	8
115	115	15
141	158	1
156	157	11
72	73	3
62	63	6
197	197	19
141	169	1
141	155	2
65	65	9
151	151	20
19	19	10
179	180	17
134	141	2
119	119	8
102	102	15
58	60	4
8	27	2
166	166	14
9	36	2
172	176	1
99	100	11
60	63	1
190	193	1
181	182	11
156	193	3
119	120	8
33	53	1
180	181	8
71	94	1
7	7	20
12	35	1
106	125	2
84	85	4
57	58	7
179	184	2
139	143	5
2	5	1
184	185	11
185	190	1
98	98	9
44	45	10
112	113	11
136	136	11
85	85	10
1	2	11
138	145	1
174	174	16
30	32	6
11	11	12
8	31	5
10	183	2
157	168	1
165	167	12
50	52	2
88	89	2
22	23	8
75	76	4
157	164	1
113	123	1
161	165	5
40	40	20
188	188	27
64	68	6
22	22	15
119	122	3
16	17	5
12	13	3
34	39	1
138	139	6
51	56	4
170	173	1
101	110	1
130	134	1
8	22	1
142	146	1
97	126	1
147	152	2
135	137	8
162	165	3
44	44	13
153	175	1
24	26	7
109	111	6
53	53	16
98	126	2
128	128	16
88	90	1
39	42	1
183	184	11
155	156	8
19	20	6
157	188	1
98	141	1
123	194	1
98	122	1
23	23	16
187	187	14
83	85	1
173	177	5
112	112	15
78	78	7
108	109	9
138	146	1
169	180	2
16	18	4
7	28	2
134	156	1
150	152	11
169	169	15
74	78	1
83	89	1
159	160	10
51	55	3
101	101	18
7	17	2
158	163	1
10	13	2
164	171	1
1	5	1
147	153	2
8	8	13
190	190	22
83	84	8
166	179	1
99	105	1
169	171	6
186	188	9
42	45	2
22	24	1
16	20	3
187	196	1
21	21	7
48	50	2
53	54	9
181	183	6
126	127	9
136	141	2
93	96	4
5	9	1
16	33	2
113	113	13
45	48	1
146	170	2
24	25	9
171	174	2
177	180	2
188	195	2
107	108	10
42	124	1
164	183	2
147	149	5
139	142	1
13	14	13
118	121	3
113	135	1
35	39	2
26	27	11
152	172	2
21	24	6
130	136	5
78	79	7
146	153	2
4	180	2
5	7	9
142	144	1
50	51	7
81	168	1
189	191	2
139	154	2
66	68	7
23	25	2
118	119	4
144	146	2
4	6	2
81	83	1
167	169	8
61	61	3
156	189	1
131	132	7
134	136	2
184	189	2
41	42	10
164	170	4
41	51	1
41	56	1
74	74	10
190	192	4
54	59	2
139	140	10
5	8	3
31	32	5
157	187	1
97	98	6
167	181	3
10	45	1
138	144	1
54	55	8
97	140	2
173	174	7
9	71	1
186	187	6
58	62	4
117	120	2
149	186	1
136	139	2
167	170	6
73	76	2
13	167	1
77	84	2
43	43	14
145	157	1
9	57	2
20	21	9
137	141	2
83	86	1
69	70	5
131	133	3
161	166	2
42	43	7
55	59	4
28	28	8
23	179	1
1	4	3
187	197	1
194	197	3
170	183	1
27	27	18
185	186	7
117	136	3
121	124	2
148	150	5
11	46	1
184	186	2
163	165	2
156	160	4
153	155	3
5	167	2
78	81	4
39	40	10
117	138	1
177	181	1
133	140	1
134	154	1
137	143	2
181	191	2
121	122	8
104	125	1
162	171	1
168	183	3
35	36	7
129	131	3
100	103	1
138	157	1
115	116	11
15	16	7
161	164	8
10	12	3
185	197	1
80	81	4
90	100	1
136	137	6
74	88	3
87	121	1
55	55	10
51	62	1
64	65	7
153	157	3
170	194	1
138	188	3
122	132	1
132	138	3
145	152	1
14	15	4
89	89	7
10	14	5
121	125	1
84	90	1
102	124	4
145	146	4
132	142	1
132	164	2
61	68	1
150	151	7
37	70	1
87	94	4
172	173	4
75	77	1
70	79	1
191	193	6
3	6	1
144	145	1
56	58	2
129	130	6
65	66	4
143	144	2
61	65	1
81	82	3
143	146	2
169	173	4
151	186	1
163	173	1
62	62	7
153	176	1
119	130	1
30	31	5
80	82	3
148	148	13
152	152	17
172	187	3
43	88	1
141	160	2
8	9	8
113	116	2
60	60	4
107	109	1
187	190	5
4	9	1
116	137	2
194	196	4
63	63	4
124	125	10
74	76	2
195	196	8
149	185	3
40	42	4
101	104	1
143	187	1
40	55	1
114	116	2
9	70	2
64	73	1
155	165	1
120	122	2
119	136	3
154	161	1
149	151	6
156	164	1
117	123	4
173	175	10
177	190	3
137	147	2
66	69	2
35	38	2
34	36	4
33	35	7
56	60	3
97	99	2
14	16	3
113	114	2
196	197	3
172	191	2
189	190	8
178	180	5
9	12	1
132	141	1
57	63	2
38	42	1
25	28	4
147	150	3
20	56	1
137	150	1
134	137	3
134	139	1
33	33	11
71	72	6
9	28	1
16	22	1
110	123	1
193	196	2
139	141	2
110	124	1
159	165	3
145	151	2
154	160	1
122	124	3
188	193	1
119	121	3
54	54	11
122	131	3
157	159	8
73	87	1
21	23	1
149	189	1
53	56	6
104	110	2
123	124	7
188	197	2
135	141	1
174	181	3
20	25	1
2	4	4
35	37	3
24	169	1
73	73	9
150	182	1
54	63	1
122	123	10
193	197	2
183	183	13
117	117	10
159	162	1
104	111	1
170	171	14
58	63	2
102	114	4
56	101	1
76	76	3
182	187	1
12	47	1
188	191	4
4	8	1
89	94	1
70	73	2
161	180	2
123	128	1
87	95	3
93	94	5
61	100	1
190	191	5
140	144	4
160	164	1
150	158	1
67	72	1
40	88	1
103	110	1
116	118	6
155	157	4
71	89	1
175	191	1
160	184	1
59	68	1
134	143	2
153	154	5
56	59	3
44	52	2
111	114	4
115	117	1
171	175	1
71	71	9
87	88	3
8	167	3
106	112	1
17	20	1
0	2	2
75	75	2
104	109	3
161	174	1
169	191	2
148	155	1
60	62	4
34	37	2
126	126	12
177	185	1
158	172	2
143	148	1
108	120	1
162	167	1
156	170	2
175	190	1
60	61	13
121	121	9
100	102	2
127	159	1
147	157	1
46	50	1
159	164	1
103	128	1
130	132	3
69	71	1
112	118	1
25	30	1
20	26	2
192	195	2
141	189	1
104	126	1
27	41	1
65	67	1
135	140	2
162	173	1
171	180	1
27	38	2
38	40	2
45	57	1
154	162	1
189	197	1
73	75	3
27	31	1
82	84	1
133	162	1
113	118	1
4	181	1
174	182	2
155	175	1
81	86	2
179	182	2
140	141	2
107	114	1
38	61	3
10	182	3
135	143	1
8	20	1
142	187	1
97	118	2
126	129	3
151	196	1
134	135	10
156	158	3
88	121	1
165	172	1
97	100	1
29	31	3
51	58	2
74	75	4
127	133	3
39	46	1
152	174	1
10	33	1
32	48	1
86	89	1
24	57	1
55	70	2
23	30	1
106	110	3
165	168	1
146	151	1
19	26	1
112	115	4
164	167	1
98	113	2
130	153	1
54	61	1
96	137	1
109	115	1
99	120	3
15	33	1
175	178	2
43	123	1
9	183	1
158	166	3
36	38	2
20	43	1
48	49	4
113	126	1
171	197	1
128	129	3
174	178	4
69	73	3
69	101	2
108	115	4
129	133	3
100	104	1
152	154	3
78	80	4
78	101	1
139	144	1
106	129	1
33	36	3
99	122	1
54	56	1
84	88	1
193	194	8
18	23	1
8	14	1
5	10	1
188	194	1
170	186	2
42	44	5
47	48	4
27	34	1
136	150	1
180	184	1
39	47	2
62	75	1
150	153	4
22	42	2
113	115	1
1	166	1
56	57	8
179	185	1
186	190	4
115	118	1
138	140	2
181	184	2
38	69	1
30	37	1
16	19	1
163	166	1
101	103	1
39	55	1
112	133	2
116	124	2
37	46	2
75	89	1
77	78	5
64	101	2
5	20	1
69	76	1
25	29	1
160	165	1
87	87	5
6	37	1
158	175	1
104	124	2
65	70	1
119	129	1
138	142	3
169	179	1
133	135	2
41	53	2
77	77	3
183	187	1
93	97	2
44	88	2
67	82	1
114	122	1
11	170	1
184	194	2
144	153	1
128	169	1
178	193	3
72	169	1
102	104	1
102	105	2
124	130	1
148	157	1
8	72	3
134	144	1
117	121	2
32	33	4
16	21	2
121	123	2
72	155	1
146	158	1
150	183	1
142	153	1
134	140	3
137	144	2
184	190	1
44	68	1
65	100	2
168	170	2
127	129	1
9	13	2
9	73	1
15	19	1
61	63	1
98	119	1
111	147	1
124	126	1
173	188	1
143	145	4
181	188	1
106	108	2
139	153	1
124	136	1
154	173	1
82	83	1
141	195	1
138	152	1
120	124	1
158	160	3
165	181	3
121	141	1
182	185	1
28	43	1
88	94	1
96	140	2
180	187	2
119	123	2
152	158	1
39	52	1
0	4	1
154	158	2
160	182	1
152	156	2
12	32	1
172	174	3
13	32	1
169	194	1
97	145	2
85	87	4
37	39	2
164	166	2
18	20	2
35	71	1
98	118	1
85	89	1
101	148	1
22	41	1
117	135	4
38	68	1
145	156	1
5	31	1
142	166	2
118	123	1
43	121	1
71	73	1
128	131	3
41	52	1
113	117	2
1	6	1
17	26	2
61	101	1
73	169	1
61	64	3
137	140	1
173	176	4
94	118	1
103	113	2
74	87	1
163	179	2
59	71	1
86	88	1
24	180	1
70	175	1
8	21	1
37	71	1
127	143	2
105	107	2
188	192	1
57	70	1
144	148	1
11	13	3
3	5	1
75	82	1
147	154	2
79	80	2
84	89	1
64	99	1
34	75	1
118	120	2
150	156	1
98	117	1
156	179	2
36	39	1
99	101	3
160	171	1
62	65	1
82	85	1
42	60	3
146	189	1
131	164	1
105	109	1
18	19	3
104	114	1
178	190	2
174	180	1
160	189	1
112	134	1
131	146	2
8	39	1
108	164	1
50	55	3
119	126	1
127	144	1
9	38	1
21	25	2
156	161	1
140	143	1
128	133	2
139	186	1
5	30	1
27	43	2
166	174	1
69	75	1
24	27	2
106	111	2
36	59	2
173	178	1
12	14	1
159	167	1
118	125	1
51	122	1
171	176	1
45	47	1
169	181	1
96	145	1
176	189	1
169	196	1
5	181	1
177	182	2
187	194	2
154	156	1
8	71	1
114	136	1
180	183	1
58	75	2
163	182	1
169	184	3
139	168	1
104	113	1
95	121	1
87	90	1
172	180	1
13	16	2
112	119	1
152	167	1
110	112	1
49	51	1
152	177	1
76	86	1
4	10	2
27	29	2
134	150	1
101	124	1
76	85	1
169	182	1
148	152	2
44	57	1
56	70	1
176	180	1
132	139	2
11	177	1
115	136	1
25	106	1
89	100	2
22	28	1
95	141	1
185	196	1
21	28	1
64	85	1
10	184	1
65	85	2
45	88	1
68	79	2
110	115	1
156	171	1
176	181	1
170	181	1
82	86	1
126	140	1
49	52	2
55	69	1
48	78	1
80	89	1
137	145	1
133	170	1
154	163	1
157	192	1
76	82	1
161	163	1
157	165	1
158	168	1
141	148	1
112	114	1
158	169	1
171	196	1
32	177	1
150	197	1
139	160	1
187	189	1
13	24	1
8	57	1
98	100	1
160	163	1
57	72	1
151	175	1
183	195	1
76	90	2
38	101	1
175	177	2
147	151	1
132	163	1
23	35	1
171	191	1
101	113	1
187	193	1
168	192	1
71	77	1
47	56	1
112	126	1
89	90	3
135	154	1
129	135	1
26	29	1
183	194	1
95	101	1
115	122	1
131	175	1
168	179	2
171	173	1
108	130	1
41	59	1
111	113	2
8	23	1
137	154	1
68	72	1
126	142	1
39	45	1
57	59	1
147	186	1
70	75	1
68	71	1
94	168	1
160	166	1
7	167	1
154	165	1
162	191	1
37	47	1
135	138	1
25	40	1
157	166	1
99	111	1
151	173	1
164	165	1
41	85	1
154	157	1
20	30	1
69	72	1
171	184	1
95	99	1
20	22	1
140	149	1
145	148	1
189	193	1
12	30	1
75	88	1
123	125	1
14	35	1
94	97	1
178	182	1
167	178	1
147	155	1
64	74	1
88	98	1
161	192	1
27	40	1
53	55	1
163	174	1
143	152	1
65	89	1
52	55	1
145	166	1
161	183	1
116	131	1
