70	70	4
133	145	2
120	120	1
146	147	7
41	41	5
68	69	1
40	40	2
37	37	1
36	37	3
76	78	1
14	15	1
105	105	3
91	152	3
15	29	1
122	154	1
27	28	1
53	54	1
19	20	4
135	146	1
17	17	4
95	95	1
46	46	4
54	54	2
11	69	2
115	116	1
48	49	1
89	90	1
140	141	2
3	3	1
154	157	1
151	151	2
97	97	1
71	71	3
107	116	1
3	50	1
22	42	1
12	107	1
125	126	3
56	66	2
62	62	1
31	32	1
112	113	1
22	23	1
8	9	2
13	107	4
71	152	1
140	140	3
34	34	3
138	141	1
137	137	4
80	80	2
146	146	1
131	158	2
31	31	2
48	48	3
123	125	2
17	19	2
116	117	2
121	121	3
82	83	2
117	156	1
148	148	1
94	95	1
13	13	2
49	49	1
14	14	2
0	0	3
85	86	1
4	4	2
89	153	1
19	19	2
13	14	2
67	69	2
10	31	1
43	43	1
82	94	1
52	56	1
112	152	1
94	106	1
28	28	1
85	85	2
14	42	1
115	117	1
37	61	1
40	149	1
20	21	2
145	145	2
53	53	2
40	42	2
47	47	3
33	33	1
121	122	1
12	13	3
98	98	1
15	34	1
13	20	2
111	112	1
23	23	1
46	77	1
135	135	2
10	52	1
50	51	2
94	120	1
135	138	1
139	139	2
18	35	1
2	47	1
84	85	1
6	11	1
119	124	3
117	117	2
95	126	1
148	150	1
22	22	1
16	18	1
66	66	1
39	151	1
43	55	1
15	18	1
146	158	1
18	31	1
65	66	1
4	151	1
113	123	1
6	8	2
64	64	1
141	144	1
16	57	2
118	120	1
40	41	1
98	106	2
12	22	1
11	12	1
14	29	1
109	115	1
147	153	1
133	157	1
129	129	3
12	12	1
24	55	1
84	84	1
81	81	3
11	11	2
45	45	1
115	115	1
69	148	1
24	25	1
104	104	1
19	31	1
11	30	1
46	49	1
82	104	1
90	90	1
99	129	1
111	111	1
45	46	1
35	35	1
25	25	2
69	69	3
123	123	1
7	8	1
125	125	2
26	39	1
80	92	1
82	85	1
90	91	1
48	50	2
99	99	2
136	136	1
75	75	1
39	39	2
19	21	1
119	120	2
153	153	1
16	16	2
3	4	1
31	42	1
83	121	1
155	156	1
113	113	1
10	29	2
93	95	1
38	39	1
130	130	1
144	144	1
108	114	1
113	115	1
119	119	1
144	145	1
9	27	1
114	114	1
134	134	1
118	124	1
97	108	1
152	152	1
51	53	1
80	84	1
94	128	1
71	72	1
