56	57	3
44	44	8
77	77	9
1	75	1
105	105	11
118	119	10
56	123	1
106	108	2
4	29	2
76	76	11
120	121	2
33	34	3
59	61	2
63	66	1
82	82	6
12	13	4
2	2	5
92	93	3
42	42	1
113	113	7
107	107	7
87	87	11
1	3	5
95	95	10
8	11	1
37	38	2
118	122	6
3	4	7
85	85	20
114	114	7
12	12	13
25	105	1
130	131	7
79	111	1
129	130	4
70	74	2
63	88	1
50	115	1
115	115	16
112	124	1
90	91	5
61	61	16
65	74	2
7	35	2
95	97	3
30	30	5
6	59	2
119	120	4
87	91	2
67	68	5
94	94	11
60	82	5
93	93	13
69	70	2
43	43	13
111	132	2
90	90	8
132	133	7
113	125	2
106	106	11
71	72	5
12	14	4
107	110	4
116	116	8
70	71	5
86	86	10
29	30	2
82	105	2
54	54	4
120	131	1
52	53	8
78	100	1
103	103	8
83	84	7
3	3	4
9	11	3
55	125	1
34	34	7
66	66	5
13	18	1
132	132	4
9	16	1
96	97	4
83	83	12
42	44	4
16	16	3
13	60	2
6	6	10
21	21	8
58	87	1
78	133	2
76	100	2
86	87	5
113	131	2
74	75	6
82	83	2
97	97	5
63	76	2
50	50	14
113	120	1
45	45	12
36	36	9
104	104	11
1	1	3
73	73	15
8	15	1
15	17	4
17	18	3
121	122	2
85	95	2
50	52	4
120	123	3
6	18	2
47	48	4
100	100	9
91	91	8
18	18	5
117	119	2
67	78	2
79	132	3
7	25	2
26	26	9
44	107	1
36	37	2
32	32	11
72	73	4
107	118	2
63	69	1
65	65	10
105	106	2
63	63	10
71	71	8
78	95	3
120	120	6
87	92	5
80	80	9
8	9	4
117	117	6
49	49	6
53	54	4
90	93	3
70	70	4
94	96	1
110	111	5
79	81	7
107	109	2
88	95	1
82	87	1
31	32	7
79	80	8
90	100	4
1	2	9
84	85	7
19	19	5
115	116	5
87	117	1
20	113	3
64	64	9
9	37	1
114	124	1
122	124	3
68	118	1
102	102	12
11	11	2
118	118	10
21	52	1
69	122	2
74	126	1
111	115	1
56	58	1
23	23	9
42	43	2
0	0	6
27	27	2
53	73	1
46	99	1
108	108	13
24	24	6
131	131	9
29	29	5
100	101	2
58	59	6
15	16	6
49	50	4
74	99	1
88	88	10
97	98	4
27	28	5
72	72	10
22	22	5
31	31	5
56	56	7
126	127	1
111	114	3
27	43	2
96	111	3
134	134	8
133	133	5
127	127	5
28	29	4
107	108	3
81	81	3
25	26	7
23	24	3
26	92	1
114	115	3
61	67	1
112	112	12
19	20	3
96	96	6
69	69	9
97	105	1
61	62	2
5	35	1
94	95	5
75	75	4
125	131	1
46	53	1
83	86	2
14	14	2
110	110	3
129	131	2
11	17	1
45	56	1
119	131	1
32	33	2
81	82	4
98	98	7
15	19	1
97	113	1
35	35	2
111	111	9
74	74	3
63	86	2
109	111	2
108	110	3
49	55	1
111	112	1
87	93	1
59	60	1
3	5	3
83	85	3
106	107	3
36	61	1
55	56	6
9	10	3
123	131	2
5	5	7
72	96	2
22	23	1
121	125	4
80	132	3
78	96	3
24	25	1
45	62	1
118	120	3
60	68	1
11	13	4
25	103	1
53	55	4
46	79	1
38	38	2
13	13	10
85	110	2
94	98	2
8	123	1
19	45	1
8	17	1
125	125	5
11	12	1
121	121	10
91	97	1
125	132	1
45	110	4
9	9	6
113	114	3
109	117	3
45	99	1
8	8	6
45	47	3
68	121	3
54	114	1
83	134	2
80	131	2
114	125	3
79	79	8
54	55	2
125	130	1
83	95	1
26	105	1
52	52	5
84	84	10
101	101	9
18	52	1
92	92	7
134	135	3
68	125	1
55	55	6
128	134	2
81	107	1
60	61	3
61	64	1
71	73	3
123	128	1
37	37	5
91	92	5
135	135	1
57	58	7
89	100	3
89	89	8
68	114	2
20	20	3
55	79	1
17	19	1
75	76	3
44	61	1
65	78	1
14	110	1
43	100	2
3	6	2
53	68	1
37	123	1
121	130	2
62	85	4
126	129	2
19	24	3
55	117	2
81	91	1
11	14	3
28	28	2
4	25	2
127	131	3
115	122	1
123	126	2
90	92	3
19	53	1
127	130	1
86	107	2
112	126	1
90	106	1
14	16	4
81	134	1
34	35	4
65	68	1
113	132	2
65	119	1
16	17	2
60	60	8
91	93	2
58	58	4
128	133	2
122	122	4
68	85	3
6	7	4
78	78	9
126	126	1
66	82	1
112	114	4
65	66	2
129	129	4
61	84	6
7	17	2
128	128	5
78	79	3
10	10	4
66	67	3
87	108	4
25	25	3
51	52	1
23	25	1
73	133	2
67	67	5
122	126	1
109	132	3
123	125	2
46	57	1
57	57	3
98	99	2
87	96	1
54	65	2
76	118	1
64	73	1
26	106	1
15	15	1
72	126	1
37	43	1
55	60	1
84	86	3
106	111	1
101	102	3
69	110	1
87	88	1
8	24	1
123	123	6
88	89	4
14	113	1
112	133	2
55	57	1
98	100	2
125	128	1
96	106	3
33	33	3
68	122	6
7	8	1
7	7	6
18	24	1
4	5	2
99	99	3
60	66	1
44	100	1
82	86	4
68	119	2
124	125	3
30	31	4
81	86	1
4	71	1
73	74	5
78	84	1
96	107	1
46	56	1
109	119	2
77	131	1
45	54	1
68	68	3
20	21	1
69	108	1
9	36	1
103	104	4
7	122	1
45	111	1
109	109	4
109	110	3
80	119	1
108	109	6
63	64	3
105	111	2
119	119	5
57	108	2
125	126	3
59	59	3
89	101	1
119	130	2
77	118	3
108	117	1
30	32	1
54	59	1
107	117	2
52	54	2
72	75	1
126	131	1
61	63	1
3	35	2
119	121	3
27	31	1
113	129	1
124	124	7
87	95	2
130	130	6
7	9	1
17	17	3
102	103	4
24	26	1
84	117	1
20	23	1
66	79	2
113	118	1
4	7	2
133	134	2
80	81	4
10	11	3
52	71	1
72	127	2
86	110	1
123	124	3
100	108	1
101	103	2
52	124	3
128	129	1
113	115	1
97	99	4
4	75	1
46	46	1
120	129	1
68	111	1
14	15	8
123	129	1
121	123	2
83	88	2
61	85	1
118	124	1
50	51	1
18	20	1
127	128	6
8	25	2
77	78	3
47	49	2
62	63	3
66	73	1
122	133	1
60	97	1
63	65	1
87	101	1
52	127	2
73	76	1
82	111	1
20	24	2
79	88	1
24	100	1
69	85	1
4	4	3
43	44	3
84	87	1
66	78	1
33	35	3
109	112	4
9	19	1
79	129	1
90	95	1
38	55	1
27	30	2
115	119	1
131	132	1
13	62	1
69	123	2
44	60	1
55	123	1
92	96	2
77	130	1
63	68	4
18	23	2
14	18	1
114	123	1
122	123	3
5	67	1
20	55	2
77	97	3
11	25	2
4	35	1
74	81	2
69	134	1
103	132	1
50	99	1
20	53	1
91	107	1
38	62	1
102	104	3
8	16	1
104	105	6
53	124	1
5	34	1
9	15	1
117	125	1
26	93	1
44	45	4
10	17	1
43	104	1
78	86	1
9	66	1
47	90	1
79	131	2
84	96	1
53	53	2
95	96	2
102	130	2
26	43	2
59	67	2
109	123	1
52	111	1
99	100	2
28	58	1
62	62	2
57	86	1
125	129	1
53	74	1
117	118	4
31	33	2
128	130	1
16	37	1
49	57	2
18	19	2
8	26	1
57	61	1
117	122	3
64	78	2
87	128	1
57	59	3
62	84	1
44	87	3
67	86	1
75	80	1
103	130	2
52	69	1
85	105	1
114	117	1
44	79	1
7	24	2
56	60	1
53	69	1
47	47	2
21	123	1
54	64	1
91	94	1
6	26	2
63	67	1
9	55	1
85	108	1
48	56	1
108	111	1
81	88	1
95	132	1
131	133	1
82	135	1
11	36	1
7	13	1
22	24	1
5	32	1
127	129	4
3	80	1
85	122	1
128	131	2
57	73	1
66	68	1
68	81	1
79	134	1
7	26	2
66	83	1
45	53	1
76	97	1
120	122	1
50	71	1
109	113	1
44	97	2
45	79	1
6	51	1
64	66	1
57	78	1
10	19	3
26	35	2
111	113	1
96	100	2
46	55	1
62	69	1
31	34	1
88	92	1
87	109	1
89	90	1
116	120	1
126	132	1
85	86	1
11	24	1
95	107	1
7	27	1
118	125	1
34	38	1
64	65	1
56	80	2
56	107	1
7	18	1
10	109	1
110	115	2
65	105	1
88	132	1
65	67	1
60	69	1
100	106	1
42	99	1
1	5	1
84	106	1
66	108	1
117	123	1
113	128	1
94	100	1
61	82	2
28	30	1
65	69	1
96	99	2
65	79	1
67	87	1
124	127	1
80	134	1
113	123	1
19	23	1
35	36	1
103	128	1
106	116	1
21	24	1
9	20	1
130	133	1
49	51	1
46	80	1
7	15	1
112	115	2
58	83	1
14	21	1
79	95	1
130	132	1
76	98	1
116	117	1
20	115	1
62	65	1
8	38	1
78	108	1
26	32	1
83	107	1
49	56	1
52	78	1
59	81	1
124	131	1
115	123	1
15	43	1
78	132	1
10	15	1
