12	12	14
69	73	1
15	16	5
140	140	3
128	128	17
44	45	7
71	97	3
148	150	8
149	149	15
78	79	3
43	44	6
34	35	18
10	11	3
46	46	15
33	34	3
93	146	6
105	105	18
5	34	1
124	146	1
83	84	2
23	23	15
151	151	9
44	44	5
138	153	3
142	142	3
53	76	1
31	31	9
87	95	2
82	98	3
95	98	6
12	13	2
39	39	16
55	55	12
64	67	2
47	47	20
93	105	3
83	83	16
85	92	3
4	13	1
67	67	10
87	87	3
50	149	3
54	55	6
34	34	5
30	30	7
85	85	9
20	20	15
135	135	16
130	130	12
131	132	1
143	143	13
114	114	16
41	42	3
35	51	1
93	110	1
42	43	5
21	21	31
143	144	6
62	62	19
5	5	4
139	146	4
40	40	18
98	98	8
54	54	10
110	111	13
51	52	1
6	6	15
7	32	1
147	148	4
14	14	11
14	15	2
111	111	7
8	34	2
20	21	9
28	32	2
116	125	1
66	66	14
3	5	1
96	96	5
74	74	9
77	77	17
125	125	7
84	84	6
25	25	12
129	131	4
101	101	5
7	7	9
72	72	14
11	97	1
138	138	5
70	70	11
11	13	4
74	75	4
45	47	3
4	6	5
45	46	7
117	123	3
109	109	17
6	33	2
144	145	3
27	62	3
38	39	7
137	138	6
25	102	2
108	113	3
9	9	13
120	136	5
76	92	1
107	107	23
16	24	1
117	117	7
69	74	4
18	18	9
84	126	5
145	145	16
150	150	4
116	116	17
64	65	4
73	94	2
140	141	5
122	136	3
26	26	5
13	13	9
13	25	2
50	50	15
64	64	22
133	133	6
73	73	2
24	24	14
65	67	2
97	98	3
33	64	6
98	99	3
75	79	2
73	74	2
115	116	4
68	68	9
11	11	12
13	80	3
86	114	1
41	41	20
130	133	4
78	99	2
68	71	4
7	8	8
111	112	4
82	93	4
78	78	2
56	56	2
134	148	4
93	93	11
103	104	3
43	43	10
106	113	8
146	146	4
48	48	14
106	109	6
36	36	12
132	150	6
18	19	3
104	104	7
52	122	1
118	118	13
49	49	6
94	103	2
29	33	5
127	127	10
27	27	15
86	86	10
22	22	5
71	71	11
76	77	3
26	64	1
79	79	8
136	136	5
101	102	4
94	94	9
100	100	9
69	69	12
53	53	25
130	132	6
42	69	1
19	19	19
86	87	2
79	95	6
15	15	12
45	93	2
81	84	2
76	76	6
98	107	3
64	83	3
20	23	6
120	126	4
62	63	9
38	38	8
35	35	10
106	106	7
57	65	4
82	97	2
123	148	3
117	119	1
31	141	2
108	108	2
109	114	1
26	32	2
97	97	2
83	116	6
28	62	2
32	33	3
95	106	1
123	128	4
28	28	7
139	139	12
113	113	6
9	19	5
124	139	3
125	126	6
72	94	3
11	83	3
53	132	6
3	3	5
136	152	1
8	8	9
48	152	1
4	4	11
37	37	10
17	17	8
118	139	2
106	108	4
21	154	1
54	66	4
148	148	5
82	82	8
92	92	7
46	63	3
61	97	1
144	144	2
24	29	5
96	97	4
138	145	3
66	81	3
75	76	7
102	103	4
3	13	1
139	143	3
121	136	4
120	120	11
63	74	4
80	82	2
24	25	3
70	71	1
94	98	3
80	80	6
35	36	5
129	130	2
123	123	4
13	15	5
51	122	1
88	90	3
69	70	2
52	68	3
28	63	2
62	65	6
99	99	8
123	127	2
68	122	3
120	121	3
137	137	8
55	67	2
89	89	4
50	138	1
95	95	2
115	115	5
83	99	5
80	88	1
121	121	3
4	12	3
27	28	4
49	50	4
90	90	7
24	103	2
80	81	6
17	38	3
118	123	1
85	86	2
147	147	11
86	95	2
141	141	7
34	53	1
50	103	4
25	71	1
41	45	1
44	113	4
40	106	5
31	138	4
23	24	4
23	54	2
42	42	5
119	119	4
65	65	8
63	65	3
118	138	1
44	106	3
142	143	3
67	81	3
2	4	3
126	127	5
57	61	1
82	87	5
124	124	6
46	62	2
16	16	15
137	152	5
83	137	3
66	67	2
85	87	2
43	46	4
47	64	1
122	131	4
112	112	6
79	90	1
125	139	1
76	123	2
124	128	2
56	73	3
129	133	4
31	32	3
124	125	6
131	151	3
82	94	4
71	99	2
5	9	3
62	66	1
48	62	8
47	48	2
56	76	2
50	93	2
51	53	4
25	28	2
33	35	1
47	53	2
111	115	4
100	107	3
32	79	3
38	42	5
6	7	1
75	77	1
126	126	3
42	44	1
99	100	4
79	80	1
136	144	4
55	70	6
56	68	3
68	69	5
53	77	2
75	75	2
48	49	2
24	26	2
86	94	1
45	63	1
29	29	6
23	25	2
26	79	1
50	65	2
63	149	5
115	117	6
86	88	1
11	34	3
112	113	4
134	147	2
6	10	3
17	23	3
63	66	1
83	94	2
122	137	1
26	65	3
21	143	1
40	47	1
120	132	1
53	54	5
66	71	1
56	101	2
153	153	4
37	38	3
74	76	4
32	36	3
73	118	4
145	146	1
41	44	3
55	56	3
3	12	1
131	135	1
50	55	1
138	144	2
32	32	1
33	37	4
75	85	2
19	23	4
5	6	7
111	114	1
5	16	1
81	81	3
64	68	2
40	41	1
34	50	2
134	134	5
85	102	3
95	97	2
42	92	1
86	93	4
76	124	3
69	99	1
131	136	2
80	96	3
105	108	4
121	122	7
149	150	1
151	152	1
31	50	1
37	43	2
53	69	3
81	82	1
62	64	1
75	78	3
11	12	2
17	18	1
17	24	3
94	126	1
71	96	2
76	93	2
72	129	2
38	112	3
96	102	1
103	103	2
117	152	2
122	122	1
76	79	2
83	85	1
55	83	2
132	133	2
38	44	2
42	93	3
93	111	2
73	91	1
125	127	1
20	142	1
86	100	3
104	111	2
36	138	2
63	63	3
6	8	1
120	124	1
6	34	3
46	54	4
131	131	6
79	97	3
7	14	2
104	105	3
27	58	1
72	73	2
94	121	1
121	146	3
95	99	2
57	100	1
137	145	1
70	102	1
57	57	4
30	32	1
79	87	1
90	92	3
152	152	3
64	148	1
26	84	2
139	144	1
119	123	1
76	78	1
20	24	1
145	154	1
77	78	4
86	102	1
83	95	1
84	87	1
77	87	3
38	115	1
53	56	3
57	67	1
33	33	1
39	40	2
142	144	1
50	139	1
102	115	1
3	15	1
71	77	2
88	88	3
19	20	1
142	145	1
65	66	2
58	73	1
57	96	2
39	111	1
133	137	1
87	93	2
154	154	1
54	65	1
72	81	1
92	116	1
104	107	3
76	87	1
75	124	1
84	95	1
81	94	3
31	36	2
45	45	1
118	119	1
132	132	1
43	74	1
118	129	1
129	135	1
8	9	1
90	116	1
118	145	1
22	23	1
