53	53	11
167	167	2
8	8	3
83	85	1
81	88	1
108	108	6
157	157	4
37	37	1
101	101	5
1	1	3
126	157	3
46	48	1
133	148	1
105	105	4
153	153	2
92	94	2
68	69	3
46	108	4
98	100	2
125	125	7
143	143	7
11	25	1
24	48	2
116	117	2
73	73	6
26	27	1
1	27	1
104	104	4
91	91	8
82	82	7
155	155	4
71	71	6
144	144	10
87	90	2
101	102	2
152	152	2
57	57	9
65	65	1
90	139	3
97	98	5
20	21	1
10	11	3
138	143	1
41	41	2
24	24	6
135	135	1
159	160	2
27	27	3
34	34	3
115	115	4
47	49	2
9	10	5
116	116	4
131	153	1
36	37	2
11	12	1
70	70	1
124	125	3
145	146	1
113	114	1
150	150	5
54	55	2
84	99	3
77	82	2
20	24	1
56	56	10
110	116	1
40	40	3
111	111	9
156	157	1
149	149	3
89	94	1
5	27	2
25	25	7
114	114	3
12	22	1
116	147	1
25	26	2
83	83	5
48	48	2
136	136	3
55	55	4
127	136	1
103	104	2
77	77	4
15	15	8
140	141	1
109	110	4
146	147	2
87	87	4
7	7	1
94	94	5
95	96	4
149	150	1
118	119	2
155	156	2
40	46	5
138	138	1
92	92	5
93	112	3
129	149	2
50	52	2
6	7	2
22	23	2
75	75	5
99	100	3
3	3	3
106	110	2
102	103	2
11	38	1
5	5	7
11	13	2
84	85	1
97	102	1
9	9	8
102	102	6
49	52	1
123	123	3
28	104	1
139	139	2
50	51	4
81	118	2
75	107	2
114	115	2
142	165	2
166	166	1
10	12	2
145	163	2
0	1	1
80	80	2
20	44	2
115	117	2
89	90	2
39	45	2
93	111	3
125	128	2
163	163	3
34	36	1
115	116	4
6	6	3
0	0	6
154	154	2
8	9	2
14	15	3
23	24	3
38	43	2
153	156	1
21	21	3
95	98	1
23	79	1
55	56	1
117	117	5
170	170	4
45	45	4
97	104	3
76	76	3
69	71	2
107	107	5
152	153	5
138	141	1
135	136	4
77	78	4
43	43	2
51	51	6
117	120	3
131	146	1
136	137	4
38	38	5
19	35	1
2	2	6
136	166	2
14	19	3
10	10	3
78	78	1
113	113	2
56	63	1
88	90	1
158	158	2
25	37	4
93	95	1
6	8	5
44	46	3
96	96	1
5	26	2
130	143	2
76	94	2
17	21	2
148	169	2
54	56	2
79	79	2
12	13	2
141	141	3
81	82	1
73	74	1
8	10	2
13	16	1
47	47	4
35	140	1
70	71	1
21	22	3
86	112	1
119	146	1
46	47	2
134	139	1
14	87	1
86	97	3
139	141	2
38	52	1
54	54	2
55	83	1
18	53	1
4	5	3
138	142	2
127	127	3
106	137	1
51	52	2
131	131	5
22	22	3
0	10	1
119	119	3
24	101	1
53	56	1
92	93	2
147	149	1
113	116	1
23	23	1
111	112	1
80	82	3
95	114	1
27	113	1
164	164	4
14	73	1
79	131	1
5	10	1
43	47	1
148	157	1
85	86	3
52	52	2
161	161	3
39	39	3
56	57	1
141	151	2
85	85	1
82	84	2
106	107	2
77	83	2
18	19	3
110	110	3
156	164	1
42	42	2
123	131	3
8	13	3
63	63	3
55	88	2
83	88	2
130	148	3
88	88	3
104	111	2
4	4	6
13	15	1
130	130	4
18	18	6
90	105	2
50	72	2
19	19	2
151	152	3
128	128	7
13	13	2
140	140	1
38	48	2
117	125	2
80	86	1
90	90	5
126	127	1
1	2	3
121	121	3
147	147	3
114	122	1
26	26	2
75	85	1
130	131	1
111	114	1
129	129	5
19	48	2
129	141	2
144	150	1
90	96	2
117	118	3
47	71	1
40	73	1
127	133	2
50	71	1
49	49	2
161	162	2
67	68	1
165	170	2
37	38	1
148	148	5
97	97	2
22	51	1
132	145	1
116	163	1
85	96	1
140	142	2
35	35	1
75	146	1
41	42	1
97	100	1
68	68	1
72	82	1
104	107	2
44	44	1
86	87	2
151	151	2
137	138	1
105	151	1
134	137	3
46	46	1
83	84	3
18	23	4
38	47	1
145	145	3
106	106	4
79	92	2
71	72	1
129	145	2
16	16	1
168	168	1
98	98	4
16	23	1
76	79	1
81	81	4
108	112	2
19	24	1
93	93	2
156	156	4
18	105	1
45	46	3
46	86	2
80	93	1
20	23	1
13	14	1
117	121	1
20	22	3
89	89	1
121	159	1
132	132	1
23	102	1
83	86	1
112	112	1
71	73	1
112	114	2
51	100	1
119	121	2
157	158	1
104	106	2
84	162	2
137	137	1
156	158	2
11	11	3
163	164	2
76	152	1
103	110	2
129	136	2
106	138	1
12	12	2
99	117	1
104	120	2
107	108	3
37	43	1
142	145	2
114	133	1
101	104	1
99	99	2
92	95	2
37	40	1
86	86	3
98	99	1
72	84	1
91	94	1
78	93	2
77	81	1
83	103	1
122	157	1
109	109	1
123	129	1
125	138	3
2	152	1
49	50	1
67	69	2
15	73	1
105	106	2
63	72	1
93	114	2
28	28	1
146	146	3
50	50	1
150	165	1
162	162	1
164	166	1
144	152	1
74	75	1
5	8	1
19	20	1
74	89	1
90	93	1
122	122	3
66	67	2
119	129	1
69	69	1
101	113	1
162	163	2
67	67	1
49	69	1
126	129	1
7	8	1
24	25	1
72	73	1
88	89	2
76	88	1
126	153	1
36	36	1
126	126	2
103	103	3
164	169	1
74	101	1
91	92	1
145	148	1
57	58	1
139	140	1
91	130	1
25	94	1
90	91	1
154	165	1
100	100	1
142	142	1
120	121	1
0	3	2
37	107	1
107	111	2
132	146	2
142	143	1
16	22	1
122	133	1
82	83	1
100	102	1
61	63	1
94	102	1
117	160	1
160	160	2
15	24	2
21	23	1
77	80	1
79	80	1
133	153	1
47	48	1
87	88	1
56	65	1
150	151	1
26	28	1
127	146	1
147	148	1
100	111	2
95	102	1
160	161	1
77	131	1
38	40	1
16	17	1
118	165	1
74	74	1
84	88	1
89	134	1
143	145	1
119	149	1
97	99	1
100	101	1
119	120	1
39	46	1
26	93	1
