28	30	1
141	143	1
14	18	1
129	129	2
122	122	3
145	145	4
8	8	5
142	144	1
30	30	1
39	39	4
18	20	1
130	130	4
161	162	3
77	153	1
167	167	5
103	103	4
6	6	5
50	89	1
162	162	5
25	25	9
142	142	3
105	105	2
5	8	1
141	141	3
1	1	2
138	139	1
147	150	3
13	16	1
10	10	7
114	114	2
32	33	3
27	172	1
14	148	1
7	7	3
41	42	2
126	153	1
72	72	2
28	29	3
155	157	3
135	157	2
150	150	8
35	36	3
38	38	5
172	172	4
23	23	3
78	82	1
36	37	2
178	179	1
82	82	4
148	163	1
14	37	1
164	168	2
12	34	1
124	125	4
78	85	2
36	38	2
16	36	1
3	4	3
21	22	3
0	17	1
111	114	2
12	16	1
1	2	2
2	14	3
75	76	1
92	92	2
128	129	2
51	61	1
138	138	1
126	128	1
161	161	1
41	41	6
19	20	3
11	11	1
86	95	1
10	11	2
160	160	1
62	62	2
23	39	2
2	7	2
108	108	5
126	152	1
159	159	3
119	119	7
79	83	1
112	121	2
24	25	3
114	116	1
6	116	1
23	28	2
13	14	2
136	146	1
22	22	3
122	150	1
8	9	2
124	124	6
35	35	4
43	43	1
3	3	3
8	13	2
91	91	2
29	39	1
2	2	2
166	166	1
22	24	1
34	34	3
85	136	2
26	36	1
141	159	1
6	21	1
52	53	3
1	10	1
72	94	1
163	163	3
52	52	2
124	153	1
7	43	1
179	179	2
65	66	3
37	37	4
102	104	1
143	144	4
87	87	1
94	103	1
64	64	3
171	171	1
129	130	3
168	169	2
20	25	1
134	134	1
30	37	1
117	119	1
16	21	2
84	85	1
81	82	2
115	115	2
26	26	2
43	44	3
2	3	1
4	4	3
112	112	3
12	15	3
109	109	1
129	131	1
93	93	2
113	114	3
34	35	3
92	93	2
148	148	1
21	21	4
14	24	1
44	44	3
30	31	3
160	163	1
16	16	6
83	86	2
11	12	1
156	156	3
153	153	3
54	59	1
10	15	1
24	24	7
110	110	2
51	51	2
9	24	1
22	28	1
29	29	5
163	164	1
136	136	3
79	79	2
37	44	1
28	36	1
27	27	2
165	165	2
28	28	5
164	166	2
156	160	1
98	101	1
12	12	5
10	14	3
58	60	1
175	176	2
29	31	2
96	103	2
86	86	1
26	28	1
50	50	1
32	32	4
117	118	1
139	150	1
135	136	3
118	119	1
174	174	2
140	140	1
164	164	2
162	163	1
150	151	1
4	7	2
106	106	2
29	30	3
82	85	3
166	167	1
4	6	1
26	27	1
147	147	2
3	7	2
68	71	1
6	7	2
22	29	1
83	84	3
31	32	2
33	44	1
118	118	1
18	18	3
42	42	4
39	40	2
0	1	4
80	80	1
106	113	1
33	35	1
60	126	1
25	29	1
59	60	1
27	28	1
19	19	3
114	115	2
67	98	3
32	43	1
151	151	3
176	176	2
7	19	2
173	175	2
156	159	1
150	157	1
15	20	1
22	42	2
9	11	5
74	138	1
5	32	1
25	152	2
49	49	2
96	96	1
11	13	1
159	160	1
23	24	1
73	95	1
104	110	1
140	141	2
2	5	2
36	41	2
16	18	1
53	86	1
87	90	1
38	42	1
45	45	5
116	116	1
174	180	1
14	14	3
105	106	1
1	6	2
60	60	1
87	89	1
154	154	1
18	19	2
50	110	1
59	59	2
116	131	1
73	94	1
149	149	2
162	164	1
143	143	1
2	31	1
54	65	1
13	15	2
147	148	2
15	15	3
171	172	1
152	153	2
3	28	1
154	159	1
7	15	1
10	43	1
13	35	2
12	42	1
102	105	1
137	137	1
170	171	1
135	135	2
19	30	1
107	107	1
20	22	1
171	176	1
122	140	1
4	13	1
159	162	1
59	61	2
54	54	1
45	46	2
123	125	1
63	64	2
85	135	1
120	127	1
71	71	2
153	155	1
173	173	2
152	152	3
1	7	2
66	117	1
178	178	1
20	20	2
40	41	1
118	125	1
50	51	2
76	76	1
10	62	1
43	115	1
123	123	1
128	128	2
100	105	1
22	31	1
3	5	1
68	68	2
56	56	1
107	132	1
135	137	2
173	174	1
0	0	1
169	169	1
50	75	1
136	137	1
73	73	1
42	45	1
33	37	1
133	168	1
24	26	1
124	126	1
158	159	1
131	132	1
81	130	1
4	22	1
148	149	1
5	5	1
133	134	1
144	144	1
56	57	2
31	31	3
168	168	1
132	132	1
68	97	1
21	29	1
25	72	1
142	143	2
114	147	1
125	172	1
38	39	1
116	125	1
30	36	1
149	177	1
137	139	1
62	63	1
82	163	1
158	158	3
39	41	1
155	156	2
9	9	1
163	179	1
25	26	1
46	50	1
104	105	1
26	30	1
131	131	2
67	75	1
132	135	1
136	158	1
110	111	1
40	44	1
126	158	1
74	74	1
36	36	2
90	90	1
108	111	1
93	94	1
23	25	1
101	102	1
104	108	1
107	109	1
133	133	1
120	123	1
8	10	1
66	66	1
99	101	1
115	118	2
