12	100	3
82	83	2
1	2	3
122	122	8
145	145	13
50	51	4
100	100	13
119	119	6
101	101	3
48	48	5
8	10	3
146	147	2
144	158	3
90	91	4
0	5	2
153	153	1
27	27	8
98	98	3
2	2	4
129	129	3
107	120	3
61	62	5
164	165	5
53	54	4
159	159	3
50	63	6
134	134	4
23	24	1
12	16	2
88	89	2
1	6	2
84	84	1
103	104	2
161	161	2
117	117	1
115	118	3
5	5	4
102	130	3
122	132	3
18	18	4
23	23	6
103	105	4
115	116	1
11	11	5
87	88	2
147	147	4
26	27	2
90	90	5
51	51	2
140	140	3
151	151	1
87	87	3
115	124	2
34	34	5
20	99	3
35	35	6
121	121	4
134	139	6
164	164	7
167	168	1
6	6	3
14	14	4
7	8	2
69	69	7
80	87	2
111	111	2
78	97	2
73	86	3
84	100	2
110	157	1
1	1	1
72	84	3
154	154	3
135	136	3
108	136	4
40	40	2
81	104	2
96	96	1
163	163	4
86	86	3
42	42	4
16	98	4
80	92	2
83	83	2
47	89	1
3	76	3
74	75	3
120	120	5
112	112	5
79	79	3
45	83	3
91	91	4
8	9	3
39	40	2
71	90	3
143	143	1
97	97	4
45	87	1
150	150	1
80	84	2
94	94	1
47	48	1
44	44	2
127	127	5
157	157	3
99	99	7
2	35	3
49	49	5
115	115	3
12	12	1
26	26	3
10	10	8
114	114	3
51	123	1
144	145	4
4	4	2
133	134	3
9	17	3
101	102	3
46	46	7
13	14	9
165	165	2
134	135	4
116	116	5
85	85	4
66	70	1
45	45	4
49	52	1
11	17	1
168	170	2
12	15	5
13	13	1
85	98	5
108	109	2
7	7	6
38	51	1
92	103	2
74	76	2
66	66	3
138	138	4
99	100	2
76	78	5
113	114	2
169	169	6
74	100	5
139	139	1
133	133	5
57	58	3
2	3	3
152	152	1
89	90	1
35	90	2
162	162	1
107	130	1
40	50	2
4	25	2
81	81	2
81	105	1
16	23	1
119	120	2
35	77	1
150	153	4
63	63	3
71	71	3
16	18	1
47	47	1
37	89	3
52	52	1
72	88	1
57	57	2
56	56	3
9	10	1
49	50	2
22	25	2
77	77	1
18	19	1
70	70	2
36	36	2
122	125	2
137	140	4
79	104	1
104	104	3
131	137	2
118	118	3
137	137	1
106	111	1
39	45	1
15	15	2
127	146	1
53	53	1
17	17	1
159	160	1
73	73	2
154	156	2
55	55	2
68	69	1
156	156	1
124	125	1
0	7	2
3	3	1
8	8	2
137	138	1
135	135	3
114	115	1
106	106	1
72	72	1
123	123	1
44	92	1
68	68	1
110	110	1
54	55	2
38	42	1
54	54	1
11	12	1
161	164	1
44	46	2
127	128	1
123	126	1
12	13	1
107	107	1
7	131	2
