26	39	2
74	74	3
155	155	1
9	60	1
100	100	1
9	9	5
27	36	1
3	3	3
0	11	1
26	26	2
7	16	2
70	70	2
24	24	1
54	54	1
220	221	1
180	180	3
56	56	2
129	129	2
37	37	2
191	191	1
1	98	3
105	107	2
176	176	2
107	107	2
76	77	1
126	129	2
232	234	1
59	60	2
4	16	1
69	69	4
42	47	1
11	12	1
160	162	2
52	79	1
88	88	3
197	197	1
29	30	1
20	20	5
160	188	1
6	7	1
13	13	2
43	48	1
194	208	1
144	146	2
124	126	2
207	207	2
6	13	1
211	211	2
138	138	1
84	172	1
12	13	1
171	171	2
85	85	3
44	47	1
80	80	1
215	216	1
237	238	1
2	7	2
28	38	2
172	172	1
18	41	1
53	55	1
15	157	1
173	182	1
33	49	2
82	82	2
213	214	1
6	6	2
0	43	1
187	187	2
11	16	1
139	139	1
169	169	3
60	60	2
12	15	2
184	199	1
18	56	2
111	111	1
41	41	1
105	105	2
54	73	2
3	11	1
195	197	1
3	5	1
223	227	2
116	116	2
98	98	3
5	7	2
1	26	2
230	230	2
104	107	1
198	198	2
185	186	2
52	56	2
68	68	1
134	207	2
3	114	1
30	30	2
54	64	1
32	66	1
209	211	2
67	173	1
209	209	2
10	140	1
193	194	2
182	183	2
66	233	1
178	178	4
10	232	1
203	203	2
84	176	1
216	217	2
103	166	1
101	144	2
49	49	5
26	76	2
2	56	2
33	205	2
201	201	2
118	123	1
21	81	2
21	21	4
161	164	1
123	222	1
207	215	2
8	23	1
6	82	2
12	34	2
198	200	2
40	40	6
183	242	1
156	157	2
200	201	1
117	186	2
48	79	1
95	108	1
122	122	3
224	224	2
210	210	3
86	86	1
117	118	1
8	59	2
5	5	1
7	15	1
226	226	2
23	36	2
81	83	1
189	189	2
61	61	2
167	167	1
155	160	1
154	155	2
30	31	2
103	107	1
137	137	3
6	18	1
236	238	2
29	31	1
232	232	5
1	59	1
37	71	2
72	187	1
52	52	2
193	193	1
83	133	1
217	219	2
164	164	1
182	226	1
33	57	1
169	208	1
7	100	1
14	14	2
20	81	1
192	208	1
43	43	1
147	174	1
157	157	2
15	15	2
61	170	1
19	51	1
28	28	1
102	102	2
1	8	1
4	4	2
105	108	1
7	13	2
82	83	3
168	168	1
22	80	1
39	39	1
28	37	1
50	59	1
37	51	1
36	36	2
1	1	2
100	103	1
45	61	1
89	89	2
218	220	1
135	144	1
180	230	1
97	98	3
19	20	1
81	125	1
129	148	2
82	88	1
157	158	1
147	148	1
179	179	2
152	152	2
52	148	1
27	32	1
48	66	1
158	175	1
32	32	2
137	138	2
80	229	1
215	227	1
105	106	1
77	77	2
79	185	2
139	152	1
100	146	1
25	70	1
33	199	1
120	177	2
49	51	1
78	78	2
193	214	1
72	122	2
184	184	3
81	135	2
84	88	1
22	22	1
4	123	1
17	20	1
28	63	1
33	68	1
63	113	1
10	11	1
235	235	2
192	192	2
233	233	4
36	52	1
206	206	2
220	220	1
74	168	1
212	212	1
58	58	4
224	225	1
33	206	1
154	154	1
60	80	1
57	79	1
220	227	1
42	48	1
140	142	1
55	75	1
177	178	1
51	51	1
144	238	1
36	55	2
78	187	1
8	8	1
59	78	1
27	27	1
67	233	1
214	214	1
217	228	2
193	199	1
12	12	1
131	131	3
53	53	1
170	170	1
25	25	2
4	5	2
147	151	1
125	125	1
220	226	1
136	137	1
20	23	2
162	162	1
32	135	1
215	220	1
147	147	3
73	73	1
113	113	1
202	204	1
15	39	1
181	183	1
75	77	1
103	162	2
38	48	1
217	226	1
175	175	1
12	18	1
202	202	1
19	60	1
115	169	1
101	101	1
2	2	1
194	194	2
234	235	1
129	138	3
146	147	2
24	232	1
4	52	1
193	195	1
195	209	1
133	133	2
65	67	1
151	214	1
105	186	1
145	172	1
65	174	1
51	52	1
129	134	2
163	165	1
191	192	1
62	62	1
64	64	3
176	178	2
128	180	1
195	215	1
56	57	1
104	104	1
37	102	2
71	204	1
46	47	1
39	40	1
213	213	1
64	65	2
22	34	2
106	106	2
57	58	1
221	223	1
66	67	1
6	81	2
105	118	1
170	174	1
154	158	1
32	80	1
62	173	1
44	73	1
158	159	1
151	158	1
44	44	1
27	58	1
128	130	1
8	15	1
4	78	1
112	114	1
15	20	1
228	228	2
191	198	1
119	119	1
242	242	3
0	21	1
195	196	1
45	47	1
65	71	1
88	120	1
192	193	2
240	241	1
225	225	1
164	169	1
52	53	1
2	18	1
19	30	1
35	57	1
12	14	1
191	239	2
1	131	1
1	27	2
79	79	2
13	19	1
55	55	2
185	185	2
16	16	1
80	81	1
171	173	1
42	42	1
24	59	1
58	60	2
11	27	1
159	232	1
44	69	1
228	229	1
99	104	1
190	190	1
192	196	2
140	140	1
173	179	1
85	109	1
104	161	1
30	45	3
163	164	1
25	69	1
158	163	1
95	113	1
34	206	1
63	63	1
3	102	1
96	96	1
160	160	1
183	237	1
148	149	1
136	138	1
13	57	1
125	217	1
147	169	1
181	182	1
48	48	1
65	66	1
35	73	1
67	224	1
158	158	1
120	120	1
146	146	1
126	126	1
66	66	1
182	182	2
109	109	2
176	177	1
148	148	1
1	212	1
225	226	1
149	238	1
2	60	2
128	140	1
67	67	1
82	217	1
45	45	1
49	52	1
77	228	1
17	18	1
198	199	1
150	152	1
176	207	1
67	68	1
145	215	1
102	109	1
6	14	1
26	109	1
160	200	1
9	11	1
83	83	1
37	42	1
40	102	1
26	47	2
55	72	1
54	63	1
14	34	1
161	161	1
143	180	1
38	241	1
89	181	1
21	34	1
70	74	1
10	102	1
195	200	1
21	35	1
84	84	1
62	63	1
