93	107	1
91	91	3
49	49	3
34	47	2
47	47	1
54	54	4
100	100	7
97	99	2
93	93	3
46	105	1
59	59	4
71	107	1
23	24	2
99	99	3
73	81	2
83	83	4
96	96	5
90	90	2
63	69	2
42	77	1
95	106	1
72	72	1
63	77	1
32	34	1
98	99	4
79	79	3
50	56	1
94	98	1
48	49	2
101	101	6
67	67	2
27	27	5
20	22	1
41	41	6
60	60	7
100	104	1
94	96	1
45	75	1
76	76	3
44	77	1
66	66	3
47	88	1
56	56	3
58	80	2
64	64	6
86	86	1
93	95	2
44	89	2
68	69	4
51	52	3
101	102	2
33	33	3
72	73	1
94	94	10
62	63	3
104	104	5
45	46	1
105	106	1
32	75	1
95	95	3
71	101	1
82	82	3
35	35	5
50	52	2
65	66	2
22	22	3
95	96	2
28	28	2
102	104	2
74	74	4
92	93	3
77	77	2
60	72	1
97	97	6
25	98	1
36	43	1
97	98	1
51	51	5
29	86	1
56	63	1
21	59	1
43	100	1
26	27	1
65	65	3
39	40	2
98	98	4
35	70	1
21	21	2
78	78	2
57	58	5
27	28	2
61	61	1
75	102	2
55	55	2
87	88	1
67	69	1
44	44	4
37	38	3
27	81	1
39	42	1
44	45	2
63	64	2
57	97	1
58	59	3
106	106	1
36	36	3
92	92	2
84	84	2
78	79	2
39	39	4
89	90	2
74	105	3
49	107	1
62	62	4
84	90	1
32	32	2
37	43	1
33	40	1
43	89	1
40	41	2
75	75	1
93	94	3
48	48	2
105	105	2
39	45	2
38	38	1
80	80	4
40	40	3
25	30	1
34	38	2
39	46	1
95	97	1
21	22	1
50	50	1
38	40	1
60	61	2
33	36	1
25	25	3
32	106	2
40	44	1
22	48	1
29	29	4
37	42	1
67	68	1
27	30	2
29	60	1
31	31	1
21	72	1
49	59	1
68	68	2
46	46	4
76	98	1
69	69	2
24	25	2
36	72	1
25	26	1
48	74	1
35	91	1
26	82	1
26	30	1
92	96	1
48	81	1
63	70	1
29	30	1
83	88	1
31	68	1
76	77	2
50	51	1
37	37	1
52	78	1
41	67	1
67	76	1
36	94	1
82	83	2
83	84	1
81	81	1
44	60	1
104	105	1
70	70	3
43	43	2
55	56	1
71	71	2
22	67	1
59	62	1
88	88	2
65	69	1
82	88	1
29	84	1
85	85	1
57	57	1
54	55	1
46	83	2
58	70	1
25	47	1
63	63	1
78	83	1
26	28	2
39	79	1
45	45	2
40	45	2
41	42	2
60	66	2
66	67	2
33	34	1
76	100	1
65	67	1
28	29	1
52	52	1
96	106	1
98	104	1
23	99	1
22	40	1
102	103	1
20	20	2
20	21	1
80	86	1
66	73	1
31	34	1
24	82	1
58	73	1
56	58	1
30	47	1
26	29	1
56	86	1
23	23	1
69	92	1
41	43	1
41	46	2
42	45	1
92	102	1
53	53	1
107	107	1
58	58	1
21	60	1
36	93	1
