61	61	2
125	125	4
135	137	1
138	143	1
121	123	1
87	87	4
65	66	1
29	34	1
134	134	4
96	96	2
119	119	4
39	40	2
102	132	1
142	142	4
43	44	2
23	23	3
61	68	1
28	29	2
120	121	1
52	147	1
108	108	3
36	37	2
103	104	1
162	162	4
138	142	1
19	22	1
11	11	4
58	59	1
5	5	4
152	153	1
170	170	1
68	68	1
6	16	2
157	157	1
14	14	2
173	173	2
116	117	1
24	24	3
40	40	3
155	155	5
60	72	1
4	4	4
164	171	1
28	42	1
149	150	2
46	49	2
113	129	1
179	179	2
79	79	3
35	35	2
95	176	1
56	56	6
24	27	3
98	98	2
114	114	2
60	94	1
127	129	3
3	5	1
82	82	2
67	82	1
42	43	1
94	94	3
144	144	2
132	176	1
53	54	4
114	115	1
24	29	1
141	141	3
9	9	3
133	133	3
130	130	3
59	59	3
113	113	4
137	143	1
172	172	8
72	75	3
65	98	3
109	109	1
15	15	2
10	10	4
83	84	3
35	36	4
55	55	3
16	16	5
106	111	1
110	110	1
178	178	3
3	19	1
44	44	7
4	8	1
122	132	1
162	165	1
175	175	2
77	77	2
15	17	4
110	111	2
31	32	4
176	176	4
38	38	6
132	133	2
105	106	2
139	139	5
79	102	2
63	91	2
145	145	5
147	167	1
148	148	3
103	103	2
8	8	4
52	53	4
142	173	1
0	0	2
45	45	2
94	95	1
113	126	1
145	159	1
21	21	1
164	167	2
43	43	3
19	46	1
95	95	4
130	140	2
130	146	2
132	177	1
74	74	1
138	138	2
67	98	1
17	17	2
149	149	8
84	88	1
2	2	2
41	41	5
3	3	2
71	71	2
55	56	1
176	177	1
74	82	1
28	30	4
111	126	2
10	11	3
43	46	1
158	158	1
119	121	1
65	80	1
165	165	3
140	140	4
82	105	2
111	111	2
120	120	1
136	137	3
36	36	2
137	137	5
9	11	1
89	90	1
14	92	1
27	28	1
73	73	1
8	10	1
122	122	4
146	146	2
53	53	4
152	152	3
2	3	2
14	90	1
78	93	1
73	83	1
80	87	1
119	120	2
150	159	1
159	159	4
6	8	4
39	42	2
174	176	1
83	87	1
169	169	1
161	174	1
98	99	1
124	125	2
130	177	1
115	116	1
92	92	3
27	27	4
50	51	1
128	128	1
8	15	1
115	117	2
61	62	1
54	54	1
167	173	1
25	26	2
28	28	1
109	110	2
13	13	1
16	17	3
33	34	2
102	103	1
72	73	1
51	51	3
93	93	4
72	72	3
8	11	2
117	117	2
96	98	1
71	76	1
161	161	1
150	152	1
4	11	2
125	140	1
107	107	3
124	124	2
81	81	2
29	29	2
42	42	8
86	86	1
92	93	2
5	16	1
149	173	2
167	167	1
163	163	2
24	25	1
131	132	1
91	92	1
41	42	2
9	10	1
153	154	1
136	136	3
154	155	1
32	32	3
24	26	1
19	20	2
118	118	4
143	145	2
152	154	1
126	126	2
61	110	2
137	138	1
64	64	1
116	145	1
180	180	1
33	33	3
154	154	5
71	78	1
20	20	2
78	134	1
159	171	1
163	165	2
168	168	1
39	39	3
68	173	1
6	6	3
152	155	1
38	39	2
61	107	2
80	104	1
26	28	1
77	78	1
52	54	2
65	65	1
6	7	1
123	124	1
121	122	1
63	74	1
149	152	1
7	8	1
15	16	2
171	172	1
173	174	1
56	57	1
112	112	1
25	43	1
150	154	1
76	76	3
7	14	1
19	19	1
67	67	2
163	164	1
140	141	1
163	171	1
0	1	1
93	94	1
123	123	1
54	132	1
85	85	1
156	158	2
80	81	1
1	2	1
34	39	1
177	178	1
5	14	2
104	104	1
81	88	1
1	1	1
73	74	1
90	91	1
152	161	1
117	118	1
32	33	1
12	12	1
62	63	2
33	37	2
164	165	1
148	173	1
37	37	3
161	173	1
58	135	1
142	143	2
34	34	1
27	30	1
26	26	2
95	96	1
31	71	1
20	34	2
70	70	1
66	66	1
125	126	1
153	153	1
65	129	1
120	124	1
29	30	1
38	55	1
30	31	1
171	171	1
177	177	1
2	19	1
64	73	2
91	91	2
90	93	1
30	42	1
13	22	1
18	20	1
111	115	1
159	160	1
83	83	2
31	31	1
2	14	1
92	94	1
118	148	1
178	179	1
60	76	1
158	161	1
83	85	1
122	147	1
78	95	1
