62	63	1
98	105	1
93	93	2
100	100	4
93	101	1
45	47	1
45	45	2
55	102	4
80	80	4
77	105	1
78	78	2
90	91	2
91	91	2
89	89	4
59	60	4
21	21	7
41	43	2
31	57	2
26	28	1
99	99	4
68	68	4
80	82	1
28	28	3
83	83	2
46	46	3
46	49	2
22	22	6
66	67	3
79	80	8
64	65	2
39	57	1
66	66	6
57	57	3
88	93	1
63	71	1
102	103	3
41	41	3
40	57	1
61	69	2
45	46	1
26	82	2
86	87	2
38	38	3
59	59	4
51	51	3
39	39	5
85	85	1
54	56	1
102	102	6
103	103	5
95	96	4
86	86	1
70	70	4
92	93	1
34	98	1
83	107	1
65	65	3
80	87	1
32	32	5
81	95	1
55	55	3
21	31	1
82	82	8
54	60	1
31	31	4
51	52	2
37	37	3
33	34	4
92	99	1
25	30	1
27	31	1
98	98	4
49	49	9
83	88	1
97	97	3
56	56	3
42	43	3
57	58	4
96	101	1
54	54	2
63	63	5
87	87	2
50	50	1
29	88	1
43	45	3
104	104	1
62	64	3
88	90	2
90	90	1
31	37	3
44	55	2
96	106	2
31	34	1
93	94	1
101	101	2
94	94	2
59	64	1
74	106	1
66	72	1
74	74	2
94	97	3
27	29	2
46	88	2
94	95	6
21	26	1
43	43	2
35	70	1
45	63	1
70	71	2
33	33	2
78	90	1
87	88	2
52	52	3
29	82	1
95	95	1
27	27	2
49	59	2
54	91	2
40	44	2
65	66	1
34	42	1
68	69	3
59	61	1
79	79	2
41	61	1
56	57	1
92	92	2
78	86	1
106	106	1
24	55	1
24	24	2
48	49	1
65	68	1
60	60	2
36	84	1
40	42	2
44	45	1
73	73	2
96	100	1
44	48	2
69	69	1
36	36	2
88	89	1
44	44	3
101	104	1
89	91	1
76	76	1
34	34	1
73	74	1
23	23	1
35	36	1
97	99	1
99	106	2
88	88	1
52	53	2
78	79	1
61	62	1
96	96	2
28	31	1
36	58	2
105	105	1
38	39	1
31	52	1
62	62	2
59	63	1
25	27	1
25	25	2
60	68	1
20	29	1
51	63	1
43	44	1
84	85	1
26	26	1
71	71	2
84	84	1
91	92	1
44	47	1
48	48	1
37	66	1
58	58	2
60	67	1
61	63	1
67	67	1
83	84	1
53	55	1
39	56	1
26	31	1
30	30	1
42	45	1
98	99	1
80	98	1
89	101	1
39	41	1
66	69	1
39	44	1
47	47	2
35	35	1
20	49	1
30	32	1
89	90	1
28	85	1
81	81	1
85	97	1
66	96	1
54	55	1
29	30	1
71	72	1
77	104	1
91	93	1
25	28	1
86	88	1
42	42	1
