11	11	3
2	2	2
22	23	1
38	38	2
39	40	4
12	12	4
1	2	2
66	66	1
34	34	4
32	32	2
49	50	2
45	45	2
3	11	1
57	75	2
31	31	3
0	0	3
69	69	2
19	20	2
10	10	2
76	77	3
72	72	1
51	52	2
7	9	1
59	59	4
19	19	2
26	27	2
2	18	1
62	63	1
32	40	1
32	34	2
65	65	7
4	9	1
24	25	1
6	6	2
27	27	3
0	1	2
62	67	2
25	25	3
29	68	1
29	29	4
7	60	1
1	5	3
40	43	1
12	13	3
60	60	1
46	47	2
3	5	1
33	40	1
62	62	3
37	37	1
35	35	1
41	50	1
8	8	2
33	33	2
61	61	2
43	74	1
2	5	1
49	49	3
30	36	2
48	49	1
2	28	1
47	61	1
4	39	1
9	9	4
18	55	1
74	74	1
23	24	1
54	54	1
34	42	1
34	38	1
23	23	4
32	33	1
60	61	1
67	72	1
73	75	1
28	28	2
29	30	1
3	3	1
5	5	1
41	41	1
74	77	1
13	25	1
72	73	1
22	29	1
50	50	1
6	7	1
18	18	1
33	61	1
64	64	1
73	74	1
58	67	1
71	71	2
51	51	1
30	30	1
70	70	1
26	26	1
47	47	1
48	48	1
4	5	1
4	8	1
73	73	1
