26	26	5
91	128	2
22	26	1
11	14	1
18	19	1
132	133	1
137	140	1
124	124	4
90	91	1
23	23	1
75	103	1
117	133	1
15	15	1
85	85	2
0	11	1
30	30	1
88	90	1
111	111	1
84	84	3
83	83	2
123	123	1
1	7	1
81	82	3
7	7	3
137	137	2
103	105	1
131	132	1
12	13	2
136	137	2
79	79	2
17	20	1
83	85	1
89	89	1
102	102	1
27	29	1
132	132	2
3	101	1
140	140	2
134	134	1
112	112	4
11	11	2
79	85	1
19	84	2
23	24	1
14	14	1
75	86	1
111	136	2
75	75	1
12	12	1
109	119	1
84	88	1
121	121	2
93	93	2
1	104	1
106	106	2
18	18	2
20	20	2
84	85	1
103	104	1
25	25	1
122	122	2
88	88	2
104	104	1
139	139	2
91	91	1
34	34	1
82	82	1
113	113	1
131	131	1
107	115	1
38	38	1
127	127	1
110	110	2
115	135	1
129	129	2
97	99	1
124	125	2
127	135	1
22	22	2
80	81	1
6	6	1
34	135	1
95	95	2
27	28	1
92	138	1
1	106	1
118	119	2
75	76	1
17	19	1
128	136	1
93	117	1
82	85	1
114	114	1
81	122	1
1	9	1
120	123	1
7	8	2
113	114	1
