67	67	7
57	57	8
5	5	2
76	76	1
12	12	3
47	48	1
71	83	1
46	47	1
6	32	1
80	81	1
1	1	2
24	24	4
74	85	3
46	46	3
78	78	2
78	79	1
69	69	3
4	4	8
25	25	4
64	65	2
80	80	1
9	9	3
5	11	3
7	9	1
85	85	1
72	86	1
66	66	3
1	90	1
68	85	1
7	12	1
47	76	2
48	49	1
71	84	1
89	89	3
57	58	3
73	73	4
11	11	7
72	75	1
77	78	1
63	63	1
79	79	4
5	17	1
29	30	1
54	59	1
10	10	4
75	84	1
47	47	1
83	84	1
82	82	3
50	56	1
68	69	2
78	80	1
56	56	2
75	75	6
50	65	1
71	71	1
22	22	2
17	17	3
16	17	1
84	84	2
28	28	2
20	21	1
69	84	2
49	50	1
30	30	2
74	74	3
83	83	1
3	3	1
86	87	1
62	64	2
72	77	1
68	68	2
14	14	1
48	78	2
82	83	4
19	19	2
55	56	1
81	84	1
86	86	2
67	68	4
48	76	1
20	20	1
46	66	1
67	89	1
23	23	1
76	77	1
61	61	2
58	58	1
87	87	2
19	21	1
27	28	2
0	0	3
30	31	2
65	65	1
31	31	1
81	83	3
16	16	2
48	48	1
73	84	1
1	3	1
19	20	1
87	88	1
72	73	1
70	82	1
61	66	1
0	1	1
8	8	1
52	52	2
15	78	1
21	21	1
22	25	1
10	11	1
22	63	1
15	15	1
53	64	1
79	80	2
21	23	2
13	13	1
60	62	1
59	66	1
4	11	1
53	54	1
54	54	1
73	83	1
51	51	2
66	67	1
58	61	1
12	15	1
60	60	1
55	62	1
26	27	1
54	55	1
46	48	1
18	18	1
54	58	1
85	86	1
79	81	1
70	83	1
