7	7	3
36	36	3
197	197	1
185	185	5
193	193	3
33	33	3
44	73	1
180	194	2
74	74	2
101	101	1
160	161	1
132	157	1
114	115	2
167	167	1
39	163	2
112	112	2
46	46	3
33	129	1
34	34	1
26	26	2
9	9	3
174	174	1
108	108	6
148	149	3
152	153	4
163	163	1
28	29	3
148	150	1
131	131	4
53	53	1
194	194	1
58	78	2
174	175	2
43	69	1
52	191	1
185	186	2
187	188	2
111	113	2
57	57	2
156	156	3
98	99	3
132	133	2
159	159	1
81	81	3
103	103	2
158	167	2
70	70	1
28	82	2
65	68	1
183	197	1
158	165	1
142	143	1
20	36	1
135	135	1
88	88	2
134	141	1
169	169	2
121	124	1
38	142	1
20	20	3
45	45	2
116	117	3
75	80	1
35	35	3
165	166	2
128	128	2
51	51	3
162	164	2
169	170	1
148	184	1
113	113	2
44	44	1
161	161	2
117	118	2
171	171	1
114	114	3
10	10	2
21	21	1
108	111	1
142	144	1
133	149	1
104	106	1
41	155	1
155	155	1
146	147	2
170	170	6
107	119	1
120	120	2
177	178	2
154	155	2
110	111	1
101	105	1
19	188	1
20	21	2
61	61	3
170	172	3
179	179	1
110	119	1
168	169	1
196	197	1
58	58	3
64	68	1
39	40	1
165	172	1
138	138	1
164	169	2
192	192	3
143	143	2
181	181	1
133	133	1
119	119	4
112	113	3
120	121	1
9	15	1
65	65	1
168	179	2
64	66	1
20	22	1
135	137	1
195	195	1
153	153	2
65	66	1
196	196	1
178	178	2
19	19	1
37	37	4
114	138	1
173	173	1
189	191	1
105	105	1
176	178	2
48	48	3
12	182	1
12	12	2
181	182	1
77	79	1
61	63	2
134	134	1
10	32	1
129	132	1
25	82	1
18	18	2
150	151	3
146	151	1
89	89	5
40	40	3
53	55	1
40	191	1
172	172	1
160	160	4
182	182	3
158	159	2
180	180	1
15	15	1
173	175	1
103	105	1
168	168	2
47	48	1
113	114	1
37	143	1
69	69	1
186	188	1
104	104	1
94	96	1
106	106	1
58	59	3
193	194	1
106	108	3
172	177	1
130	143	1
11	13	1
109	110	1
0	1	1
166	166	2
30	42	1
136	136	3
55	56	1
97	97	1
102	102	2
124	125	1
20	29	1
104	110	2
107	118	1
22	23	2
22	38	1
41	42	1
171	172	2
8	22	2
147	147	2
161	164	1
137	137	1
5	15	1
23	34	2
93	93	1
117	130	1
8	17	1
183	183	4
26	27	1
146	166	1
130	130	1
22	22	1
159	173	1
13	55	1
12	82	1
122	129	2
142	160	1
139	140	1
31	31	1
76	77	1
166	190	1
151	151	1
3	3	2
20	23	1
104	105	1
167	169	1
150	150	1
8	16	1
174	176	1
116	116	1
121	121	1
138	181	1
42	43	1
21	22	1
140	140	1
16	16	1
124	188	1
71	193	1
87	87	1
86	86	1
11	47	1
161	162	1
175	175	1
23	23	2
107	107	1
60	60	1
109	109	1
62	62	1
11	12	1
111	119	1
45	47	1
186	186	1
64	65	1
187	189	1
124	186	1
188	195	1
83	83	1
6	34	1
146	148	1
82	82	1
36	38	1
166	168	2
63	63	1
189	190	1
152	152	2
166	174	1
177	177	1
38	38	1
15	16	1
184	184	1
80	80	2
8	8	1
144	163	2
162	163	1
178	179	1
47	87	1
39	41	1
155	156	1
145	145	1
29	40	1
124	124	1
33	134	1
2	2	1
6	8	1
59	60	1
98	193	1
41	41	1
1	2	2
101	103	1
117	117	1
59	59	1
131	136	1
69	71	1
119	124	1
149	150	2
24	30	1
170	171	1
159	181	1
111	112	1
115	118	1
137	139	1
119	120	1
127	127	1
49	50	1
24	36	1
83	88	1
179	182	1
184	185	1
110	110	1
22	34	1
183	184	1
130	131	1
167	168	1
27	27	1
43	44	1
176	176	1
191	193	1
164	181	1
