55	72	1
26	26	4
46	46	2
27	27	2
7	8	1
46	47	1
78	78	4
25	73	1
79	79	3
32	36	2
17	42	2
48	48	3
10	12	3
17	18	1
10	10	1
55	61	1
4	4	2
17	17	1
41	41	2
25	26	1
5	5	2
30	30	3
17	20	2
40	73	1
47	48	1
66	66	3
12	12	3
40	41	1
32	32	3
34	34	1
40	40	1
21	21	1
64	65	1
53	54	2
45	46	3
45	74	1
73	73	2
56	57	1
6	8	2
11	11	2
66	67	1
4	78	1
47	47	1
5	75	1
38	38	3
35	35	4
80	80	1
75	75	2
70	71	1
15	15	2
57	58	3
26	31	1
7	7	1
4	39	2
19	41	1
42	42	2
11	53	1
54	54	2
51	51	2
3	3	1
33	54	2
10	11	1
8	12	1
2	2	1
30	51	1
61	66	1
72	72	1
25	68	1
19	19	1
37	50	1
58	59	1
13	14	1
55	55	3
41	42	1
26	33	1
49	50	1
11	12	1
25	25	1
64	64	1
65	65	1
56	74	1
67	67	1
8	11	1
32	33	1
74	74	1
6	9	1
72	76	1
61	61	1
63	64	2
49	80	1
18	18	1
42	43	1
29	29	1
27	30	1
76	76	2
63	67	1
48	49	1
68	68	1
15	17	1
63	63	1
57	57	1
36	37	1
