14	14	6
4	4	4
33	35	2
45	46	4
28	36	3
0	0	3
16	16	7
3	11	1
11	17	2
29	29	2
35	35	2
24	51	2
30	32	4
13	13	6
14	15	1
41	41	3
42	43	1
33	33	8
32	32	1
3	3	4
28	32	2
11	11	6
12	13	1
15	15	6
47	47	3
2	2	4
46	46	3
5	12	2
34	34	8
4	5	1
19	46	1
51	51	3
13	14	1
2	3	2
5	5	3
16	17	1
21	21	2
23	29	1
4	18	1
12	12	2
48	49	2
19	19	4
55	56	1
40	40	1
39	39	3
9	9	6
20	22	2
50	54	2
45	45	3
11	41	1
42	42	3
12	14	1
50	50	9
50	53	2
19	24	1
30	31	3
2	16	2
49	49	8
24	24	1
1	1	2
10	11	1
0	1	1
44	44	3
35	36	1
10	10	4
7	14	1
6	6	4
53	53	1
3	33	2
32	33	2
38	56	1
17	17	2
54	54	4
15	16	1
5	39	1
29	36	1
7	13	1
48	50	1
14	17	1
49	50	1
5	16	2
18	18	4
38	39	1
5	7	2
55	55	2
8	45	1
18	19	1
4	15	1
5	6	1
35	39	1
36	37	2
57	57	1
51	54	1
11	40	1
22	23	2
8	9	1
48	48	3
6	7	1
52	55	1
40	41	2
4	13	1
20	21	1
13	56	1
50	55	1
23	27	1
28	29	1
31	32	1
7	8	1
11	14	1
1	14	1
41	42	1
37	38	1
54	56	1
3	13	1
55	58	1
