90	90	27
44	44	7
77	77	8
61	61	6
72	75	6
55	55	16
95	95	14
75	75	10
62	98	3
49	49	17
45	87	7
63	63	20
38	39	5
50	50	9
88	89	7
32	32	3
53	53	5
60	60	13
65	65	22
36	36	14
93	93	8
38	62	9
58	58	18
48	50	8
86	86	21
101	101	7
84	84	7
69	70	4
74	74	17
66	66	12
25	28	4
57	57	6
60	63	4
101	102	1
65	74	3
97	97	19
79	79	11
62	62	19
67	67	35
93	95	7
67	72	1
81	82	5
88	88	6
81	81	20
96	96	6
89	91	4
98	98	15
95	96	6
39	40	6
40	90	2
54	57	2
31	31	7
53	57	4
91	91	12
46	49	4
41	41	7
40	41	3
45	97	3
76	77	9
35	36	2
89	92	4
100	100	9
51	51	14
87	87	8
25	26	4
99	99	20
70	70	12
79	80	5
92	92	19
42	42	7
80	81	3
81	83	1
57	92	4
27	27	5
36	61	2
79	86	4
32	33	6
61	62	3
39	39	13
59	63	3
46	46	14
26	26	3
66	72	4
91	95	1
37	37	2
42	43	6
47	47	9
38	38	6
91	98	1
92	95	3
43	43	11
64	64	16
28	55	4
40	87	7
68	69	3
78	78	11
39	88	1
85	85	3
49	50	7
71	76	3
48	101	5
68	70	1
58	59	6
71	71	12
25	25	2
29	29	6
89	89	13
66	67	7
30	31	3
73	73	10
90	91	4
72	72	11
84	94	3
78	82	6
30	33	3
31	34	5
85	91	2
54	54	3
83	84	3
32	61	2
28	28	5
62	63	3
45	86	5
40	40	8
89	94	3
40	44	4
79	81	6
48	48	15
102	102	8
84	95	2
46	53	2
31	40	4
85	92	3
52	101	2
59	64	3
46	48	1
54	55	6
33	33	2
91	93	1
20	22	2
34	34	4
53	54	3
65	66	5
83	83	10
39	48	1
69	69	7
35	39	3
87	88	2
94	94	7
34	35	7
76	76	3
41	86	5
96	97	6
79	88	5
93	94	5
38	47	1
39	44	3
52	52	3
45	85	2
77	78	2
68	68	9
80	83	1
22	29	1
32	63	1
48	49	2
67	76	4
53	100	4
22	22	1
78	102	2
55	56	2
82	82	4
59	59	3
67	68	2
75	76	3
57	91	5
73	74	4
30	37	2
34	52	2
30	30	1
80	80	4
36	37	1
95	98	3
94	98	1
35	35	1
97	98	2
86	101	2
91	92	1
85	86	2
81	95	1
56	56	2
78	86	2
99	100	1
74	75	1
51	65	1
89	90	3
24	26	1
35	61	1
83	97	1
86	88	1
45	45	1
66	74	1
32	80	2
97	101	1
34	57	1
