24	26	2
84	84	3
80	80	2
101	102	1
100	101	4
96	96	1
87	87	1
94	95	1
40	45	1
93	93	3
81	88	1
76	76	3
68	68	1
97	97	4
65	66	1
41	41	4
39	39	1
78	78	2
89	89	2
30	31	1
41	42	2
100	100	2
47	56	2
32	32	3
26	27	1
31	88	1
75	90	2
86	88	1
54	54	3
51	81	3
27	28	2
72	73	1
49	79	1
64	65	1
43	65	1
39	59	1
97	100	1
63	63	4
53	53	2
59	76	1
42	43	1
81	81	1
33	34	3
42	42	3
51	51	1
99	100	3
58	58	4
77	78	1
35	35	2
43	79	1
36	36	2
36	55	1
23	23	1
94	94	1
26	26	1
70	70	2
95	97	1
45	46	2
25	25	2
39	40	1
64	64	1
65	65	1
61	61	5
86	86	1
80	99	1
71	71	1
89	90	2
90	90	3
31	31	3
74	74	1
88	88	2
23	67	1
77	77	2
43	43	1
53	87	1
49	50	1
96	98	2
55	99	1
51	56	1
79	81	1
26	99	1
99	101	2
27	35	2
46	47	1
56	56	1
47	47	1
47	48	1
50	50	1
35	38	1
96	97	2
70	76	1
75	75	1
87	88	2
69	69	1
58	65	1
31	32	1
23	61	1
27	96	1
80	102	1
26	28	1
40	101	1
63	78	1
83	84	1
42	67	1
34	47	1
93	96	1
63	90	1
40	40	1
36	37	2
80	93	1
55	55	1
52	52	1
54	55	1
32	89	1
57	57	1
51	52	1
51	91	1
98	100	1
67	67	1
89	97	1
60	60	1
72	77	1
64	68	1
