34	34	11
19	21	1
105	105	13
28	29	4
128	129	4
7	7	13
78	78	26
62	63	7
98	135	2
126	127	13
3	4	12
87	125	3
112	130	2
67	67	17
50	50	23
78	79	10
116	118	6
91	91	15
112	112	20
67	96	1
119	119	14
12	72	3
93	95	3
17	17	11
67	108	1
102	102	25
114	116	4
71	71	20
98	121	3
85	87	4
127	128	5
120	124	1
36	36	13
50	64	3
31	31	11
97	97	17
4	94	1
77	77	24
88	88	13
121	122	9
109	111	5
93	94	9
27	81	3
129	129	26
24	66	1
83	83	7
105	106	6
91	93	2
34	62	2
23	23	9
98	98	28
52	64	1
58	130	2
61	61	8
1	2	8
72	72	9
27	27	7
106	107	3
112	113	10
32	34	4
74	134	2
101	101	16
70	70	16
78	84	2
81	82	2
5	5	14
5	31	2
120	120	21
113	113	20
65	65	9
29	30	7
1	4	2
74	75	5
94	94	15
106	116	2
58	60	3
74	74	12
116	116	13
77	84	1
103	103	11
62	64	2
133	133	18
8	8	11
13	13	13
105	129	1
36	52	1
84	85	9
53	61	4
117	120	2
72	78	2
116	117	6
84	109	1
12	12	10
7	37	1
59	59	13
44	56	3
127	127	25
4	4	8
124	131	1
90	90	18
49	68	1
92	92	12
108	109	3
134	134	18
91	92	5
128	128	15
0	0	13
18	20	1
126	126	14
15	16	2
76	76	23
9	9	7
112	124	2
84	84	9
109	109	5
81	81	10
52	53	5
133	134	4
73	73	21
26	26	5
80	80	23
95	108	1
79	85	3
79	80	8
92	101	1
97	98	10
111	111	21
86	86	16
93	93	14
21	22	4
117	117	14
11	11	13
109	110	7
114	114	16
64	64	20
71	72	12
63	65	2
83	84	5
6	7	9
79	79	18
49	53	1
95	96	11
24	24	15
57	57	14
8	9	4
99	100	5
85	121	1
62	108	1
68	133	1
1	1	8
131	131	8
52	52	9
63	108	1
19	20	4
70	97	1
123	132	1
44	45	8
7	22	3
21	21	8
119	121	2
43	43	11
53	53	13
87	124	1
63	63	14
110	110	13
87	88	4
94	110	4
90	103	1
94	95	8
130	130	20
124	125	9
22	22	7
29	31	1
113	115	5
2	4	1
69	70	8
92	93	8
28	30	5
33	62	1
108	108	14
92	95	2
85	92	1
124	124	15
48	53	1
85	85	11
35	35	6
87	87	13
33	34	5
38	38	7
48	48	2
122	122	20
96	96	8
8	20	2
34	35	6
37	37	4
20	21	4
73	74	4
77	133	1
19	19	13
69	106	1
50	60	1
16	19	1
33	33	13
99	99	14
122	130	2
82	111	3
122	125	1
63	64	5
98	123	2
107	107	6
24	68	1
37	55	1
29	29	13
98	99	6
121	121	15
90	108	1
54	54	7
80	133	1
115	123	1
98	100	2
68	68	4
115	116	10
7	21	1
9	10	6
3	5	2
95	95	17
122	123	5
132	132	6
123	133	4
91	94	5
129	130	2
82	84	6
22	85	3
60	61	7
66	67	3
56	56	9
58	58	12
25	66	1
77	78	9
108	130	3
60	60	6
14	24	5
89	89	12
45	57	1
55	55	11
53	54	2
6	34	2
115	119	5
26	45	1
12	70	2
68	130	1
114	126	4
107	108	6
45	45	11
23	99	1
83	107	2
118	118	11
116	123	1
68	96	3
92	106	1
25	80	3
114	115	18
0	1	5
106	122	10
49	49	10
51	52	1
2	2	6
72	77	4
22	99	1
66	66	8
65	66	2
115	115	17
25	36	7
108	118	2
75	75	13
70	73	3
7	8	2
111	116	1
89	92	1
33	53	1
31	32	6
96	125	2
30	30	16
90	93	1
102	125	3
44	49	1
125	129	1
11	12	3
83	86	3
24	92	1
90	92	1
135	135	2
82	118	2
7	36	2
118	119	7
107	109	4
100	100	12
89	90	7
114	123	2
78	83	2
14	14	8
83	85	3
74	95	1
54	85	1
6	28	1
31	128	1
66	106	2
104	104	17
113	133	3
117	121	2
132	133	7
34	54	1
10	16	2
69	69	15
34	73	1
10	13	4
23	25	4
80	81	6
68	132	1
72	73	5
6	6	7
57	58	4
84	92	1
35	36	1
54	62	2
62	62	20
16	17	5
61	62	3
24	25	1
134	135	2
28	70	2
86	127	1
15	23	3
85	108	1
28	33	2
16	16	8
125	125	17
119	124	2
38	44	3
13	21	1
36	38	1
127	129	2
64	65	10
63	106	1
96	130	2
102	103	11
119	120	11
56	61	1
85	88	4
19	99	1
48	54	1
122	131	4
68	106	1
33	59	2
19	55	1
113	123	2
84	111	1
89	113	1
13	14	10
91	95	2
106	118	2
113	116	1
21	26	1
95	123	5
89	91	4
62	70	7
106	106	12
20	44	2
8	49	1
113	126	1
26	27	4
67	130	1
15	19	1
129	131	1
113	117	2
20	20	7
8	23	1
56	57	2
118	123	3
104	105	7
120	121	5
24	80	1
94	99	1
101	105	1
0	70	2
112	117	3
82	82	8
72	129	1
1	126	1
0	22	3
68	108	2
58	59	11
105	124	1
83	135	2
10	14	1
105	121	3
71	73	3
79	87	2
63	66	1
15	15	9
97	101	2
32	32	5
17	19	1
105	109	1
116	120	1
44	44	8
123	125	1
121	123	6
101	127	1
14	15	5
61	64	2
2	3	1
105	128	1
92	107	3
27	28	7
86	87	5
4	71	1
80	85	1
54	78	1
3	71	1
58	77	1
12	18	1
112	116	3
113	114	4
82	129	3
96	97	8
65	76	1
110	111	6
10	15	1
59	63	1
125	126	5
79	101	1
13	24	2
106	111	1
5	62	1
54	61	2
121	124	2
95	116	1
117	118	11
65	119	1
85	120	2
123	134	1
75	104	1
46	46	2
30	31	4
4	31	2
67	68	9
112	114	6
116	124	2
35	64	1
84	108	1
25	76	2
126	128	1
12	27	2
17	121	2
89	95	1
10	17	2
26	65	1
44	54	1
7	9	1
109	129	1
12	34	4
65	68	2
85	129	1
66	73	1
3	6	1
76	91	1
105	122	2
74	114	1
92	96	1
13	26	1
29	35	1
66	68	5
95	134	2
6	21	2
43	44	4
76	128	1
54	55	4
84	86	4
6	11	1
103	105	1
83	110	1
96	123	2
46	53	1
73	92	2
65	126	3
36	44	1
88	125	1
54	89	1
6	33	1
103	114	1
24	44	1
92	98	2
18	19	2
112	118	1
95	109	1
31	35	1
45	56	4
89	125	2
106	110	4
75	113	1
104	112	2
74	91	1
104	106	1
79	82	3
101	104	1
47	47	2
115	127	1
28	28	11
98	106	1
89	112	1
52	94	1
38	78	1
51	51	3
50	55	4
10	10	13
64	130	2
62	78	2
26	69	2
94	97	1
129	133	2
112	123	2
25	25	6
56	58	1
107	112	2
13	23	4
86	91	2
123	124	2
35	44	1
130	131	10
15	17	1
82	131	1
63	107	3
69	73	3
70	128	1
108	111	2
26	100	1
69	127	1
25	27	1
80	88	1
56	130	1
97	100	1
30	32	1
35	43	1
26	28	1
106	108	1
123	123	6
95	97	2
76	105	1
65	69	2
50	79	1
19	45	1
82	85	1
91	130	1
102	126	3
3	3	4
24	75	1
64	108	2
10	11	2
59	60	2
77	86	1
51	64	3
32	33	2
13	28	1
102	104	1
106	109	1
107	130	2
131	132	7
75	82	1
52	63	1
34	69	1
89	108	1
82	120	1
65	84	2
93	113	2
35	47	1
66	85	2
116	122	2
83	134	1
65	77	1
66	69	2
130	132	3
105	114	1
11	34	1
24	54	1
23	85	1
118	120	1
77	82	2
38	55	1
90	91	9
70	71	4
88	89	1
100	101	3
31	114	1
77	117	1
101	102	2
101	103	1
88	121	1
88	90	1
30	113	1
78	86	2
54	59	1
13	50	1
49	60	1
82	92	1
120	122	1
67	69	3
95	110	2
81	93	1
68	129	2
18	18	6
55	64	1
73	91	1
78	95	1
57	59	1
117	122	3
19	46	1
39	44	1
90	120	2
82	83	4
65	81	1
35	38	2
44	50	2
29	94	1
33	93	1
97	127	1
65	108	1
72	102	3
100	112	1
13	20	3
124	128	2
103	104	5
29	33	1
110	118	1
118	121	2
113	122	2
72	80	2
122	124	1
12	13	2
50	68	1
87	120	1
124	127	1
105	120	2
111	112	7
90	126	2
14	45	1
128	133	1
84	87	3
125	128	1
77	79	2
24	82	1
74	120	1
11	13	4
82	110	2
95	131	3
84	91	1
71	77	1
44	57	1
86	107	2
85	125	1
49	55	1
15	18	3
86	125	1
99	101	3
28	75	2
24	36	1
15	21	1
97	129	1
65	92	1
89	115	2
77	130	1
46	50	1
114	121	2
37	38	2
125	127	1
6	89	1
45	80	1
14	26	1
22	33	2
81	85	1
65	96	1
56	132	1
29	32	1
52	54	1
93	111	1
18	21	2
60	93	1
131	133	1
8	21	1
27	73	1
80	93	1
82	122	1
27	72	1
70	127	3
34	55	1
90	112	2
50	62	1
87	130	2
84	88	1
81	87	1
110	131	1
112	115	2
119	132	2
23	105	1
76	112	1
28	34	1
96	134	1
7	64	1
75	76	3
27	35	1
61	63	1
35	90	3
38	43	1
31	43	2
28	89	1
10	24	1
24	50	1
24	91	1
36	37	1
94	112	1
113	118	1
13	25	1
37	44	1
25	52	1
105	108	1
42	42	2
43	54	1
27	32	1
58	61	1
68	69	1
98	117	1
28	35	1
14	43	1
31	63	1
32	93	1
91	134	2
17	21	1
29	62	1
43	45	1
59	64	1
97	125	1
27	38	1
55	127	1
59	85	1
16	20	1
14	18	1
98	124	2
25	84	1
14	49	3
18	47	1
8	68	1
45	55	1
91	113	1
22	23	3
13	15	1
85	86	1
49	57	1
21	23	1
66	101	1
35	37	1
50	80	3
16	99	1
50	51	2
50	63	1
92	111	1
11	25	1
54	57	1
78	87	1
96	116	1
99	117	1
25	99	1
113	120	1
56	64	1
55	56	2
71	134	1
72	119	1
32	73	1
2	70	1
65	82	2
64	93	1
11	19	1
92	94	1
84	125	1
47	60	1
13	48	1
92	109	1
69	126	1
58	62	1
68	109	1
98	101	1
20	22	1
77	87	1
67	109	1
92	131	2
105	111	1
78	81	1
57	129	1
23	83	1
65	110	1
96	108	1
74	133	1
88	101	1
94	114	1
97	99	1
99	127	3
30	102	1
77	116	2
11	18	1
49	50	3
90	121	1
86	96	1
107	123	2
102	124	1
60	66	2
49	51	1
53	59	1
24	57	1
87	113	1
69	96	1
19	24	1
86	110	2
6	54	2
106	129	1
69	71	1
47	63	2
95	135	1
94	96	2
37	52	1
52	76	1
54	60	1
101	113	1
94	124	1
22	25	1
92	110	1
0	3	1
67	99	1
70	105	1
28	31	1
50	54	1
47	59	1
45	47	1
105	110	1
122	132	2
33	72	1
106	119	1
25	69	2
75	95	1
62	106	1
107	110	1
100	121	1
99	102	1
1	22	1
102	120	1
44	48	1
77	80	1
64	132	1
96	126	1
34	72	1
6	53	1
37	79	1
60	76	1
24	67	1
125	132	1
3	30	1
77	129	1
23	81	1
18	56	1
57	60	1
55	65	1
100	113	1
65	67	1
111	118	1
65	75	1
5	33	1
94	101	1
6	32	1
71	99	1
76	77	1
26	50	1
113	121	1
13	36	1
54	56	1
49	61	1
86	124	1
72	74	1
79	104	1
3	72	1
64	126	1
75	101	1
