101	101	2
116	116	2
111	111	1
17	17	3
119	120	1
27	27	5
36	37	1
34	35	2
22	22	4
127	129	1
88	89	1
95	95	7
156	156	2
67	67	4
9	10	2
24	24	5
90	90	3
31	31	3
11	18	1
82	86	3
118	118	5
39	121	3
145	154	1
54	54	2
44	44	4
18	20	2
148	148	4
31	32	2
129	129	2
153	153	2
94	94	4
108	108	3
90	125	1
173	175	1
92	92	3
86	86	2
172	174	2
141	142	1
108	118	1
9	16	1
13	35	1
35	35	2
121	121	2
77	79	3
156	157	2
126	127	2
53	53	1
107	146	1
55	55	3
79	79	9
70	71	1
18	43	1
105	105	1
42	42	1
28	28	1
38	38	5
110	110	2
12	12	4
40	71	1
160	160	2
130	130	1
52	52	6
6	6	2
40	41	1
170	170	1
17	20	1
38	39	2
117	117	2
57	57	4
161	163	1
67	68	3
71	71	3
53	65	1
74	74	3
23	23	2
66	67	1
59	163	1
56	142	1
18	18	3
58	132	2
93	105	1
179	179	3
5	5	1
131	131	1
6	11	1
72	72	2
152	152	2
22	23	1
147	163	1
81	82	2
4	5	1
37	38	3
43	44	2
134	134	1
133	133	3
143	147	1
9	9	2
107	135	1
24	29	2
19	30	2
87	87	1
10	10	4
68	68	2
80	84	1
160	162	3
16	16	1
61	63	1
90	91	1
106	106	1
171	174	2
37	37	3
39	118	2
12	13	3
3	3	3
93	94	1
93	93	5
80	80	2
76	77	3
60	60	2
33	34	2
168	168	2
159	160	1
136	136	1
29	43	1
100	101	1
45	45	2
120	121	1
10	176	1
174	175	3
18	29	1
0	0	2
134	139	1
49	49	1
11	11	1
61	61	1
148	149	2
19	25	1
56	56	3
1	1	4
54	95	1
17	21	2
41	41	4
96	167	1
107	108	1
144	145	1
102	102	3
29	29	1
135	136	1
59	61	1
141	141	1
26	26	1
112	113	2
17	19	2
139	139	1
14	14	1
22	33	1
59	59	2
45	82	1
165	166	1
72	73	1
140	140	2
142	142	1
93	95	2
7	8	1
11	14	1
173	173	1
26	43	1
99	99	2
125	145	1
57	65	1
38	40	1
36	40	1
144	144	1
61	94	1
76	76	1
157	157	1
33	33	1
56	122	2
1	80	1
95	148	1
104	130	2
112	112	3
171	171	1
127	127	1
64	64	5
70	70	1
12	15	1
14	17	2
124	124	1
132	132	1
102	106	1
127	128	2
26	28	2
134	135	2
34	34	1
76	104	1
55	56	1
178	178	1
176	177	1
84	85	2
101	168	1
97	98	2
8	8	1
54	55	1
16	17	1
140	143	1
125	125	1
154	154	1
6	7	1
132	133	2
168	169	2
135	135	2
54	68	1
6	45	1
20	20	1
138	139	1
55	57	1
9	28	1
10	28	2
11	12	1
11	45	1
89	89	2
40	40	3
150	153	1
24	26	1
150	151	1
151	152	1
36	36	2
21	22	1
148	167	1
142	144	1
2	2	1
18	30	1
62	64	1
84	84	2
105	117	1
115	118	1
18	38	1
159	159	1
98	98	1
17	18	1
21	35	1
32	32	1
103	104	1
158	161	1
86	87	1
15	15	1
31	35	1
43	43	1
153	154	1
19	19	1
21	40	1
162	162	1
24	41	1
108	110	1
73	75	1
137	138	1
75	75	1
20	158	1
71	72	1
135	177	1
100	102	1
146	146	1
77	77	1
115	115	1
63	65	1
164	164	1
93	148	1
126	126	1
21	21	1
16	23	1
39	39	2
23	24	1
65	65	2
41	42	1
52	90	1
57	92	1
118	127	1
18	23	1
23	26	1
38	61	1
78	78	1
166	167	1
68	80	1
4	4	1
