20	20	2
126	126	6
0	0	2
105	108	1
85	86	3
125	125	3
127	128	3
26	26	3
80	81	2
33	37	2
130	131	4
23	25	1
122	123	5
87	93	1
6	6	4
33	33	5
105	105	3
140	140	9
107	122	3
127	127	7
119	123	2
76	76	4
4	4	4
15	15	2
129	129	5
89	90	4
16	17	1
7	7	5
133	133	10
116	117	4
18	18	1
78	113	2
3	4	3
89	89	6
10	10	4
74	74	4
134	135	2
137	137	6
32	33	2
87	114	1
134	134	4
122	122	6
126	129	2
30	32	3
34	34	4
101	101	5
96	96	9
0	2	1
107	110	1
107	108	1
137	138	3
105	119	1
30	30	8
16	16	1
102	120	1
90	90	3
86	86	4
117	117	6
3	3	4
80	88	1
12	14	1
19	19	3
37	38	1
14	38	2
20	21	2
131	132	4
113	114	2
106	106	5
92	126	1
92	92	6
71	90	1
129	132	1
35	36	1
21	27	1
87	87	3
123	123	4
93	93	4
139	139	6
94	95	3
136	136	5
11	29	1
75	75	5
98	98	2
113	113	1
8	12	1
109	109	4
12	15	1
73	73	2
103	104	1
31	31	3
32	32	6
108	108	1
35	35	8
30	31	3
9	103	1
100	100	2
91	91	3
82	109	1
114	114	2
128	128	6
28	29	2
17	17	3
135	135	3
110	110	3
126	127	1
94	94	4
99	118	1
95	96	5
29	29	1
121	121	3
75	77	2
75	89	1
13	15	1
13	13	2
135	138	2
83	85	2
138	138	1
96	98	2
102	102	3
132	132	7
4	5	1
120	120	1
85	85	2
7	9	1
86	88	1
101	118	1
134	136	1
128	129	2
79	79	2
83	83	1
80	80	2
104	105	2
22	22	2
134	137	1
124	124	1
132	139	1
94	96	1
123	124	2
118	118	2
17	18	3
73	92	1
81	81	2
117	121	2
93	94	2
82	122	1
99	100	1
24	106	2
125	126	1
82	87	1
88	97	2
8	8	1
132	133	2
79	80	2
19	20	2
112	113	2
136	138	1
107	107	2
106	107	2
13	81	1
123	134	2
20	23	1
1	5	1
1	2	2
78	78	4
111	111	3
10	11	1
88	88	3
131	131	11
76	80	1
130	130	7
13	14	1
97	98	1
7	12	2
96	128	1
77	77	4
134	138	1
98	99	3
129	130	1
21	22	1
115	115	2
86	87	1
1	10	2
7	8	1
23	23	1
90	91	3
104	123	1
21	21	2
0	1	2
135	136	2
24	24	2
78	85	1
119	119	2
12	30	1
131	137	1
6	7	1
72	72	4
25	25	2
5	22	1
36	36	3
28	30	1
81	110	1
27	27	1
11	12	1
2	2	2
108	109	2
25	26	2
74	75	1
85	110	1
91	94	1
107	109	1
76	77	1
2	3	2
2	4	1
117	118	1
31	32	1
25	30	2
12	29	1
82	82	4
84	120	1
27	34	1
101	102	1
125	127	1
27	32	1
100	104	1
75	135	1
112	118	1
124	125	2
4	6	2
109	112	1
1	1	1
138	139	1
81	91	1
9	9	1
137	140	1
12	12	1
88	104	1
137	139	1
23	27	1
28	96	1
5	13	1
11	24	1
71	72	2
37	37	1
101	120	1
129	134	1
103	103	1
117	123	1
112	112	2
103	106	1
89	110	1
28	28	1
5	8	1
95	98	1
82	83	1
2	7	1
9	11	1
33	34	1
