119	121	6
69	69	6
95	95	2
122	122	3
79	79	3
21	70	1
123	136	3
13	14	2
130	131	4
28	118	2
83	85	2
111	112	2
124	125	3
104	104	5
30	30	1
23	48	2
88	89	2
81	81	8
6	38	2
6	6	5
56	57	1
114	115	2
68	69	3
62	62	5
55	136	1
97	112	3
126	126	3
79	125	1
26	27	2
51	52	4
20	20	1
128	129	2
109	109	2
113	114	2
114	118	2
6	10	1
58	127	2
117	117	1
65	65	3
73	73	5
82	82	3
125	126	3
136	138	2
120	120	2
125	125	3
4	4	5
83	113	2
36	36	3
99	100	2
18	59	2
133	134	1
75	75	4
39	40	3
28	99	1
68	88	1
118	130	2
34	34	3
137	137	3
68	113	2
144	144	2
64	65	1
71	71	2
28	28	3
18	18	5
119	126	1
107	107	3
118	118	2
21	30	1
51	113	3
57	57	1
27	27	1
98	110	1
54	56	2
96	96	2
1	1	4
116	117	1
90	91	2
19	37	3
52	52	2
108	108	1
87	92	1
69	73	1
52	53	1
97	111	1
23	23	2
36	51	1
124	137	1
23	26	2
111	116	1
138	139	1
67	67	5
84	85	1
108	140	2
128	131	1
20	40	1
110	138	2
32	35	1
52	56	1
138	140	1
5	5	2
84	92	1
97	117	5
98	128	1
56	136	1
55	118	1
13	15	1
83	84	1
91	91	2
82	123	2
119	119	1
114	114	2
125	133	1
118	124	2
14	106	2
18	101	2
35	35	1
35	47	1
111	111	4
27	33	1
2	2	3
53	53	2
130	130	1
73	86	1
31	37	1
42	42	1
110	119	1
87	95	1
32	73	2
84	128	1
122	129	1
77	78	2
39	39	2
84	84	2
61	109	2
76	76	2
66	70	1
39	117	1
26	49	2
21	49	1
37	43	1
15	15	2
116	116	1
0	0	2
33	33	2
20	70	2
77	77	3
36	37	3
98	106	1
31	32	3
126	127	2
51	69	3
57	58	1
77	125	1
135	135	1
88	112	1
60	60	1
65	109	1
136	136	2
47	79	4
122	123	1
40	117	2
87	87	2
85	85	5
93	93	3
38	38	1
28	29	1
20	69	1
89	90	1
114	130	1
51	51	2
93	94	2
58	58	1
49	50	1
101	121	2
102	102	3
40	40	2
49	79	1
70	70	2
34	35	3
64	64	1
94	101	2
81	123	1
136	137	3
107	114	1
68	68	1
111	137	1
18	28	1
14	15	2
58	128	1
109	110	3
12	13	3
16	16	3
19	59	2
120	121	2
87	115	1
95	116	1
88	118	2
43	43	2
100	100	2
18	103	1
122	128	2
74	74	1
98	102	1
83	112	2
122	144	1
94	94	1
132	133	1
83	137	1
128	128	1
71	72	1
67	86	1
24	24	1
14	35	1
97	110	1
87	91	1
105	124	2
47	47	3
19	19	5
75	79	1
138	138	1
65	66	1
59	59	3
57	60	1
41	42	2
62	63	1
16	31	1
16	41	1
77	96	1
105	107	1
42	81	1
3	3	3
130	132	1
78	78	2
39	86	1
110	130	1
22	22	1
57	126	2
41	41	2
24	25	1
118	128	1
82	83	1
54	54	1
4	14	2
125	127	1
134	138	1
10	11	1
69	85	2
67	88	1
69	72	2
21	136	1
58	61	1
23	27	1
101	101	1
110	110	1
66	101	1
131	132	1
17	18	1
4	34	1
130	133	1
131	133	1
99	99	1
63	106	3
110	111	1
54	69	2
57	128	1
10	50	1
32	32	1
50	69	1
76	79	1
90	90	2
105	105	1
54	55	1
56	134	1
71	126	1
56	81	1
127	127	1
49	69	1
12	14	1
21	32	1
33	34	1
88	90	1
98	98	1
64	66	1
60	61	1
24	26	1
2	35	1
14	14	1
140	144	1
104	139	1
50	68	1
50	50	1
111	118	1
17	71	1
76	77	2
39	41	1
16	17	1
118	144	1
5	128	1
132	132	1
115	115	1
134	134	1
20	83	2
137	140	1
1	10	1
57	127	1
121	122	1
109	125	1
123	123	1
80	123	1
63	122	1
73	84	1
125	139	1
83	83	1
66	67	1
55	69	1
93	113	1
55	55	1
110	115	2
37	37	1
