89	104	1
24	25	1
65	65	6
6	6	4
27	27	2
132	132	1
107	108	5
76	76	5
78	87	3
26	26	4
12	12	6
25	27	1
94	95	2
96	96	4
87	113	1
63	67	1
108	110	1
124	125	2
20	23	1
122	123	2
78	86	1
22	22	1
83	86	2
108	108	5
4	4	2
80	85	1
26	28	2
117	117	3
68	68	5
116	116	2
15	16	5
19	20	2
57	59	1
124	124	1
125	126	1
118	118	4
115	117	1
61	61	2
91	92	1
98	98	7
62	64	2
62	62	3
5	5	1
83	84	6
60	60	1
119	119	2
121	121	3
83	95	1
23	23	4
54	57	1
120	121	1
29	29	3
105	109	1
87	114	2
36	44	3
69	69	3
128	128	2
98	99	2
62	63	2
57	58	2
122	122	6
121	123	1
6	8	1
111	111	5
101	101	3
8	8	1
53	53	3
3	3	1
14	14	1
119	120	4
13	13	2
104	104	5
95	95	2
18	19	1
49	50	2
82	83	2
56	62	2
6	7	1
97	98	1
56	56	3
99	100	1
9	10	1
89	90	2
126	126	4
37	38	1
130	132	3
68	69	2
103	104	2
55	55	9
32	34	1
79	79	8
112	112	5
109	111	2
61	64	1
66	67	1
70	70	2
87	89	2
24	24	2
31	31	1
100	100	2
105	105	5
109	110	2
32	32	1
19	19	2
63	64	1
61	90	1
84	86	1
60	90	1
121	124	1
113	113	4
69	106	1
78	78	2
125	128	1
86	87	2
19	24	1
88	112	2
100	110	1
75	75	5
0	114	2
61	62	1
115	131	1
114	114	1
71	71	1
126	127	2
115	132	1
68	70	1
77	77	3
86	86	4
11	11	2
31	32	2
9	11	1
107	107	1
84	84	1
87	87	1
109	109	2
112	115	1
77	79	2
120	120	1
115	116	2
14	31	1
117	119	1
130	131	2
2	3	1
118	122	1
57	57	4
83	85	2
123	124	1
76	80	1
13	14	1
131	133	3
85	85	3
103	103	1
29	30	4
53	55	2
91	91	2
65	103	1
127	129	1
113	114	2
72	73	1
78	82	1
101	104	1
66	111	1
69	92	2
38	38	1
84	85	1
117	118	1
110	110	2
60	61	1
131	131	1
92	101	1
134	134	1
125	125	3
68	91	1
10	10	1
95	96	1
77	78	1
117	123	1
83	83	4
66	66	1
63	63	2
114	115	2
21	22	1
67	67	3
20	24	1
71	105	1
53	54	1
122	124	1
21	21	1
93	93	1
99	99	1
116	117	1
123	123	1
0	5	1
92	95	1
25	28	3
90	91	1
9	9	1
107	115	2
110	111	1
80	80	4
16	17	1
52	53	2
91	93	1
66	72	1
12	13	1
58	59	1
63	70	2
52	59	1
77	105	1
33	34	2
21	23	2
20	20	1
58	58	1
90	90	1
73	79	1
70	92	1
64	65	1
59	66	1
8	13	1
59	67	1
64	64	1
72	72	1
75	76	2
93	95	1
71	78	1
100	114	1
18	27	1
8	9	1
87	88	1
113	131	1
1	71	1
116	121	1
