46	54	2
69	69	3
109	109	1
150	150	3
70	80	1
3	9	1
45	148	3
154	165	1
82	82	3
36	36	5
167	193	1
176	176	1
143	144	3
152	153	3
193	193	1
184	184	3
166	177	2
124	124	2
126	171	1
155	159	1
160	160	3
149	150	1
188	188	5
183	183	4
116	116	2
10	13	1
159	165	1
139	139	1
160	196	1
154	154	7
136	141	1
45	51	2
86	86	2
3	3	1
102	102	4
163	164	1
133	133	4
87	87	2
82	83	1
177	177	4
114	114	4
81	83	2
36	37	1
158	159	1
96	96	3
184	186	3
99	100	1
180	180	2
176	177	2
37	45	1
150	183	1
78	78	3
37	39	1
179	179	2
172	173	1
76	76	3
5	17	1
124	125	3
49	49	3
168	168	3
147	147	1
153	154	1
28	30	1
42	42	1
144	154	1
191	191	6
4	108	3
126	127	2
52	52	2
81	81	1
165	166	2
60	61	1
84	84	1
26	27	1
148	149	1
183	184	2
155	155	1
18	18	2
171	171	1
101	136	2
173	174	3
80	80	1
15	15	1
51	51	2
20	101	3
102	104	1
95	95	3
113	113	2
101	101	2
181	181	3
182	182	3
29	135	1
158	160	2
190	191	1
103	103	3
83	84	1
162	162	1
163	163	3
175	176	2
42	43	1
80	81	1
17	18	3
185	186	2
148	187	1
27	137	1
47	54	1
145	146	1
178	178	1
35	35	2
151	152	1
171	192	1
28	28	2
164	164	2
175	175	4
40	41	2
33	36	2
5	6	1
123	124	2
58	58	2
172	172	3
50	51	3
1	1	1
59	63	1
129	129	3
31	32	2
105	108	1
130	130	1
103	104	2
104	104	4
188	189	2
53	53	3
17	56	1
2	2	1
14	32	3
37	38	1
194	194	4
27	27	2
4	102	1
20	20	2
112	112	1
148	151	1
162	172	1
70	70	3
173	173	2
155	156	1
108	108	1
40	40	1
137	137	2
138	139	3
114	150	2
154	155	2
37	37	1
149	149	2
37	173	1
10	10	1
100	100	1
14	180	1
166	166	1
187	194	1
174	175	2
100	101	1
142	143	1
33	35	1
53	57	1
26	26	3
6	8	1
189	189	2
7	21	1
186	186	1
128	128	2
134	134	2
140	140	1
48	48	3
156	158	1
120	120	1
99	99	3
115	118	1
64	65	1
44	44	3
134	136	1
87	88	2
99	121	1
161	162	1
12	12	3
189	190	1
131	132	1
52	53	1
102	111	1
161	188	1
137	173	1
54	54	2
110	111	3
135	135	2
165	165	1
105	107	1
98	98	1
88	88	1
186	187	1
33	33	2
79	79	1
13	14	1
111	111	1
101	115	2
150	151	1
168	169	1
162	164	1
172	192	1
144	144	1
170	183	1
104	123	1
34	150	1
141	141	1
187	187	2
50	50	2
190	190	1
114	124	1
172	189	1
161	168	1
175	190	2
143	153	1
67	71	1
160	172	1
45	45	1
188	193	1
4	4	1
47	142	1
46	46	3
33	151	1
112	114	1
158	158	3
64	96	1
157	157	1
58	59	1
135	197	1
28	29	2
57	158	1
173	178	2
145	145	1
31	138	1
184	185	1
103	106	1
106	107	1
13	13	1
122	122	2
2	69	1
105	106	1
115	142	1
168	178	1
4	195	1
47	47	1
191	192	1
109	111	1
56	100	2
30	30	1
22	23	1
134	135	1
6	6	1
29	29	2
14	14	1
182	183	1
196	196	1
187	188	1
93	93	1
163	168	1
31	31	1
46	50	1
67	79	1
