75	75	9
63	63	5
62	63	1
52	52	4
2	3	1
76	76	4
1	16	2
80	80	5
34	35	2
6	35	1
71	71	3
14	14	4
36	38	1
54	63	1
76	77	1
50	50	3
66	66	2
4	4	3
59	59	3
21	21	3
64	65	2
48	62	1
31	31	2
25	66	2
78	78	6
44	47	1
17	36	1
31	32	3
77	77	3
46	46	2
51	70	1
37	40	2
67	75	1
36	41	1
27	27	2
12	15	2
41	41	2
3	5	1
49	49	1
58	79	1
69	70	4
7	7	2
58	58	3
49	52	1
34	38	1
62	71	2
68	68	1
8	8	2
54	64	1
6	6	3
56	61	1
74	74	1
55	56	1
33	33	2
10	14	3
68	69	1
10	21	2
13	32	1
67	70	1
4	8	1
71	72	3
8	9	1
0	0	1
1	1	2
61	61	2
60	60	2
3	3	3
36	46	1
46	48	3
35	41	1
48	49	2
47	48	3
25	26	2
32	32	3
17	17	1
72	73	1
62	62	2
45	45	1
39	39	2
47	54	1
66	68	2
53	53	2
57	57	1
64	64	2
38	38	3
5	5	1
2	8	1
66	67	1
4	15	1
12	12	1
48	54	2
10	10	2
27	35	1
2	2	1
30	31	1
69	69	1
67	68	2
35	35	2
50	57	1
52	64	3
30	30	1
56	57	1
50	52	1
11	11	1
3	6	1
49	51	1
30	53	1
26	26	1
18	18	1
51	52	1
42	62	2
72	72	2
52	57	1
55	55	1
9	9	2
39	40	1
49	71	1
16	16	1
60	61	1
46	76	1
40	40	1
70	71	1
5	48	1
47	73	1
11	31	1
37	37	1
51	51	1
48	48	1
13	14	1
25	25	1
73	74	1
77	79	1
1	54	1
5	9	1
46	71	1
60	63	1
65	65	1
21	71	1
61	62	1
19	19	1
