23	23	1
99	99	5
26	26	2
78	78	2
87	129	1
59	59	1
69	69	2
61	61	3
92	93	1
105	105	1
126	126	5
30	30	7
105	111	3
89	98	1
8	8	3
67	67	3
125	125	2
111	111	6
44	45	1
90	90	1
120	125	1
98	98	1
100	109	1
93	93	4
53	55	1
14	75	2
77	77	1
96	96	3
65	65	3
37	71	2
118	126	1
82	130	3
98	107	1
94	95	2
113	115	1
115	118	3
130	130	1
52	52	3
47	51	1
122	123	1
17	19	1
13	16	1
79	79	3
115	120	1
24	24	3
116	116	1
57	58	3
67	70	2
109	120	1
128	129	2
87	88	1
118	125	1
85	119	1
130	132	1
22	22	1
119	120	1
64	65	1
36	36	1
112	112	6
131	133	1
106	110	3
31	31	1
87	87	1
95	116	1
50	50	2
82	86	1
14	14	1
4	4	2
110	111	1
121	121	2
16	18	1
112	117	1
85	103	1
20	103	1
102	102	2
81	81	1
106	114	1
20	25	2
62	62	3
21	22	1
85	88	1
134	134	2
17	18	1
18	18	2
93	94	2
0	0	2
10	11	1
106	111	2
74	75	1
42	43	1
62	65	1
79	105	1
123	123	1
44	44	3
87	115	1
46	119	1
111	112	1
21	23	1
102	103	1
112	122	1
66	66	2
55	55	2
76	76	1
79	134	2
109	109	1
71	71	2
118	119	1
88	90	1
27	28	1
109	110	1
33	34	1
132	135	1
100	101	1
94	94	1
95	96	2
131	132	1
106	106	1
79	80	1
99	100	1
98	99	1
79	81	1
110	114	1
17	17	3
97	97	2
30	89	1
85	94	1
15	15	1
20	21	2
69	123	1
25	25	3
74	74	1
106	121	4
106	107	1
97	123	1
83	83	1
108	109	1
91	92	1
100	110	1
2	22	1
124	124	1
60	90	1
14	15	1
50	52	1
135	135	1
29	29	1
50	64	1
127	128	2
97	98	1
4	5	1
11	14	1
127	127	1
130	133	2
116	118	1
85	85	1
68	112	1
117	118	1
61	62	1
101	102	1
100	100	1
109	111	1
11	11	1
22	23	1
43	43	3
12	12	2
63	63	1
45	46	1
133	134	1
105	106	1
119	119	1
14	17	1
53	77	1
88	88	1
28	29	1
120	120	1
126	127	2
35	105	1
84	84	1
91	91	1
74	108	1
16	17	1
95	109	1
31	32	1
46	47	1
112	113	1
65	66	1
11	12	1
54	59	1
113	120	1
90	128	1
50	54	1
131	131	1
