159	159	9
130	135	3
25	26	7
178	179	2
115	115	8
155	158	1
23	34	4
158	165	1
34	34	6
179	180	4
185	185	5
108	109	2
133	135	2
150	154	1
158	181	1
164	166	5
180	180	6
188	190	4
145	180	1
17	19	2
105	105	5
169	181	2
196	196	4
109	147	1
20	20	5
43	43	4
4	4	6
69	70	1
35	35	5
169	177	1
110	114	3
155	155	3
126	127	2
167	167	3
127	127	4
30	55	1
113	131	3
61	61	9
28	28	3
101	121	1
105	106	13
177	177	6
46	46	6
151	152	2
34	36	4
128	147	1
156	156	6
183	186	4
48	48	4
155	187	2
173	173	6
106	142	2
166	166	3
34	37	1
65	79	1
163	163	5
109	111	1
147	180	2
107	107	4
116	118	2
116	116	5
36	37	2
145	154	4
0	1	2
190	190	8
36	55	4
53	53	1
166	176	4
26	26	13
29	153	2
29	109	2
32	32	5
146	146	3
157	189	1
39	39	6
18	19	4
170	170	2
2	36	3
22	26	2
2	2	3
163	164	5
139	141	1
51	194	1
124	124	3
151	151	4
175	175	8
181	182	6
123	123	4
110	111	1
10	150	1
81	114	2
40	87	2
15	15	2
161	190	2
116	117	3
76	76	2
173	177	2
18	18	8
9	9	4
3	4	4
32	33	1
14	14	3
144	144	5
20	38	3
107	108	5
190	192	5
106	106	6
181	183	2
191	192	2
184	186	1
117	162	2
71	72	2
131	131	3
28	29	1
110	110	5
94	109	5
39	86	2
152	191	1
19	23	1
12	13	2
168	174	1
128	129	3
100	100	7
183	183	8
174	174	9
104	104	3
86	89	1
172	173	1
166	178	4
40	40	11
30	113	1
53	54	4
88	88	5
50	50	4
21	24	5
150	150	1
20	67	1
19	42	1
21	23	2
105	178	3
56	57	5
67	67	2
19	20	1
133	161	1
17	17	3
22	68	2
6	7	1
191	191	3
59	59	5
191	194	2
84	84	3
122	122	3
152	156	2
31	134	2
167	169	6
65	68	1
142	142	5
138	139	1
31	32	2
171	171	4
4	6	3
134	154	2
15	195	1
133	133	6
38	38	4
149	149	2
174	176	5
155	156	8
113	115	4
189	189	3
2	3	4
166	175	2
83	83	3
46	51	1
24	24	4
76	99	3
149	182	2
58	58	1
164	164	2
150	153	1
54	54	3
70	70	4
102	102	4
18	27	1
67	72	2
137	154	1
33	33	4
105	112	1
168	173	1
45	45	4
16	17	3
173	178	2
160	160	4
188	188	4
64	65	5
71	71	2
41	65	2
47	47	4
40	41	2
114	115	1
174	177	2
74	74	7
9	10	1
117	117	3
143	154	2
20	21	4
109	109	4
156	166	1
189	191	2
132	132	2
193	193	1
187	188	8
37	37	3
151	190	3
113	113	7
102	104	2
56	56	4
59	65	1
100	107	4
165	168	2
87	89	1
63	79	1
173	174	3
156	165	3
102	105	2
86	88	1
184	185	1
108	111	2
179	188	1
96	106	1
5	34	2
36	36	3
42	87	1
62	62	4
125	126	2
43	44	1
148	160	2
115	131	2
178	188	3
103	107	2
110	115	3
187	187	3
136	139	1
27	27	2
101	105	1
79	86	3
196	197	1
11	11	5
165	166	1
130	131	2
30	30	4
77	77	5
95	95	1
190	191	3
24	70	1
3	28	2
103	103	5
156	162	1
14	46	2
168	178	3
141	187	3
41	41	1
156	169	2
76	98	3
146	148	4
168	168	4
70	71	2
117	118	1
161	162	5
139	139	4
8	15	1
2	19	1
165	165	2
84	85	2
154	155	3
148	148	1
187	194	2
132	133	6
0	17	1
116	131	5
147	147	5
111	112	2
167	176	1
12	14	1
145	149	1
134	171	1
30	31	2
151	161	1
3	26	1
59	64	1
153	153	7
8	8	5
121	121	1
20	37	1
101	106	2
89	89	2
148	156	2
185	194	2
157	157	2
84	86	1
15	45	1
117	121	1
176	176	3
4	5	5
193	194	1
54	55	2
153	193	5
22	44	1
149	150	1
65	86	1
114	114	1
120	120	4
158	159	3
31	31	5
25	25	3
101	125	2
65	65	1
94	94	2
174	181	3
15	51	2
1	2	2
5	5	3
134	138	2
26	28	3
146	149	1
66	66	3
162	162	4
45	46	3
0	0	4
63	63	3
25	30	1
178	189	2
157	158	10
112	138	1
153	158	1
156	157	1
186	186	2
103	106	2
80	85	1
166	167	1
73	73	3
58	87	1
119	120	1
161	167	2
145	150	1
174	175	6
194	194	5
82	82	1
94	129	3
144	153	3
135	136	1
115	121	1
135	139	1
194	195	5
106	107	2
103	105	1
80	103	1
130	130	3
135	140	1
56	87	1
157	166	1
134	134	1
79	79	3
19	37	1
54	121	1
34	86	2
20	68	4
32	192	1
102	103	1
119	119	5
19	19	9
161	164	3
118	118	5
172	172	4
153	155	1
32	152	1
2	35	1
26	27	2
152	153	5
134	155	2
175	176	1
168	170	1
145	167	3
23	24	1
154	156	1
118	119	1
184	184	6
169	169	3
170	171	2
169	170	1
88	89	3
172	176	2
147	148	6
7	189	1
189	194	1
78	78	1
10	10	3
52	52	3
35	37	1
72	72	2
9	11	2
81	115	2
108	130	2
1	36	1
153	156	2
34	62	2
153	154	1
57	57	2
134	160	2
161	163	2
3	3	5
162	164	3
77	99	2
153	166	1
80	80	2
21	21	5
154	170	1
1	16	2
2	26	1
102	106	2
17	28	1
149	187	1
149	153	1
36	63	1
161	161	8
21	67	1
71	73	2
165	174	2
65	69	1
169	174	1
100	121	1
181	181	2
136	140	1
135	135	3
80	81	3
108	110	2
159	160	4
64	68	2
54	81	1
27	28	1
136	137	1
29	112	2
141	189	1
58	62	2
38	66	2
21	35	2
96	97	2
156	158	3
186	189	1
128	128	4
19	43	1
158	158	4
39	40	3
41	64	1
87	87	2
50	52	1
173	175	2
86	87	2
135	141	1
42	58	1
192	192	1
117	137	2
125	188	1
33	56	1
94	96	2
117	140	1
160	168	2
137	138	1
83	84	2
167	173	1
176	177	2
113	118	1
2	4	2
148	149	4
25	28	2
178	178	1
67	68	2
108	108	5
13	13	1
37	71	2
67	70	1
146	155	1
100	120	1
22	23	1
68	68	2
21	72	1
116	132	1
167	170	2
40	80	2
143	143	2
133	141	2
101	107	1
173	176	4
175	178	1
1	25	1
23	128	1
16	16	2
148	180	1
189	190	1
17	29	1
189	195	1
37	85	1
109	110	2
143	150	1
153	181	1
123	195	1
20	44	1
157	173	1
0	37	1
86	86	2
145	146	1
97	97	1
85	85	4
118	154	1
155	162	2
51	52	1
195	196	1
156	191	1
106	108	1
37	84	1
186	188	2
24	52	1
33	37	1
127	128	1
165	169	1
46	196	2
41	80	1
131	132	2
0	7	1
14	47	1
99	99	4
150	152	2
126	126	3
34	59	2
182	182	2
119	130	3
77	88	1
161	172	1
87	88	1
163	172	2
154	168	1
144	145	1
143	145	3
42	43	1
37	78	1
145	145	1
2	12	1
169	175	1
89	99	1
143	144	2
141	143	2
44	44	2
146	147	3
194	197	1
197	197	3
29	110	1
49	50	1
118	136	1
93	93	3
136	141	1
177	180	1
63	67	1
157	179	2
31	33	1
113	132	3
27	79	1
159	175	1
171	172	2
1	3	1
141	142	1
97	98	1
89	90	2
79	80	2
6	6	2
20	25	2
97	106	1
94	95	1
190	193	2
44	45	1
28	193	1
4	193	2
141	145	1
80	86	1
156	170	1
96	96	2
74	75	1
142	143	2
21	68	1
137	162	1
16	19	1
59	76	2
112	113	2
111	111	1
23	69	1
26	34	1
170	178	1
80	88	2
105	132	1
18	23	1
37	69	1
140	140	2
0	2	1
64	78	1
64	79	1
18	40	2
21	71	1
25	69	1
87	96	1
49	49	2
173	179	2
154	165	1
177	178	1
24	25	1
56	121	1
108	131	1
81	81	4
85	86	1
188	189	1
7	7	3
168	169	1
38	53	1
125	138	1
69	69	1
120	130	2
154	154	1
148	158	1
169	178	1
46	47	1
112	112	2
165	167	1
133	138	1
87	192	1
143	158	1
104	105	1
110	130	1
23	23	2
51	51	1
54	132	1
24	27	1
136	136	1
18	20	2
154	167	1
10	12	1
6	8	1
53	195	1
31	192	1
82	84	1
42	42	3
129	130	1
30	32	1
106	112	1
154	163	1
122	124	1
187	192	1
8	27	1
157	190	1
95	96	1
157	165	1
29	30	3
151	193	1
58	60	1
162	178	1
62	77	1
121	123	1
55	55	2
22	22	1
150	151	1
152	193	1
161	169	1
166	172	1
141	172	1
112	153	1
37	38	1
163	166	1
136	138	2
35	36	1
129	129	2
137	137	1
34	74	1
123	138	1
169	172	1
85	109	1
73	109	1
155	178	1
17	20	1
78	99	1
44	69	2
63	68	1
36	72	1
143	155	1
59	171	1
97	103	1
97	127	1
16	45	1
120	121	1
81	87	1
24	26	1
165	170	1
160	189	1
160	166	1
100	136	1
101	114	1
98	99	1
17	18	1
98	98	2
117	134	1
