18	19	3
1	1	13
72	72	7
68	73	1
41	48	3
53	54	1
24	24	3
37	37	7
66	66	6
60	61	9
28	28	2
50	50	4
25	26	3
31	53	2
5	6	4
20	20	7
54	54	11
1	2	1
3	4	3
34	34	5
57	58	2
47	47	5
53	53	4
41	41	11
30	49	1
23	28	1
61	62	3
38	38	4
73	74	1
68	69	1
55	55	4
70	70	3
61	72	1
36	36	6
5	13	2
66	67	5
74	74	4
9	9	12
64	64	2
67	67	10
11	11	12
57	57	2
74	75	1
8	8	5
49	51	2
28	29	3
73	76	2
73	73	2
39	49	1
21	21	5
62	62	3
49	49	6
39	41	5
56	57	3
29	29	5
69	69	8
32	32	6
5	51	2
31	40	2
46	46	6
64	65	1
58	58	3
6	9	2
26	27	1
27	27	8
26	26	5
4	4	2
33	58	1
56	56	7
71	71	7
19	19	6
3	3	3
45	47	1
59	60	5
7	8	2
74	77	1
48	49	2
48	48	8
24	28	4
45	73	1
45	45	3
63	66	2
40	41	2
55	56	2
28	73	1
70	71	6
53	58	2
59	59	2
68	68	3
72	77	1
57	68	1
39	39	2
7	9	1
50	51	3
52	52	3
75	76	4
68	72	1
59	64	2
51	59	3
50	53	2
14	14	3
37	38	2
1	3	1
77	77	3
26	64	1
62	63	1
23	34	1
24	25	2
3	27	2
48	50	1
36	40	2
25	25	5
44	45	1
58	63	1
62	64	1
35	35	6
23	32	1
35	36	1
12	12	5
7	7	2
58	59	3
51	52	3
27	28	3
45	48	1
42	43	2
49	50	4
26	73	1
0	0	5
20	21	4
19	22	2
26	28	2
31	31	4
5	10	1
64	66	2
18	18	3
36	49	2
0	5	1
20	30	1
5	5	4
29	30	3
21	25	1
48	51	1
46	56	1
23	63	2
69	70	3
48	53	2
75	75	4
5	30	1
38	47	1
35	50	2
3	5	1
34	36	2
60	60	2
10	10	4
63	63	5
30	30	7
30	31	1
68	70	1
25	30	1
70	72	2
32	34	2
13	14	2
50	52	1
7	11	1
19	21	1
23	24	2
31	32	1
47	49	1
8	10	1
2	3	2
2	2	3
75	77	1
69	71	1
31	56	1
12	13	1
47	48	1
14	23	2
65	65	4
68	76	1
40	40	3
35	39	1
52	53	1
32	42	2
31	67	1
51	51	5
36	37	1
44	44	3
7	13	1
76	76	2
53	67	1
9	10	1
51	68	1
24	29	1
31	34	1
33	51	1
34	39	1
22	24	1
43	43	3
34	55	1
0	1	1
8	9	2
67	68	2
61	61	2
43	74	1
6	6	4
3	8	1
5	8	1
24	27	1
51	66	1
51	53	1
22	22	1
53	57	1
14	42	1
33	46	2
42	49	1
66	72	1
61	64	2
35	38	1
41	42	2
65	66	1
21	22	1
5	7	1
61	63	2
46	49	1
35	40	3
35	42	1
51	70	1
45	46	1
72	73	2
21	24	1
68	71	2
42	42	2
10	11	1
59	76	1
29	59	1
39	74	1
76	77	1
36	45	1
2	43	1
6	7	1
67	75	1
66	74	1
54	60	1
42	67	1
38	50	1
63	64	1
