26	30	1
78	79	2
101	101	4
39	39	6
63	63	3
33	33	2
64	64	6
74	74	2
79	80	1
38	38	2
42	42	10
90	91	1
93	93	4
45	45	6
58	58	3
79	86	1
27	27	2
41	42	3
63	64	3
68	68	5
56	56	6
87	87	4
52	52	11
75	75	14
64	65	4
58	59	2
96	97	1
38	40	2
85	89	2
31	31	4
51	51	2
41	41	11
43	43	3
73	74	2
55	61	1
49	49	3
77	83	2
35	44	1
99	99	3
57	57	2
65	65	4
62	65	1
50	50	4
91	91	5
58	77	1
85	85	2
59	59	7
100	100	2
46	48	3
89	89	2
70	70	3
84	88	1
75	78	2
53	53	4
60	60	2
68	76	1
34	44	1
79	79	3
66	72	1
40	40	8
72	73	1
89	93	1
25	28	1
90	90	6
55	56	2
76	77	1
26	26	3
46	46	3
55	58	1
93	94	1
71	71	2
66	68	1
97	97	3
83	83	1
89	92	1
77	78	1
29	29	2
82	83	2
92	93	3
66	66	5
45	48	1
31	32	2
102	102	1
63	65	1
52	58	1
81	81	2
67	67	8
48	48	2
44	44	2
59	85	1
76	76	3
60	61	1
94	95	2
98	99	2
72	72	2
78	78	5
26	27	1
59	63	1
88	88	1
100	101	3
97	98	3
22	33	3
36	38	1
53	80	1
98	98	2
37	37	1
40	42	1
22	22	1
95	96	2
62	62	4
91	94	1
94	101	2
77	77	6
34	34	3
36	36	3
50	51	2
99	100	1
56	57	1
65	66	4
52	55	1
37	38	3
95	95	3
96	96	3
61	61	2
57	58	2
48	51	1
35	36	2
47	47	1
52	53	1
76	78	1
74	75	2
24	74	1
47	48	1
79	81	1
71	74	1
44	76	1
82	82	3
55	55	1
69	69	2
66	67	1
54	55	2
53	54	2
79	85	1
86	86	2
24	35	1
62	63	1
44	65	1
35	35	1
25	37	1
36	37	1
62	90	1
49	72	1
59	62	1
54	54	2
86	93	1
42	57	1
63	69	1
92	92	2
82	94	1
80	83	1
45	61	1
79	101	1
51	75	1
43	65	1
59	98	1
62	92	1
31	34	1
23	24	1
68	69	1
85	86	1
66	71	1
101	102	1
56	66	1
57	59	1
