129	129	2
70	71	2
3	48	1
63	64	4
32	33	1
125	125	4
103	105	4
95	95	1
16	31	2
26	78	2
8	8	2
134	134	1
37	37	3
97	99	4
72	72	2
59	76	1
85	86	5
57	58	1
94	94	1
28	91	2
20	20	1
75	75	3
64	64	2
21	22	1
112	113	2
87	96	1
88	131	1
78	78	2
11	11	8
66	66	2
87	87	2
24	24	2
25	25	1
17	17	3
109	111	1
28	29	1
48	49	2
42	42	2
32	32	2
126	126	1
45	70	1
4	15	1
24	25	1
31	31	5
121	121	2
27	29	2
46	46	3
100	101	1
25	47	1
76	76	1
95	96	1
133	133	3
108	108	2
3	57	2
12	12	2
71	71	1
30	31	2
28	31	2
64	65	1
131	131	1
85	106	2
26	26	3
59	59	1
91	91	2
83	84	2
62	62	1
109	113	1
99	99	6
15	21	1
20	34	2
101	101	5
107	108	1
74	74	1
34	35	1
83	83	3
99	100	1
39	40	1
43	74	1
67	71	1
45	71	2
88	88	3
58	58	2
29	29	3
33	33	1
57	57	1
85	95	2
10	21	2
21	21	1
6	43	1
3	3	2
87	88	1
75	76	2
27	30	1
48	101	1
85	134	2
100	100	2
21	79	1
132	133	1
109	110	1
44	44	1
92	94	1
122	122	2
110	110	1
78	79	1
92	93	2
98	98	2
88	93	2
118	118	2
14	16	2
15	15	3
9	9	3
120	121	1
20	22	2
123	124	1
106	106	2
130	130	2
11	93	1
98	99	1
27	101	1
111	111	1
46	47	3
2	11	1
92	92	1
6	6	1
38	38	1
38	81	1
35	35	1
10	10	2
51	92	1
21	36	1
12	13	1
28	78	1
23	25	1
94	100	1
25	26	1
93	93	2
67	70	1
98	114	1
7	56	1
36	37	1
84	85	1
49	49	2
25	84	1
23	23	1
111	114	2
90	94	1
36	39	1
16	16	1
90	90	1
68	110	1
1	2	1
55	80	1
104	105	1
3	6	1
15	23	1
81	82	1
