46	100	1
94	94	8
60	60	12
63	63	9
52	60	1
36	59	1
92	93	8
79	79	5
65	65	7
33	33	7
61	62	4
38	52	1
48	101	2
39	39	8
42	42	12
83	83	7
68	69	3
56	56	9
66	66	5
101	101	7
27	28	5
85	85	9
87	101	1
63	64	4
69	70	4
69	71	1
53	53	8
25	57	1
98	98	4
49	49	4
74	76	1
95	95	2
87	88	4
48	48	7
41	45	1
52	62	1
25	25	6
83	101	3
90	90	9
94	99	1
55	56	4
96	96	3
72	72	9
45	52	1
58	58	2
77	78	4
93	94	6
45	45	4
60	61	4
52	89	1
88	88	3
80	80	7
26	26	10
93	93	8
23	23	1
34	34	7
75	76	5
49	72	1
58	60	2
55	55	5
51	52	2
59	59	7
71	71	6
46	46	5
43	43	6
24	26	1
61	61	14
84	84	3
69	69	11
87	87	2
42	98	1
89	90	3
96	97	4
50	64	2
57	66	1
74	74	7
42	66	2
75	75	13
65	66	3
55	62	1
73	73	11
57	88	1
50	50	5
37	37	7
86	86	10
61	97	1
42	43	1
90	99	1
67	68	5
23	25	1
95	97	1
36	38	1
52	55	1
52	52	13
64	64	8
68	68	8
57	59	1
77	77	5
64	66	2
47	98	1
79	82	2
49	55	1
40	40	9
78	85	3
85	86	4
47	50	1
42	50	2
97	97	5
51	93	2
46	60	1
27	27	8
41	41	9
81	84	3
20	22	1
78	78	12
67	67	7
86	88	2
99	100	2
57	69	1
89	97	1
53	54	4
49	70	2
72	94	2
50	84	1
49	50	7
45	64	3
34	44	1
86	90	1
50	51	3
30	30	3
41	42	2
39	40	2
56	57	5
99	99	8
50	65	1
48	49	3
91	91	1
79	100	2
48	50	2
44	44	7
22	22	1
37	40	1
35	38	2
70	70	10
22	29	2
91	99	1
78	84	1
45	53	1
97	98	1
62	62	11
57	57	4
89	89	3
67	72	2
57	58	2
29	29	2
35	36	1
82	98	1
51	51	5
33	34	3
88	96	2
88	100	1
93	95	3
79	101	1
100	101	1
25	27	2
81	81	2
91	92	2
38	38	3
71	73	1
46	55	1
80	83	3
24	24	1
92	92	6
60	62	3
31	32	2
46	47	1
24	25	3
100	100	3
76	76	3
79	80	2
41	43	1
61	86	1
51	72	1
66	67	3
31	31	2
79	81	3
36	37	3
34	80	1
54	55	2
70	71	3
89	96	2
90	91	4
59	60	2
51	62	2
96	98	2
76	77	3
101	102	2
102	102	2
38	79	1
36	79	1
87	94	1
45	48	3
94	97	1
43	68	1
79	83	1
31	33	1
22	93	1
39	93	1
94	101	1
58	81	1
28	29	1
59	62	2
53	61	1
48	58	1
62	88	2
54	61	1
86	87	5
36	92	1
77	81	1
44	48	2
82	86	1
65	71	1
80	81	2
54	54	1
47	48	2
23	26	1
30	34	2
49	99	1
53	81	1
46	50	1
38	39	2
24	47	1
83	100	1
45	78	1
85	87	1
31	77	1
36	36	2
85	89	1
81	82	1
93	100	1
93	98	1
58	59	3
52	56	1
72	92	1
65	101	1
25	54	1
31	36	1
64	65	2
83	84	1
45	49	2
42	67	1
95	98	2
58	61	1
24	27	1
30	45	1
36	56	1
45	93	1
69	76	1
88	89	1
79	86	1
67	75	1
71	72	1
62	63	1
49	77	2
49	51	1
82	82	1
42	59	1
47	49	1
54	95	1
48	52	2
77	94	1
45	46	1
82	83	1
47	47	2
32	32	2
80	98	1
83	88	1
75	84	1
46	53	2
21	25	1
25	80	1
53	94	1
61	64	1
34	35	1
82	84	1
21	93	1
41	67	1
98	99	1
78	79	1
29	54	1
68	73	1
49	63	1
34	41	1
