48	48	2
129	130	3
64	64	2
94	113	1
122	122	6
25	25	3
88	88	1
98	99	1
83	83	5
123	123	1
62	63	1
3	12	2
77	79	3
116	116	1
84	84	2
93	93	4
0	0	2
108	108	1
82	90	1
70	70	6
21	22	1
57	57	1
92	92	1
5	6	1
77	80	1
44	44	2
62	80	1
95	95	1
3	5	1
76	76	4
62	67	1
62	64	2
61	62	1
112	112	1
86	87	1
80	81	1
58	59	1
55	59	2
75	75	4
53	106	1
58	60	1
101	101	3
35	35	4
94	96	1
21	21	1
131	131	3
34	34	1
118	118	2
60	60	2
33	35	2
15	16	2
5	8	1
91	91	1
65	65	1
96	97	2
45	132	2
53	53	2
125	126	1
91	92	1
103	103	1
72	114	1
19	19	2
105	106	2
77	77	1
52	52	1
10	10	1
8	9	1
71	80	2
111	111	1
127	128	1
102	103	2
127	127	2
80	80	4
132	132	1
120	120	7
85	85	1
66	93	1
25	26	1
133	133	1
16	16	1
59	59	2
82	86	1
45	46	1
12	12	2
68	68	2
94	94	3
106	106	2
91	112	1
8	32	1
82	88	1
81	82	1
65	72	2
17	17	1
43	97	1
99	99	1
130	131	2
55	56	1
27	34	1
115	115	3
58	62	1
70	71	1
109	109	2
78	78	1
105	112	1
45	51	1
106	111	1
109	110	1
72	79	1
22	23	1
38	96	1
68	69	1
96	96	1
52	54	2
126	127	1
11	50	2
113	114	1
74	75	1
52	53	1
55	58	1
71	71	1
17	19	2
43	43	1
91	101	1
79	82	1
79	79	1
95	103	1
50	50	1
62	62	1
87	87	1
110	111	2
67	67	2
43	45	1
26	27	1
79	84	1
66	67	1
29	29	2
104	104	2
56	110	1
115	117	2
63	64	1
113	121	1
56	56	1
13	13	1
121	121	1
59	60	1
97	97	3
53	69	1
73	74	1
63	63	1
37	37	1
74	74	1
74	78	1
126	126	1
78	84	1
77	82	1
6	7	1
47	86	1
79	80	1
3	94	1
52	132	1
104	131	1
54	110	1
82	82	1
35	37	1
7	8	1
8	24	1
110	110	1
25	108	1
