94	94	18
78	78	20
128	128	16
21	21	7
94	95	3
25	25	11
123	123	17
56	59	8
79	79	9
105	105	20
76	76	6
94	125	4
43	78	3
34	75	3
116	118	6
122	122	12
43	43	10
73	73	23
95	96	3
24	71	9
42	45	1
43	86	5
86	86	4
1	1	9
92	92	18
118	118	12
102	102	17
7	7	14
6	6	15
123	132	6
11	11	24
54	54	9
83	84	7
101	102	2
12	34	5
87	109	2
104	104	19
99	99	28
71	71	18
74	74	18
100	100	15
102	103	6
4	9	4
43	87	2
134	134	13
129	129	21
80	80	20
120	132	2
120	120	13
24	24	13
76	77	3
69	69	21
44	132	3
35	36	6
75	75	12
125	125	30
16	16	12
106	106	13
64	64	9
59	60	1
0	0	9
85	85	11
115	129	5
114	114	12
2	2	19
14	14	18
44	49	2
68	116	4
28	29	9
109	117	2
67	110	4
109	111	6
81	85	1
89	90	2
129	131	2
37	38	11
131	131	3
56	57	4
22	22	11
126	127	7
123	124	4
79	96	9
119	120	6
29	29	15
127	128	2
22	43	2
16	117	11
17	47	4
65	96	2
49	49	21
124	124	9
107	107	11
112	121	8
17	19	4
90	90	13
98	102	6
60	60	13
130	130	11
121	121	18
66	66	12
109	109	9
4	4	8
126	126	26
91	91	19
22	33	2
23	23	5
6	96	11
69	77	4
12	13	5
19	20	11
108	108	23
83	83	6
2	112	4
20	20	8
93	93	19
102	104	6
7	8	11
121	122	2
61	61	2
87	87	17
38	38	7
57	57	1
117	117	9
33	33	14
24	38	3
52	53	3
43	114	2
108	109	3
17	17	7
15	16	14
56	56	11
55	56	7
15	47	3
70	70	8
62	63	3
85	88	2
86	87	12
45	45	19
52	52	7
132	132	15
85	87	6
93	125	1
89	89	3
79	107	5
110	110	5
110	111	9
90	91	4
131	133	4
119	135	3
96	96	13
109	110	5
23	71	4
114	115	4
113	113	29
25	99	2
112	115	1
43	45	6
66	113	3
84	85	9
72	72	11
27	27	14
0	1	1
97	100	3
75	94	3
19	21	6
69	132	2
115	116	7
65	66	4
62	62	20
125	126	2
58	77	7
57	91	2
15	15	5
65	65	19
53	53	20
103	104	2
9	15	4
63	64	7
69	70	7
25	26	4
95	95	4
124	125	4
85	105	1
44	44	9
30	31	4
63	98	4
57	58	5
92	107	1
69	100	1
10	10	4
110	120	2
119	119	9
8	26	5
3	3	10
32	32	8
88	90	6
19	19	3
116	116	6
64	65	7
47	47	8
84	108	3
88	88	14
115	115	6
117	118	4
46	86	3
29	30	1
8	96	3
99	101	3
18	18	2
84	135	1
79	81	3
103	103	4
61	69	5
16	119	1
13	14	6
60	62	2
64	86	1
58	58	3
31	31	3
4	5	5
33	34	4
82	82	10
43	82	4
81	81	4
117	119	5
71	102	2
46	88	1
67	67	2
18	110	7
96	97	15
15	20	3
9	9	8
54	55	9
62	66	4
44	69	4
45	54	6
58	59	7
124	126	2
12	12	18
111	116	4
68	68	9
73	74	4
77	132	3
30	30	4
109	128	4
92	111	2
55	55	16
8	8	5
118	119	7
70	71	5
6	7	6
97	98	7
111	111	14
87	111	3
45	131	4
63	105	1
82	85	1
107	109	1
33	35	7
55	92	3
36	38	2
112	112	14
11	27	2
36	36	3
61	62	4
84	84	15
90	104	5
76	105	3
35	35	2
63	88	1
26	26	4
14	17	9
5	31	3
90	112	1
27	28	2
63	63	5
59	78	4
93	94	6
101	134	2
59	59	10
47	76	3
67	118	3
123	129	1
74	99	2
72	74	1
101	101	5
74	102	2
13	13	8
56	62	4
109	121	4
133	133	2
85	123	2
79	85	6
65	67	3
121	124	2
87	125	1
34	34	7
77	77	4
102	108	2
63	68	6
45	50	2
91	108	3
98	106	5
128	129	2
34	35	3
9	13	4
11	12	7
91	92	10
3	9	4
24	42	2
43	65	2
110	122	4
92	125	3
77	78	3
48	50	1
19	38	1
98	98	6
45	65	2
118	120	2
116	120	4
67	107	1
79	80	5
56	60	1
59	123	2
24	25	4
95	100	3
127	127	2
78	79	9
35	46	2
45	130	1
72	73	6
61	78	3
92	124	2
43	77	2
44	45	3
2	114	1
10	11	1
59	91	3
67	86	1
133	135	1
22	35	5
1	2	2
97	97	4
80	98	2
91	124	4
57	59	2
38	101	2
134	135	1
8	25	2
6	25	2
3	4	4
92	109	2
35	38	2
53	130	1
92	93	2
132	133	4
0	114	2
87	88	4
66	68	1
59	87	2
61	121	1
79	106	1
111	120	1
34	88	1
7	14	1
53	54	2
133	134	2
90	100	2
105	112	1
129	133	1
45	48	2
106	135	2
78	130	2
51	54	4
50	50	2
130	131	1
116	117	3
94	96	1
54	57	1
120	121	3
79	100	2
81	135	1
105	125	1
28	28	3
11	26	3
49	92	3
71	134	3
3	7	2
78	84	1
126	128	1
60	122	1
90	98	1
18	20	1
106	131	1
81	83	2
82	107	1
67	68	1
95	106	2
122	129	1
10	26	2
71	72	1
4	6	1
127	134	1
62	78	1
22	23	1
60	61	1
5	5	1
9	10	1
23	24	1
64	108	1
77	85	2
73	97	2
8	9	1
84	105	2
44	85	1
23	80	1
60	78	1
1	72	1
95	98	1
64	67	1
5	7	1
65	69	1
45	77	1
48	48	1
82	83	1
