48	48	4
45	45	3
23	23	4
55	55	4
80	80	1
76	76	3
62	63	1
150	150	1
98	122	2
124	124	3
88	88	3
62	62	1
53	54	1
95	99	3
12	23	1
15	16	3
40	49	1
104	105	1
15	15	6
148	148	4
24	24	4
138	138	3
129	130	1
20	26	1
126	126	1
46	46	7
42	42	3
120	121	1
95	95	3
100	124	4
20	22	1
12	14	1
23	25	1
19	19	4
17	17	7
110	111	2
23	24	1
87	88	2
121	137	1
67	67	1
132	132	2
97	99	1
54	54	2
84	111	2
77	77	2
82	82	2
3	5	1
25	36	2
141	141	1
94	96	3
13	22	1
110	112	2
128	128	1
79	80	1
128	151	1
13	13	6
44	48	3
102	102	1
56	78	2
50	51	1
108	108	3
123	132	2
130	130	1
35	35	1
99	101	1
41	41	3
50	55	1
47	47	3
45	46	3
131	131	3
143	144	1
55	56	1
119	134	1
123	126	1
36	36	1
109	109	2
33	64	1
9	19	1
5	6	5
79	79	1
68	70	1
64	67	1
145	148	1
125	126	2
4	14	1
27	28	1
53	57	1
11	12	3
9	9	1
33	33	2
15	22	1
71	71	1
150	151	1
111	111	1
103	104	4
53	53	3
75	75	1
5	25	1
40	40	2
105	111	1
14	14	1
137	139	2
70	70	3
12	12	1
65	65	2
39	39	4
25	26	4
5	5	2
6	7	1
80	81	1
21	21	1
134	134	1
64	64	1
125	125	1
121	121	1
49	53	2
26	27	2
30	38	1
117	152	1
77	83	1
98	99	1
41	42	1
111	112	2
35	36	3
44	46	2
64	83	1
31	40	2
86	87	1
66	67	2
52	53	1
7	8	1
50	50	1
141	142	1
66	66	1
29	44	1
107	107	1
36	37	1
142	154	1
4	5	1
16	20	1
153	154	1
22	25	2
57	79	1
43	45	1
104	117	2
65	66	1
127	130	1
112	112	1
142	142	1
61	61	1
113	113	1
20	23	1
21	24	2
86	86	1
95	126	1
94	94	1
103	103	1
94	122	1
120	120	1
153	153	2
13	14	1
57	57	2
28	39	1
39	43	1
105	112	1
11	11	2
93	95	1
129	129	2
39	40	1
68	69	1
107	108	1
117	123	1
78	87	2
103	105	1
109	110	1
75	77	2
150	152	1
31	31	1
13	23	1
85	88	1
75	80	1
12	15	1
42	43	3
43	43	1
63	63	1
27	39	1
34	34	1
151	151	1
117	117	1
110	115	1
21	26	1
2	15	1
25	27	1
102	103	1
24	40	1
115	115	1
55	81	1
131	133	1
45	147	1
123	123	1
49	51	1
61	62	1
78	78	1
7	10	1
3	12	1
27	27	1
79	99	1
149	149	1
37	37	1
83	83	1
10	10	1
27	29	1
38	38	1
