107	108	1
22	23	2
155	156	2
119	119	2
61	62	2
163	164	1
166	166	2
110	114	2
139	162	1
120	121	5
16	17	4
25	25	3
30	31	1
15	15	4
8	11	1
27	27	5
141	145	1
159	159	7
41	42	1
6	6	6
137	137	2
111	113	1
116	129	1
113	115	3
55	55	2
9	9	7
148	148	5
37	37	10
150	150	5
158	158	4
124	124	2
10	10	7
86	86	2
52	57	2
32	34	1
26	28	3
151	153	2
123	128	2
123	123	3
130	132	1
38	38	3
127	129	1
15	27	1
21	21	2
172	172	2
111	125	1
98	99	2
45	67	1
67	75	1
51	51	2
37	126	2
29	30	3
155	155	7
179	179	2
43	45	2
22	22	4
19	19	5
162	165	1
1	1	2
79	80	2
156	156	5
101	102	6
40	40	3
113	113	7
18	19	4
73	73	4
94	94	3
130	130	2
7	31	1
88	89	2
168	168	5
26	26	4
72	72	3
9	16	1
8	8	3
24	25	3
130	131	1
40	41	4
25	29	1
13	13	2
9	13	1
29	29	5
31	33	1
143	160	1
23	23	3
46	46	1
24	24	4
64	65	1
107	111	1
14	19	2
129	129	4
114	114	1
5	5	3
82	104	1
14	16	2
59	59	3
17	17	2
112	118	2
147	160	2
41	41	8
115	118	3
164	165	4
133	133	1
27	28	2
53	53	3
33	34	2
159	160	2
36	39	1
42	43	1
132	134	1
74	179	1
99	101	1
107	109	2
134	134	3
63	63	2
37	38	1
83	83	4
111	112	1
20	20	4
30	30	3
149	150	1
36	36	4
52	126	1
160	160	1
38	39	1
123	130	1
171	171	1
145	146	4
80	80	2
171	172	1
153	153	2
84	86	1
81	81	2
28	28	3
138	166	1
3	30	1
23	102	1
161	162	2
87	96	3
50	51	2
85	85	3
42	44	3
126	126	4
152	153	1
10	11	4
100	101	2
44	44	4
27	29	2
109	111	2
170	170	2
0	57	1
106	111	1
64	64	1
83	106	4
117	117	3
151	151	5
67	90	1
162	162	2
115	115	1
163	163	1
15	31	1
123	125	2
44	45	3
65	76	1
53	54	2
142	167	1
43	43	6
164	164	3
157	157	2
120	129	2
50	50	1
140	146	1
110	112	1
93	93	1
144	145	3
37	60	1
5	53	2
154	154	2
118	118	1
17	41	1
3	22	1
12	13	3
7	105	1
92	92	2
58	118	1
76	76	1
61	90	1
59	105	1
79	118	2
1	5	3
33	33	6
0	0	2
104	104	1
96	96	1
3	16	1
95	95	4
152	154	2
77	78	1
126	127	2
11	11	5
18	18	1
3	4	1
8	10	1
37	179	1
3	11	1
138	162	1
141	166	2
7	7	1
84	87	1
78	78	1
32	35	1
39	39	1
51	103	1
103	104	3
83	85	1
55	56	2
20	21	3
84	84	4
172	177	1
105	107	2
150	154	1
36	38	1
22	29	2
75	75	2
29	31	1
9	20	2
82	82	1
8	9	1
2	3	3
160	170	1
4	4	3
4	5	1
16	18	1
144	155	1
107	107	1
166	167	2
35	35	1
23	24	1
8	20	1
58	58	2
131	137	3
122	122	2
72	73	1
13	15	1
43	44	1
12	12	1
140	152	1
119	136	1
139	140	2
135	135	3
27	31	1
91	91	1
147	148	3
109	109	2
86	125	1
132	172	1
146	146	4
19	20	2
5	33	4
14	24	1
67	178	2
16	20	1
135	136	2
52	53	3
2	2	1
72	144	1
0	38	1
39	42	1
118	136	2
175	176	2
32	32	2
60	60	3
142	144	2
121	125	1
117	118	2
108	126	1
147	147	3
49	49	1
58	90	1
6	7	1
68	68	1
32	33	2
174	178	1
74	74	2
3	21	3
97	108	1
0	74	1
3	44	1
81	111	2
28	30	1
29	33	1
58	133	1
70	71	1
15	16	1
12	152	1
108	108	2
62	90	1
77	93	1
135	137	1
106	106	1
77	77	3
71	71	3
82	83	1
134	139	1
169	170	1
64	74	2
149	162	1
7	23	1
1	6	1
150	151	2
65	65	1
98	110	2
95	96	3
29	41	1
170	174	1
35	36	1
36	37	1
121	121	2
119	120	2
70	104	1
34	35	1
121	122	1
51	101	1
97	98	1
11	15	1
116	116	1
144	144	2
53	80	1
132	132	1
143	145	1
141	142	1
74	75	2
117	119	1
99	100	1
118	120	1
169	169	1
25	179	1
127	127	1
16	28	2
115	140	1
136	136	2
2	30	1
162	177	1
88	95	1
146	147	1
84	85	2
5	6	1
66	66	1
174	175	1
67	67	1
92	112	1
23	25	1
112	112	1
128	128	1
61	74	1
78	79	1
131	167	1
110	117	1
98	105	1
153	165	1
77	133	1
80	93	1
27	152	1
73	78	1
28	31	1
174	174	1
5	10	1
