32	32	1
33	33	3
72	86	3
54	55	2
11	11	1
30	30	2
95	96	1
22	23	1
105	106	3
10	10	2
79	79	2
81	82	1
51	78	3
81	88	3
47	48	1
25	26	1
12	12	4
102	102	2
117	117	5
138	151	1
54	54	1
15	15	1
93	93	2
25	85	1
35	36	2
103	111	1
135	144	1
96	96	3
39	39	4
156	157	3
77	119	1
114	115	2
84	84	3
108	108	1
133	133	4
104	105	2
23	127	2
136	136	3
146	148	2
110	110	1
3	4	1
52	53	2
36	37	2
91	91	2
10	11	1
37	41	1
113	113	2
16	16	1
6	7	2
19	19	1
28	28	4
47	47	2
1	1	1
83	84	1
26	83	3
35	35	2
24	24	4
118	119	1
97	97	3
27	27	3
139	139	1
115	117	2
146	147	2
82	82	2
157	158	2
78	125	2
78	78	3
20	38	1
55	65	1
152	152	1
136	137	2
134	134	3
46	47	2
29	29	2
13	13	2
119	119	1
67	67	1
99	99	1
3	3	3
121	121	2
0	27	1
39	40	2
14	14	2
117	118	2
129	130	2
123	123	1
106	107	2
95	95	2
12	44	1
28	30	1
82	88	1
61	85	1
68	83	1
105	144	2
37	37	3
20	20	1
8	8	5
148	148	2
31	34	2
88	88	1
88	89	3
130	130	4
23	23	2
157	157	1
34	39	1
51	79	1
22	22	1
50	50	1
7	8	2
144	144	1
132	143	1
13	17	1
104	113	1
126	127	2
106	106	1
132	132	1
112	154	1
42	42	1
96	97	1
18	18	1
113	133	1
19	20	1
25	38	1
71	72	1
132	133	4
72	72	1
52	54	1
156	156	5
26	26	2
123	124	2
76	76	1
25	25	1
27	28	1
103	104	1
36	50	1
2	2	1
50	93	1
30	48	1
63	64	1
137	137	1
13	18	1
100	100	2
55	55	2
84	85	1
104	148	1
138	139	1
114	114	1
79	80	1
101	101	1
151	151	1
145	145	3
63	67	1
43	43	2
2	3	1
77	77	2
24	49	1
55	79	1
85	85	1
7	7	2
115	115	1
40	40	2
21	21	1
113	114	1
131	133	1
31	39	1
151	152	1
138	138	2
106	116	1
38	43	2
4	72	1
18	65	2
21	23	2
80	127	1
45	47	2
14	15	1
4	77	1
18	93	1
153	153	1
121	122	1
50	78	1
104	104	1
30	31	2
25	39	1
100	101	1
73	86	1
136	144	1
126	126	1
91	93	1
135	135	2
99	106	1
14	26	1
6	74	1
145	146	1
134	152	1
139	140	1
50	54	1
