17	19	3
81	81	2
92	95	2
103	103	1
57	57	3
30	32	1
15	15	3
46	47	1
9	18	1
3	4	2
59	73	1
86	90	2
47	47	5
92	93	1
99	101	2
85	86	1
23	23	3
68	69	1
5	100	1
71	125	1
111	111	3
8	9	2
129	129	3
101	101	1
118	118	2
2	3	4
104	105	1
105	108	1
126	128	1
125	125	1
47	48	4
35	35	3
61	61	4
127	127	2
36	36	8
48	49	2
33	33	4
40	40	2
71	71	1
51	51	1
20	21	1
41	41	4
73	73	2
27	30	1
92	99	1
40	41	2
44	111	1
105	105	6
19	37	1
94	120	1
33	34	2
37	84	1
29	30	1
116	117	1
46	46	1
45	45	4
10	13	2
4	20	1
93	95	1
65	65	1
104	104	1
6	6	5
34	35	1
6	8	2
78	79	2
10	10	1
11	11	4
126	126	2
23	25	1
25	25	2
85	85	2
119	128	1
34	34	2
70	125	1
32	32	1
24	25	2
68	68	3
43	43	1
67	67	5
70	70	4
123	123	1
113	113	1
45	46	1
63	63	2
55	55	1
19	20	1
133	133	1
51	81	1
101	105	1
73	74	1
14	98	1
122	124	1
32	47	1
8	8	1
58	59	1
69	76	2
16	17	1
42	97	2
6	15	1
112	112	1
120	120	2
23	24	3
27	29	1
7	18	1
128	128	2
122	122	1
60	61	3
82	82	2
112	113	1
44	44	1
18	21	1
7	95	1
88	93	1
7	7	1
8	108	1
1	124	1
44	45	2
84	84	1
98	99	1
26	92	1
89	91	1
21	21	1
18	28	1
96	100	3
31	33	1
17	17	1
22	27	1
37	37	3
31	31	1
76	76	1
35	36	1
29	29	1
76	79	2
78	82	1
77	77	2
18	19	2
81	84	3
95	122	1
126	127	1
96	98	1
14	100	1
4	15	3
62	62	2
25	26	2
11	74	1
66	68	2
94	94	1
117	126	1
81	83	1
9	108	1
86	86	1
48	48	1
22	22	1
93	93	1
56	57	1
132	132	3
75	79	1
5	29	1
72	72	2
83	83	2
72	73	2
40	45	1
119	123	1
72	80	1
80	80	3
20	20	1
11	109	1
92	92	2
28	30	2
92	110	1
11	12	1
13	14	1
61	62	1
72	83	1
58	58	1
26	27	1
111	112	1
43	44	1
42	89	1
14	14	1
5	7	1
87	87	1
27	28	1
78	78	1
3	27	1
8	26	1
7	133	1
27	76	1
11	18	1
45	134	1
48	57	1
36	123	1
85	91	1
86	87	2
46	124	1
21	22	1
23	26	1
42	42	1
47	95	1
3	100	1
109	112	1
59	60	1
0	0	1
116	116	1
7	8	1
62	64	1
97	97	1
56	56	1
29	48	1
63	69	1
