52	52	1
68	69	3
49	49	6
54	54	5
86	86	2
32	35	1
102	102	4
58	59	3
21	21	3
25	25	3
30	32	1
38	39	1
81	81	3
73	73	6
54	55	1
79	80	3
22	22	4
45	46	2
66	66	6
33	33	1
76	76	2
52	53	4
97	97	3
88	88	2
78	79	2
46	46	1
36	37	1
29	89	1
75	102	3
41	41	2
60	60	2
72	72	3
90	90	1
94	94	4
36	39	1
62	62	5
29	30	2
32	34	2
28	29	1
21	22	1
44	44	3
105	105	3
50	50	2
62	63	2
66	69	1
55	55	3
37	37	3
61	62	1
78	78	2
56	56	3
68	68	1
82	82	1
35	35	2
70	72	1
28	30	1
49	59	1
40	88	1
28	91	1
30	30	2
31	31	3
60	64	2
24	24	2
103	104	2
59	59	1
98	98	1
34	34	1
51	51	1
88	89	1
44	45	1
70	70	2
63	64	2
92	92	3
56	58	1
58	58	3
63	63	1
51	55	3
65	66	1
67	67	2
36	36	1
99	99	2
84	84	1
33	34	1
92	93	1
46	48	1
102	103	1
103	103	1
34	87	1
77	77	1
101	101	1
49	66	2
21	26	1
72	73	2
23	24	1
48	49	1
24	27	1
94	106	1
43	44	1
39	49	1
32	32	1
22	25	1
60	63	1
98	99	1
24	53	1
33	40	1
64	65	1
89	89	1
89	90	1
97	98	1
75	75	1
45	45	3
80	80	1
69	69	1
70	71	1
65	71	1
65	65	2
26	26	1
42	44	1
91	92	1
25	30	1
37	39	1
27	28	2
76	101	1
95	96	1
26	30	1
55	67	1
73	74	1
90	93	1
