15	16	3
11	11	2
65	65	3
22	23	4
52	102	1
83	84	5
108	110	4
26	31	3
5	7	2
3	7	1
66	66	2
16	21	2
23	27	2
126	129	1
25	100	1
30	31	2
20	31	2
96	96	4
62	68	1
13	13	1
70	80	2
107	107	2
100	100	4
122	122	1
142	142	1
26	100	2
100	114	2
137	137	1
81	87	1
53	54	2
120	136	2
50	50	1
19	19	4
99	99	2
101	114	1
23	50	1
136	136	2
27	33	1
35	38	2
36	36	2
23	23	1
88	88	3
56	56	4
73	122	1
27	28	2
104	109	1
6	9	1
39	39	1
150	150	5
74	74	4
76	114	2
93	94	5
4	31	1
137	141	2
54	150	2
120	122	1
136	138	2
7	7	3
50	66	1
73	102	1
73	112	1
38	116	2
103	103	1
130	131	1
83	83	4
94	96	1
54	54	1
49	49	1
6	7	1
52	68	1
31	32	3
124	124	2
102	102	2
65	122	3
98	99	1
115	116	3
3	3	1
40	40	6
37	37	3
96	134	2
87	88	1
21	21	2
134	134	2
4	137	1
136	141	3
79	79	1
146	147	2
131	133	1
112	112	3
75	78	1
62	86	2
23	30	1
64	64	4
21	102	2
146	146	2
11	12	2
41	41	2
9	10	1
26	95	2
35	35	1
33	33	1
86	86	4
6	6	4
42	42	1
127	128	1
72	72	2
80	80	2
122	135	1
38	38	1
38	40	1
98	98	1
85	85	2
10	10	1
43	88	1
131	142	1
26	28	1
75	113	1
43	43	3
49	50	3
41	42	1
55	151	1
5	6	2
42	44	1
70	73	1
25	25	4
123	123	1
141	141	1
110	110	1
50	56	1
8	24	1
106	106	1
148	148	3
79	85	1
57	57	2
20	21	1
17	17	2
44	73	1
14	14	3
96	105	1
47	48	2
12	30	1
66	67	4
12	29	1
112	113	1
4	4	1
73	74	1
73	73	1
48	49	1
145	145	1
80	82	2
95	96	1
44	44	2
25	26	1
27	27	1
34	96	1
68	74	1
148	152	1
32	104	1
85	123	1
58	63	1
102	104	2
67	67	1
78	78	1
54	55	1
101	108	1
12	13	1
48	64	1
123	129	1
25	31	3
22	22	2
81	81	3
41	70	2
7	102	2
8	9	1
26	99	2
41	71	1
29	29	1
114	114	1
139	148	1
27	95	1
13	14	1
124	125	1
138	144	1
13	99	1
144	144	1
76	76	2
39	109	1
75	75	1
69	83	1
108	108	1
123	135	1
17	38	1
16	16	1
122	136	1
113	113	1
7	135	1
130	140	1
124	128	1
26	104	1
28	28	1
51	51	1
114	121	1
65	66	1
85	86	1
71	75	1
154	154	1
20	20	1
102	107	1
95	95	1
108	111	1
