153	172	1
101	101	2
20	20	1
189	189	5
27	27	5
81	83	2
163	165	3
68	69	2
102	106	1
29	30	1
10	12	1
171	185	1
80	81	1
159	165	2
0	42	3
69	69	1
6	8	4
19	19	3
154	154	3
37	38	1
5	24	2
182	182	7
108	124	1
71	71	3
164	184	1
168	169	2
125	125	1
16	22	2
165	165	3
28	34	2
110	116	2
151	154	1
116	134	1
8	9	2
115	116	2
122	122	1
54	55	2
152	152	2
44	83	1
176	176	4
173	173	6
12	13	2
137	138	1
161	161	1
98	98	1
166	166	2
100	100	4
21	21	3
105	105	2
97	99	2
172	172	1
158	158	8
114	127	1
68	68	1
70	70	3
162	162	4
149	149	5
74	74	3
87	88	2
185	189	1
186	186	2
38	41	1
14	14	5
72	87	1
104	104	2
188	188	2
155	156	3
115	115	3
178	179	1
74	75	1
102	102	3
127	128	1
98	99	2
191	191	3
194	194	2
68	74	1
144	144	3
26	26	2
156	160	2
96	97	1
120	121	1
62	63	2
109	109	2
50	50	1
34	40	1
159	166	1
10	55	1
13	14	1
108	108	3
85	85	2
41	41	2
28	30	1
5	6	1
168	182	1
181	181	5
189	190	1
17	58	1
1	2	1
171	189	1
126	129	1
152	170	1
183	184	1
4	4	4
42	42	3
32	32	3
187	188	2
66	66	5
106	106	1
151	151	3
173	176	1
141	141	1
5	7	2
8	8	1
64	65	1
167	168	1
38	39	1
162	164	2
179	179	4
45	46	2
28	151	1
19	158	2
94	94	3
42	46	1
171	188	2
112	189	1
5	5	2
143	143	3
183	183	3
148	148	1
25	26	4
64	68	1
78	78	2
57	88	1
147	148	1
112	112	4
6	35	3
119	119	3
4	33	1
113	115	2
54	56	1
64	64	3
9	10	1
39	40	3
5	179	1
127	127	1
175	182	1
129	129	2
195	196	2
177	178	1
40	40	1
164	164	2
176	187	1
175	176	1
113	145	1
25	25	2
170	188	2
37	37	1
82	82	2
131	134	1
161	166	2
119	124	1
24	24	2
67	68	1
192	193	2
120	120	1
28	28	4
128	128	2
1	3	1
81	81	1
138	152	1
48	49	2
103	147	1
18	18	5
29	84	1
64	75	1
86	86	4
98	133	1
39	41	1
146	146	3
104	105	3
95	95	3
148	149	1
126	197	1
72	73	1
176	177	2
165	166	4
73	73	1
137	137	1
177	177	2
2	2	1
132	132	2
129	148	1
11	37	1
107	108	1
156	157	1
139	139	1
156	156	4
17	17	6
167	167	3
116	117	3
109	113	1
170	170	6
27	42	1
147	197	1
131	131	3
176	192	1
26	28	2
49	52	1
175	179	1
29	29	1
19	20	2
6	6	2
159	179	1
109	114	1
168	168	2
105	106	2
49	49	2
161	186	1
31	38	1
126	126	2
89	89	1
100	112	2
68	72	1
106	107	1
20	21	2
48	48	2
41	46	2
60	61	1
65	65	2
183	189	1
113	190	1
61	90	1
11	12	1
184	185	1
171	171	2
174	175	3
111	111	1
187	187	3
5	25	2
145	148	2
55	55	2
130	130	3
68	110	1
135	138	1
150	151	2
117	117	1
188	194	2
18	42	1
4	7	1
147	162	1
163	163	1
55	56	1
40	42	1
54	54	1
42	43	2
193	194	1
99	100	2
7	7	2
61	64	1
131	132	1
84	84	2
110	110	1
173	177	1
154	155	3
26	37	1
83	83	2
86	88	3
152	153	1
159	167	1
145	145	1
34	34	1
185	185	1
178	178	3
132	133	1
99	99	3
159	159	2
28	84	1
173	175	1
9	56	1
128	185	2
53	53	1
10	10	1
73	74	1
22	80	1
118	158	2
142	142	2
33	33	2
179	183	1
180	180	2
65	72	1
153	155	1
164	165	2
104	108	1
112	113	1
180	183	1
81	85	1
98	101	1
27	151	1
18	19	2
109	111	1
158	165	1
114	115	1
174	174	1
22	25	1
178	191	1
135	135	1
136	136	1
26	27	1
163	164	2
184	184	2
157	157	1
43	43	3
40	41	1
153	192	1
35	36	1
185	186	1
66	69	1
103	103	1
29	73	1
110	111	1
111	147	1
17	18	1
52	53	1
153	174	1
142	165	1
147	147	1
121	121	4
169	177	1
4	6	1
155	155	1
52	52	1
157	167	1
197	197	1
79	84	1
4	27	1
180	182	2
161	162	1
44	46	1
127	155	1
115	117	2
167	179	1
175	175	2
22	31	1
138	139	1
133	133	2
125	146	1
124	124	1
110	117	1
69	73	1
139	140	1
160	165	1
160	163	1
140	140	2
24	26	1
162	185	1
78	85	1
169	169	1
36	36	1
180	181	1
158	159	1
117	191	1
160	160	1
76	145	1
2	79	1
151	160	1
172	176	1
143	145	1
44	44	1
166	170	1
142	143	1
