68	70	2
69	69	3
55	56	1
95	95	4
30	30	1
97	105	1
36	36	3
94	95	3
27	92	2
68	68	3
26	26	3
92	92	2
129	130	4
45	45	7
93	94	1
19	44	1
96	96	2
70	71	2
9	10	3
9	72	2
11	12	1
111	112	2
112	112	3
50	55	1
32	32	1
40	89	1
27	28	2
37	37	2
75	76	2
99	100	2
103	103	2
84	84	5
101	102	1
7	7	1
9	75	2
101	101	5
75	75	3
33	33	3
32	33	1
6	6	3
94	94	2
110	110	1
27	27	2
42	43	4
38	38	2
28	33	1
40	42	1
42	42	2
11	11	4
78	99	2
29	60	2
25	81	2
28	35	1
25	26	3
8	10	2
104	110	1
82	82	2
89	95	3
60	120	1
4	4	2
107	108	2
12	26	1
41	75	1
22	22	3
12	44	3
79	79	2
85	85	3
81	82	1
13	13	1
70	70	2
12	12	2
31	123	1
18	91	2
79	82	1
20	59	1
95	117	2
128	128	2
6	107	1
3	3	4
62	84	2
100	100	2
78	78	2
10	14	1
20	20	3
35	35	2
77	77	1
6	97	5
65	97	2
12	38	1
88	88	3
6	114	1
40	40	3
68	69	5
49	50	2
113	117	2
1	1	2
0	59	1
123	123	1
76	76	1
26	27	1
133	133	2
25	25	4
88	94	1
28	31	2
123	124	2
122	122	3
60	60	2
34	36	1
21	85	1
16	17	1
12	14	1
7	28	1
73	73	4
47	47	8
25	47	1
8	47	1
21	21	1
43	48	1
45	47	1
57	58	3
31	32	1
43	44	2
82	84	1
19	19	2
128	129	1
108	110	1
29	29	3
7	57	3
126	126	1
77	78	1
110	114	1
125	126	1
57	57	3
28	37	1
98	98	6
19	20	1
20	22	1
96	97	3
37	79	1
17	18	1
85	130	1
59	59	1
97	98	1
3	66	1
20	27	1
86	123	1
22	23	1
102	102	3
6	96	1
5	6	1
104	109	1
24	24	1
15	16	1
74	74	1
51	56	1
41	43	1
27	93	1
7	100	1
12	37	1
113	116	1
16	43	1
28	34	1
48	48	2
76	77	1
82	83	2
95	96	1
124	126	1
83	83	1
56	56	1
26	62	2
72	72	1
132	133	1
0	2	1
119	119	2
114	116	1
133	134	2
16	20	1
105	107	1
93	96	1
13	16	1
32	59	1
85	104	1
104	105	1
56	57	1
112	124	1
84	96	1
64	65	1
87	87	1
119	120	1
26	121	1
31	31	1
93	100	1
17	17	1
3	4	1
65	65	1
83	108	1
66	67	1
57	81	1
99	102	1
58	58	1
13	14	1
27	80	1
56	61	1
80	82	1
78	80	1
99	99	2
109	109	1
43	43	1
29	48	1
108	108	1
