133	133	2
109	109	1
107	126	3
10	35	3
82	82	2
65	65	3
123	123	5
50	51	3
115	120	1
115	119	3
107	107	3
103	103	3
93	93	1
49	50	1
50	50	4
1	1	6
113	113	1
79	79	1
97	107	2
69	105	2
67	67	6
82	83	3
108	110	3
118	119	3
60	60	4
77	78	2
8	9	2
75	75	1
83	98	3
5	5	4
9	92	2
36	38	2
10	11	4
54	130	1
70	70	2
33	112	2
112	112	5
51	51	1
14	61	2
24	25	1
15	15	2
75	102	2
97	110	1
56	95	3
19	19	3
95	95	1
133	134	4
126	127	2
105	105	2
102	103	1
77	100	1
25	65	3
10	21	3
77	77	3
86	119	1
10	130	2
9	21	4
84	85	2
0	1	1
124	126	3
33	35	1
42	55	1
88	88	2
36	36	1
44	54	3
131	132	2
54	55	2
61	68	1
35	35	1
128	128	2
14	14	3
102	102	1
29	29	3
2	125	1
78	116	1
6	7	3
101	102	2
74	130	1
45	125	1
7	11	2
50	52	1
126	129	2
33	126	1
110	121	2
43	108	2
130	130	1
21	21	4
79	80	2
34	34	2
109	122	1
75	128	1
67	104	1
2	2	2
55	59	2
3	3	2
62	62	7
111	111	3
55	82	1
6	6	1
54	111	1
9	9	1
124	130	4
50	79	1
120	120	5
88	116	3
3	4	2
33	33	1
97	97	4
127	127	1
114	114	6
54	54	2
100	100	2
87	87	2
79	106	1
74	74	3
53	57	1
130	133	1
61	61	2
32	33	1
58	58	2
74	115	1
5	30	2
49	51	1
21	22	1
60	62	2
63	66	1
63	63	2
84	84	1
44	44	3
62	63	1
108	108	2
30	30	1
55	55	3
52	54	1
99	100	2
107	131	1
106	107	2
55	65	1
73	103	2
58	59	3
83	86	1
119	120	1
91	120	1
36	84	1
106	106	1
83	84	2
108	119	1
118	118	2
94	94	2
101	101	2
112	113	1
16	58	1
91	91	1
127	134	1
19	21	1
129	129	3
121	121	1
35	36	1
108	109	2
82	84	1
62	130	1
96	96	1
59	60	1
25	25	1
116	116	1
16	16	1
89	89	1
72	72	2
13	14	2
96	109	1
14	104	1
50	58	1
56	57	1
6	63	1
71	71	2
72	115	1
31	112	2
36	37	1
45	52	1
76	76	2
8	8	1
70	104	2
79	125	1
81	81	1
53	54	1
44	60	2
62	89	1
0	11	1
28	28	2
26	26	1
86	120	1
68	68	1
4	28	2
107	110	2
71	105	1
94	111	1
13	13	1
124	133	1
98	112	1
32	113	1
16	105	1
85	118	1
115	116	1
127	128	1
19	20	2
95	96	3
7	8	1
122	132	1
11	11	1
108	111	1
66	67	1
69	69	1
73	73	1
7	10	1
63	64	2
20	20	1
7	7	1
23	23	1
5	102	1
97	105	1
71	126	1
119	119	1
2	59	1
67	68	1
3	28	2
52	52	1
90	95	1
78	85	1
132	132	1
99	99	1
55	57	1
126	126	1
52	53	1
12	12	1
53	112	1
6	15	1
83	85	1
24	24	1
57	57	1
34	35	1
45	46	1
47	47	1
38	128	1
