32	32	5
46	46	4
42	42	2
33	33	2
29	29	3
26	27	2
38	39	1
27	49	1
41	41	3
31	38	1
43	43	2
20	20	3
30	39	1
22	22	5
34	35	1
37	37	5
18	18	1
39	42	1
36	36	6
40	40	3
17	32	1
24	32	1
31	31	3
27	29	2
32	33	2
37	38	1
20	22	1
28	28	2
49	49	6
47	47	3
44	44	6
27	30	1
17	17	4
46	51	2
39	39	1
33	34	2
24	24	2
20	24	1
28	36	1
46	50	2
21	21	1
27	35	1
37	39	1
50	50	2
42	44	3
38	38	1
50	51	1
18	47	1
29	37	2
49	50	1
28	29	1
45	45	1
33	36	1
36	37	2
35	36	1
20	21	1
45	46	1
39	40	1
20	32	1
26	47	1
31	32	1
26	26	1
25	25	1
