88	96	1
106	107	1
99	101	2
59	60	1
6	6	2
45	48	1
87	106	2
98	98	2
54	54	2
119	120	2
90	91	3
126	127	2
94	114	2
100	100	5
52	76	3
81	82	1
122	123	1
44	44	1
85	90	1
9	9	1
124	125	2
101	113	4
124	124	1
117	118	1
85	85	5
10	11	3
70	70	3
98	100	1
80	80	3
83	85	1
124	129	2
95	96	1
131	131	1
130	130	2
44	45	1
49	50	1
87	92	2
70	71	2
90	90	3
129	129	1
36	36	1
96	97	1
63	63	3
106	106	1
106	108	2
99	99	2
112	113	2
11	11	1
85	117	1
54	62	1
86	110	2
26	27	3
69	69	2
56	56	1
105	106	1
26	26	5
127	128	2
50	50	3
105	105	1
126	126	4
2	2	5
100	108	1
19	19	1
16	16	1
85	86	3
52	52	2
121	123	1
66	66	5
17	21	2
90	126	3
94	94	4
61	64	2
72	72	1
82	82	1
37	37	2
86	96	1
98	99	1
62	63	2
71	71	4
100	121	1
21	22	2
92	92	1
123	124	1
80	81	1
32	32	2
45	45	2
30	30	1
27	29	1
13	21	2
65	65	2
56	58	1
124	126	2
80	92	1
107	107	2
53	58	1
112	112	2
108	111	2
14	14	1
109	111	1
12	12	1
102	102	1
55	58	2
76	76	1
28	28	3
117	117	1
68	68	4
89	104	1
53	53	1
114	120	1
116	118	1
9	13	1
106	110	1
61	65	1
121	130	1
90	101	1
91	115	1
82	85	1
33	94	1
91	91	1
127	127	1
101	102	2
104	104	1
113	120	2
59	59	1
11	30	1
70	72	1
73	120	2
69	76	1
25	25	1
72	103	1
114	114	2
133	133	1
1	28	1
34	34	1
66	67	3
27	56	1
60	60	1
116	116	1
4	4	1
81	81	2
85	87	1
115	115	1
118	118	1
87	87	1
130	133	3
78	78	1
83	83	1
7	13	1
61	61	1
49	49	1
12	13	1
89	89	1
27	27	1
89	128	1
