141	142	5
185	186	8
57	102	3
18	120	8
88	88	9
76	78	10
190	190	10
20	20	16
71	72	10
147	147	14
113	113	17
162	162	4
172	172	5
140	141	4
53	53	23
230	230	15
25	25	5
144	164	4
84	85	7
53	75	2
144	149	2
23	23	10
77	104	4
29	29	15
101	122	2
177	177	6
225	225	6
167	167	4
116	117	4
154	154	12
124	192	12
8	8	10
48	50	3
4	4	5
174	174	7
193	193	5
71	71	12
240	240	7
52	77	2
173	173	11
217	218	9
146	148	1
14	16	1
164	164	9
63	63	12
49	50	9
220	220	18
28	28	11
15	34	6
211	211	11
192	192	4
44	44	20
220	223	7
3	3	19
49	49	28
44	46	5
3	12	1
184	184	9
23	159	4
46	46	10
106	118	3
204	204	11
1	3	1
48	49	5
79	79	16
77	85	4
184	185	2
104	104	29
1	1	14
74	74	8
169	169	8
58	62	3
0	0	8
35	58	1
183	183	5
13	13	9
18	115	3
39	39	25
84	84	6
206	206	8
81	82	3
215	216	3
206	207	3
19	20	2
83	83	7
102	103	8
69	121	3
174	235	4
55	55	6
103	103	11
197	197	6
53	76	3
220	221	5
74	183	2
124	124	6
75	83	8
239	239	13
44	47	2
47	47	8
32	32	16
148	206	4
179	223	5
102	120	4
96	97	2
142	191	5
38	39	3
236	236	14
125	198	2
10	10	17
107	107	26
12	12	15
9	9	22
41	49	5
187	187	14
13	156	5
46	72	2
140	140	10
57	57	8
116	116	9
46	74	2
5	6	1
100	102	6
221	221	4
65	68	4
17	17	19
81	81	14
194	197	3
7	14	8
196	196	14
109	119	2
109	109	11
183	227	2
40	42	9
19	19	10
159	159	7
175	234	6
14	14	5
194	195	4
21	22	5
88	89	4
45	46	5
112	113	3
42	43	6
199	200	6
136	136	10
180	180	8
173	176	6
2	3	2
189	189	13
191	191	9
129	130	7
43	43	22
30	31	7
21	21	17
196	201	3
14	15	8
153	154	2
127	128	1
72	73	2
15	15	7
33	49	5
177	190	5
194	194	6
7	8	8
33	33	8
27	27	4
108	108	10
42	42	20
67	128	5
6	6	9
197	200	6
166	166	8
69	69	5
207	208	3
192	193	9
226	227	6
86	86	13
67	127	5
181	181	4
186	186	7
137	142	2
9	20	2
102	102	10
100	100	11
227	227	3
77	77	16
37	37	10
38	44	4
138	138	4
60	63	5
79	80	4
24	24	8
152	153	5
175	175	5
212	212	8
232	232	6
222	223	6
131	161	2
123	125	6
215	217	2
228	228	20
64	191	2
66	66	4
25	27	2
127	160	3
82	82	3
16	52	2
22	22	23
111	111	5
181	182	2
150	150	3
4	8	2
241	242	4
78	78	9
59	60	15
122	208	7
10	11	3
178	178	8
42	45	3
115	115	8
51	51	5
11	11	15
219	219	6
238	238	3
188	190	2
72	74	3
144	144	6
54	54	20
121	121	17
42	58	3
66	67	7
12	23	1
158	206	2
72	72	14
151	151	4
22	115	4
8	17	4
30	30	2
45	45	9
65	65	13
11	32	2
34	36	3
119	119	2
63	65	2
7	115	1
168	169	2
52	56	6
64	64	14
228	229	5
1	5	2
132	193	3
20	114	1
200	208	5
152	152	13
129	129	5
7	13	5
192	195	2
108	195	5
139	143	1
158	158	3
214	216	4
0	46	3
26	27	6
80	80	11
105	105	10
141	141	4
57	69	5
188	188	6
132	195	1
34	34	7
102	121	4
157	160	6
106	116	2
150	151	5
139	142	2
52	54	2
125	127	2
89	89	1
130	130	3
66	84	2
98	98	5
137	137	4
33	38	2
9	16	1
2	2	12
0	18	1
17	18	4
149	206	1
73	73	3
68	68	7
231	231	6
54	55	10
146	147	2
59	59	11
219	220	1
172	230	3
40	40	7
124	126	2
118	119	3
17	25	1
214	214	7
182	182	2
107	108	2
224	226	8
106	180	1
106	106	3
153	153	8
120	120	2
170	171	7
108	119	4
7	7	9
42	70	3
97	203	1
17	30	6
105	106	3
232	233	3
13	16	6
76	76	5
171	171	6
205	205	2
39	79	4
200	200	5
242	242	5
136	152	4
52	53	1
49	115	3
156	156	7
160	160	3
161	161	9
16	16	13
135	135	5
65	73	5
176	177	1
158	205	3
233	234	5
130	133	5
10	31	3
184	188	2
97	97	8
0	1	2
168	168	4
4	6	3
216	217	4
79	88	3
101	101	3
182	185	3
164	165	7
141	164	1
139	139	11
99	101	3
67	228	2
55	69	1
216	216	4
173	229	1
63	64	3
139	211	3
39	101	3
2	35	1
114	114	5
63	76	2
234	234	6
155	162	5
185	188	2
78	102	4
58	58	9
0	56	1
95	95	3
143	175	1
149	150	3
95	127	1
52	52	5
185	185	9
217	217	10
50	51	1
38	38	13
191	203	3
201	201	3
195	196	7
75	105	2
12	60	5
6	9	2
9	114	2
137	141	1
95	124	6
37	38	7
56	56	10
174	183	3
156	159	5
40	85	2
139	161	2
131	132	1
36	37	9
172	174	3
35	36	5
56	57	9
125	125	11
32	62	2
75	75	10
106	119	3
35	35	3
174	228	3
40	100	4
215	215	3
217	222	1
0	3	2
223	223	7
173	237	2
137	143	3
76	83	5
65	66	5
4	5	13
158	160	2
9	38	2
140	165	3
226	226	5
11	76	2
0	6	2
150	157	1
31	49	1
8	51	1
42	82	4
38	46	1
59	63	2
209	209	7
155	155	4
65	67	1
12	64	4
11	51	1
66	68	5
29	30	1
24	25	7
56	68	3
2	5	3
97	105	1
193	194	4
81	83	3
189	190	2
101	102	1
142	142	3
176	176	4
43	46	5
115	116	1
98	100	4
143	143	4
48	48	7
3	16	1
145	145	5
142	175	4
39	46	1
47	81	2
38	85	1
122	156	1
56	63	3
40	99	2
148	148	2
66	83	4
237	237	7
34	35	2
0	81	1
38	99	2
41	41	4
180	182	3
213	214	2
114	119	1
140	162	3
13	14	9
75	76	2
42	69	1
118	118	1
40	152	1
46	47	3
203	203	11
36	102	5
96	105	5
74	75	2
133	194	2
60	60	3
232	236	3
147	148	3
62	62	9
55	59	4
210	211	4
224	224	9
126	126	1
145	146	1
29	45	3
17	48	3
108	109	1
25	241	3
235	236	4
19	30	1
85	85	5
187	190	2
20	21	3
212	216	1
198	198	3
125	184	6
148	161	2
122	122	6
5	5	2
221	223	3
15	24	4
61	61	2
73	74	4
177	183	6
165	165	2
23	156	1
82	83	1
142	143	4
38	42	1
36	36	5
99	99	4
19	22	3
139	144	3
197	202	2
64	202	1
174	226	3
9	47	1
36	108	1
70	70	2
83	84	4
5	14	4
157	157	2
114	115	1
33	34	2
8	11	2
127	127	2
134	138	1
40	46	2
12	63	1
213	213	2
63	101	3
105	109	2
61	62	1
14	22	4
0	55	1
202	202	1
50	54	3
163	165	1
3	50	2
26	54	2
96	96	3
0	2	4
51	52	1
66	75	2
36	78	1
134	134	5
80	81	3
193	195	2
207	207	3
122	124	1
50	50	6
220	222	1
5	21	2
209	215	1
62	68	1
37	56	1
235	235	3
158	159	3
112	112	2
45	55	2
236	237	1
211	212	1
233	233	5
17	40	4
205	206	3
26	26	2
175	208	1
27	38	3
36	57	1
20	77	5
210	210	2
132	149	1
25	26	1
77	79	1
171	173	1
7	11	1
76	77	2
5	18	1
21	124	1
191	197	2
178	182	2
146	146	2
102	118	3
98	156	2
17	33	1
160	161	1
208	208	3
19	48	1
109	110	1
7	154	1
63	82	1
97	175	3
63	77	4
118	120	1
99	110	1
133	133	2
89	90	1
159	165	1
125	185	3
99	100	1
31	31	1
128	128	4
42	46	2
194	196	1
136	154	1
218	218	2
121	122	2
16	25	1
190	191	1
23	158	1
35	53	1
17	49	1
214	215	2
111	113	1
139	158	1
229	230	1
64	65	1
222	224	2
23	150	1
178	179	2
149	207	2
129	133	1
154	155	1
31	231	1
136	143	3
76	85	2
234	236	1
44	45	3
21	29	2
131	131	1
149	149	3
54	60	2
139	145	1
28	29	1
218	221	2
19	33	1
192	196	2
160	226	1
42	44	2
43	47	2
58	59	2
27	72	1
206	227	1
176	183	1
60	61	1
77	95	1
104	122	1
33	36	2
39	42	1
4	13	2
55	56	2
22	23	1
137	149	1
78	80	1
11	30	1
129	161	2
172	173	1
39	128	1
117	119	4
211	213	2
19	23	1
119	120	1
162	200	1
96	128	1
177	195	1
104	107	1
64	67	2
68	69	1
54	219	1
88	106	1
167	168	1
117	124	1
139	149	1
76	79	1
136	139	1
74	188	1
41	47	1
108	194	1
186	205	1
190	231	1
229	229	2
5	16	1
54	239	1
133	228	1
35	52	1
178	223	1
99	152	1
122	123	1
157	159	1
123	191	1
200	201	1
15	16	1
15	52	1
30	45	1
204	205	1
25	113	1
53	54	1
33	43	1
153	155	1
