57	57	4
81	89	2
31	55	1
60	62	1
64	64	3
60	60	2
42	42	2
56	57	4
35	35	1
85	91	2
101	101	1
78	78	4
72	72	1
85	85	3
22	22	2
82	84	1
94	94	3
96	96	3
88	88	3
45	45	5
45	59	1
21	21	1
50	50	2
56	56	1
71	72	4
89	89	2
70	70	5
45	92	2
39	54	2
98	98	3
49	49	5
59	59	3
92	92	3
51	68	2
44	80	4
79	80	3
76	76	2
40	53	1
52	52	2
99	101	1
62	62	2
28	28	3
72	79	2
46	46	2
71	71	3
97	98	2
24	25	2
81	81	2
83	93	2
67	71	2
93	93	1
61	84	1
80	89	1
65	65	1
93	98	1
38	92	1
26	26	1
89	93	1
77	77	2
51	52	1
44	52	1
44	44	2
69	89	1
86	86	1
31	75	2
33	33	2
60	89	1
92	93	2
58	60	1
27	27	2
62	87	1
45	46	1
74	90	2
79	79	1
84	84	2
36	36	2
66	66	2
90	90	3
25	25	2
48	49	2
30	30	1
91	92	1
81	82	1
61	61	1
54	54	1
45	61	1
86	96	1
67	68	1
38	55	1
33	55	1
48	48	1
45	47	1
58	59	1
55	60	1
67	67	1
48	64	2
31	88	1
50	57	1
91	91	1
47	47	1
54	55	1
100	100	2
79	84	1
85	86	1
33	34	1
96	102	1
61	81	1
23	24	1
52	91	1
73	74	1
37	37	1
50	56	1
68	80	1
38	38	1
61	83	1
97	97	1
51	51	1
44	45	1
34	37	1
53	92	1
81	87	1
30	31	1
