36	36	5
38	38	7
6	17	1
54	58	1
31	31	4
54	59	2
42	42	4
30	50	2
50	60	1
53	53	5
35	35	2
21	21	1
8	17	1
23	53	1
30	59	1
7	8	2
58	58	2
59	59	5
19	19	1
5	5	2
55	55	3
23	24	2
39	39	4
9	36	2
37	41	1
44	45	1
20	55	1
46	46	1
31	59	1
45	46	3
44	59	2
62	62	5
52	52	6
9	9	3
43	52	1
55	59	2
44	44	1
38	59	1
1	14	1
38	53	1
14	16	1
54	54	2
42	43	2
2	58	1
35	37	2
51	51	5
37	37	2
0	0	3
36	55	1
22	22	1
40	40	5
19	35	1
58	59	4
55	56	2
61	61	2
51	52	2
6	6	3
38	39	3
21	35	1
56	56	3
56	57	3
42	44	3
40	55	1
57	57	3
7	7	1
31	47	1
59	60	1
11	11	2
21	58	1
39	51	1
21	24	1
52	53	3
57	59	3
4	4	1
30	48	1
33	48	1
15	15	1
34	34	2
20	52	1
2	2	1
60	60	1
30	30	1
37	39	2
2	14	2
35	60	1
32	61	1
40	41	1
34	35	1
1	1	1
30	58	1
32	44	1
60	61	1
47	47	2
30	62	1
43	43	2
18	18	1
23	23	1
14	14	1
39	50	1
40	44	1
44	47	1
25	25	1
32	32	1
52	54	1
35	36	1
10	11	1
3	5	1
31	48	1
38	51	1
48	48	1
30	32	1
49	50	1
19	20	1
1	4	1
20	20	1
