52	56	2
9	10	3
101	124	1
175	176	2
196	196	12
172	172	7
4	4	6
57	183	1
150	150	2
33	33	5
24	25	2
135	135	1
164	164	4
20	20	4
176	176	6
168	169	3
77	78	5
189	189	6
186	186	5
79	79	4
79	80	2
124	124	1
179	182	3
96	96	4
5	5	4
179	179	10
167	167	4
158	162	2
28	28	2
158	159	7
173	173	1
26	29	1
37	37	2
149	150	3
116	116	2
81	81	1
171	172	2
153	153	3
149	149	1
194	195	2
0	190	1
57	57	3
58	58	6
21	26	2
140	162	1
155	175	1
189	190	2
143	144	2
152	152	4
134	135	3
140	140	2
185	197	1
53	55	2
111	111	5
178	178	3
188	189	4
61	61	3
54	55	4
148	148	6
125	142	1
161	161	3
71	71	3
0	17	3
30	30	5
185	185	6
99	111	1
21	21	1
78	79	3
126	127	1
4	15	1
49	49	1
25	26	3
165	165	1
169	172	1
21	22	3
148	175	1
133	133	4
5	8	3
122	122	2
159	159	4
156	157	1
109	110	5
187	187	2
186	193	1
46	46	6
41	51	1
131	131	3
18	18	3
133	135	3
136	136	2
36	36	7
64	65	1
42	43	4
170	170	6
3	3	5
100	100	2
97	98	3
190	190	8
152	182	1
93	94	1
137	139	1
182	182	3
151	155	2
162	165	3
99	108	2
145	146	1
153	154	2
53	53	4
121	140	2
146	146	1
59	59	2
5	6	3
141	141	3
32	32	1
160	160	6
56	57	1
133	134	1
159	160	4
16	16	5
122	123	4
113	113	3
155	182	1
39	39	1
184	184	5
129	149	1
3	17	1
183	183	3
157	157	4
85	86	1
41	42	3
187	193	1
196	197	2
169	170	1
34	34	2
28	29	3
99	100	5
98	101	2
123	124	3
144	144	1
132	133	1
155	155	2
188	188	2
27	27	3
130	130	3
140	147	1
170	172	3
7	7	2
128	129	1
102	102	5
139	139	4
11	12	2
174	174	5
126	126	3
172	174	2
187	188	2
180	180	3
193	193	3
141	152	1
192	193	3
194	196	1
143	143	2
133	149	1
119	138	2
138	165	1
164	168	1
178	179	3
44	45	1
151	151	2
29	29	3
71	79	1
65	66	1
87	146	1
134	159	1
24	24	3
58	70	2
134	134	1
101	102	1
88	88	5
195	195	3
85	85	2
4	17	1
87	87	5
23	23	3
173	177	1
109	109	2
142	143	2
143	152	1
49	50	1
1	2	2
112	114	1
189	191	2
172	173	3
135	136	1
163	179	2
38	38	7
114	124	2
40	42	1
127	129	2
66	66	2
26	26	2
68	68	2
161	163	1
101	101	4
163	163	2
34	36	3
44	44	2
141	142	2
0	0	1
6	6	2
115	115	2
177	181	4
42	42	2
97	97	3
77	79	2
163	166	2
80	86	2
125	125	4
45	51	1
99	123	1
19	19	2
169	169	9
131	173	1
182	183	6
45	45	3
72	73	1
17	17	1
45	187	1
164	166	1
10	33	1
134	136	1
173	175	1
98	98	1
62	62	2
52	52	1
112	112	3
1	1	2
43	43	4
51	51	1
97	101	1
139	179	1
194	194	3
164	165	3
58	59	1
110	110	4
89	122	1
96	97	1
85	112	1
52	53	2
168	173	2
48	48	4
6	33	1
41	44	1
160	161	2
166	166	2
110	111	2
167	168	1
99	99	5
2	3	1
160	176	1
176	177	2
73	74	1
137	137	3
8	8	1
185	191	2
12	12	3
121	121	1
177	178	3
118	140	2
175	177	2
76	78	1
100	107	2
64	77	1
157	179	1
41	41	3
98	115	2
106	109	1
104	115	1
164	179	2
158	182	2
174	175	2
24	29	2
62	64	1
152	155	1
111	121	1
104	104	2
142	142	1
157	163	1
50	52	1
67	68	1
69	69	4
185	186	2
149	170	1
51	194	1
120	120	4
187	189	1
129	129	5
144	155	2
40	40	2
40	41	1
165	177	1
95	95	2
59	62	1
156	156	3
48	49	1
112	160	1
184	195	2
191	192	1
161	162	1
13	13	2
25	25	1
58	62	1
141	169	1
119	119	3
186	188	2
50	51	2
174	194	1
55	55	1
47	47	3
81	113	1
70	70	4
119	120	2
115	132	1
140	146	1
171	171	2
81	83	1
94	94	1
71	82	2
127	127	1
86	86	2
56	56	1
183	184	2
33	51	1
102	103	1
112	113	3
4	42	1
106	106	1
65	65	1
152	154	1
154	155	1
185	195	2
192	192	2
120	130	1
168	168	2
15	15	1
30	31	1
161	164	2
58	69	1
52	196	1
24	172	1
111	122	2
114	114	1
81	122	1
114	115	1
147	148	1
118	118	2
105	105	2
83	85	1
165	176	1
4	27	1
26	27	3
37	38	1
157	159	1
111	113	2
14	14	1
31	32	2
138	138	3
33	180	1
173	174	1
120	121	1
103	118	1
143	146	3
128	130	1
39	183	1
15	20	1
151	179	1
58	68	1
157	158	1
15	16	1
25	172	1
3	191	1
98	136	1
132	132	1
100	101	1
132	134	1
153	155	1
54	56	1
42	183	1
191	191	1
35	36	1
9	9	1
64	64	1
11	14	1
108	115	1
175	175	1
4	189	1
101	106	1
22	22	2
67	69	1
11	11	2
135	145	1
181	181	1
129	130	1
107	109	1
18	21	1
29	35	1
152	181	1
45	46	2
134	146	2
109	111	1
108	108	1
105	106	1
177	182	1
108	131	1
76	76	1
113	115	2
140	160	1
140	153	1
70	71	1
197	197	1
35	35	1
89	138	1
107	107	1
174	176	1
103	104	1
155	158	1
30	63	1
78	78	1
31	31	1
174	183	1
20	21	1
165	166	1
163	164	1
143	148	1
118	119	1
74	74	1
