98	110	1
10	11	1
6	6	1
100	100	2
22	24	1
98	98	1
37	37	4
74	81	1
121	121	2
10	10	3
111	112	3
95	95	3
31	32	2
16	17	3
139	139	3
87	87	6
75	75	2
31	31	3
101	101	2
128	129	3
122	122	4
93	94	1
127	127	5
139	140	1
85	85	1
16	16	1
83	122	2
85	105	1
72	72	1
8	8	3
0	8	1
117	118	4
135	135	4
9	9	6
85	123	1
35	35	1
17	36	1
4	4	3
126	126	8
80	81	1
83	85	1
124	125	4
105	105	2
129	129	2
125	125	7
29	29	2
73	73	4
120	120	2
132	132	1
106	106	2
34	34	1
21	26	1
110	110	2
24	24	3
72	97	1
102	110	1
125	127	3
103	103	2
80	109	2
83	83	3
123	125	3
90	96	3
80	118	1
114	115	1
73	74	2
100	117	1
23	23	2
88	93	1
107	107	3
101	102	1
72	104	2
82	83	2
83	102	1
11	32	2
123	123	4
112	113	1
82	82	1
3	13	1
80	82	1
134	134	2
17	17	1
128	128	2
89	89	3
5	5	1
72	74	2
121	136	2
104	104	1
86	86	1
113	136	1
95	97	1
78	117	1
110	112	1
133	133	2
103	106	2
10	14	1
102	104	1
95	137	1
102	115	1
92	105	4
73	104	3
106	118	1
80	117	2
126	127	2
132	136	1
0	1	1
2	5	1
91	95	1
74	77	1
95	118	1
12	14	1
30	30	1
104	105	1
85	122	1
85	86	2
97	97	2
100	115	2
76	76	3
8	10	1
86	110	2
118	119	1
90	91	1
126	134	2
92	93	2
86	100	1
118	123	2
81	81	2
102	106	1
0	2	2
112	112	2
80	114	1
30	31	1
22	22	1
126	132	2
126	128	1
13	14	1
74	75	2
29	124	1
117	117	1
22	23	1
74	106	1
15	34	1
113	113	1
140	140	1
77	104	1
91	91	1
18	19	1
90	102	1
0	3	2
126	130	1
102	111	1
1	3	1
127	128	1
13	13	1
84	85	1
137	139	1
86	101	1
80	95	1
136	137	2
75	76	1
124	140	1
80	86	1
111	114	1
17	18	1
21	36	1
73	102	1
25	25	1
93	108	1
