138	138	8
46	46	4
120	120	6
140	141	7
36	36	8
77	79	2
75	86	2
11	11	17
28	28	8
8	8	3
82	83	4
144	144	2
102	102	3
143	147	3
25	26	5
66	67	2
53	54	3
70	70	3
22	82	2
65	65	4
39	48	5
154	155	3
74	74	2
14	14	7
108	108	5
113	114	5
88	88	5
12	29	2
145	150	3
118	124	4
109	110	7
106	106	5
116	150	4
126	126	4
19	20	6
20	20	17
30	40	3
98	99	3
55	55	9
146	146	8
101	101	4
8	9	3
129	129	2
6	6	5
132	132	6
24	24	6
33	33	2
89	90	6
121	121	5
70	71	3
21	21	7
137	138	2
39	39	7
129	134	2
22	48	2
122	122	7
52	54	6
22	22	1
44	44	7
135	136	2
50	50	8
9	10	3
154	154	3
134	135	6
7	23	4
23	23	3
69	69	3
110	110	6
13	39	2
18	19	7
119	119	6
130	132	5
76	76	4
109	109	6
73	73	2
3	3	3
147	147	9
67	68	4
117	117	7
50	54	1
142	142	2
104	104	3
13	13	1
91	91	9
120	123	2
68	69	3
90	93	1
111	155	2
17	18	2
62	62	3
157	157	1
3	55	2
5	5	7
113	113	3
128	129	4
12	38	3
2	2	1
97	97	2
98	131	2
123	124	4
92	93	3
51	51	8
144	146	5
128	128	8
68	70	4
125	126	4
98	98	1
7	7	8
90	90	2
140	142	2
150	150	5
42	43	2
100	100	2
134	134	3
105	105	2
1	1	5
151	151	5
142	144	2
13	38	3
22	23	1
118	127	2
78	79	2
141	141	2
149	153	1
44	45	2
135	135	7
25	48	1
53	55	3
36	130	2
123	125	2
122	140	5
21	22	4
137	137	4
127	127	2
50	51	2
33	36	1
51	54	2
9	9	3
2	52	1
94	94	6
45	45	7
33	34	1
18	18	1
29	29	8
21	50	3
32	32	4
158	158	2
26	26	1
90	111	1
30	30	1
0	0	1
148	148	6
63	77	2
66	66	3
139	139	2
12	39	1
124	124	3
108	109	1
27	28	3
17	17	3
94	95	4
22	80	2
38	39	2
89	96	1
125	125	3
77	78	4
122	141	1
77	86	1
84	84	2
40	41	1
38	38	1
130	131	1
112	112	4
90	109	3
13	14	1
31	31	2
78	78	3
153	153	1
15	39	1
25	25	2
82	82	1
142	150	1
75	75	4
4	4	1
122	123	1
133	133	1
35	121	1
149	149	2
92	92	1
115	115	4
37	38	2
19	19	1
110	115	1
112	114	1
64	97	2
37	37	2
145	145	1
130	133	1
80	81	1
25	42	1
20	24	1
77	85	2
152	152	1
16	16	1
53	53	3
112	113	1
83	85	1
31	33	1
107	107	1
33	46	1
143	143	1
