8	8	3
86	86	3
73	73	3
12	12	3
72	72	3
58	58	4
57	81	1
59	59	3
11	11	7
23	57	1
53	54	2
63	63	5
80	80	9
14	14	4
66	66	4
57	57	5
70	70	3
81	82	3
16	16	1
56	56	7
27	27	4
8	12	1
87	87	11
84	84	5
64	65	3
20	21	1
51	51	6
22	47	1
18	19	3
25	35	2
50	53	1
76	76	7
85	85	10
52	55	3
48	49	2
68	68	8
24	24	2
20	22	1
18	27	3
1	2	2
81	81	8
63	65	1
54	54	4
9	9	3
48	48	5
82	82	3
64	82	2
85	86	1
4	4	8
54	56	1
12	13	4
75	76	2
26	26	1
46	47	3
55	56	4
63	78	3
85	87	1
62	62	1
60	60	2
69	69	12
53	53	3
65	65	1
28	29	2
20	20	5
77	77	3
84	87	2
89	89	6
5	5	3
21	21	3
72	82	1
50	50	4
7	49	1
74	75	3
73	80	2
75	75	6
64	64	1
61	62	2
67	67	4
3	3	6
60	65	1
81	85	4
6	7	7
12	49	4
0	1	2
57	58	1
23	23	5
25	27	1
7	10	1
10	11	1
19	56	1
47	47	3
88	89	4
49	50	4
13	13	6
71	77	1
9	84	1
58	63	2
25	48	1
7	9	2
77	82	2
49	49	5
31	31	4
72	73	3
51	52	3
72	78	1
16	18	1
63	64	6
54	55	1
71	82	2
8	9	4
53	56	1
24	85	1
19	20	2
73	76	1
47	48	3
1	1	4
21	22	2
12	19	2
0	0	2
60	62	1
30	30	3
77	79	1
8	50	2
17	27	1
68	86	3
26	27	1
55	73	1
24	26	3
49	51	2
27	48	2
25	34	1
54	70	1
60	85	1
77	78	5
6	8	1
55	55	5
28	28	3
19	25	1
15	15	4
6	14	1
22	22	1
28	30	1
79	79	2
5	10	1
69	70	1
22	23	1
71	75	1
2	28	1
0	2	1
83	83	1
3	4	2
19	22	3
25	25	3
7	27	1
24	48	1
65	66	2
64	67	1
78	79	4
10	10	2
34	34	1
24	47	1
72	81	1
53	55	1
17	18	1
57	80	1
25	26	1
66	75	1
53	74	1
19	19	3
76	77	1
68	69	1
52	54	1
13	47	1
61	61	1
9	20	1
62	79	1
65	69	1
18	18	1
71	71	1
46	46	2
64	66	1
7	7	1
74	74	3
58	85	1
6	17	1
10	13	2
60	61	1
30	31	1
34	35	1
67	69	1
2	2	1
8	27	1
80	85	1
4	35	1
19	23	1
59	71	1
71	83	1
66	67	1
59	65	1
52	52	3
13	17	1
83	84	1
29	30	1
24	25	1
23	52	1
31	50	1
74	76	1
62	65	1
78	80	1
8	10	1
13	16	1
19	87	1
