19	19	9
28	125	1
90	92	2
4	4	2
105	105	4
122	122	3
132	132	8
92	92	1
127	128	6
6	6	2
135	137	3
134	134	3
120	122	3
95	95	11
115	116	1
17	27	3
37	38	5
132	133	7
109	109	10
20	20	3
133	133	11
126	129	5
137	137	10
129	129	21
72	80	1
99	99	5
72	72	5
100	100	2
36	36	6
85	85	5
119	119	14
110	111	5
136	136	10
8	8	8
17	17	2
92	93	2
33	33	3
6	11	3
1	2	5
130	130	17
120	120	8
73	76	2
83	101	2
126	127	2
4	6	5
4	19	3
114	135	3
116	116	7
114	114	3
73	74	4
98	98	15
101	102	4
90	90	3
73	73	2
36	37	7
135	138	2
93	93	2
123	123	15
118	118	8
125	125	6
10	11	3
80	80	8
7	7	4
25	26	2
72	134	2
24	24	6
9	9	5
15	16	2
129	130	4
28	28	3
82	82	4
115	115	7
124	124	11
26	123	1
120	121	3
119	121	1
126	126	4
14	14	10
35	35	7
100	115	3
16	30	1
95	96	3
5	6	1
131	131	9
83	83	2
89	95	4
13	14	5
16	19	1
138	138	1
2	16	1
139	139	4
16	16	4
87	109	1
19	20	1
10	10	4
1	1	2
88	97	2
137	138	1
97	100	2
23	23	3
12	12	3
22	27	4
5	11	1
106	106	2
84	84	2
87	122	1
134	135	4
34	34	4
114	115	2
94	111	3
7	8	9
71	79	7
128	129	3
33	34	2
13	13	4
101	101	3
85	119	2
1	8	1
37	37	1
25	25	4
135	135	2
31	110	1
113	118	4
18	18	1
76	76	4
127	127	7
94	94	6
97	97	4
89	89	4
18	19	2
98	100	1
3	4	1
4	5	3
5	19	2
13	17	2
112	112	6
26	26	3
78	79	3
72	73	1
109	112	2
90	91	5
99	100	3
0	0	5
117	117	4
131	132	1
9	10	1
29	30	2
79	79	5
28	29	2
14	17	2
113	113	2
25	91	2
94	95	4
83	84	2
6	7	3
91	91	5
108	112	1
31	31	4
140	140	1
108	110	2
38	38	1
1	9	1
84	119	1
3	3	2
108	108	1
11	12	1
141	141	2
109	111	1
75	76	1
96	96	1
101	121	1
71	71	3
34	35	1
32	32	2
13	76	1
118	120	1
102	104	1
36	38	2
107	107	2
97	99	1
127	129	1
84	85	1
128	128	2
77	77	2
95	97	1
87	102	1
72	87	2
118	119	1
102	103	1
81	83	1
103	103	2
86	86	2
104	105	1
112	113	1
74	74	2
2	2	1
75	75	1
119	120	1
20	85	1
