120	120	5
19	20	13
99	102	1
131	166	1
115	124	2
173	173	15
83	84	1
15	15	27
167	169	2
127	127	8
172	173	2
138	138	11
45	45	16
20	98	2
66	67	6
116	116	9
24	24	13
67	73	1
11	13	13
29	29	23
3	3	14
106	107	5
42	42	23
89	174	2
102	110	2
97	97	10
7	7	21
118	179	2
41	41	13
141	141	10
88	89	15
96	96	9
24	26	4
13	13	21
106	106	12
30	35	4
10	14	5
44	44	17
65	71	5
61	62	3
163	163	14
28	28	18
11	11	17
85	85	6
34	34	19
146	155	1
136	136	20
142	143	5
74	74	10
176	176	10
113	114	2
62	62	10
97	98	1
123	123	14
124	126	2
85	86	4
84	94	1
167	167	14
142	142	7
140	140	13
9	9	27
58	91	1
179	179	12
16	16	21
104	104	7
25	33	2
65	65	5
5	5	18
154	156	1
156	157	3
24	27	6
32	32	15
84	84	6
8	8	20
171	171	15
2	150	2
147	147	14
17	17	21
36	36	30
174	175	2
74	79	1
31	35	1
32	90	1
25	26	6
153	153	7
57	76	1
136	160	1
12	12	13
78	78	7
77	139	1
73	86	3
162	162	9
8	15	3
39	39	23
130	160	3
6	6	25
116	123	2
5	12	2
102	102	14
33	33	22
73	83	1
157	158	9
118	118	8
96	125	1
81	81	3
133	154	1
0	31	4
134	136	3
50	51	11
115	115	9
63	109	2
150	150	11
107	107	7
22	22	15
2	2	11
14	14	20
165	168	1
36	37	5
144	144	10
172	172	10
7	10	3
137	139	1
42	164	1
1	1	20
80	81	4
81	85	4
168	169	8
180	180	5
104	105	2
2	4	7
2	5	2
145	145	2
35	35	17
99	99	6
23	31	3
135	138	2
34	36	5
3	4	10
91	92	7
78	162	2
81	82	2
121	134	2
7	15	5
52	53	8
24	25	9
99	100	10
133	134	9
23	23	19
17	38	1
173	179	2
175	176	3
60	60	10
19	32	1
168	168	11
0	0	17
173	175	1
24	78	1
73	81	1
14	18	2
26	94	2
155	156	5
82	82	9
43	44	10
57	58	2
17	31	1
95	95	5
10	10	16
27	28	4
88	88	7
75	75	12
55	55	7
87	87	11
136	140	1
103	104	8
165	166	2
145	153	3
3	7	1
61	66	3
158	163	2
66	66	6
30	30	12
178	178	13
41	42	16
87	91	2
91	93	2
79	80	2
17	39	1
149	179	3
108	112	2
87	89	2
8	9	6
128	157	2
147	149	2
73	75	2
43	43	15
116	117	2
15	17	4
21	22	3
100	101	4
64	67	1
13	15	3
35	36	7
75	86	3
49	49	3
67	67	9
99	108	2
37	37	16
83	175	1
10	41	3
11	12	5
17	99	1
58	60	3
92	93	9
126	126	4
107	108	1
137	137	10
18	18	14
165	177	2
72	72	7
170	171	4
52	82	1
22	97	1
93	94	5
77	77	4
129	171	1
25	25	11
166	167	3
170	170	1
6	45	1
15	33	1
76	110	1
74	75	5
6	33	2
82	86	1
86	96	2
91	91	13
1	2	5
55	56	6
6	7	8
57	85	1
32	33	7
58	86	1
16	33	1
64	64	7
73	73	11
165	165	8
29	34	2
82	115	1
42	45	2
45	46	5
51	65	2
133	157	2
60	61	6
75	94	1
82	83	5
79	129	3
169	169	21
58	58	5
26	26	11
2	10	1
75	76	2
112	112	11
76	79	2
146	146	15
116	154	3
160	161	4
2	3	9
6	34	2
115	116	3
139	173	1
38	39	9
142	149	1
9	11	4
145	173	2
133	149	1
6	41	1
18	19	6
41	43	1
162	165	3
5	7	7
96	97	7
150	180	2
80	89	3
151	151	11
37	38	10
130	130	6
116	120	1
86	86	12
1	17	1
71	71	6
83	115	2
50	59	3
73	155	1
14	17	2
23	77	3
143	145	8
152	155	1
4	4	13
145	163	1
14	60	1
159	160	1
65	78	3
30	45	1
12	13	6
30	31	3
175	175	11
140	143	1
129	129	9
119	119	9
151	152	3
24	35	2
52	52	12
72	73	7
98	178	1
129	150	1
27	171	1
72	120	1
131	139	1
108	127	1
41	44	2
166	169	2
1	3	2
157	168	1
123	124	3
56	84	1
153	156	6
57	123	1
148	149	4
5	34	1
31	86	1
166	177	1
5	6	8
3	26	1
50	50	8
76	170	2
53	54	7
13	39	1
127	175	2
35	44	1
56	58	3
143	144	4
98	100	1
59	60	4
132	134	4
98	99	4
143	157	2
174	174	12
40	40	4
39	41	3
6	10	2
54	107	2
10	13	5
26	28	3
17	18	7
155	164	1
139	156	2
21	21	10
13	16	1
102	106	4
149	150	5
70	75	3
73	74	4
102	103	2
131	131	11
28	29	7
36	38	3
50	83	1
56	56	8
38	38	17
166	170	1
20	24	1
129	132	1
129	155	2
75	89	1
167	178	4
159	159	11
117	117	9
100	100	11
7	22	1
39	40	11
7	26	2
21	60	1
16	17	10
127	128	8
141	142	2
54	54	11
114	114	7
151	167	2
157	157	13
16	29	3
84	85	7
121	121	5
3	5	3
150	169	2
133	133	13
122	122	9
81	111	4
80	80	15
55	126	1
134	135	2
81	92	1
32	39	4
1	5	2
152	152	6
7	23	2
25	27	5
101	102	3
161	162	7
57	57	7
137	138	7
2	37	3
4	5	6
138	139	4
154	155	4
162	169	1
18	22	1
74	138	1
135	150	1
71	72	8
19	41	1
89	94	1
17	77	1
90	90	3
7	13	4
33	40	3
111	111	7
140	179	2
1	13	2
2	14	1
14	22	1
17	19	2
22	23	8
154	165	2
71	91	1
113	113	10
119	146	1
171	172	7
156	156	6
17	36	1
28	37	1
23	36	1
131	133	4
59	59	9
111	112	2
13	14	7
169	170	6
160	160	7
144	177	1
17	28	1
7	9	10
28	33	2
146	154	1
74	86	1
123	157	3
132	150	2
108	108	9
135	136	6
132	132	6
166	168	4
152	160	1
55	84	1
150	153	1
128	128	6
177	177	6
28	31	5
29	30	3
117	118	3
9	14	1
119	121	2
87	101	3
68	71	1
11	14	5
37	39	4
175	179	2
103	105	1
158	159	8
51	51	6
5	15	2
23	26	1
81	86	1
13	59	1
4	8	7
132	137	1
89	89	7
109	116	1
152	162	2
20	27	4
136	137	4
153	161	3
87	88	1
91	95	1
31	37	1
6	11	2
117	163	2
21	23	2
8	21	1
61	81	1
75	101	2
32	34	2
128	131	1
2	11	2
124	125	3
5	35	1
56	85	1
59	92	1
19	21	1
124	131	1
30	33	3
149	170	3
15	16	8
27	134	1
81	177	2
125	125	15
167	171	1
1	19	2
76	77	5
90	92	4
154	154	12
130	155	1
76	86	1
173	180	1
124	124	5
37	42	2
111	158	2
7	32	1
152	154	1
33	45	2
6	16	3
121	122	2
85	102	2
144	145	5
18	45	2
84	86	6
15	22	1
70	70	1
58	104	2
135	160	2
153	154	4
4	9	3
66	96	1
143	143	7
121	124	5
163	164	4
38	44	1
28	172	1
120	121	3
26	92	1
31	32	8
27	27	5
16	22	1
96	109	2
74	105	4
54	86	1
103	161	2
163	170	1
173	174	3
78	79	3
19	19	10
158	158	8
77	141	2
44	45	7
20	45	2
145	148	3
63	63	15
79	79	10
93	93	8
34	35	3
30	32	1
162	170	1
63	64	2
55	85	1
166	166	10
13	19	1
71	167	1
138	141	1
10	11	8
109	109	5
12	92	3
75	81	1
33	89	2
109	111	1
133	155	1
134	138	1
159	179	1
20	158	1
89	101	2
94	172	1
86	114	3
14	15	3
167	179	2
171	176	1
34	44	1
154	162	1
65	72	1
91	102	1
3	30	1
22	74	1
55	141	1
132	176	1
21	33	1
155	157	1
28	59	1
81	106	1
75	137	1
131	132	4
125	157	1
149	149	11
68	68	4
13	41	2
109	115	3
12	30	1
32	42	1
1	12	2
31	31	14
28	44	2
32	88	3
83	83	4
117	155	1
133	156	1
19	27	2
146	147	5
5	54	1
21	44	1
23	24	2
98	98	7
96	98	4
61	91	1
115	128	1
1	6	1
75	155	1
52	84	1
74	77	1
121	143	1
66	80	3
129	160	2
75	77	2
77	96	2
163	166	3
121	126	1
87	98	1
32	41	1
26	29	2
145	146	3
3	9	4
85	98	2
39	56	1
139	140	2
54	85	1
11	149	1
139	143	4
11	15	2
82	172	2
114	123	2
105	107	1
154	157	1
85	93	1
86	87	2
129	158	1
6	8	2
132	171	1
171	177	4
155	155	6
67	91	1
86	90	1
117	175	1
6	28	3
10	16	4
6	9	4
117	144	1
113	116	2
11	40	1
135	135	7
18	36	1
90	170	1
139	139	4
129	130	3
42	44	2
23	39	2
3	20	2
74	97	1
81	175	2
108	109	3
51	52	1
67	109	1
22	40	2
35	40	2
95	96	4
17	23	3
141	143	2
63	110	1
36	40	1
129	170	1
117	119	3
171	173	2
9	12	6
163	180	1
76	137	1
88	90	1
148	148	8
177	178	2
123	125	1
61	61	5
83	85	2
20	26	1
164	164	4
82	110	1
142	159	3
97	101	3
134	137	1
23	42	1
2	15	1
92	92	3
5	9	1
18	21	1
99	109	1
151	163	1
97	178	1
67	68	2
58	59	4
61	179	1
20	20	8
36	109	1
115	156	2
109	110	1
115	155	1
106	109	1
94	96	2
126	128	2
118	119	3
7	14	1
23	44	1
140	141	3
20	22	2
2	162	2
77	78	4
94	95	3
51	53	1
14	16	1
87	90	1
118	121	1
18	20	1
76	76	4
11	18	1
76	106	1
82	116	1
90	91	1
13	17	2
1	35	1
29	31	1
81	126	1
17	61	2
19	100	2
11	16	1
176	177	1
65	67	1
97	175	1
157	160	1
105	106	3
81	83	1
134	134	6
40	44	1
86	113	2
120	145	2
119	120	4
10	17	2
106	108	1
15	19	3
16	18	7
5	91	1
140	161	1
53	57	1
134	145	1
124	128	1
12	14	1
55	148	1
150	151	2
162	163	2
23	25	3
116	132	1
147	148	4
121	128	1
6	54	1
151	158	1
59	68	2
21	26	2
134	162	1
34	40	1
158	161	3
51	66	1
152	156	1
88	105	1
120	130	1
179	180	1
159	176	3
110	110	7
33	34	2
13	31	3
20	34	3
9	15	3
130	174	2
52	89	1
28	35	2
42	43	2
23	43	4
26	27	2
92	94	2
62	63	2
168	178	1
53	71	1
88	106	1
60	68	1
26	30	1
31	42	2
116	129	1
101	110	1
21	27	1
53	53	4
150	171	1
120	165	1
0	1	5
105	105	3
167	168	5
15	41	1
79	127	2
83	86	1
101	114	1
28	38	1
90	95	1
54	55	2
112	114	1
52	54	1
140	157	2
6	14	1
164	165	5
90	94	1
110	111	5
7	8	2
26	41	1
170	178	1
51	82	1
11	19	2
55	123	1
122	150	1
27	170	1
25	32	1
14	31	1
80	105	2
150	179	1
108	126	1
107	137	2
146	166	1
101	103	1
20	21	1
5	33	1
2	18	2
74	93	1
144	148	1
141	154	1
112	113	1
86	174	1
118	154	1
3	32	1
94	94	4
92	178	1
16	34	2
7	25	1
54	93	1
160	162	1
43	45	2
176	179	2
111	169	1
101	101	5
25	74	1
96	174	1
60	64	2
169	178	1
147	170	1
37	40	2
176	180	2
28	43	1
8	19	1
33	44	1
84	166	1
19	75	1
120	122	1
158	180	1
78	139	1
83	111	1
130	170	1
17	30	1
4	35	1
23	40	1
12	15	2
122	145	1
102	105	1
144	146	1
10	25	1
71	83	1
49	60	1
131	158	2
51	80	1
23	28	1
19	44	1
9	10	2
161	161	1
115	118	1
16	35	1
40	41	4
18	37	1
115	126	1
90	93	3
156	158	1
22	26	1
25	31	1
112	118	1
111	157	3
60	105	1
153	165	1
130	156	1
101	137	1
20	35	1
82	179	2
94	99	2
95	140	1
22	42	2
163	178	1
108	143	1
97	99	1
40	93	1
112	116	1
133	148	2
7	11	1
1	4	2
56	57	1
14	33	1
0	132	2
24	73	1
43	73	1
38	40	2
133	144	1
5	24	1
153	163	1
130	131	4
58	103	1
136	139	1
32	132	1
100	116	1
5	43	1
16	21	1
131	150	1
36	39	2
57	173	1
133	153	1
60	66	1
107	110	2
8	46	1
4	161	1
25	38	1
4	60	1
1	161	2
90	101	1
64	82	1
136	178	1
77	180	1
64	65	1
142	145	1
2	6	1
2	9	3
113	115	1
27	32	1
168	170	1
98	111	1
4	6	1
33	41	1
162	168	1
108	142	1
50	53	1
124	160	1
65	93	1
5	72	1
97	126	1
63	114	1
103	103	4
146	153	2
72	77	1
22	63	1
87	174	1
154	164	1
98	101	1
164	166	1
25	34	1
84	105	1
36	93	1
118	156	1
132	133	2
54	105	1
145	150	1
151	156	1
27	37	1
37	43	2
95	108	1
126	159	1
54	124	1
86	116	1
143	146	1
131	135	1
31	34	2
103	108	1
33	35	2
3	12	1
86	89	1
29	126	1
73	80	1
1	11	2
108	180	2
82	99	1
16	58	1
118	130	1
26	134	1
25	77	1
132	173	1
129	131	1
89	90	2
139	160	1
110	113	1
24	38	1
144	151	1
139	142	1
80	82	1
131	159	1
35	42	1
15	32	2
105	179	1
21	37	1
81	91	1
150	170	1
55	86	1
169	172	1
151	165	1
43	144	1
110	115	1
138	176	1
18	27	1
67	75	1
76	94	1
134	171	1
9	42	1
21	46	2
6	56	1
52	56	1
146	150	1
27	29	2
167	175	1
150	167	1
42	54	1
10	42	1
57	59	1
7	54	1
139	159	1
115	117	1
33	36	1
144	153	1
77	79	1
7	42	1
113	169	2
117	153	1
108	151	1
128	159	1
5	44	1
18	33	1
24	36	1
21	25	1
75	143	1
33	37	2
141	156	1
125	155	1
172	176	1
85	87	1
3	14	1
29	44	1
75	156	1
60	65	1
96	111	1
81	84	1
112	131	1
112	120	1
83	180	1
2	7	1
77	175	1
23	35	1
77	115	1
10	18	1
132	136	1
7	35	1
95	103	1
100	109	1
127	159	1
8	10	1
128	136	1
155	158	1
32	35	1
127	130	1
93	102	1
122	125	1
82	85	1
142	144	1
122	144	1
2	26	1
131	157	1
27	95	1
113	134	1
79	86	1
126	127	1
116	125	1
18	88	1
140	156	1
110	169	1
90	177	1
130	134	1
130	144	1
31	33	1
