40	41	21
142	142	19
108	109	5
12	12	24
156	157	5
34	34	32
27	27	22
96	97	11
3	3	26
144	157	1
5	6	3
141	141	21
133	133	28
19	19	15
29	29	19
114	115	7
138	139	20
155	156	10
4	4	42
63	63	4
141	157	1
69	69	12
118	118	18
121	122	11
123	123	29
31	32	19
27	28	10
30	30	15
47	86	3
145	146	6
68	68	42
73	73	29
106	106	23
143	144	7
85	85	9
17	20	2
26	26	24
87	142	5
31	31	21
18	19	12
45	46	8
93	120	2
51	81	1
134	138	2
23	23	14
132	132	22
2	2	24
91	118	6
112	112	21
103	104	20
128	128	14
158	159	2
15	15	39
16	16	18
116	116	23
92	92	31
132	133	11
123	125	3
155	155	31
86	88	5
126	126	21
71	72	8
84	110	3
37	37	15
76	105	2
67	67	29
30	82	5
89	89	15
135	136	20
25	25	14
90	90	26
52	52	15
81	82	16
100	100	27
66	70	5
7	11	2
33	33	11
6	7	6
1	2	9
8	8	21
124	145	3
139	139	31
149	149	16
134	136	2
130	130	20
148	148	12
98	98	39
101	101	32
137	137	42
43	43	29
94	94	25
106	112	3
17	17	27
19	21	5
51	52	9
112	113	9
157	157	28
92	101	3
121	121	30
49	49	23
30	31	14
17	18	8
99	99	42
82	83	12
28	28	32
155	157	3
22	23	7
71	71	42
127	127	27
113	117	2
32	32	29
135	135	17
81	81	11
109	110	6
131	131	50
97	98	6
91	134	6
54	55	4
79	80	5
154	155	3
13	13	14
49	57	5
109	111	8
110	110	22
38	38	26
6	6	24
88	89	5
66	69	7
92	94	9
79	79	13
151	152	8
80	87	3
137	140	6
124	124	17
85	95	3
25	26	9
145	145	25
10	10	13
3	4	18
134	134	14
45	47	8
147	147	9
42	42	31
129	129	38
106	114	3
111	111	34
111	115	5
67	68	8
120	123	6
76	77	3
120	133	5
36	125	4
0	0	28
15	16	7
87	87	28
41	41	37
119	119	18
53	53	22
152	153	9
55	65	4
21	21	31
83	84	10
156	159	4
153	153	25
94	95	13
7	7	29
152	152	15
53	70	2
124	125	20
107	107	28
28	31	4
77	77	12
85	88	1
24	24	22
5	55	1
109	109	28
90	91	17
129	150	4
117	120	6
131	133	14
44	45	7
123	124	17
22	25	5
77	78	7
83	85	5
68	69	14
86	95	2
120	120	13
20	20	17
126	127	16
156	158	11
25	27	2
108	111	6
95	95	13
35	139	6
81	83	7
82	82	18
134	135	2
49	53	6
105	139	7
27	29	5
23	24	17
150	150	31
70	70	28
111	118	7
22	37	4
132	155	7
123	126	15
52	53	9
48	48	36
24	27	4
122	122	48
53	79	5
103	103	16
14	14	16
15	32	3
28	109	3
80	80	19
91	91	22
8	144	7
84	85	6
43	50	7
93	95	9
46	46	32
13	14	16
93	93	27
131	137	3
144	144	18
110	111	11
26	113	2
95	96	17
86	115	5
134	140	10
54	57	2
1	1	22
5	80	7
45	45	30
20	30	8
36	36	28
86	86	21
7	8	18
128	136	1
22	22	21
117	118	18
47	47	15
44	44	14
8	28	3
148	151	2
49	52	11
38	40	5
137	138	5
57	63	2
38	39	8
111	113	6
132	134	3
104	106	2
19	20	4
107	110	4
42	107	3
105	106	6
100	101	3
78	78	16
51	53	5
97	97	25
83	83	19
122	123	16
108	110	6
113	113	13
26	28	1
147	155	4
67	69	5
88	88	18
28	30	7
85	86	10
31	39	3
3	5	4
122	126	3
74	75	2
39	40	14
4	156	8
55	63	5
47	48	4
131	132	7
19	136	6
51	51	21
105	107	6
49	63	6
120	122	2
135	141	3
142	143	6
99	102	3
153	154	8
125	126	25
150	151	12
38	48	3
153	157	2
49	51	6
14	118	2
117	117	18
136	136	15
9	10	12
39	39	21
138	138	6
5	5	14
149	150	7
18	18	25
9	38	5
12	13	9
17	19	5
136	137	4
37	52	7
91	123	3
78	79	16
64	64	13
17	22	2
140	140	17
26	30	2
5	155	4
41	42	8
105	105	23
35	140	4
72	72	9
21	22	14
129	130	9
117	139	2
97	114	2
12	89	1
130	136	1
75	76	5
31	36	6
41	43	6
144	145	4
112	114	1
31	40	2
151	151	22
81	115	5
84	84	16
35	35	10
114	114	20
156	156	9
77	141	2
89	90	12
43	44	5
28	43	1
37	38	12
140	141	6
115	118	4
75	75	2
66	66	10
40	108	2
116	117	9
115	117	5
67	70	2
93	94	6
115	116	6
129	158	1
148	150	5
91	93	3
115	115	11
34	35	3
10	38	4
42	106	6
106	107	11
9	144	2
50	51	2
56	57	2
65	73	2
104	104	7
16	136	1
8	10	8
105	112	4
62	63	3
42	49	2
33	51	1
155	158	6
110	139	2
46	47	10
41	50	1
6	81	2
148	149	4
147	154	3
31	33	3
9	9	20
105	126	1
7	9	4
28	29	8
68	70	6
146	146	20
102	110	4
81	113	1
40	42	2
62	68	2
73	74	5
104	105	7
38	52	3
53	78	10
3	140	2
69	70	7
6	24	5
25	30	4
92	93	1
41	46	2
124	144	6
26	27	14
154	154	10
121	133	2
132	152	2
111	112	12
77	138	3
158	158	12
118	120	7
11	11	11
8	156	6
90	95	3
45	73	3
109	115	4
37	127	1
108	108	12
40	43	2
45	48	4
7	154	4
131	140	2
8	37	3
113	115	2
121	132	1
53	54	9
0	1	4
79	81	1
14	15	1
28	108	5
54	54	7
18	55	6
28	114	1
33	49	8
107	108	6
63	69	5
65	65	9
84	109	1
123	142	6
55	55	14
64	66	3
91	92	3
95	128	5
32	39	6
133	139	3
106	111	1
30	38	3
50	50	18
62	62	6
22	50	4
122	125	4
122	140	4
4	19	3
70	71	2
125	125	17
119	120	2
118	119	9
102	103	4
151	158	1
56	56	11
125	134	1
78	141	1
30	118	3
113	114	3
55	56	10
23	25	1
8	88	2
29	34	1
5	18	4
13	54	4
57	57	4
146	153	5
40	40	13
65	66	8
52	54	3
9	11	3
137	147	2
131	139	3
34	37	3
46	87	4
123	143	4
109	112	4
17	134	2
130	131	8
94	105	3
99	107	1
123	127	5
16	81	5
85	112	2
78	103	2
17	21	1
10	153	1
40	114	5
7	20	2
6	156	2
16	55	3
72	73	4
152	154	7
77	103	5
37	51	6
24	25	1
121	140	4
129	133	3
30	32	1
81	110	4
38	117	2
56	73	2
105	110	3
25	42	3
53	62	3
123	144	1
102	117	3
90	142	1
119	121	4
21	28	1
17	30	1
20	21	5
5	73	3
76	95	1
84	101	5
143	143	6
24	104	1
92	129	2
17	140	7
143	145	2
92	144	1
32	34	5
88	90	5
30	36	2
2	157	1
13	39	1
4	5	5
50	52	1
150	152	2
113	119	2
128	130	5
40	51	2
129	131	2
78	136	1
33	34	6
57	71	1
12	14	3
9	53	2
27	30	3
12	16	1
56	69	1
146	147	4
9	51	4
32	36	2
141	142	2
48	49	7
69	71	2
5	44	3
134	139	4
13	15	1
32	82	2
32	35	4
134	143	1
148	156	2
86	87	4
91	124	2
146	148	7
52	61	1
139	140	2
39	42	1
15	56	3
157	158	1
11	12	9
17	126	2
110	116	1
20	22	10
102	102	10
94	101	4
57	61	1
82	102	3
80	89	2
116	132	3
4	79	1
9	152	1
13	30	1
86	110	3
151	154	3
119	122	2
12	54	3
12	85	2
3	19	4
101	107	2
144	154	1
21	31	2
72	132	2
35	128	2
124	127	2
114	139	1
34	70	1
13	17	2
128	139	4
49	56	1
67	71	1
79	82	3
131	134	1
128	133	1
29	32	1
135	140	1
154	156	1
66	67	4
86	89	3
124	126	3
54	88	1
17	23	2
132	137	1
114	116	1
94	116	2
92	95	1
107	148	1
76	130	1
10	152	1
125	127	1
141	156	3
79	116	2
1	158	3
99	100	5
39	51	1
56	66	1
29	43	1
89	119	1
144	146	1
133	134	4
22	28	3
133	136	1
84	116	2
147	149	3
122	134	1
36	124	1
96	96	3
29	30	5
24	117	1
15	83	1
87	88	3
95	98	2
48	118	2
136	140	2
152	156	1
128	134	1
114	117	2
77	140	1
91	129	1
95	110	1
152	155	2
102	105	2
46	50	2
14	19	2
135	149	2
25	44	2
14	82	1
130	134	2
63	64	2
87	116	1
42	48	1
128	129	3
80	81	2
28	32	1
121	124	1
6	26	2
2	3	2
23	41	2
46	120	2
95	97	1
80	82	1
84	87	1
1	156	1
87	113	2
8	9	3
147	148	1
12	21	1
19	22	2
7	29	2
8	38	1
7	31	1
2	4	1
70	72	1
40	101	1
39	41	1
57	62	1
140	142	1
31	37	3
88	120	1
144	151	1
66	76	1
32	33	2
49	50	1
120	121	1
133	141	1
33	35	2
21	43	1
47	124	2
57	65	1
83	113	1
46	116	1
3	77	1
146	149	1
33	111	1
107	127	2
103	110	1
134	148	1
51	55	1
33	40	1
42	51	1
66	71	1
3	79	1
5	68	3
55	71	1
36	38	2
48	54	1
135	137	3
10	11	1
6	35	1
18	54	1
82	84	1
55	77	1
108	125	1
120	140	1
0	156	1
135	142	1
9	52	1
46	48	1
5	21	1
23	29	1
138	141	1
27	115	1
93	96	1
13	19	1
28	39	1
