5	86	2
94	104	2
129	135	1
128	129	2
9	9	2
118	119	2
94	103	1
105	105	1
89	90	1
12	12	1
106	107	3
117	117	2
103	103	4
84	112	2
14	107	1
110	111	1
132	132	3
93	93	2
126	127	1
82	108	1
13	14	2
118	118	2
127	127	2
15	19	1
83	83	1
78	122	1
104	106	1
20	36	1
134	135	3
123	123	2
104	105	2
130	130	2
111	120	1
23	24	1
109	110	1
122	122	4
119	120	2
30	32	1
9	15	1
98	98	3
33	37	1
24	24	2
111	111	3
28	29	2
0	3	1
1	3	1
75	123	1
16	17	1
1	1	2
35	35	2
33	33	3
101	101	2
97	97	5
10	11	1
14	27	1
110	110	2
98	99	1
140	140	1
94	94	2
129	129	5
88	123	1
36	36	2
74	76	1
126	126	3
73	73	2
29	30	1
75	75	1
87	87	2
12	103	1
112	114	2
38	38	2
81	117	1
1	19	1
85	86	2
113	113	1
119	119	1
5	6	1
73	80	1
114	124	2
112	112	1
133	133	1
120	123	1
30	107	1
25	121	2
20	35	1
124	125	1
131	131	3
109	112	1
127	135	1
31	31	1
128	128	2
106	106	1
17	18	1
33	34	1
2	4	1
101	102	1
29	29	1
81	102	1
20	20	2
86	120	1
32	107	1
92	92	2
94	101	1
93	100	1
91	91	2
38	129	1
125	126	1
128	135	1
26	30	1
112	115	1
134	134	1
139	139	1
79	127	1
89	103	1
91	105	1
114	114	1
102	102	1
135	135	1
6	36	1
32	37	1
120	122	2
116	116	1
129	137	1
23	103	1
82	82	1
122	123	1
23	23	1
128	136	1
128	132	1
2	79	2
79	79	1
6	6	1
137	138	1
18	18	1
75	121	1
81	81	1
1	8	1
100	100	1
124	124	1
116	123	1
94	95	1
