224	224	8
99	99	8
209	209	4
21	23	2
178	178	3
198	198	3
121	121	8
67	68	7
88	88	4
120	123	3
182	182	5
58	67	1
20	20	5
54	57	2
79	79	3
182	183	1
73	74	7
174	174	4
19	19	3
128	129	4
202	202	8
77	79	4
133	133	1
179	179	7
201	201	1
65	66	4
139	139	2
44	44	6
41	41	1
58	60	2
45	45	17
118	118	5
84	85	2
40	40	14
131	131	6
3	3	8
0	1	2
157	160	6
137	138	4
6	16	2
100	100	4
239	239	6
22	23	6
48	48	7
12	12	14
229	230	7
67	67	5
191	201	3
232	232	6
160	172	5
135	136	5
128	128	6
28	29	4
111	111	3
68	69	4
78	81	3
225	226	2
209	210	7
62	62	5
75	76	5
116	117	2
27	28	1
37	37	3
221	221	5
29	30	3
84	88	1
118	119	4
85	85	6
143	145	5
183	183	8
216	217	5
67	73	5
144	144	4
84	95	5
100	101	2
56	97	1
54	56	5
84	106	5
46	46	2
88	100	3
237	239	2
76	76	8
119	119	1
190	192	3
53	53	5
199	199	1
208	228	4
218	218	2
156	158	3
38	40	1
62	216	2
172	172	10
153	153	6
179	182	1
198	203	2
152	152	3
71	71	6
47	47	9
212	212	6
38	38	5
33	33	19
192	192	4
75	75	6
39	40	10
198	199	7
113	189	6
36	37	6
133	134	1
237	237	6
39	39	9
26	26	4
146	146	6
14	14	5
177	177	7
64	74	3
186	189	2
192	195	1
54	54	7
196	196	4
242	243	6
8	8	3
191	192	3
73	73	4
86	86	8
193	193	3
145	145	1
50	50	1
13	35	3
113	113	3
65	65	2
197	202	2
153	173	2
76	78	2
177	178	3
156	156	1
165	165	5
226	226	6
45	46	6
186	187	4
23	23	6
197	197	4
192	193	2
197	198	3
164	164	5
125	125	1
6	6	1
176	176	1
217	226	6
144	145	4
187	187	1
73	97	2
238	239	4
3	5	5
11	11	2
216	216	2
22	22	1
227	227	1
140	140	5
55	55	1
42	43	1
20	53	2
77	89	3
238	240	2
66	67	2
203	203	8
112	112	4
33	37	3
191	191	3
2	3	4
81	81	1
54	91	2
118	139	1
12	13	3
51	51	2
80	82	3
32	241	3
43	45	6
4	4	2
223	224	4
147	147	2
127	128	2
20	44	3
47	161	3
230	230	3
77	77	1
6	31	3
42	42	2
80	95	3
180	221	1
234	234	5
56	56	2
64	70	3
161	161	2
66	66	1
113	128	2
182	192	2
110	110	1
185	186	5
7	16	6
1	1	1
231	231	5
5	6	4
53	55	3
162	162	4
55	56	4
57	59	1
51	53	1
72	73	1
70	70	6
44	45	1
57	57	2
37	38	3
195	196	3
28	28	1
30	241	2
115	123	1
204	204	1
96	96	1
103	105	3
219	220	2
105	105	5
228	228	3
32	61	2
17	17	2
235	235	5
211	211	2
0	9	3
127	127	1
236	237	1
49	50	1
27	27	2
10	29	1
158	159	1
15	15	2
179	181	1
27	37	1
76	77	2
35	35	1
97	99	1
58	58	1
159	159	4
194	194	1
109	166	1
190	190	2
2	2	1
109	112	2
60	60	2
159	165	1
101	102	1
0	0	2
122	125	2
48	52	2
233	233	2
109	118	2
74	74	3
151	152	2
205	208	1
223	223	1
116	140	1
33	58	3
204	208	1
71	111	2
155	155	1
32	33	1
151	151	1
169	183	1
27	54	1
1	7	2
135	135	1
196	230	1
162	163	1
240	240	2
24	24	2
197	199	1
219	219	2
101	101	1
18	31	1
88	89	2
17	19	1
227	228	1
125	126	1
9	9	1
43	43	1
68	68	1
