83	99	1
85	87	2
108	109	3
46	46	2
77	79	1
106	106	2
144	144	2
40	40	1
74	75	2
65	67	1
54	54	1
66	82	2
32	95	1
65	105	2
34	36	1
72	72	1
121	121	3
90	90	1
85	124	2
129	130	2
17	17	3
45	46	1
18	20	2
16	16	3
22	23	1
3	42	2
19	21	1
30	31	2
96	96	1
40	41	2
13	13	4
140	140	1
94	98	1
44	46	1
87	98	1
44	45	1
142	142	1
35	37	1
64	65	2
78	80	2
115	115	1
23	23	2
113	114	1
119	119	1
69	74	1
81	82	1
122	123	2
5	5	2
33	33	7
99	99	1
111	111	2
20	20	1
103	106	1
144	145	1
120	121	1
9	48	1
138	139	1
31	43	1
117	118	1
56	57	1
91	92	3
85	96	1
105	111	1
76	82	1
145	145	2
29	29	3
102	102	5
124	126	1
112	128	2
51	51	1
34	34	3
21	26	1
116	117	2
34	38	2
128	142	1
72	93	3
33	39	3
6	6	4
135	135	1
45	130	1
150	150	1
129	148	2
134	134	1
42	44	1
120	122	2
30	42	1
34	37	1
77	84	1
72	87	1
5	6	2
108	108	1
36	36	1
129	141	1
16	20	1
102	113	1
89	92	1
28	28	4
67	68	1
79	79	2
18	18	2
6	7	2
109	114	1
125	136	1
120	120	2
147	149	1
92	101	1
74	77	1
61	98	1
37	37	1
32	32	1
133	137	1
37	73	1
27	32	1
128	129	1
24	24	4
4	4	1
26	27	1
33	64	1
77	77	1
42	42	1
15	30	2
102	122	1
10	28	1
76	76	1
96	113	1
118	118	1
38	39	1
126	126	1
138	146	1
39	40	1
104	104	1
98	104	1
139	143	1
86	86	1
71	71	2
93	113	1
73	133	1
80	80	2
98	98	2
30	34	1
67	79	1
31	31	1
79	83	1
4	55	1
71	72	1
73	87	1
10	21	1
77	83	1
84	84	2
15	15	1
48	48	1
50	63	1
11	39	1
49	49	1
78	79	1
92	115	1
80	86	1
137	138	1
118	128	1
37	40	2
83	86	1
24	25	1
62	71	1
93	93	2
71	86	1
44	44	2
125	126	1
49	50	1
120	145	1
151	151	1
80	81	2
36	45	1
94	112	1
81	83	1
41	43	1
66	71	1
38	38	1
86	88	1
106	113	1
10	10	1
103	109	1
23	26	1
