41	69	1
84	95	1
194	194	1
160	160	2
213	213	2
34	34	3
212	212	3
182	182	2
189	189	1
189	190	3
121	121	2
214	217	1
52	52	3
115	115	1
22	23	2
147	149	2
15	15	3
117	118	2
196	196	3
145	174	1
209	209	4
72	72	2
53	53	2
22	22	6
201	201	4
27	28	2
146	146	1
19	20	1
198	200	2
242	243	1
232	232	1
69	69	3
243	243	3
57	57	1
102	103	1
64	66	2
174	174	3
118	118	4
41	102	1
101	101	7
202	202	4
85	85	1
246	246	3
44	45	2
208	214	1
6	7	1
8	113	1
99	99	1
26	245	2
163	163	1
208	217	1
102	105	2
95	98	1
176	177	3
49	49	2
42	43	6
192	196	2
18	18	1
15	91	1
33	33	4
146	161	1
64	65	1
93	117	2
114	114	1
238	240	2
99	100	1
163	164	4
83	83	1
170	170	1
175	175	2
185	186	2
14	15	1
207	207	5
165	165	1
166	194	1
4	68	1
120	120	2
210	210	1
211	211	3
153	198	1
8	110	1
219	219	2
69	75	1
183	184	2
48	48	2
81	81	1
66	66	2
31	31	4
67	68	3
236	236	2
59	153	2
113	113	1
159	159	2
36	36	4
223	223	4
47	47	4
60	112	1
61	168	2
79	79	3
239	239	1
95	182	2
55	109	1
193	193	1
177	177	4
229	230	2
54	54	6
168	170	1
208	208	1
67	70	1
200	231	1
232	233	3
104	105	2
58	58	3
157	187	1
10	12	1
13	14	1
169	170	1
206	206	2
94	94	3
155	156	1
69	102	1
14	14	1
1	53	2
61	89	1
104	118	1
210	218	1
3	100	1
16	109	1
2	66	2
197	197	1
152	152	3
230	232	3
76	77	1
17	19	1
217	217	1
204	204	4
203	203	5
180	181	2
51	51	1
87	209	1
113	118	1
25	25	3
108	108	1
59	62	1
71	71	3
213	214	2
159	170	1
200	201	2
53	115	2
68	69	3
202	232	1
185	214	1
34	53	1
154	199	2
224	230	1
82	83	2
187	187	5
28	37	2
238	245	3
237	237	2
113	120	1
91	96	1
167	211	1
116	117	1
156	211	1
185	206	1
61	172	2
80	80	1
48	78	1
4	5	1
189	218	1
88	88	2
173	174	2
69	70	1
240	240	2
204	243	1
173	173	1
228	228	1
200	200	1
107	107	3
31	201	1
183	210	1
199	222	1
102	102	1
109	154	2
83	95	1
18	19	1
5	75	1
205	205	1
93	93	1
114	115	2
0	1	1
56	233	1
191	191	4
157	157	2
230	230	4
45	116	1
27	27	5
186	186	1
175	176	1
63	73	1
86	86	3
37	37	2
213	215	1
32	33	1
19	19	2
117	117	1
103	103	2
70	70	3
215	223	1
107	108	1
176	186	1
190	190	1
159	160	1
178	194	2
181	185	1
50	81	2
77	77	2
96	97	2
201	202	1
159	247	1
56	89	1
57	58	2
7	42	1
195	195	3
118	119	3
199	199	1
106	175	1
221	223	1
221	222	3
223	227	1
10	10	2
145	204	1
23	23	3
3	12	2
160	175	1
59	151	2
120	121	2
81	117	1
227	227	2
161	161	3
93	94	3
197	198	1
166	195	1
160	162	1
6	6	3
100	100	1
26	29	2
116	116	5
7	106	2
72	212	1
196	199	2
155	155	1
101	105	1
6	34	2
206	207	1
110	110	1
40	40	1
101	112	1
21	21	2
78	105	1
17	17	2
86	100	2
41	42	3
21	22	1
58	59	1
187	191	1
150	150	1
5	5	2
111	245	1
205	224	1
163	188	2
90	90	2
26	27	3
64	64	2
56	87	1
92	94	2
236	237	2
203	223	1
154	201	1
98	98	1
162	162	2
231	231	1
85	90	1
38	181	1
146	173	1
119	119	3
188	188	1
9	9	2
243	244	1
236	238	2
208	218	1
182	183	2
41	41	2
11	12	1
238	239	2
106	107	3
233	233	1
1	78	1
12	12	2
183	183	3
229	229	3
92	92	1
32	65	1
244	244	2
73	73	2
18	20	2
42	227	1
67	76	2
172	172	2
158	195	1
61	171	2
242	242	2
168	168	2
32	36	1
195	196	2
84	84	4
7	7	1
245	245	1
2	37	1
45	54	1
70	71	1
4	184	1
209	210	1
67	67	1
109	241	2
48	50	2
93	105	1
32	32	3
73	74	1
112	112	2
79	185	1
61	61	1
111	113	1
79	80	1
190	192	1
58	81	1
110	115	1
197	199	1
239	240	1
163	166	2
198	198	1
214	221	1
4	4	2
204	205	1
86	99	1
78	83	1
154	234	1
24	26	1
64	90	1
4	182	1
99	102	1
207	208	1
50	244	1
29	29	1
76	76	2
175	177	1
151	151	1
99	101	1
226	226	1
83	93	2
52	154	1
65	65	3
210	211	1
5	225	1
197	218	1
35	35	1
71	101	1
207	220	1
234	234	1
160	163	1
184	224	1
101	220	1
187	238	1
91	91	2
1	15	1
145	145	1
44	44	1
158	167	1
72	73	1
145	147	1
81	97	1
171	172	2
186	237	1
94	182	2
1	1	1
158	175	1
195	248	1
38	38	1
75	75	1
40	41	2
52	85	1
81	92	1
17	53	1
87	87	1
96	96	1
108	173	1
35	36	1
222	222	1
184	184	1
55	110	1
98	103	1
11	11	1
154	155	1
104	106	1
157	158	1
21	23	1
80	81	1
144	167	2
5	6	1
80	94	1
241	241	2
189	219	1
5	38	1
245	246	2
30	31	1
105	105	1
248	248	1
150	180	1
39	40	1
176	176	1
153	153	2
194	195	1
48	49	1
75	87	1
75	102	1
25	44	1
17	181	1
152	248	1
181	183	1
85	87	1
158	158	1
31	154	1
187	188	1
55	55	1
40	44	1
3	42	1
1	37	1
157	202	1
224	231	1
240	241	1
218	219	1
223	244	2
95	179	1
95	95	1
29	31	1
233	234	1
82	82	1
180	180	1
117	204	1
214	214	1
178	186	1
52	155	1
7	113	1
177	178	1
109	243	1
111	212	1
32	59	1
94	95	1
