123	123	6
107	107	6
36	37	2
67	118	3
84	86	1
79	81	1
113	113	4
61	61	1
88	138	1
37	37	4
97	97	4
39	39	5
141	142	3
128	128	3
111	111	4
140	141	2
118	118	4
26	26	6
132	139	2
6	6	4
84	85	5
29	29	6
99	99	6
13	13	3
28	29	3
117	117	8
20	39	1
117	119	1
87	88	3
93	93	5
114	125	2
40	40	2
65	66	1
16	17	3
2	34	1
37	47	1
127	127	5
5	5	6
51	53	2
93	94	4
49	71	1
136	137	3
132	132	6
133	136	2
83	115	2
32	37	3
106	106	5
57	133	1
136	136	9
71	72	4
38	82	1
52	127	3
27	28	3
69	83	3
61	133	3
20	20	8
139	139	4
41	106	2
63	63	7
51	52	2
115	127	2
122	123	2
13	60	1
134	136	2
113	115	3
2	3	3
68	69	2
61	62	1
81	81	9
62	64	1
74	75	1
10	10	2
68	68	4
18	37	1
34	34	8
83	88	1
1	56	1
64	65	2
81	83	1
103	103	3
73	81	2
25	25	4
117	121	1
52	53	3
119	142	1
70	72	2
67	82	1
99	100	4
10	41	1
92	92	6
86	86	2
91	91	6
127	130	3
110	133	1
19	68	2
145	145	9
75	75	5
57	86	2
8	8	3
8	100	1
89	90	1
119	123	3
126	126	3
140	140	6
107	132	2
110	110	4
131	131	4
38	39	4
23	23	5
13	43	1
53	143	1
9	9	2
49	49	5
49	53	2
3	11	1
85	85	5
118	133	1
129	129	7
113	132	2
37	106	2
106	110	1
88	110	2
71	106	1
115	115	3
125	125	3
73	73	6
34	35	2
22	23	1
113	114	3
61	130	1
138	138	10
0	24	2
62	65	1
65	82	2
75	80	1
60	60	5
38	38	6
64	129	3
82	85	1
65	65	3
131	132	2
12	18	1
104	105	4
53	53	2
91	102	2
59	86	1
63	64	1
24	24	6
69	127	1
121	125	1
139	140	3
141	141	3
55	80	1
17	17	5
22	22	7
52	54	1
62	62	5
25	90	1
31	31	5
107	117	2
69	69	2
109	109	5
70	84	1
47	47	5
52	52	3
58	58	3
102	102	4
104	114	1
18	18	3
121	121	4
66	94	1
25	70	1
133	133	3
39	41	1
112	115	1
94	117	1
64	132	1
62	115	1
34	36	1
11	36	1
36	36	5
75	78	1
124	138	1
78	78	7
49	100	1
51	59	1
57	78	1
112	112	5
11	11	5
9	10	2
132	133	2
82	83	2
55	56	4
82	103	1
95	96	3
49	56	1
96	97	2
101	101	6
56	79	2
124	124	1
74	74	5
19	33	1
3	6	2
61	96	2
137	138	1
58	59	3
13	48	1
54	54	4
19	124	1
61	99	1
59	59	4
55	55	3
136	138	3
16	16	3
118	127	1
14	14	3
128	130	2
70	73	2
52	144	1
58	79	2
22	25	1
67	74	1
25	123	1
62	133	1
0	0	3
123	135	2
63	65	1
88	89	2
19	19	1
62	104	1
4	4	3
99	129	1
115	139	1
15	16	6
51	131	1
69	94	2
86	87	1
88	88	3
144	144	3
76	76	2
80	80	1
68	85	1
66	93	2
9	71	1
12	12	1
72	105	1
134	142	1
118	119	5
32	32	4
98	100	1
8	16	1
126	144	1
87	87	1
115	124	1
71	71	3
79	79	4
91	131	1
4	6	1
83	98	1
15	15	3
117	143	1
107	112	1
68	70	1
120	120	3
89	137	1
105	105	4
103	105	1
20	66	2
102	103	2
98	98	1
17	19	1
102	121	1
134	134	6
1	1	1
55	57	2
96	96	2
76	133	2
30	30	4
64	64	1
137	137	2
111	126	1
78	79	1
54	59	1
86	89	1
14	16	1
33	34	3
47	48	1
0	1	5
119	119	6
107	109	1
58	80	1
42	82	1
122	122	3
110	111	2
87	98	1
59	116	2
128	129	3
67	88	1
21	21	3
69	72	2
69	112	1
3	3	2
94	99	1
95	95	3
107	108	1
131	137	2
24	34	1
2	2	3
83	83	1
42	108	1
0	21	1
57	58	1
80	120	3
21	33	1
51	51	1
103	118	1
1	2	2
106	108	1
18	19	1
25	69	1
91	110	2
12	13	1
79	82	1
135	138	1
145	146	1
89	89	2
75	91	1
94	107	1
4	106	1
126	127	3
137	140	1
62	78	1
142	142	1
33	33	2
80	141	1
73	74	1
65	131	1
79	80	2
60	61	2
121	127	1
62	129	1
77	77	1
50	50	1
40	59	1
116	116	5
25	66	2
13	14	2
92	97	1
72	115	2
117	118	2
56	61	1
56	80	1
67	67	1
54	56	1
42	59	2
35	35	1
111	142	1
70	71	1
136	139	1
107	111	1
11	99	1
79	84	2
62	94	1
120	123	1
119	134	1
73	105	1
71	125	1
57	57	1
56	57	1
96	114	2
54	129	1
66	66	1
14	20	1
5	12	1
109	110	1
52	61	1
98	103	1
51	54	1
111	127	1
137	139	2
31	67	1
31	32	2
59	80	1
82	109	1
116	117	1
41	41	2
133	138	1
10	37	1
41	48	1
66	82	1
113	116	1
72	74	1
62	63	1
52	70	1
27	132	3
105	124	1
83	84	1
82	100	1
11	40	1
30	31	1
84	84	1
68	71	1
119	135	1
108	111	1
135	137	1
108	108	2
48	48	1
92	93	1
74	126	1
17	42	1
97	110	1
63	66	1
19	67	1
25	27	1
57	83	1
28	28	2
20	37	2
20	27	1
134	141	1
40	41	1
24	36	1
50	51	2
16	24	1
25	26	3
27	30	1
130	130	1
97	98	1
2	4	1
62	130	2
63	74	2
37	48	1
99	103	1
3	4	1
13	24	1
122	137	1
56	56	1
61	65	2
105	106	1
87	138	1
94	95	1
21	22	1
33	35	1
6	49	1
98	105	1
39	40	1
87	118	1
133	139	1
37	38	1
92	127	1
53	55	1
105	118	1
9	18	1
66	68	1
87	111	1
106	133	1
53	58	1
117	130	1
80	119	1
82	82	1
27	125	1
99	101	1
114	115	1
69	118	1
90	112	1
101	102	1
121	123	2
2	5	1
59	133	1
27	63	1
138	140	1
48	67	1
66	67	1
106	107	1
125	126	1
113	140	1
144	145	1
22	66	1
