21	30	1
36	36	5
28	28	6
23	24	1
20	26	1
32	42	2
45	45	6
41	41	3
32	32	3
19	19	7
47	47	5
22	22	3
31	32	4
25	25	2
22	25	1
17	17	3
31	43	4
22	27	1
16	16	4
25	26	2
43	43	5
46	46	7
36	37	7
22	26	2
44	44	5
33	33	3
40	40	5
42	42	7
15	15	2
38	38	4
35	44	1
25	42	2
34	34	4
41	43	2
30	31	2
31	41	3
37	38	1
21	21	4
19	20	1
32	41	1
23	23	2
39	39	3
28	30	1
21	22	4
35	36	3
35	35	2
31	31	2
42	43	3
38	39	3
18	18	3
45	46	3
26	26	1
34	43	1
26	27	1
25	30	1
26	28	2
24	26	2
44	45	1
33	35	1
10	10	1
18	23	1
27	39	2
27	29	1
30	30	2
26	32	1
19	22	1
29	30	2
19	41	1
23	26	1
16	32	1
20	20	1
34	36	1
23	28	1
15	16	5
37	37	1
45	47	1
46	47	1
35	43	1
30	46	1
40	41	1
16	39	1
