4	7	2
3	3	3
71	71	2
6	6	7
28	37	2
7	8	1
66	66	3
1	1	5
77	77	1
31	31	4
72	72	9
45	45	10
0	0	2
21	21	7
7	28	1
47	47	10
10	10	2
73	74	4
63	69	1
76	76	2
12	12	3
49	50	5
13	15	1
39	39	6
46	47	4
36	36	1
57	57	1
26	26	13
73	73	10
80	80	3
56	56	8
4	5	7
74	74	8
55	55	5
27	28	1
67	67	5
65	65	10
60	61	1
2	2	3
33	36	2
43	78	5
63	64	4
49	51	1
25	25	4
11	11	3
60	60	6
34	35	3
69	69	7
27	41	4
15	15	3
10	13	2
9	9	4
59	60	2
51	51	8
50	51	4
75	76	1
64	64	4
71	72	5
37	37	2
38	39	1
53	53	2
16	16	1
48	48	2
63	63	1
51	52	3
33	64	2
51	66	2
1	4	1
71	74	2
68	69	1
29	37	4
1	36	3
49	49	4
59	61	1
70	70	2
49	52	2
54	55	2
54	54	1
4	4	3
75	75	4
52	52	2
69	70	2
20	40	2
32	32	1
50	53	3
10	11	3
72	78	1
28	28	4
70	72	2
33	33	1
29	30	3
79	79	3
64	65	1
44	44	1
43	43	1
35	35	1
8	10	1
40	40	1
68	68	1
62	62	1
26	27	1
8	9	2
58	58	1
65	70	1
46	73	1
