17	17	8
25	99	2
47	47	6
125	131	1
28	30	1
75	78	1
65	66	3
87	88	1
2	13	2
137	137	5
79	80	4
27	29	1
113	115	1
81	82	4
77	81	1
154	154	3
126	128	8
121	144	3
31	31	11
10	11	7
64	67	7
34	34	6
127	127	3
121	127	1
100	102	2
87	87	3
93	93	4
82	85	1
32	33	9
137	139	3
11	11	7
4	4	6
22	41	2
70	70	7
107	107	8
149	149	5
7	8	3
132	135	5
63	63	2
52	53	3
82	82	2
9	9	7
37	40	3
33	34	4
31	32	5
66	66	5
107	108	2
78	90	2
141	141	7
72	72	3
148	148	8
140	141	3
10	10	9
20	23	2
12	12	5
97	97	5
26	65	2
57	57	4
44	66	1
3	3	5
136	136	7
80	80	10
122	123	2
36	36	5
15	16	3
56	56	3
95	95	8
130	130	4
3	6	4
5	12	1
45	45	8
28	28	4
90	90	2
99	110	2
39	40	6
71	72	5
62	63	4
105	105	8
111	118	1
95	97	8
67	69	4
79	79	12
52	88	1
12	13	7
105	109	3
15	15	5
28	32	4
27	28	8
7	12	3
102	109	1
140	144	2
13	13	9
115	116	4
50	50	10
41	44	4
100	114	2
139	143	6
101	109	1
18	18	6
21	22	7
35	81	3
4	5	7
119	121	2
135	135	5
44	45	2
32	36	2
55	55	4
46	46	5
98	98	11
19	19	8
65	68	2
84	84	4
88	93	3
69	70	3
56	57	3
5	6	3
8	31	2
83	83	11
150	153	2
75	81	2
24	41	1
12	14	2
93	101	1
6	6	7
41	42	5
104	104	8
51	51	2
123	130	2
85	85	8
30	32	5
24	24	8
21	122	1
2	3	3
75	77	3
106	106	5
26	28	2
80	97	1
14	25	2
7	26	1
135	140	1
53	53	11
49	50	3
35	35	9
13	14	3
149	152	2
124	124	5
145	147	1
151	151	8
84	98	2
138	138	5
119	135	2
95	96	4
11	15	1
110	110	1
42	42	9
22	22	9
96	98	5
22	24	2
25	93	1
74	78	2
48	48	5
7	7	6
140	140	5
85	103	1
76	95	2
94	95	1
22	23	6
14	14	5
54	70	1
99	99	3
27	82	1
25	30	1
51	71	1
16	23	2
20	21	6
62	62	9
77	84	1
80	81	1
86	86	5
113	113	4
120	123	1
20	22	4
30	69	1
129	140	1
96	97	4
12	16	4
109	149	1
97	99	2
14	102	2
14	20	1
106	107	4
4	14	1
49	49	2
16	16	10
26	26	6
117	117	4
23	24	2
103	110	1
10	87	1
82	84	2
70	71	4
65	65	4
128	128	6
18	20	5
99	112	1
41	41	9
47	48	1
74	90	1
5	5	2
88	88	6
118	131	1
117	118	4
45	46	4
5	86	1
25	43	1
6	7	3
79	85	3
79	94	3
121	129	1
42	43	10
23	23	6
109	110	1
121	121	8
63	68	2
6	29	2
85	86	1
30	31	7
25	26	4
25	25	6
63	85	2
102	103	2
92	93	3
81	81	13
25	53	1
5	26	1
79	81	1
2	2	1
132	132	1
147	150	1
126	126	11
142	144	1
121	146	1
132	138	1
71	71	6
51	52	1
34	36	4
107	114	3
4	12	1
38	39	4
30	30	9
74	75	5
28	35	3
28	33	1
37	37	7
143	143	5
104	105	1
94	97	2
94	98	2
8	10	4
102	104	4
32	32	7
8	11	2
102	105	3
118	120	1
54	56	1
54	54	4
23	25	2
84	86	1
123	123	5
125	125	5
146	148	3
80	84	2
68	75	1
37	75	1
41	43	2
71	77	1
86	99	3
22	72	1
109	114	4
6	10	2
128	150	1
106	109	4
26	85	1
17	22	2
11	12	2
132	134	3
125	126	4
4	31	3
76	79	1
140	142	2
119	120	3
34	38	2
28	51	4
116	116	3
64	68	1
40	40	5
77	108	1
108	111	1
101	103	1
95	98	2
78	79	2
150	150	7
34	35	7
18	19	6
108	108	7
102	102	4
118	121	1
138	149	1
73	79	3
11	13	1
30	36	1
39	39	8
53	55	2
131	131	5
44	44	5
75	88	2
122	122	8
38	49	1
86	87	4
100	100	3
144	144	5
148	154	1
9	29	2
54	55	4
83	84	3
110	150	1
29	33	1
7	14	1
123	124	3
93	94	4
47	52	1
16	17	4
27	33	2
72	73	4
79	82	6
64	64	1
24	26	1
43	43	6
33	33	6
55	56	1
19	21	1
18	126	1
111	116	1
24	25	3
78	80	3
6	30	1
96	96	3
124	128	2
117	140	2
69	69	8
96	120	2
50	64	1
131	132	4
40	44	6
73	73	6
51	55	1
5	37	1
6	33	2
56	58	3
4	7	1
27	27	10
119	130	1
138	148	2
94	99	2
37	38	9
33	85	2
133	149	1
82	83	2
118	119	4
119	119	4
109	109	3
64	65	2
142	143	3
75	93	2
149	151	1
62	78	3
4	8	3
21	23	3
33	84	1
117	121	2
35	36	7
19	24	1
67	67	2
130	133	3
94	94	4
133	133	4
15	17	3
33	35	3
67	76	1
76	81	1
63	74	1
69	71	1
113	114	1
130	134	1
17	31	1
116	117	5
72	74	2
82	86	2
20	24	1
148	150	1
4	77	2
84	85	1
75	84	1
48	49	4
3	29	1
81	83	2
97	101	4
142	142	4
132	136	1
27	65	1
76	78	1
106	108	2
74	81	2
27	67	1
146	147	1
108	110	2
90	116	1
76	77	4
71	73	1
27	51	3
57	83	1
51	63	1
73	75	6
9	32	1
124	127	2
128	129	2
7	38	1
120	121	4
71	109	1
26	93	1
42	45	2
50	51	4
148	149	2
71	108	2
64	66	2
20	20	3
56	83	1
104	115	2
69	72	1
129	134	2
120	120	6
86	91	1
75	75	3
15	18	1
129	129	3
4	6	1
48	50	1
43	44	2
17	18	4
16	26	1
131	138	1
136	137	5
103	105	2
114	114	3
73	74	2
35	38	1
69	75	2
39	41	4
152	152	1
19	23	1
11	28	1
26	69	1
107	112	1
99	111	1
26	51	1
26	27	3
8	8	1
138	147	1
136	149	1
123	125	1
14	16	1
9	37	4
75	76	3
30	70	1
66	68	2
145	145	3
50	66	1
78	78	2
44	99	2
112	112	3
74	80	1
25	27	1
72	85	2
23	121	1
33	78	1
112	113	1
65	73	1
44	55	1
141	142	2
147	149	1
5	10	3
117	120	1
96	113	3
129	148	1
99	105	1
103	103	4
144	145	5
115	118	1
10	12	1
76	84	1
46	48	1
110	113	1
35	37	1
147	147	4
66	72	1
17	19	2
68	68	3
19	30	2
14	18	2
52	52	3
55	66	1
152	153	2
53	54	5
131	133	3
134	142	1
14	15	1
93	96	2
67	68	1
64	79	1
27	30	1
118	118	3
122	124	3
4	27	1
88	92	1
122	133	2
97	112	1
49	53	2
105	111	5
76	76	2
89	90	1
97	113	2
26	29	1
92	92	2
15	19	1
46	47	2
99	101	2
103	111	2
30	72	1
29	29	3
12	15	2
61	62	1
107	153	2
20	120	1
85	98	1
77	79	1
122	128	1
21	21	3
118	129	1
77	80	1
50	68	1
147	148	2
94	100	1
12	26	1
116	118	1
85	110	1
105	106	3
80	83	2
131	139	2
133	134	1
25	94	1
72	84	1
52	56	1
50	56	2
16	22	1
66	75	2
62	74	1
55	71	1
65	67	2
93	95	1
123	149	1
24	83	1
130	131	1
4	25	1
101	102	2
29	36	1
134	134	2
69	74	2
45	77	1
4	44	1
6	27	1
13	17	1
36	37	1
21	72	1
97	98	1
120	122	1
26	54	1
5	7	3
47	49	2
120	126	2
21	30	1
107	117	1
37	39	2
78	99	1
130	132	1
102	112	1
115	115	4
14	94	2
133	145	1
110	147	1
41	45	3
137	144	1
127	128	3
87	99	1
125	129	1
102	107	1
56	63	1
122	138	1
5	31	1
108	113	1
146	146	2
57	78	1
86	88	1
26	66	1
131	135	1
6	8	1
11	22	1
72	77	1
121	122	2
36	43	2
10	13	1
71	76	1
66	67	2
74	82	1
6	26	2
79	83	2
99	102	1
74	74	1
83	99	1
139	139	1
14	22	1
6	11	1
95	104	1
126	144	1
111	113	2
9	24	1
149	150	2
115	117	4
74	84	1
123	148	3
143	144	1
68	112	2
23	30	1
63	65	2
40	41	1
16	27	1
153	153	1
6	12	1
107	111	2
119	129	1
103	116	1
38	40	1
110	148	1
103	114	2
28	29	1
107	113	1
56	62	1
48	55	1
96	114	1
28	88	1
141	143	1
29	83	1
129	130	1
63	64	3
80	82	1
146	150	2
112	131	1
3	8	2
5	14	1
49	66	1
131	144	1
137	147	1
62	66	1
85	92	1
101	101	1
144	146	1
81	87	1
140	143	2
105	110	1
14	19	1
8	9	2
81	84	2
25	29	1
136	144	2
128	133	2
97	111	1
28	65	1
143	146	1
134	135	1
100	101	1
34	37	1
47	63	1
88	89	1
6	9	1
79	87	1
64	84	1
31	73	1
131	134	1
11	14	1
127	148	1
100	103	1
70	74	1
124	126	1
137	138	1
122	130	1
51	66	1
15	21	1
144	147	1
58	62	2
29	30	1
20	73	1
23	76	1
86	92	1
57	84	1
49	52	1
108	112	1
