26	28	1
72	73	2
39	40	3
12	12	1
37	37	4
62	63	1
37	38	2
55	55	1
61	62	3
38	39	4
36	37	2
2	3	1
26	26	2
30	30	3
51	54	1
68	69	2
54	54	1
9	10	2
62	65	2
33	33	5
67	68	2
4	4	1
31	31	1
74	75	1
40	41	2
43	43	1
76	77	2
22	22	2
41	41	2
22	29	1
58	58	1
6	42	1
25	26	2
44	45	1
4	5	2
59	63	1
32	32	4
23	25	1
12	13	1
24	24	2
45	45	2
5	5	2
35	35	1
74	76	1
3	3	2
43	44	1
25	27	1
5	6	1
22	23	2
49	51	1
55	59	1
44	44	2
53	68	1
28	30	2
11	12	2
22	27	1
53	54	1
65	66	1
65	65	1
53	62	1
24	28	1
36	50	1
53	64	1
48	48	2
25	25	2
8	9	1
42	43	1
62	62	1
34	39	1
30	35	1
72	72	2
2	2	3
73	75	1
71	77	1
21	21	1
2	5	1
1	2	1
1	4	1
70	71	1
71	72	1
52	61	1
69	70	1
35	36	1
47	56	1
18	19	1
0	0	1
40	40	1
50	50	1
76	76	1
51	53	1
53	53	1
