88	88	2
13	13	9
6	6	1
74	129	1
7	7	2
92	116	1
43	43	1
95	95	4
147	155	2
100	166	1
57	62	2
89	89	5
16	16	5
150	150	1
48	58	2
41	42	2
165	165	1
145	147	1
0	103	4
101	123	5
79	79	2
109	109	3
72	73	2
1	1	2
45	46	2
35	35	1
98	145	1
92	92	2
18	20	1
90	90	5
134	134	1
64	64	3
88	89	2
9	9	6
15	19	2
53	53	3
20	23	1
145	145	2
36	36	1
164	164	1
98	120	2
135	135	1
116	116	2
65	68	1
7	8	1
123	123	2
65	65	1
102	102	2
94	94	1
16	17	1
113	113	2
24	28	2
153	153	2
45	47	1
64	159	3
23	23	2
14	14	1
111	111	3
22	22	4
8	20	2
97	98	1
91	111	1
27	28	2
71	72	2
17	17	1
18	18	1
16	88	2
160	160	1
134	135	1
25	25	2
127	127	1
159	159	1
77	83	2
20	22	1
57	63	1
157	157	1
3	3	1
50	50	2
2	3	1
12	12	2
106	110	2
124	124	3
67	130	1
75	75	3
10	20	1
17	147	1
119	120	1
48	48	3
117	142	1
74	166	1
80	80	2
14	20	1
131	164	1
142	142	2
133	133	1
159	163	2
20	20	4
143	155	2
138	139	3
147	147	1
123	165	1
53	54	1
74	130	1
62	72	2
28	28	1
12	19	1
49	49	4
15	15	1
93	93	3
39	39	1
148	149	1
92	94	2
56	56	3
148	150	2
138	138	2
37	56	1
49	52	2
159	160	2
64	66	1
165	166	2
97	116	2
80	82	1
112	112	1
52	53	1
71	71	2
135	136	1
55	56	2
129	129	1
42	42	1
46	46	1
96	146	1
69	73	1
81	81	2
4	16	1
139	139	1
50	74	1
158	158	1
75	129	1
113	114	1
105	105	1
132	132	1
88	95	1
73	74	1
16	51	1
39	40	1
26	26	1
4	4	2
87	122	1
141	141	3
120	121	1
54	55	1
122	122	2
95	147	1
149	149	1
5	15	1
162	163	1
126	126	2
112	114	3
104	104	3
126	129	1
100	100	3
84	91	1
153	169	1
52	54	1
38	38	2
90	166	1
47	47	1
57	57	1
154	157	1
26	55	1
77	130	1
140	141	1
78	78	1
96	96	3
98	148	1
52	52	1
0	0	1
111	140	2
17	25	1
85	129	1
78	79	1
74	105	1
24	24	2
9	10	1
19	20	1
84	86	1
2	2	1
143	144	1
5	6	1
90	91	1
79	127	1
124	125	1
40	40	1
