107	109	2
20	20	5
19	30	2
86	86	4
10	43	1
11	11	4
6	6	3
26	26	5
72	78	2
34	58	3
81	95	1
12	15	1
40	40	3
39	40	4
13	101	2
56	56	2
98	98	2
93	96	2
73	76	2
23	27	2
59	59	3
81	81	4
78	79	2
17	21	1
117	117	1
112	123	2
99	101	2
129	131	3
38	38	2
16	44	1
43	43	1
91	92	3
24	25	2
17	17	1
83	83	3
106	106	1
31	31	2
28	43	1
96	96	3
45	60	1
12	12	3
103	103	3
58	58	2
107	107	3
22	22	3
82	82	1
102	111	2
78	78	3
47	47	1
27	27	2
78	80	4
48	48	1
103	105	2
36	36	1
65	65	3
100	100	2
34	34	4
28	96	1
46	46	3
11	91	2
44	90	3
129	133	1
65	119	2
84	85	1
5	5	5
79	80	2
18	18	2
32	32	2
126	126	1
32	75	2
99	99	5
13	13	2
85	86	3
93	94	1
23	25	1
12	66	1
9	10	4
55	56	4
118	119	1
3	6	1
97	106	4
97	97	3
27	79	1
30	30	6
82	88	1
21	85	1
25	26	1
38	39	1
121	122	2
69	70	1
118	118	3
33	33	3
5	6	2
103	114	1
14	14	1
32	33	3
128	129	3
71	101	1
72	73	1
15	15	2
87	87	2
112	121	2
19	19	3
109	110	2
102	102	1
90	90	4
121	121	2
45	70	2
27	29	2
23	90	2
111	111	2
28	29	1
16	16	1
15	39	1
68	70	1
55	55	1
82	93	1
85	99	1
76	76	1
25	25	1
23	23	4
72	72	1
20	59	1
19	20	1
129	129	1
11	101	1
101	102	1
20	21	1
97	99	1
29	48	1
106	107	2
14	23	2
67	67	1
37	38	1
47	62	3
115	116	1
81	82	1
15	44	2
89	90	1
92	92	1
26	47	1
89	89	1
8	10	2
95	96	1
35	46	1
114	114	2
129	130	1
94	94	3
100	106	1
10	85	1
108	111	1
124	125	1
70	70	1
114	126	2
27	93	1
6	15	2
70	79	1
5	48	1
28	28	1
78	93	1
48	50	1
63	76	1
79	79	1
27	84	1
57	57	1
4	6	1
77	77	1
39	39	2
47	49	1
61	61	2
26	48	1
35	35	1
56	59	1
107	111	1
69	94	1
82	83	1
6	7	2
5	7	2
34	35	1
60	60	1
85	85	1
11	93	1
103	106	1
29	49	1
99	100	1
44	45	1
61	62	1
81	88	1
46	47	1
122	122	1
