62	62	6
74	74	13
39	40	5
69	76	5
40	97	2
105	105	1
62	63	8
71	71	8
42	42	1
78	79	4
79	80	7
51	51	11
48	48	10
55	59	2
65	71	1
46	48	9
25	26	4
78	91	1
79	79	14
29	29	8
29	46	1
63	63	8
94	94	7
27	27	7
42	44	3
60	61	4
97	97	4
84	84	4
83	83	7
95	95	5
45	93	1
91	91	3
89	89	8
55	55	9
98	98	10
40	71	1
39	42	1
82	97	3
77	101	1
31	31	6
53	96	1
86	86	7
40	41	7
61	92	3
72	72	4
40	44	2
82	83	3
38	38	10
88	88	12
30	30	15
89	90	8
42	43	2
77	77	4
27	28	4
43	43	4
61	64	2
26	26	12
65	65	14
58	67	2
93	93	4
90	91	7
80	97	3
87	87	5
25	38	2
92	92	5
94	98	3
81	81	5
40	40	8
66	87	1
59	88	1
36	36	8
56	57	7
32	32	10
90	90	5
39	43	3
57	99	2
21	42	1
23	50	5
98	99	5
56	56	6
42	54	5
48	49	6
20	26	1
46	46	7
59	59	5
58	88	1
24	24	3
85	87	2
48	81	1
71	72	7
46	91	2
61	61	5
54	89	1
51	59	1
39	44	3
30	31	2
41	41	6
68	91	1
96	96	4
31	34	3
93	94	3
68	69	10
20	49	4
49	51	1
56	58	3
53	53	6
71	84	2
25	25	5
38	86	3
33	98	1
45	45	4
28	29	5
85	85	1
39	82	3
52	52	8
80	80	9
82	82	7
39	105	2
66	78	2
58	58	5
95	96	2
57	58	3
22	52	3
88	89	3
75	75	2
25	64	2
66	79	2
87	88	3
61	63	1
51	57	3
80	81	2
39	39	2
66	66	2
97	98	5
70	70	7
22	22	10
106	106	2
41	44	2
26	29	3
102	102	1
76	76	3
77	79	1
50	50	8
102	103	2
67	68	1
69	69	3
78	78	8
23	23	4
58	89	2
55	56	5
46	47	2
73	73	6
32	57	3
31	57	2
68	68	2
67	67	5
35	35	5
44	44	6
100	100	5
25	47	1
56	75	1
38	39	3
50	51	2
43	87	2
72	96	1
42	93	1
97	100	1
34	34	8
44	45	8
61	62	2
49	49	6
75	100	1
45	98	1
49	50	4
83	86	4
35	45	2
37	38	7
33	40	2
44	105	1
37	37	4
77	89	1
89	92	3
83	84	3
39	64	2
85	86	2
47	48	4
27	99	1
84	86	1
54	99	1
62	70	1
60	92	3
19	56	2
59	87	1
35	76	1
101	101	2
66	67	1
59	100	1
23	53	1
41	43	4
19	38	2
51	52	1
66	82	1
78	83	1
58	59	6
60	60	6
36	37	3
84	85	2
28	30	1
80	96	1
89	91	2
80	98	1
71	74	1
26	27	3
50	100	1
44	48	1
70	100	1
57	57	9
24	30	1
99	100	1
49	52	3
48	52	1
100	104	2
66	99	1
55	63	2
45	88	1
41	42	1
73	74	2
28	28	1
27	33	3
39	75	1
49	85	1
101	102	4
94	99	4
31	33	2
68	73	1
56	99	3
20	20	1
62	74	1
80	106	1
38	43	1
47	47	6
82	88	3
80	95	1
42	48	2
76	77	1
66	97	2
79	96	1
29	37	1
86	88	1
94	95	4
33	33	4
68	75	2
21	21	3
86	95	1
65	67	4
79	93	1
50	81	1
36	89	1
69	74	1
99	99	1
31	32	5
24	36	1
91	92	3
54	63	1
81	95	1
31	61	2
64	64	1
45	100	1
103	103	4
72	73	2
50	75	1
33	86	1
55	73	3
97	99	2
59	81	1
68	70	1
76	101	2
53	55	1
29	47	1
41	60	1
84	87	1
46	54	2
54	54	2
56	89	1
29	59	2
74	75	2
41	46	1
65	80	1
46	81	1
61	101	1
78	98	1
85	103	1
21	22	1
81	85	1
38	40	1
64	65	1
71	106	1
25	28	2
55	104	3
90	100	1
68	94	1
28	53	2
39	84	1
25	33	1
71	86	1
39	86	1
30	33	1
67	82	1
73	95	1
59	101	1
51	88	1
40	99	1
81	82	1
49	106	2
72	78	1
45	46	2
36	92	1
24	47	1
26	28	2
50	99	1
100	101	1
37	81	2
75	81	1
31	35	1
72	89	1
32	38	1
42	45	1
48	107	1
73	77	1
58	63	1
54	97	2
40	58	1
43	52	1
60	88	1
54	56	1
60	91	1
61	75	1
57	66	1
47	49	1
71	91	1
104	105	2
42	88	1
42	80	1
82	89	1
46	53	1
43	44	1
76	100	1
46	59	1
30	49	2
60	80	1
72	84	1
42	46	1
35	57	1
54	71	1
44	46	1
21	30	1
84	99	2
52	53	1
80	93	1
102	104	1
81	91	1
21	49	1
92	93	1
