127	127	5
71	133	2
112	112	5
113	153	2
8	31	2
22	22	1
116	116	5
38	115	1
127	188	1
167	167	2
121	186	1
0	1	1
189	189	3
131	131	4
73	74	1
135	135	3
180	180	8
87	88	2
174	180	1
4	4	2
130	130	4
8	27	2
153	153	4
171	174	1
145	153	1
95	129	2
9	10	1
152	152	1
155	155	2
17	18	4
20	21	2
142	142	6
48	48	3
24	24	6
178	178	6
114	171	5
182	186	1
70	118	1
6	6	11
12	13	1
19	19	4
179	179	6
38	38	2
24	25	4
3	4	2
25	25	4
146	146	5
85	85	2
157	160	2
172	172	3
159	159	5
31	31	3
175	176	2
15	15	5
99	99	1
172	173	3
104	104	3
115	117	3
151	152	3
74	74	2
127	128	1
148	149	3
1	1	3
17	52	1
36	36	3
21	21	11
132	132	3
177	177	4
1	2	5
17	17	5
17	29	3
176	178	1
176	179	1
66	67	2
84	84	1
33	33	1
112	192	1
166	167	3
101	102	3
174	174	4
107	107	1
133	134	1
102	102	5
154	154	2
9	9	1
152	153	2
167	168	3
176	176	3
186	197	1
105	110	1
35	54	1
129	138	1
108	108	3
16	17	1
151	151	4
147	147	2
158	158	4
111	129	2
181	181	4
117	117	3
187	187	5
110	110	3
182	182	5
118	162	4
121	123	1
111	165	2
52	52	4
8	8	1
168	168	5
125	125	2
190	190	4
26	26	4
173	175	1
193	193	2
173	174	7
12	12	1
4	16	1
157	163	1
86	87	2
141	141	4
47	47	5
120	121	2
105	106	2
77	78	2
149	149	1
169	170	1
126	139	1
179	181	1
128	129	1
155	181	4
55	55	2
78	88	1
111	111	2
49	184	1
80	80	1
196	196	2
58	58	3
79	79	2
173	181	2
153	180	2
16	16	1
183	183	3
50	50	1
163	163	1
144	166	1
122	122	5
181	183	1
139	139	5
17	21	4
44	47	2
109	160	1
30	31	3
72	72	4
51	51	4
136	136	1
152	159	3
137	138	1
83	83	1
152	157	4
155	156	3
157	157	1
133	138	1
113	113	2
2	26	1
155	179	1
158	159	1
194	194	7
97	98	1
146	147	3
10	10	2
165	165	4
5	26	1
57	57	7
146	153	1
30	54	2
116	166	2
68	68	2
61	61	1
70	70	1
195	196	2
57	69	1
82	82	4
67	68	1
44	45	1
63	131	1
27	37	1
147	153	1
102	111	2
65	65	1
5	39	2
7	7	4
5	6	4
25	26	1
164	165	2
193	194	4
170	185	1
42	42	2
28	28	5
184	184	1
140	175	2
191	191	5
74	75	2
59	61	2
79	80	1
43	125	1
29	32	1
175	175	1
116	117	2
34	34	6
45	45	3
19	36	1
180	185	1
163	164	2
182	183	1
142	179	1
6	15	1
145	146	1
87	87	3
161	161	2
129	134	1
111	148	1
147	149	1
128	128	2
82	83	3
134	135	1
137	137	1
112	113	1
76	76	2
0	0	3
179	180	2
59	62	1
159	160	1
38	64	1
172	174	3
98	98	1
108	136	1
124	124	4
187	188	1
190	193	1
189	190	1
29	31	2
65	68	1
123	123	2
129	187	1
63	63	1
151	167	1
45	59	1
121	185	1
148	148	2
77	77	1
19	20	1
16	20	1
170	170	4
140	140	1
10	13	1
197	197	2
160	161	1
191	192	1
151	171	1
38	39	2
124	125	1
182	184	1
181	182	1
169	169	1
7	38	1
67	67	1
178	179	1
160	168	1
152	174	1
150	151	1
18	18	2
38	44	1
150	150	2
3	3	1
194	195	1
156	157	2
114	138	1
120	187	1
116	132	1
3	22	2
126	126	1
144	144	1
172	176	1
31	32	1
145	145	3
192	192	1
145	151	2
114	150	2
106	106	1
10	11	1
103	103	1
187	194	1
173	173	2
185	186	1
143	143	1
125	188	1
31	33	1
188	188	2
119	142	1
8	20	1
56	56	1
0	27	1
62	62	1
13	47	1
2	2	1
28	30	2
171	171	1
73	73	2
88	88	1
186	186	1
131	162	1
29	29	3
160	160	1
5	32	1
71	72	1
26	27	2
111	113	1
101	133	1
71	119	1
105	117	1
5	5	1
5	23	1
114	115	1
132	192	1
73	114	1
172	191	1
174	177	1
78	79	1
157	158	1
172	180	1
104	105	1
139	181	1
57	58	1
10	14	1
35	36	2
68	69	1
134	134	1
45	58	1
101	141	1
23	42	1
34	35	1
190	192	1
156	156	1
0	56	1
86	86	1
157	166	1
14	15	1
164	166	1
102	105	1
153	154	1
100	100	1
76	78	1
115	115	1
157	179	1
140	190	1
119	119	2
168	170	2
143	152	1
164	185	1
190	191	1
27	27	1
162	163	1
174	175	1
9	26	1
78	78	1
