107	107	9
109	109	11
94	95	6
25	25	7
48	48	2
54	54	6
75	79	8
66	66	5
98	98	8
103	103	6
91	91	7
20	20	9
95	107	3
68	69	2
61	61	3
95	95	8
97	99	2
83	83	1
53	53	2
30	45	2
91	93	1
44	50	2
40	40	3
59	62	1
29	29	8
28	46	4
28	28	4
87	88	2
51	51	3
54	113	2
80	81	3
110	110	9
35	54	1
37	37	3
83	84	2
27	29	1
42	43	1
73	73	7
42	42	6
22	23	2
111	111	6
35	35	2
32	34	3
25	26	3
109	111	2
26	30	2
90	91	2
85	85	4
81	81	7
88	89	1
73	74	3
27	27	7
110	111	5
55	56	2
98	99	5
26	26	2
92	92	5
86	108	1
45	49	1
67	67	1
50	52	3
75	75	6
72	75	4
21	21	5
37	38	2
52	52	2
93	113	2
34	51	4
46	64	2
28	31	1
72	74	2
59	59	9
38	39	2
98	103	2
47	47	6
28	29	4
88	91	2
70	80	1
28	47	4
77	78	1
47	48	4
109	110	3
38	45	2
86	107	3
19	19	3
27	28	2
100	100	7
55	59	1
24	25	4
37	39	4
93	95	7
49	50	3
72	72	3
49	49	3
38	38	3
65	65	6
99	102	1
57	57	4
82	82	4
68	68	4
76	76	4
112	113	4
61	63	2
26	27	4
33	33	3
74	82	2
106	109	1
96	99	3
105	105	8
74	78	1
34	35	2
23	23	9
66	67	2
69	70	1
112	114	1
48	49	3
43	43	5
75	78	2
33	34	3
104	104	8
73	75	4
99	103	3
94	108	1
72	78	1
56	61	1
59	108	2
24	24	3
78	78	2
34	34	5
108	108	6
62	62	1
97	106	2
87	90	1
54	92	3
58	68	3
93	96	2
23	24	3
98	100	1
41	41	3
43	44	3
29	40	1
31	45	2
20	21	2
60	63	1
39	57	1
96	96	6
88	88	7
73	84	1
72	79	1
84	85	2
78	79	3
53	54	3
75	80	1
74	75	3
41	49	2
54	63	1
83	108	1
99	99	5
96	98	1
71	71	4
102	102	2
31	32	2
86	90	2
87	89	1
42	44	1
30	46	1
19	38	3
45	45	5
83	111	1
106	107	1
20	63	1
92	95	1
72	73	5
22	38	1
94	94	4
36	37	1
59	61	2
58	110	1
95	96	2
79	80	3
54	68	1
50	50	3
69	69	2
46	49	1
96	112	2
82	83	2
80	82	1
96	97	1
40	48	3
41	42	5
79	79	1
79	82	1
57	63	1
31	31	4
36	41	1
69	71	1
29	73	2
103	107	2
32	40	2
32	50	2
74	92	2
102	103	3
27	40	1
88	100	1
99	101	1
111	112	2
104	105	4
86	86	4
97	98	1
104	107	5
99	106	2
85	91	1
87	105	1
30	30	2
98	106	1
92	93	1
44	46	1
72	80	2
26	32	2
38	63	1
37	53	3
74	74	3
113	113	5
54	55	4
26	35	1
89	89	5
97	97	3
84	84	5
106	106	4
62	63	1
114	114	5
91	96	2
101	101	2
25	41	1
44	48	1
80	85	1
47	49	1
87	87	3
28	40	1
66	105	1
40	42	6
36	38	2
44	45	2
103	104	3
25	27	1
101	105	2
76	77	1
100	101	1
58	61	1
94	97	1
56	58	1
64	64	2
54	75	1
103	105	1
55	107	1
28	50	1
112	112	6
67	70	2
83	109	1
54	70	3
105	106	2
46	46	1
78	85	1
35	49	1
71	85	2
29	31	1
36	39	3
41	47	4
43	50	1
25	30	1
20	30	1
91	92	1
76	85	2
93	93	2
99	100	1
74	77	1
70	70	1
23	39	2
71	87	1
55	62	2
101	103	1
21	24	1
26	28	1
102	104	1
39	39	4
32	32	3
51	53	3
71	105	1
20	31	1
68	82	2
90	90	2
91	97	1
94	99	1
32	52	1
61	68	1
62	67	1
62	64	1
85	87	1
91	94	1
63	63	2
32	33	1
94	98	1
38	68	1
19	22	1
22	24	1
24	40	1
86	88	1
56	93	1
44	44	3
105	107	1
57	80	1
57	68	1
73	92	1
94	112	1
72	85	1
39	40	2
58	58	2
34	47	1
31	34	1
37	43	1
90	92	1
43	51	1
37	63	1
40	41	1
50	53	1
22	22	4
45	47	1
86	109	1
46	47	1
85	86	1
93	94	1
51	52	1
25	29	1
83	85	3
54	108	1
36	46	1
89	90	1
108	109	1
77	77	2
34	50	1
26	40	1
91	98	1
57	112	1
52	53	3
80	80	1
74	81	1
100	103	1
27	35	1
60	61	1
95	98	1
79	81	1
21	38	1
56	56	1
47	52	2
32	49	1
92	113	1
44	47	1
25	49	1
