131	131	4
77	78	2
122	122	3
3	11	1
10	13	2
107	107	4
110	110	2
123	123	2
2	4	4
85	85	2
29	29	5
81	82	6
27	27	1
97	97	4
100	100	2
108	108	2
36	36	2
90	108	1
83	83	3
21	21	3
92	132	3
114	114	2
77	79	2
0	0	3
102	102	4
121	122	2
6	81	1
92	94	1
102	103	1
113	113	4
121	121	4
132	132	2
123	128	1
81	81	3
3	3	1
120	120	2
18	125	1
87	89	1
16	17	2
71	71	2
106	106	5
3	5	1
84	84	1
33	37	2
125	125	5
74	74	6
80	80	2
25	26	1
101	101	2
119	122	2
17	17	2
1	2	2
25	25	3
104	105	2
71	97	2
11	11	2
89	89	1
123	126	2
76	76	1
75	76	1
22	24	1
105	105	1
18	18	2
75	75	2
88	113	1
126	126	2
22	23	1
112	112	2
111	112	1
104	104	2
130	130	2
83	84	2
76	77	3
18	135	1
83	118	1
127	127	2
119	120	1
93	94	2
90	91	1
134	134	1
95	99	1
104	119	1
17	88	1
99	99	1
88	89	1
28	31	1
7	7	1
88	88	1
92	93	1
114	115	3
13	13	2
15	135	1
19	37	2
84	103	2
85	86	1
9	9	3
35	35	1
123	133	1
128	128	1
23	26	1
8	44	1
90	101	1
15	15	2
29	30	3
103	103	1
33	33	2
102	104	1
138	138	1
135	137	1
99	100	1
92	92	1
121	125	1
115	120	3
81	84	2
124	125	1
88	102	1
33	34	1
109	109	3
66	86	1
80	85	1
137	137	1
122	125	1
117	117	1
75	90	1
28	28	1
3	4	1
87	87	2
23	24	1
100	101	1
79	79	1
38	38	1
73	73	1
106	122	1
117	122	1
104	106	1
94	94	1
80	82	1
10	11	1
113	116	1
86	86	1
30	31	1
28	29	1
71	110	1
133	133	1
115	123	1
34	34	1
12	13	1
14	79	1
86	125	1
35	36	1
124	127	1
