62	63	8
126	126	9
32	96	2
130	130	2
89	96	1
78	79	6
50	50	7
105	113	1
83	83	5
50	80	1
2	4	1
1	1	7
77	108	2
38	39	4
78	78	6
101	102	1
45	45	6
129	129	9
10	13	1
20	63	2
43	45	2
100	100	3
16	16	3
116	117	5
72	74	3
109	109	6
99	102	1
52	52	5
78	80	1
54	54	7
21	21	4
63	63	11
71	71	7
28	28	12
113	120	1
59	59	9
102	102	4
89	91	2
114	119	4
15	15	5
126	128	3
86	87	1
118	118	7
19	21	7
81	82	2
94	95	3
47	47	11
80	110	2
56	56	8
92	95	3
69	69	12
93	93	6
17	18	7
92	98	3
66	66	3
79	80	2
14	14	7
16	20	1
105	105	12
93	94	3
101	101	14
82	82	6
41	41	11
12	13	4
110	110	7
95	96	7
79	105	1
76	76	5
111	111	6
83	84	6
75	75	4
114	114	10
107	107	8
9	9	5
86	89	1
85	94	3
100	101	4
4	44	1
3	3	3
3	12	1
127	128	6
50	51	3
58	61	1
48	54	3
79	79	9
67	67	7
85	85	6
92	92	10
89	89	9
90	90	12
55	62	3
12	12	10
4	108	1
106	106	8
120	127	1
0	51	1
102	125	1
82	84	4
70	70	9
24	24	6
44	44	7
120	123	1
94	94	8
57	57	2
10	11	5
21	25	2
30	30	6
15	16	8
32	32	12
10	10	7
16	17	5
5	7	2
46	46	2
41	42	2
99	99	12
63	64	3
124	124	2
26	28	2
32	33	2
21	22	3
46	47	3
51	51	11
127	127	5
120	120	9
55	55	15
28	30	1
40	40	7
102	127	5
63	79	2
77	78	1
123	123	4
29	31	1
107	109	6
103	103	10
29	30	6
95	95	8
70	72	2
100	106	1
68	68	4
96	96	8
98	98	3
24	25	4
97	97	11
6	8	1
56	58	1
49	49	6
27	27	7
46	50	1
51	52	3
74	74	5
54	55	1
40	95	1
122	123	4
64	64	2
81	81	6
99	105	2
25	25	2
32	83	3
73	76	3
115	115	4
17	17	2
11	11	6
43	77	1
28	64	2
38	52	1
46	48	4
13	13	6
86	86	9
74	87	2
25	26	6
88	89	1
102	104	2
5	5	8
107	108	6
70	96	2
80	83	1
39	40	3
4	32	2
29	29	2
74	86	1
26	60	2
105	106	4
26	26	5
49	117	1
117	120	1
24	27	2
75	85	1
6	6	5
112	113	5
33	38	1
42	66	2
72	72	6
102	123	2
7	18	1
30	34	2
102	103	3
125	125	4
39	55	1
125	127	2
11	12	6
28	126	2
104	104	10
80	80	3
115	117	3
106	107	2
54	64	1
6	7	3
86	88	2
120	124	4
43	97	2
3	17	3
104	105	2
4	4	6
43	43	6
3	26	2
40	42	1
105	131	2
40	41	1
49	106	1
42	42	4
18	18	7
14	18	1
73	74	3
55	100	1
19	24	1
33	72	1
112	123	4
75	84	2
88	115	1
125	126	1
2	3	2
70	71	3
19	19	7
65	65	5
0	1	1
128	128	3
45	46	1
20	20	6
67	89	1
84	85	6
114	128	1
0	0	4
133	133	2
48	48	10
98	100	3
26	27	3
3	16	1
34	34	2
38	38	1
84	84	5
21	74	1
109	110	5
14	33	2
83	87	1
79	125	2
98	99	1
89	105	2
90	91	3
83	109	1
85	86	2
101	106	1
11	14	1
59	66	1
86	100	1
66	68	3
13	24	1
5	9	1
30	38	2
52	53	3
119	126	3
116	116	1
87	88	2
33	34	2
72	99	4
104	108	1
76	78	1
80	81	3
51	56	1
96	97	2
32	47	2
19	32	1
108	108	2
39	39	1
126	127	2
119	125	3
91	92	2
88	88	6
39	79	1
1	72	1
2	2	4
27	28	3
43	44	6
62	62	3
69	72	1
121	121	3
107	125	2
39	46	1
26	66	1
31	32	2
47	92	2
86	96	1
31	31	3
85	114	2
6	31	4
74	75	1
9	30	1
73	75	2
46	131	1
20	28	1
8	15	1
18	24	3
121	123	1
106	118	1
49	51	1
118	119	1
25	33	1
113	114	2
46	57	1
58	59	1
2	6	1
42	44	1
129	130	3
108	109	2
101	130	1
122	122	2
25	63	2
0	48	1
52	65	1
12	90	2
15	18	1
76	96	1
99	100	2
105	107	2
33	33	3
123	124	1
117	117	3
123	130	1
7	46	1
28	93	1
128	131	1
72	73	3
22	30	1
111	117	1
84	87	1
48	69	2
103	105	1
47	49	3
104	106	4
97	98	2
79	81	3
91	91	3
116	120	1
97	117	1
116	118	1
3	31	2
53	53	1
29	92	1
4	43	1
114	115	1
75	80	2
5	58	1
23	24	1
26	126	1
28	29	3
59	73	1
30	41	1
11	92	1
29	32	1
85	95	1
66	82	1
80	84	1
47	50	1
45	53	2
51	55	1
65	66	2
109	113	1
60	61	3
4	59	1
53	121	1
42	43	2
7	7	4
38	40	1
29	63	1
119	119	2
73	73	1
125	128	2
76	87	1
84	109	2
1	78	1
105	125	1
90	93	1
4	72	1
75	76	2
112	112	3
39	41	1
32	63	1
16	68	1
38	44	1
77	77	3
84	95	1
70	104	1
8	8	4
77	82	1
25	27	1
70	75	1
107	129	1
42	63	2
59	61	1
67	68	5
104	132	1
118	120	3
20	21	1
91	114	1
89	93	1
59	65	1
66	106	1
0	2	1
107	132	1
101	123	1
13	14	1
7	33	1
128	129	1
11	94	1
83	121	1
76	98	1
44	45	2
15	20	1
55	77	2
115	116	1
13	110	1
47	53	3
56	57	1
111	112	1
55	56	1
98	101	1
126	130	1
46	52	1
100	105	1
1	4	1
103	104	1
48	59	1
13	22	1
23	23	1
76	82	1
70	84	2
42	45	1
30	64	1
96	119	2
54	60	1
46	70	2
57	64	2
125	130	1
60	60	2
7	9	1
93	115	1
21	75	2
109	112	1
58	94	1
69	80	1
27	45	2
65	67	1
110	111	1
12	50	1
65	69	1
61	63	2
85	99	1
19	20	1
113	118	1
71	72	1
132	133	1
113	113	2
32	58	1
11	32	1
85	87	1
45	80	1
30	42	1
112	121	1
29	71	1
69	70	1
72	91	1
111	120	1
30	32	1
120	131	1
41	73	1
111	123	1
131	131	1
27	44	1
55	97	1
57	58	1
52	96	1
53	54	1
47	54	1
18	67	1
61	61	1
60	64	1
15	17	1
68	69	1
10	12	1
100	103	1
30	93	1
89	90	1
