27	74	1
95	98	1
15	15	1
122	122	3
55	55	1
58	59	1
20	20	2
123	124	1
74	75	2
104	104	3
71	126	1
80	92	3
119	120	1
29	31	1
98	99	5
74	74	5
88	92	1
70	70	6
63	63	2
88	125	1
106	107	2
117	118	1
88	88	1
35	35	4
44	45	4
66	74	1
106	106	4
125	130	2
33	33	1
26	26	1
75	75	1
31	32	2
66	108	1
79	79	2
24	34	1
108	109	3
117	130	1
35	36	2
97	97	2
99	99	3
116	116	1
119	119	1
56	56	1
53	78	1
68	92	2
71	71	3
23	59	4
30	30	7
86	86	4
16	17	1
36	106	1
69	69	2
6	6	2
120	121	1
105	105	1
79	80	2
44	44	2
83	84	2
9	10	1
11	11	1
25	79	1
45	45	3
68	113	1
56	57	2
7	120	1
130	130	2
16	16	2
124	124	2
80	80	3
100	101	1
126	126	1
21	70	2
73	73	2
37	134	1
114	114	3
99	114	1
24	76	1
67	67	1
64	78	2
92	93	2
115	115	3
112	113	2
87	88	1
91	91	3
63	65	1
60	60	1
85	85	2
69	130	1
27	28	2
90	90	1
90	91	3
56	58	2
102	102	3
37	37	1
52	53	1
130	131	3
92	98	1
132	132	2
54	54	1
7	7	3
67	111	2
75	76	1
94	94	1
68	127	1
101	102	1
47	48	1
95	103	1
87	87	2
95	117	1
93	102	1
86	87	3
117	122	1
19	21	2
104	105	1
48	49	1
120	120	3
80	81	1
24	24	3
122	130	2
79	106	1
66	67	1
64	77	1
44	55	2
103	104	1
111	111	2
119	133	1
13	14	1
54	64	1
1	1	2
68	68	1
34	37	1
33	34	2
134	134	2
83	131	1
93	93	3
8	9	2
93	94	2
110	111	1
73	74	3
5	5	1
118	118	1
98	98	2
77	77	2
79	81	3
8	10	1
121	122	1
83	86	1
118	132	1
84	85	3
34	35	2
132	134	2
103	103	2
116	119	1
44	61	1
76	76	1
9	11	2
96	96	2
52	64	3
121	121	2
96	106	1
112	112	3
117	117	1
117	119	2
83	122	1
68	98	1
110	110	4
18	120	1
39	42	1
92	92	2
89	89	1
21	60	1
4	75	1
25	83	1
28	28	1
57	60	1
35	60	1
26	90	1
97	98	1
96	102	1
25	25	1
92	97	1
64	64	1
18	43	1
92	130	1
133	133	1
124	125	1
16	55	1
81	82	1
25	26	1
95	95	1
97	108	1
68	111	1
43	95	1
17	18	1
125	125	2
132	133	1
32	32	1
69	70	1
83	123	1
53	60	1
8	8	1
100	121	1
18	18	1
18	55	1
87	124	1
53	53	1
