89	90	1
75	104	1
31	64	1
86	86	3
42	61	1
71	71	3
27	94	1
42	44	1
46	46	1
58	58	2
45	62	1
104	105	1
90	90	1
35	39	3
32	33	2
91	91	3
28	60	1
84	84	2
83	84	1
73	74	1
24	24	3
65	65	5
87	87	1
96	96	2
35	65	1
88	88	1
52	54	1
62	63	1
88	89	3
29	30	1
46	87	1
51	61	1
48	49	3
37	37	2
80	81	1
39	39	2
103	105	1
98	98	5
59	77	2
49	50	1
76	76	3
68	68	1
82	82	2
40	40	1
37	39	1
97	99	1
96	98	2
64	71	1
39	42	2
40	96	1
56	56	1
61	82	2
67	72	1
31	31	2
36	61	2
34	34	2
39	69	1
38	76	1
35	36	1
69	69	2
65	90	1
42	76	1
51	51	2
33	91	1
57	58	2
94	97	1
51	52	2
26	26	1
73	73	1
103	103	1
70	73	1
30	45	1
43	44	2
76	104	1
65	66	2
40	42	3
50	100	1
54	54	1
36	52	1
38	38	1
75	75	1
48	48	1
42	43	1
33	36	1
32	43	1
93	106	1
25	27	1
89	89	1
35	35	1
93	93	1
20	25	1
66	67	1
69	70	1
52	104	1
86	87	1
85	85	1
63	63	1
46	60	1
102	103	1
53	78	2
82	84	1
82	91	1
40	41	1
83	86	1
61	61	1
85	90	1
