11	14	3
26	26	3
27	27	1
51	53	2
2	3	1
22	22	1
12	22	1
25	25	3
55	55	2
50	51	4
81	81	3
11	11	5
57	57	3
14	66	5
69	69	3
52	52	1
80	81	2
29	29	2
49	49	4
74	75	3
70	75	4
78	78	2
66	66	2
74	76	1
78	79	2
14	14	1
2	2	5
65	65	3
65	66	1
66	68	3
89	89	1
84	85	1
21	61	1
31	31	4
64	64	4
75	75	1
62	62	2
56	56	5
46	47	2
76	76	6
86	86	1
21	31	1
54	54	1
23	23	4
59	72	1
64	65	1
60	60	3
57	58	2
61	62	1
82	83	4
54	55	1
16	17	1
30	32	2
73	73	1
84	84	1
19	20	2
74	74	4
60	61	1
21	21	1
58	60	1
12	20	1
56	58	1
0	0	1
5	20	3
58	58	1
55	56	1
34	57	1
13	13	1
73	77	1
48	48	1
64	66	1
59	59	1
7	8	1
19	19	1
16	18	1
9	10	1
4	4	1
56	57	1
83	83	1
13	19	1
77	77	1
5	5	1
59	60	1
