0	149	2
88	88	10
46	46	5
98	98	7
65	80	2
51	51	7
12	12	11
57	84	1
143	144	6
73	73	7
37	37	7
112	112	9
85	88	2
91	92	3
53	53	8
6	6	6
75	75	5
27	27	4
137	149	1
162	162	8
21	35	1
66	69	1
7	7	14
152	152	3
107	144	1
165	165	5
162	164	1
49	49	11
2	2	8
6	7	8
106	129	4
81	82	6
81	81	7
138	143	1
130	130	4
161	161	1
150	150	6
147	148	5
100	110	1
71	72	3
7	21	2
105	105	5
5	5	11
92	94	1
10	12	1
72	74	3
116	150	1
19	19	9
144	144	7
96	97	8
118	119	2
117	129	2
57	57	5
43	44	3
84	84	6
74	84	2
54	54	8
55	55	6
92	92	11
107	111	1
8	10	1
1	1	11
67	68	3
38	38	7
1	2	6
138	141	2
154	155	2
23	23	3
9	10	2
143	145	2
147	147	3
131	131	5
17	18	6
129	148	2
46	50	1
68	68	8
148	148	2
117	118	8
137	137	2
134	134	6
122	125	1
120	121	1
116	123	1
22	23	6
128	128	6
104	104	8
37	38	4
90	90	6
17	17	11
87	87	1
116	116	3
10	10	9
116	117	4
96	101	2
42	42	5
69	69	7
129	130	2
108	108	10
20	21	4
57	62	1
122	123	2
57	107	2
141	141	2
92	137	2
24	151	3
130	131	5
11	12	2
161	163	1
67	67	1
13	159	1
140	141	3
52	58	1
163	163	2
89	89	2
35	35	4
78	97	1
8	8	4
73	74	4
36	36	9
163	164	6
111	111	5
94	95	3
44	45	2
91	94	3
161	165	1
66	85	1
71	73	2
74	76	2
86	89	1
45	45	5
18	34	1
33	34	5
8	38	2
21	40	3
11	11	11
101	102	3
135	135	9
127	129	1
50	51	3
13	13	2
36	112	1
164	165	4
6	112	1
13	116	1
84	98	1
33	33	3
18	19	4
162	163	2
113	148	1
40	40	8
27	28	3
28	28	2
64	69	1
78	78	4
61	62	1
74	74	7
72	72	9
167	167	4
86	86	5
56	56	9
0	1	10
112	152	2
56	97	1
20	20	6
82	136	1
16	16	5
44	44	6
115	125	3
85	85	4
39	46	3
106	151	2
41	42	3
34	34	5
91	95	4
120	120	6
26	26	5
47	47	8
4	4	8
153	153	4
123	125	5
137	168	2
107	107	6
166	166	7
52	52	5
151	151	3
43	43	6
99	148	1
99	99	6
47	55	1
103	103	5
63	63	1
118	150	1
77	79	2
53	115	1
11	33	1
125	125	4
146	146	3
159	159	5
119	148	1
98	155	1
10	57	1
109	109	2
119	121	2
47	50	1
96	96	4
70	72	2
97	100	2
149	151	1
39	39	5
16	17	4
168	168	3
26	27	4
123	123	5
94	94	4
155	155	1
102	103	2
101	101	6
69	71	2
105	124	1
163	166	1
120	147	1
65	66	1
67	108	1
134	140	1
21	21	4
136	136	2
106	106	2
95	95	5
137	139	1
19	71	2
118	118	5
10	14	2
165	166	4
114	119	2
71	71	4
24	25	3
114	114	5
79	79	6
115	116	1
64	67	3
54	55	3
63	66	2
157	157	2
40	51	2
93	136	1
113	113	4
156	156	3
50	57	1
128	129	4
44	52	1
83	86	1
87	133	1
159	161	1
112	113	6
151	152	2
162	166	1
92	93	2
86	87	5
1	36	2
48	50	1
1	108	1
89	90	3
41	41	4
133	134	2
15	15	4
56	57	4
115	131	3
100	101	1
163	165	1
80	80	1
115	115	6
119	119	2
3	4	1
141	143	1
53	58	1
152	157	1
127	127	2
134	135	3
126	130	1
110	112	1
55	58	1
149	150	1
50	50	2
100	104	1
121	156	1
63	95	1
138	162	1
135	136	2
17	22	1
124	124	5
20	24	1
90	91	1
48	48	8
137	138	3
83	85	1
64	64	6
21	41	2
80	84	2
34	36	1
108	109	3
124	125	1
149	149	4
99	105	1
24	24	6
152	153	1
78	80	1
132	132	5
25	25	9
17	66	1
18	18	6
81	84	2
70	73	2
123	145	1
54	56	1
1	10	1
21	22	4
111	112	1
109	110	3
159	165	1
102	102	5
162	165	3
118	121	2
140	140	4
97	98	4
100	100	8
1	3	1
136	138	1
155	161	1
84	87	1
10	49	1
22	22	4
107	108	2
9	9	8
23	124	1
103	104	3
93	93	4
55	56	3
66	77	2
13	26	1
2	3	2
109	167	1
62	63	2
115	117	2
84	85	3
58	83	1
70	71	2
0	0	3
142	142	3
3	7	2
91	91	7
77	78	2
58	63	2
74	95	1
89	93	2
95	96	3
126	126	3
86	99	1
94	107	1
84	89	1
49	50	1
3	3	4
120	150	2
100	103	2
112	114	2
70	76	1
107	143	1
10	11	2
145	147	2
82	82	4
160	160	2
8	51	2
48	57	1
117	117	3
38	91	1
79	86	2
76	77	2
86	95	1
73	76	1
45	46	1
15	41	1
128	130	5
88	89	2
101	114	1
105	115	2
20	74	1
139	139	5
93	94	3
90	94	2
135	139	1
54	108	1
48	52	1
45	47	2
56	134	1
123	124	2
96	99	1
75	76	2
70	70	5
40	41	2
24	123	1
138	138	3
155	160	1
126	127	1
65	68	2
49	52	1
88	151	1
102	104	1
126	149	1
82	84	2
108	165	1
66	114	1
52	97	1
145	145	1
127	130	1
39	85	1
43	46	1
76	79	3
66	66	2
52	54	1
57	109	1
57	65	1
93	95	1
129	129	3
44	63	1
103	105	1
12	14	2
97	97	4
78	79	1
18	21	1
6	12	1
95	105	1
118	129	1
8	9	3
107	114	1
168	169	1
56	105	1
7	20	1
5	93	1
119	132	1
72	73	4
127	157	4
48	73	1
148	149	1
114	115	1
23	24	2
139	140	2
131	132	2
122	122	2
48	49	1
105	146	1
87	89	1
53	56	1
79	81	1
65	65	1
125	142	1
162	167	1
90	93	1
164	164	3
58	65	1
1	153	1
44	46	1
110	111	2
14	24	1
86	88	2
150	151	2
12	13	2
23	25	2
25	27	2
161	166	1
138	139	3
70	77	2
159	160	1
7	55	1
0	6	1
64	68	1
81	83	1
62	62	3
144	150	1
14	45	1
3	5	1
68	69	3
170	170	1
64	70	1
45	51	1
122	131	1
58	116	1
88	120	1
76	81	1
155	159	1
130	132	1
152	156	1
24	37	1
92	100	1
137	142	1
17	23	1
109	111	1
158	158	1
154	154	1
131	155	2
38	39	1
39	40	3
128	144	1
65	67	1
76	76	3
139	141	1
13	23	2
93	97	1
155	157	1
105	131	1
83	83	2
97	116	1
83	84	3
116	118	1
99	104	1
143	143	3
14	14	3
87	88	3
78	86	1
101	103	2
0	92	1
82	89	1
153	155	1
74	75	1
52	53	3
49	88	1
121	122	1
38	42	2
28	104	1
2	4	1
88	90	1
145	148	1
4	5	2
25	58	1
55	111	1
70	91	1
19	38	1
102	119	1
91	107	1
98	99	2
23	159	1
113	116	1
155	158	1
138	151	1
51	62	1
155	156	2
101	104	1
111	113	1
132	134	1
42	43	1
154	156	1
120	131	1
127	128	1
25	26	1
7	17	1
3	6	1
7	9	1
5	6	1
106	158	1
69	70	3
46	162	1
113	165	1
77	77	1
136	139	1
8	18	1
19	21	1
18	20	1
94	137	2
80	86	1
92	99	1
135	140	1
107	109	1
161	167	1
47	49	1
66	67	1
18	24	1
169	169	1
83	119	1
142	144	1
110	169	1
57	66	1
133	133	1
161	164	1
58	118	1
16	38	1
1	27	1
47	48	1
16	66	1
87	100	1
105	107	1
19	128	1
45	64	1
132	133	1
125	126	1
61	69	1
