87	94	1
28	29	1
42	56	1
7	8	2
82	82	3
31	31	3
140	140	3
9	10	2
142	142	1
23	23	3
50	50	2
81	116	1
109	109	4
4	4	4
118	119	2
42	47	1
67	68	1
22	111	2
158	158	1
24	24	4
1	1	4
113	113	4
134	134	4
151	151	3
93	95	1
133	133	2
126	127	1
107	108	2
111	111	3
137	139	1
78	79	2
124	136	1
121	123	1
44	45	2
47	55	1
115	158	1
0	0	1
84	85	1
75	75	3
52	52	1
52	53	3
6	6	5
32	32	2
65	65	1
93	97	1
135	135	1
109	110	1
117	117	1
31	38	1
114	114	2
123	124	2
71	71	1
112	112	1
8	8	3
33	33	1
61	62	1
127	157	1
13	13	1
47	47	1
148	148	2
131	133	1
45	45	1
91	91	2
14	14	1
25	33	1
141	142	1
0	1	1
50	51	1
29	35	1
108	108	1
54	54	1
91	92	1
129	129	2
1	2	1
100	100	2
9	38	1
3	3	2
149	149	2
101	101	4
120	120	3
129	131	2
36	36	4
55	55	3
112	113	1
35	36	3
19	19	2
32	34	2
51	51	2
124	139	2
124	125	1
136	136	1
67	85	1
39	39	3
7	7	2
78	78	1
147	147	3
53	53	1
3	17	1
146	154	1
153	153	2
34	36	1
78	107	1
12	12	1
27	34	1
104	104	2
86	86	1
99	99	2
131	131	4
64	65	1
76	77	1
139	139	2
86	121	1
16	28	1
10	15	1
125	127	1
96	97	1
8	12	1
19	24	1
26	35	1
12	97	1
87	88	1
55	56	1
68	68	1
135	136	1
43	43	2
94	137	1
107	107	4
80	82	1
130	130	2
51	52	2
3	8	1
118	124	1
92	139	1
105	106	1
85	122	2
93	94	1
49	50	1
149	150	1
25	25	1
75	94	2
52	54	1
37	38	2
1	6	1
97	97	2
38	39	1
146	146	1
61	61	1
118	118	1
150	152	1
84	127	1
32	132	1
87	87	1
127	127	1
137	137	1
128	130	1
110	143	2
110	149	1
132	134	1
134	135	2
0	150	1
41	42	1
117	120	1
20	20	1
13	14	1
92	92	1
28	28	1
19	20	1
48	49	1
64	136	1
77	77	1
108	118	1
141	147	1
115	116	1
42	46	1
69	69	1
90	91	1
89	90	1
15	15	1
2	5	1
150	151	1
46	46	1
66	70	1
152	152	1
21	22	1
48	48	1
157	157	1
89	89	1
