71	71	1
6	13	4
132	136	4
167	167	10
52	52	1
93	94	3
92	92	6
64	68	2
51	57	4
99	99	4
95	95	15
105	105	2
13	20	8
45	45	13
69	69	6
49	49	6
109	113	4
22	23	1
111	111	4
87	99	6
123	123	3
8	9	1
137	138	6
18	19	5
134	134	5
64	64	9
155	155	2
136	138	1
146	149	2
9	10	3
20	21	3
145	161	4
160	162	1
163	165	1
117	153	1
1	2	2
39	75	6
3	3	4
40	40	4
160	161	6
13	18	2
107	109	4
81	82	4
9	9	6
138	138	3
53	53	8
123	127	2
126	127	2
13	13	4
36	36	4
108	108	4
48	48	8
104	104	4
133	133	4
22	22	8
18	18	8
12	12	4
123	124	2
129	162	2
35	36	7
50	63	3
72	73	2
57	57	3
17	26	1
129	130	4
141	141	8
80	80	3
21	41	2
116	116	2
90	90	5
94	94	3
37	37	5
52	53	3
170	170	4
127	127	2
73	75	5
142	142	12
101	101	4
70	71	3
15	15	1
75	84	3
41	41	2
35	35	6
51	51	2
118	119	4
119	120	3
115	156	2
44	53	5
43	43	10
115	167	4
72	72	5
110	110	2
152	152	3
65	69	3
154	154	4
7	7	3
43	44	4
0	38	2
77	77	1
88	89	3
125	125	4
5	5	1
7	8	2
114	114	4
154	155	5
4	4	4
134	135	2
159	159	1
44	44	5
2	2	2
6	17	1
86	86	4
114	166	4
112	135	4
66	69	1
39	70	1
167	168	4
140	140	1
119	159	3
51	58	4
51	72	1
81	81	1
139	139	4
5	46	2
46	53	1
54	54	3
103	104	2
137	142	2
107	107	4
61	61	3
127	128	1
85	85	2
0	0	1
8	10	1
8	8	2
56	56	2
78	85	1
40	84	1
36	37	1
28	28	1
48	49	1
125	166	1
112	112	3
138	139	3
50	51	2
10	10	1
121	121	2
39	51	1
62	62	2
143	143	1
44	45	1
46	48	1
149	149	3
34	34	2
16	35	1
58	70	2
152	153	1
39	57	1
132	132	3
39	84	1
74	74	1
19	20	1
124	124	1
63	63	1
129	163	3
17	23	1
126	126	2
11	11	1
1	1	1
114	120	1
70	70	1
75	75	1
58	58	1
134	152	2
158	159	2
21	21	1
100	101	1
114	165	1
6	6	1
11	15	1
55	55	1
151	151	1
8	55	1
124	170	1
116	117	1
159	160	1
126	159	1
