69	69	3
6	10	2
86	112	1
13	13	3
58	58	2
6	12	1
102	102	2
62	87	1
134	134	5
113	116	1
12	12	4
117	117	5
74	74	1
129	133	2
20	21	1
50	50	3
57	124	1
21	21	2
107	107	4
53	53	1
146	146	1
72	86	1
120	120	2
121	122	1
72	72	1
141	141	3
77	78	1
9	9	4
93	139	1
89	103	1
30	30	1
87	87	1
66	95	2
30	31	1
47	47	1
118	118	4
11	138	1
124	125	1
71	71	2
95	95	3
69	82	1
32	62	1
3	3	2
121	121	3
16	16	3
88	88	4
61	61	3
19	19	1
60	61	2
115	115	2
48	144	1
67	95	1
137	137	1
54	54	3
65	105	3
108	109	2
64	84	2
6	6	1
87	90	1
41	41	3
57	100	1
51	73	1
34	34	2
4	77	1
32	32	2
81	81	4
79	79	1
42	59	1
107	108	4
96	118	3
142	143	1
29	29	2
140	141	2
125	125	5
122	123	1
36	70	1
62	65	1
136	142	1
96	96	2
34	104	1
23	23	3
37	98	2
5	94	1
25	144	1
8	9	1
31	39	1
32	34	2
140	140	5
11	11	1
86	86	1
55	55	4
65	93	1
135	136	1
84	86	2
116	124	1
133	133	5
27	27	3
48	117	1
5	139	1
99	128	2
78	90	2
50	78	2
135	137	1
51	51	2
92	92	2
110	126	1
39	40	1
32	85	1
101	101	4
66	107	2
122	122	2
46	46	1
53	54	1
137	138	1
34	47	1
38	38	1
67	67	1
136	137	1
73	73	1
64	106	1
79	127	2
113	113	2
112	112	1
92	139	1
18	18	2
145	145	1
119	119	2
91	91	3
128	133	1
124	142	1
24	25	1
75	87	2
62	62	2
21	22	1
49	49	2
123	123	1
49	53	1
127	133	1
47	65	1
50	54	1
62	63	1
32	52	1
37	119	1
102	103	1
105	106	1
143	143	1
94	142	1
20	41	1
83	83	1
129	129	3
32	33	1
134	142	1
48	48	2
99	100	1
76	77	2
104	104	1
42	42	1
34	35	2
66	66	1
107	109	1
63	63	1
36	94	1
39	41	1
128	128	3
19	144	2
114	114	3
115	119	3
111	112	2
56	56	1
14	94	1
95	124	1
10	10	1
93	142	2
77	88	2
93	93	1
107	110	1
135	135	3
10	11	2
82	114	1
111	111	2
128	129	1
136	136	1
88	89	1
138	138	1
92	93	2
109	109	1
2	2	1
9	10	3
84	85	1
47	48	2
109	111	1
69	70	1
38	99	1
75	75	2
72	75	1
24	24	1
117	119	1
132	133	1
39	39	1
8	8	2
2	12	1
40	142	1
56	94	1
68	69	1
93	97	1
93	94	1
82	82	1
106	106	2
4	33	1
57	59	1
40	40	2
88	90	1
34	54	2
33	33	2
52	53	1
1	143	1
89	91	1
58	59	3
40	41	1
65	65	1
33	104	1
15	15	2
51	114	1
42	144	1
65	95	1
85	85	2
21	103	1
20	27	1
84	84	2
116	118	1
37	112	1
66	67	1
13	134	1
131	131	1
72	88	2
86	87	1
124	124	1
12	19	1
101	102	1
51	69	1
84	113	1
59	83	1
33	34	1
3	24	1
111	114	1
4	4	1
48	49	1
141	142	1
64	92	1
3	32	1
67	74	1
97	97	1
43	43	1
88	136	1
91	94	1
116	117	1
23	130	1
117	123	1
89	89	2
90	91	1
138	140	1
91	104	1
9	11	1
14	14	1
1	1	1
65	94	1
17	133	1
118	119	1
33	37	1
80	80	1
