24	24	1
86	87	4
131	132	3
101	101	2
104	106	1
21	21	2
89	96	2
110	111	1
103	103	1
22	22	3
109	109	2
27	28	2
81	81	3
79	79	1
34	37	1
128	129	2
31	32	1
88	89	1
0	2	1
81	84	2
28	29	2
136	136	3
129	130	4
2	15	2
117	118	2
115	123	1
135	138	2
80	104	1
117	122	3
134	135	2
4	4	1
7	7	4
80	113	1
22	25	1
3	4	3
131	131	6
34	35	2
16	16	2
121	121	1
84	85	1
18	20	2
21	30	2
36	36	1
35	37	1
132	132	2
73	73	1
80	80	5
18	19	2
6	6	1
35	35	2
102	102	5
76	77	2
74	111	1
108	108	1
21	103	1
79	111	1
113	113	3
98	98	2
139	139	6
109	110	2
30	31	2
96	96	2
73	74	1
29	29	1
5	5	1
88	88	2
113	116	1
23	27	2
114	115	2
121	123	1
32	33	4
113	114	2
113	122	1
22	23	1
132	133	2
137	138	3
122	125	2
87	88	2
90	91	1
15	15	1
76	76	1
1	1	2
75	77	1
18	18	2
19	19	1
116	124	1
123	123	2
140	140	4
102	104	2
134	136	1
96	97	1
97	97	2
9	11	2
78	78	1
105	108	2
12	12	2
88	91	1
91	91	3
94	94	1
17	17	1
126	127	1
100	100	2
111	111	1
125	125	4
134	140	1
129	129	6
130	130	2
89	91	1
135	135	1
90	90	1
36	38	3
106	108	1
129	131	3
131	134	1
128	128	5
82	83	3
116	123	1
4	5	1
120	121	1
119	119	1
122	122	3
89	89	1
10	12	3
76	80	1
124	124	4
138	138	1
123	124	1
79	80	2
120	123	2
34	34	1
104	105	1
74	74	1
32	32	2
127	127	3
106	106	1
78	114	1
37	132	1
11	12	1
13	14	1
112	112	2
101	135	1
114	114	1
100	101	1
132	134	1
122	123	1
118	123	1
8	8	2
101	102	3
2	13	1
136	137	1
104	112	1
80	81	2
115	115	1
116	116	2
20	20	1
82	100	2
24	27	1
139	140	1
30	33	1
75	75	2
14	14	1
104	108	1
17	19	1
134	134	1
87	87	1
7	10	1
120	122	1
85	85	1
5	8	1
132	140	1
15	28	1
99	137	1
4	6	1
