30	30	1
29	29	3
160	160	3
170	171	1
48	50	1
81	81	1
173	190	1
12	15	1
237	240	2
27	100	2
119	119	2
187	188	1
57	58	3
238	238	3
118	118	3
23	23	1
164	164	3
19	19	3
94	119	1
161	161	4
64	65	1
6	6	2
229	229	3
239	240	1
47	47	3
150	150	1
203	203	3
205	205	1
217	217	2
187	224	1
173	173	9
228	228	2
172	173	3
69	69	1
199	199	3
234	234	2
2	42	4
197	198	1
45	63	1
212	213	1
237	237	5
85	86	2
94	94	1
15	15	1
157	157	4
41	232	2
25	25	1
103	103	3
58	59	2
74	74	4
55	100	1
222	223	2
18	18	2
11	11	1
93	110	1
77	77	4
71	73	1
19	101	1
241	241	2
191	191	2
9	9	4
61	64	1
168	168	8
35	62	1
37	38	1
12	14	1
209	209	1
9	31	1
54	55	1
120	120	1
33	33	1
154	154	4
34	240	1
95	96	3
158	167	1
42	42	2
86	87	2
57	67	1
201	202	4
79	79	4
47	61	4
215	215	2
74	79	1
249	249	1
93	93	3
188	199	1
147	160	2
116	116	1
119	159	2
165	165	4
186	211	1
12	66	1
213	213	2
112	112	8
243	244	2
78	78	1
224	224	3
195	196	3
113	186	1
213	246	1
81	164	1
72	73	3
146	159	1
107	107	2
88	89	2
48	49	1
213	214	1
181	181	3
49	50	1
149	156	1
177	209	4
115	115	4
12	12	1
5	6	1
180	181	2
183	183	1
110	110	1
56	56	6
206	207	2
84	84	3
1	39	1
88	88	1
17	17	3
165	184	2
24	150	1
236	236	2
175	175	3
226	226	1
55	55	3
65	65	2
33	35	2
53	53	3
18	19	1
31	31	4
189	190	1
240	240	3
231	231	3
79	80	3
28	51	2
116	117	1
115	116	1
54	54	4
243	243	3
53	111	2
225	225	3
179	179	4
198	201	1
157	193	1
102	104	2
51	61	1
89	89	1
174	206	2
53	57	2
166	166	4
51	88	2
172	174	2
200	226	1
177	177	5
152	170	2
25	55	1
109	110	1
32	33	1
184	232	1
157	182	2
12	62	1
182	182	1
80	82	1
50	60	1
163	194	1
180	180	1
60	118	3
242	242	4
113	227	1
58	64	1
48	48	2
32	32	2
84	86	1
169	175	2
221	235	1
218	218	1
91	91	1
191	193	1
75	94	1
223	224	2
163	163	2
101	101	1
223	223	1
215	217	1
203	221	1
159	160	1
169	169	1
31	77	1
16	235	3
57	88	1
89	98	2
75	75	2
218	219	1
4	5	1
187	187	2
158	158	3
155	155	2
222	222	1
4	4	4
34	34	2
8	113	1
200	230	1
55	58	1
68	91	1
87	101	1
151	151	3
239	239	2
198	198	1
185	185	3
232	234	1
36	85	2
44	46	1
198	213	1
30	33	1
97	98	2
81	188	2
188	189	1
210	211	1
221	221	2
90	90	1
14	38	1
221	225	2
242	243	2
176	248	1
9	10	1
188	188	1
156	156	5
183	186	2
232	232	1
211	213	2
42	50	1
181	182	2
238	240	2
210	214	1
114	114	3
165	183	2
3	3	2
216	216	2
78	216	1
97	99	1
117	117	3
65	73	1
179	234	1
204	220	1
206	206	1
234	243	1
28	68	1
68	68	1
201	201	1
8	8	1
21	22	2
147	153	1
97	97	2
247	247	1
196	196	3
229	230	2
2	2	2
185	186	1
174	174	1
72	72	2
152	168	1
104	214	1
64	64	2
214	215	1
74	76	1
89	117	1
76	76	2
11	17	1
203	204	2
147	147	1
146	158	1
66	66	1
67	68	1
190	213	1
78	192	1
36	62	2
73	73	1
155	162	1
14	14	1
62	86	1
99	100	1
46	46	2
29	218	1
51	107	2
189	189	2
26	101	1
50	50	1
198	199	1
99	99	2
4	43	1
67	67	1
169	203	1
195	195	1
171	171	3
153	153	2
225	226	1
5	5	2
164	198	1
207	207	1
245	245	3
35	119	1
172	172	2
35	36	1
66	67	1
44	44	3
238	242	1
51	64	1
146	147	1
71	71	1
151	185	1
62	62	1
95	95	2
194	194	1
212	228	1
61	62	1
196	198	3
165	170	2
235	246	1
20	20	3
15	67	2
181	212	1
157	159	2
208	208	2
52	52	2
8	9	1
211	212	1
157	181	1
178	178	1
163	170	1
69	91	1
167	167	1
193	193	1
79	87	1
45	45	1
87	110	1
60	65	1
173	174	1
66	92	1
63	63	1
112	230	1
111	111	1
159	159	1
151	212	1
205	231	1
237	239	1
117	119	1
200	244	1
202	202	2
201	234	2
158	210	1
180	192	1
76	77	1
100	101	1
175	235	1
22	22	1
213	224	1
71	83	1
166	171	1
1	6	1
214	214	2
109	109	1
186	186	1
38	217	1
152	165	1
83	84	1
25	54	1
6	7	1
26	26	1
162	163	1
111	115	1
144	207	1
168	169	1
111	245	1
179	180	1
186	190	1
82	161	1
59	64	1
175	204	1
90	91	1
70	70	1
106	109	1
10	10	1
168	233	1
198	200	1
233	233	1
219	219	1
191	192	1
28	28	1
200	200	1
15	110	1
114	116	1
38	39	1
106	106	1
33	49	1
49	49	1
81	103	1
243	245	1
0	0	1
150	156	1
78	79	1
29	30	1
236	237	1
43	52	1
89	91	1
217	240	1
211	211	1
24	25	1
234	235	1
150	151	1
36	45	1
181	184	1
182	236	1
187	190	1
