21	21	3
25	49	2
67	67	2
55	56	3
90	91	1
79	82	3
102	104	3
26	26	11
32	32	5
33	34	4
82	89	3
84	85	1
30	30	2
35	36	5
43	44	1
88	88	1
42	42	1
37	39	2
56	75	1
95	95	3
94	96	2
44	44	3
85	86	3
51	51	1
75	75	3
103	103	5
55	55	5
78	80	1
68	70	3
76	76	1
51	52	2
90	90	6
43	43	4
22	23	3
24	50	2
107	107	1
89	89	3
71	71	1
57	88	1
88	89	3
92	93	2
20	21	1
77	77	1
84	88	3
89	94	2
80	80	1
69	70	1
27	27	1
39	40	1
20	34	1
97	99	1
39	39	3
88	90	1
37	37	1
58	58	2
78	79	2
102	102	2
75	76	1
63	64	1
60	60	3
103	104	3
45	45	1
61	61	1
91	91	1
85	85	1
41	44	1
60	61	1
86	86	4
22	22	1
53	53	1
40	44	1
35	45	1
67	68	1
53	55	3
106	107	1
74	74	1
62	62	2
72	73	1
27	31	3
101	101	1
25	25	1
98	98	2
61	62	1
21	22	1
59	74	1
55	77	1
82	83	1
63	63	3
29	30	1
44	45	2
77	95	1
27	28	2
80	89	1
64	64	1
71	85	1
52	52	2
79	79	1
52	53	1
63	89	1
59	59	1
25	46	1
81	81	1
55	57	1
35	38	1
46	46	1
