147	147	13
144	144	13
161	165	3
16	16	13
161	162	8
141	141	11
42	42	10
144	145	23
58	58	22
107	107	14
13	13	14
137	137	17
25	25	16
118	118	30
52	53	9
162	162	15
192	192	20
67	68	10
17	17	11
21	41	2
108	108	26
68	68	32
106	139	1
194	194	33
43	43	23
112	113	20
41	41	33
97	118	2
37	38	14
150	151	5
122	123	5
134	138	5
68	70	7
159	159	39
122	122	12
52	52	24
3	3	14
149	150	12
140	140	22
146	146	18
111	111	10
100	100	29
158	158	13
154	155	5
17	43	2
173	174	9
37	37	18
46	46	9
5	25	6
76	76	5
44	44	9
125	125	13
172	172	16
175	176	2
176	178	20
119	178	1
80	82	5
183	183	21
45	45	25
170	170	22
189	189	17
94	94	17
148	149	4
72	72	20
4	4	22
63	63	17
83	120	7
86	87	1
111	178	4
157	157	5
168	188	2
131	131	24
158	159	10
124	125	8
172	185	2
1	2	12
33	33	25
177	177	27
161	161	34
127	127	13
105	105	6
14	14	24
160	160	23
168	169	9
34	68	4
104	107	3
78	78	11
162	163	11
73	73	20
59	59	15
23	23	21
193	193	22
109	109	15
8	9	6
149	149	41
20	20	12
14	45	3
178	178	32
30	32	3
132	132	13
80	116	9
96	96	11
120	120	19
93	93	14
117	118	8
135	137	11
188	189	11
12	12	10
48	48	13
88	120	2
132	150	3
159	171	3
174	176	3
7	7	30
181	181	14
29	84	6
85	85	15
128	128	26
64	64	18
155	155	29
154	154	14
145	145	20
132	133	5
133	151	6
84	174	3
44	45	2
104	104	10
130	130	22
129	134	6
173	175	3
114	114	13
143	143	23
187	187	36
166	171	2
156	157	3
75	100	1
182	182	16
135	135	32
129	129	20
58	160	2
2	3	7
152	173	2
123	123	8
104	124	3
88	88	19
26	26	26
30	30	30
30	31	7
118	119	3
101	101	29
53	55	6
15	15	27
34	34	9
66	67	4
165	165	13
56	56	3
178	179	5
36	74	2
106	106	7
151	168	3
1	1	33
156	156	35
3	8	4
24	24	32
24	25	14
116	117	13
83	83	18
118	140	7
115	115	7
106	107	19
89	90	5
139	139	12
11	11	22
153	154	6
175	175	38
39	39	30
185	186	9
150	161	1
124	124	19
31	51	6
184	184	15
53	53	15
151	176	2
171	171	33
3	4	4
174	174	8
13	45	2
150	158	14
36	36	18
172	175	1
42	45	3
185	185	27
143	147	3
49	49	27
164	165	1
190	190	5
17	39	4
71	72	13
133	133	16
141	142	4
22	22	15
186	187	8
9	9	22
182	184	7
40	41	14
87	87	12
99	99	11
11	45	3
28	29	19
170	171	6
71	71	6
26	27	4
83	84	10
169	169	19
171	173	6
176	176	19
112	112	14
32	32	11
45	46	11
137	138	3
31	31	14
179	179	23
38	97	5
155	172	1
141	158	3
188	188	23
139	156	6
168	168	19
142	142	4
105	106	12
36	37	5
78	79	7
81	95	5
84	84	19
40	40	25
111	182	5
115	158	5
180	180	18
129	140	4
196	197	5
62	62	10
165	166	8
29	29	15
187	188	12
183	184	9
195	195	5
163	164	11
54	55	6
174	177	6
194	195	9
19	20	6
157	158	24
50	50	12
38	38	7
167	167	33
11	14	2
8	25	4
112	158	1
151	169	5
191	191	10
5	5	24
59	60	6
136	194	3
35	38	17
102	103	32
1	4	4
193	194	11
172	173	7
80	80	10
110	111	2
77	99	2
69	69	14
27	27	24
38	39	8
160	161	7
191	192	6
164	164	17
193	195	9
54	56	7
12	45	5
153	153	19
101	119	1
151	151	19
89	89	10
55	55	12
139	140	5
130	131	10
114	115	3
173	173	22
129	130	3
189	190	11
81	81	15
79	79	18
118	121	4
145	176	4
141	157	3
57	57	18
77	77	12
117	140	1
129	141	10
132	149	8
96	116	3
7	18	2
135	136	7
36	71	2
160	172	2
9	197	1
150	156	3
109	110	2
4	27	3
170	172	5
50	51	2
100	101	2
9	196	2
101	104	3
8	8	20
121	121	16
161	164	1
69	70	2
98	98	12
121	126	2
78	81	2
175	178	8
5	26	5
35	36	5
186	186	12
4	9	4
134	134	14
3	5	1
54	85	1
21	21	12
70	71	10
116	116	12
35	35	11
148	148	18
18	18	20
142	147	6
11	12	7
94	96	2
41	42	4
171	172	12
99	102	4
121	123	2
163	163	11
0	1	13
119	119	15
104	105	2
55	112	6
58	60	3
9	128	2
149	151	3
7	9	1
28	28	15
13	14	5
9	10	9
3	7	4
177	178	7
19	19	11
6	6	14
84	85	4
43	120	2
27	50	3
37	190	5
145	160	2
11	13	4
56	107	2
86	86	9
129	142	12
126	127	13
10	10	18
64	65	5
103	103	6
98	137	6
130	134	2
121	197	1
32	187	2
62	63	2
80	81	7
123	126	12
57	58	11
136	136	4
101	111	2
87	88	6
179	182	7
41	44	4
81	82	9
51	51	17
10	44	3
152	152	6
102	102	16
34	74	3
73	77	1
138	140	4
119	120	1
30	192	10
106	111	2
15	189	1
117	117	7
150	150	11
88	89	8
166	166	19
48	51	5
28	30	4
103	129	5
79	98	3
70	70	6
47	47	11
196	196	14
6	7	4
109	112	2
54	54	12
77	79	2
143	145	12
51	118	3
138	138	14
31	32	4
180	182	3
146	148	3
7	8	1
120	121	5
4	6	5
76	77	1
89	158	4
126	126	12
79	80	5
61	62	1
53	54	3
94	118	3
39	77	3
197	197	6
150	154	2
96	100	7
95	95	10
26	28	4
146	173	7
178	180	3
111	112	5
90	95	2
184	185	2
31	194	5
176	177	9
1	23	3
20	193	6
125	126	7
15	44	1
48	49	8
99	122	2
167	171	1
31	33	1
66	66	8
16	20	4
164	190	3
57	165	1
134	155	1
5	6	2
35	43	1
50	52	1
158	181	1
169	173	2
134	152	7
42	51	1
39	40	5
39	93	2
173	178	2
21	22	1
97	98	3
25	26	2
75	75	2
16	17	2
101	102	9
123	124	2
82	87	5
180	181	5
154	156	2
62	65	1
4	7	7
160	165	2
82	83	5
82	82	3
163	165	3
106	114	2
143	148	7
93	95	2
179	180	10
192	193	4
168	170	1
9	23	2
143	144	6
14	86	3
20	21	5
36	39	1
93	120	5
145	146	5
101	114	1
190	192	1
15	17	1
74	74	4
22	23	2
133	134	1
150	152	10
168	184	2
17	18	9
170	185	8
147	149	2
110	110	4
36	167	2
170	177	1
32	34	9
130	157	1
60	99	4
17	19	2
90	90	4
12	13	6
143	179	2
52	56	3
162	164	1
0	0	1
155	156	4
113	113	13
16	18	2
8	22	4
60	61	4
128	197	5
27	28	2
97	97	6
174	175	1
19	63	1
16	38	1
159	160	3
113	147	4
121	122	1
120	160	1
150	155	3
0	23	6
151	160	2
136	146	3
98	99	2
151	155	5
38	40	1
142	196	1
13	57	1
39	96	1
95	96	4
46	51	1
119	121	3
96	97	2
115	133	3
10	69	1
94	97	1
172	174	1
182	183	2
131	134	2
136	137	1
29	30	4
58	59	7
55	56	10
46	58	1
133	135	1
26	193	2
75	76	2
153	191	1
56	57	2
16	138	1
104	188	2
21	25	3
151	162	2
78	115	1
120	141	3
1	22	2
130	140	1
0	29	1
189	193	4
179	181	2
49	50	3
151	153	3
131	132	5
195	196	6
124	126	1
143	146	2
43	44	1
47	49	1
4	5	2
67	71	1
51	52	1
24	27	3
9	44	1
0	2	2
187	191	2
2	2	2
165	185	1
107	157	1
81	83	1
22	25	4
160	185	1
46	47	1
110	132	1
6	15	1
8	16	2
15	16	5
100	121	1
57	120	1
138	139	2
141	196	2
34	37	2
109	115	4
166	169	2
61	61	2
30	194	3
164	195	3
1	3	2
133	153	2
113	115	5
93	118	1
121	127	1
38	41	2
65	65	2
2	10	3
28	51	1
68	71	1
66	69	3
18	20	2
32	194	1
186	189	1
142	148	1
107	108	1
25	27	1
145	148	1
158	160	1
112	127	1
23	30	1
164	172	1
137	147	2
144	176	3
35	37	1
37	42	1
105	107	1
99	121	1
32	33	4
47	185	1
149	191	2
171	188	1
123	125	1
109	114	1
15	37	1
30	51	1
8	15	1
171	177	1
146	147	2
13	15	1
37	40	1
135	154	1
69	72	1
152	154	2
35	66	2
70	72	1
108	143	2
67	67	2
41	130	2
135	155	1
137	140	1
45	56	1
139	155	1
9	15	1
27	58	1
