40	40	14
69	76	4
82	84	6
86	87	20
71	76	4
56	57	16
39	49	14
46	46	25
38	38	33
73	73	61
56	56	46
67	67	25
56	96	3
60	71	4
49	94	2
79	79	28
81	81	38
42	42	48
98	98	32
68	68	47
54	54	39
42	43	14
30	82	1
62	62	28
101	101	22
53	54	14
55	55	24
83	83	30
89	89	38
57	57	18
93	93	46
59	60	6
94	94	40
66	66	43
47	95	2
91	95	5
29	29	10
27	28	8
77	77	21
81	82	16
50	50	39
75	75	26
99	100	16
59	59	42
78	88	3
85	85	16
52	55	7
32	32	13
70	70	25
71	71	24
95	97	5
26	28	4
23	23	7
80	81	17
47	94	5
97	97	32
48	48	43
89	96	14
58	84	10
23	82	2
54	56	2
90	90	29
29	30	7
53	62	5
86	86	36
29	84	3
34	34	17
35	46	4
87	87	25
97	98	4
39	39	22
41	41	39
29	32	2
50	80	4
27	27	21
49	49	30
84	84	21
54	97	5
34	71	2
90	91	9
20	20	16
44	44	50
88	88	37
76	77	19
54	55	16
96	96	34
74	76	8
91	91	26
69	71	8
24	25	15
25	25	22
55	72	7
71	72	9
23	92	2
78	78	42
99	101	16
49	79	9
44	101	7
43	99	5
52	52	39
60	60	31
99	99	39
66	78	1
34	48	4
30	30	2
25	26	12
52	94	1
61	61	28
45	45	23
81	100	8
49	90	7
66	68	1
50	55	5
31	31	28
58	83	5
57	59	8
61	62	11
78	93	10
92	92	35
48	95	4
74	74	52
86	88	15
43	43	41
91	92	27
47	47	24
63	63	38
58	59	5
46	96	7
93	94	8
65	65	34
72	72	41
50	62	1
68	74	7
85	86	4
48	53	4
42	67	5
80	80	34
52	92	6
47	48	19
34	73	2
83	84	6
34	80	3
28	28	18
67	68	8
87	94	3
58	58	33
53	71	1
35	36	10
47	93	2
33	33	15
97	100	5
80	93	5
23	26	5
35	35	18
33	69	11
82	82	14
33	48	3
31	32	8
20	84	3
102	102	5
100	100	24
35	100	3
54	87	7
24	28	2
69	69	22
64	64	66
79	81	3
37	37	20
28	29	8
45	89	2
54	99	4
26	27	9
76	76	22
94	95	8
35	99	3
33	80	3
65	66	6
47	87	4
68	76	20
69	70	13
24	26	7
51	51	30
46	47	7
54	92	7
53	53	34
38	39	4
52	58	6
45	101	5
71	73	9
26	26	10
33	34	2
56	93	5
33	57	1
98	99	10
96	97	8
77	90	4
95	96	16
25	87	4
58	98	4
34	87	4
87	88	16
72	75	9
61	70	2
95	95	11
72	73	19
20	22	3
60	76	3
60	61	18
79	84	13
54	86	5
53	102	2
93	96	7
25	27	3
48	49	3
60	74	4
53	61	4
37	40	6
53	86	7
88	92	2
68	77	6
46	88	2
29	82	6
87	89	6
68	69	13
45	46	13
49	93	3
92	95	8
68	70	3
101	102	3
79	80	17
58	78	2
63	73	2
79	94	2
86	89	5
60	70	2
27	92	2
91	93	3
36	36	17
59	78	12
32	82	4
41	42	9
44	90	3
58	62	1
40	41	12
88	93	2
47	88	4
57	98	3
69	74	2
92	93	3
52	60	1
51	52	5
24	24	3
55	92	10
53	57	2
34	81	7
30	46	5
42	44	5
62	64	6
74	75	4
52	78	3
25	46	1
70	72	7
83	87	3
70	71	4
50	52	3
97	99	2
43	85	1
51	60	3
50	51	6
47	86	3
88	98	4
80	94	3
75	76	4
28	91	3
60	90	2
45	98	3
70	74	2
23	29	1
89	98	1
60	89	3
66	69	3
79	83	3
51	55	1
49	50	6
45	57	3
45	95	2
20	76	2
66	67	2
20	36	2
57	58	1
44	58	4
55	56	2
34	86	2
77	78	4
82	100	2
43	79	2
91	97	3
31	74	3
56	85	2
73	74	3
52	53	5
43	65	5
88	90	6
33	87	2
62	76	1
69	72	5
33	86	11
63	64	8
43	44	1
96	100	4
47	54	3
43	64	4
66	71	3
31	82	1
31	81	4
48	79	3
95	99	3
81	87	2
29	92	2
25	29	2
43	83	1
89	92	2
33	65	2
46	97	3
53	55	2
56	84	3
37	38	3
54	88	2
44	45	3
85	88	4
32	91	1
67	76	1
61	77	1
24	27	1
97	101	4
23	24	1
55	84	1
35	47	2
59	62	2
47	89	1
95	101	3
80	100	1
33	81	3
70	73	1
86	102	1
23	27	3
58	100	1
75	93	2
49	68	1
61	76	1
22	22	3
39	40	1
49	55	3
80	84	1
48	94	2
94	96	2
50	56	1
22	28	1
64	90	1
47	59	1
66	79	1
35	48	1
23	25	2
68	75	2
93	98	2
86	93	1
89	97	1
32	70	2
43	45	1
48	93	2
29	83	1
49	54	2
93	101	1
53	88	1
67	78	2
49	80	1
75	79	1
56	59	1
