22	27	1
36	38	1
49	50	3
35	35	3
29	29	2
21	21	2
41	43	3
65	68	1
53	54	1
37	38	1
42	43	1
20	20	1
5	5	1
51	57	2
38	39	3
7	9	1
10	10	1
52	52	1
53	53	2
8	9	1
73	73	1
0	1	1
33	33	1
40	53	1
35	52	1
25	27	1
28	35	1
13	13	3
24	26	2
52	64	2
42	42	1
3	3	3
43	48	1
51	53	1
48	57	1
22	22	2
66	66	1
9	9	1
23	53	1
24	28	1
47	47	2
7	7	1
25	25	1
51	66	2
2	2	1
61	63	2
39	39	1
1	1	2
66	67	1
30	30	1
63	64	1
36	36	1
45	45	1
28	28	2
44	46	1
19	20	1
13	18	2
5	27	1
7	13	2
73	75	1
23	23	3
23	26	1
44	45	1
34	34	1
77	77	1
2	5	1
55	55	2
60	60	1
18	18	2
39	56	1
54	54	1
61	61	1
23	24	2
4	4	2
44	44	1
45	57	1
43	54	1
32	33	1
73	74	1
56	57	3
5	6	1
43	76	1
70	70	1
54	55	1
68	75	1
67	68	1
