67	68	11
81	82	5
85	87	2
96	96	6
91	91	9
50	50	10
54	55	9
90	90	19
101	101	22
46	49	4
41	41	14
88	90	5
59	60	3
88	88	21
87	88	13
62	64	2
70	70	14
66	99	2
35	43	1
97	97	17
63	63	27
48	57	1
46	48	10
37	37	10
72	90	1
69	69	14
53	94	3
62	63	8
32	51	4
49	49	17
100	101	3
50	51	5
87	94	2
47	48	7
77	77	23
81	81	11
86	87	5
66	76	1
61	61	14
56	66	1
57	57	11
91	92	9
89	89	15
49	51	5
45	49	2
63	64	3
99	99	13
29	29	15
92	94	8
101	102	7
27	28	2
75	75	18
44	45	7
29	49	2
70	71	4
54	54	16
67	70	3
84	92	4
55	55	14
82	82	6
24	27	1
53	53	15
90	92	3
60	61	8
90	91	7
72	73	4
95	100	2
65	66	8
95	95	12
26	26	3
94	94	14
37	52	1
56	85	1
39	40	2
57	63	3
88	89	5
79	89	2
46	55	2
48	48	18
78	80	2
82	91	1
59	59	18
82	101	1
28	28	2
94	98	3
46	47	7
62	76	5
45	45	14
96	98	3
30	36	1
56	59	1
64	64	7
68	69	8
70	73	5
73	91	1
85	85	12
39	39	15
65	65	14
42	42	5
61	63	4
98	98	24
51	52	6
61	62	10
77	78	3
45	48	4
42	43	10
34	34	11
35	36	5
78	99	1
95	96	7
85	86	8
80	82	3
76	90	1
49	60	1
33	58	1
97	102	2
35	35	7
37	40	1
65	77	1
56	56	4
71	71	12
64	79	2
76	79	2
99	100	13
81	102	1
78	78	11
56	57	9
81	95	3
90	99	2
96	100	2
37	54	2
24	24	4
79	79	8
23	23	2
83	84	2
74	74	15
52	52	12
38	39	1
73	74	4
66	66	18
67	67	14
57	58	1
66	67	2
58	58	5
40	40	17
97	98	5
47	93	3
48	53	1
68	71	2
49	68	2
72	91	1
39	49	2
41	66	3
84	84	7
30	63	2
40	86	1
40	43	1
55	56	16
85	89	6
45	47	2
58	59	3
27	27	4
58	61	3
80	80	9
64	65	2
29	73	2
86	86	11
54	56	6
76	78	2
55	94	1
51	51	12
52	59	3
99	101	3
23	24	3
80	83	4
69	70	3
46	88	1
83	83	16
31	31	6
45	61	3
92	96	1
47	47	15
22	28	1
69	91	2
89	90	2
89	92	1
50	61	1
89	97	1
62	62	9
86	90	2
72	72	12
93	93	13
80	85	2
44	44	8
45	92	1
65	74	2
62	68	1
92	92	22
80	81	8
75	85	6
39	44	1
87	87	12
31	32	3
82	94	1
29	71	4
57	99	1
39	93	2
92	95	1
40	41	6
35	37	3
20	22	2
56	90	2
36	58	1
46	87	1
50	56	1
43	43	9
93	100	3
68	68	9
43	85	1
53	54	7
22	23	3
51	93	2
92	93	7
93	94	6
74	76	2
29	31	2
64	66	1
91	93	3
32	55	1
60	60	8
61	78	1
53	101	2
25	25	6
34	35	7
75	78	1
95	97	3
63	76	1
36	37	5
73	87	1
79	80	2
33	33	9
88	95	1
77	79	3
46	54	1
76	77	7
49	50	8
100	100	8
60	73	1
25	27	1
46	46	17
53	83	2
47	52	1
51	91	1
38	38	9
37	38	5
57	84	2
46	53	1
81	94	2
74	75	3
48	51	2
95	98	6
25	26	3
90	95	3
42	44	2
71	72	2
51	53	2
81	83	2
32	53	1
34	66	1
71	73	3
48	49	3
41	60	2
88	99	1
48	90	1
94	99	1
53	97	1
102	102	4
22	22	2
41	42	2
98	102	1
44	57	2
47	90	2
76	76	9
47	88	1
58	87	1
98	101	5
88	98	1
25	28	1
98	99	1
34	58	3
55	93	1
40	91	1
92	98	1
31	80	2
60	62	1
43	44	2
73	73	6
45	57	2
82	100	1
46	64	1
96	97	7
83	85	1
26	27	2
84	87	2
45	59	1
52	57	1
69	73	2
68	75	3
38	53	1
49	92	1
39	85	2
81	84	1
24	29	1
45	90	1
47	94	1
84	85	3
32	89	1
85	90	2
78	90	1
65	90	1
28	29	2
97	99	2
86	89	5
40	52	1
49	90	2
53	56	1
50	52	2
83	97	1
32	58	1
56	58	3
79	88	2
33	37	1
64	68	2
84	88	1
82	95	1
38	40	2
80	94	2
98	100	1
60	63	2
47	56	1
80	87	2
65	89	1
41	85	1
36	41	1
62	77	1
45	65	1
69	71	5
51	59	1
50	67	1
93	96	1
38	79	2
53	55	2
72	74	1
56	92	1
86	88	4
94	100	1
78	79	5
94	96	1
88	92	1
39	47	1
29	37	1
88	102	1
68	70	1
26	53	2
46	97	1
79	95	1
48	50	1
32	32	1
31	59	1
91	94	2
79	93	1
51	57	1
36	36	7
74	84	1
56	102	3
66	70	1
86	92	2
43	50	1
43	47	1
27	29	1
40	58	1
75	77	2
36	52	2
46	96	2
49	53	1
79	101	1
55	87	2
44	49	1
45	46	1
66	85	2
89	95	2
31	93	1
61	66	1
25	31	1
29	30	2
78	91	1
75	76	3
82	97	1
86	97	1
78	93	1
31	66	1
33	61	1
43	70	1
82	83	2
35	38	2
45	54	1
85	91	1
57	59	1
77	81	1
44	84	1
65	68	1
32	35	1
45	80	1
47	50	1
23	28	1
39	45	1
24	28	1
49	52	1
94	101	2
44	80	1
38	54	2
47	86	1
51	85	1
29	33	2
96	99	1
52	53	2
55	58	1
74	78	1
57	62	1
29	69	1
46	61	1
75	86	1
71	74	1
85	93	2
55	80	1
30	41	1
66	71	1
88	101	1
60	65	1
97	100	2
45	86	1
34	61	1
95	101	1
72	85	1
46	92	1
68	73	1
94	97	2
51	84	1
66	72	1
41	67	1
86	94	1
76	81	1
87	89	1
88	93	1
77	80	1
100	102	1
46	56	1
55	57	1
59	90	1
65	67	1
33	51	1
79	81	1
88	91	1
90	100	1
43	67	1
64	80	1
20	20	1
38	55	1
34	56	1
83	94	1
39	46	1
54	94	1
34	55	1
88	100	1
66	68	1
23	26	1
65	72	1
73	94	1
84	86	1
