110	110	3
97	98	1
104	104	7
82	99	2
99	130	1
41	42	3
97	97	7
124	133	2
114	114	2
58	58	3
6	6	1
115	115	3
117	118	2
93	93	4
54	69	3
31	63	2
16	16	2
49	53	1
83	84	2
49	50	2
29	29	2
48	48	8
121	121	3
117	117	3
20	44	1
114	117	3
66	111	1
46	83	1
105	106	4
120	124	3
55	56	3
47	47	4
115	116	2
90	90	2
72	72	1
2	4	1
42	42	7
70	70	3
126	128	1
26	26	3
10	10	3
16	17	3
101	101	4
125	131	2
83	83	3
91	102	1
27	27	1
68	68	3
100	100	4
51	51	3
59	63	1
111	111	2
110	111	3
79	79	2
129	130	4
92	92	3
120	120	3
45	45	2
39	40	1
56	56	4
107	107	1
55	55	4
97	102	1
96	110	1
40	44	2
74	75	3
130	130	1
41	41	7
62	63	2
65	65	1
101	104	1
70	72	1
64	91	2
72	123	1
69	70	1
64	64	3
43	44	1
119	119	3
91	103	1
88	88	2
17	17	2
76	76	2
50	50	3
101	110	1
14	16	1
106	106	2
125	125	1
21	43	1
13	34	2
69	69	5
12	12	2
46	47	4
61	61	3
112	120	1
38	39	1
67	70	1
94	94	1
89	89	2
67	68	3
108	108	2
54	123	1
109	111	1
43	71	2
39	41	1
25	31	1
1	60	2
86	87	1
118	127	3
22	22	2
23	34	2
1	1	2
104	106	1
30	59	1
53	53	4
85	86	3
129	129	5
109	109	1
54	55	2
118	118	1
81	82	1
23	24	2
113	113	1
102	102	1
57	57	2
131	131	2
0	0	3
108	109	1
87	95	1
29	30	1
38	38	2
89	91	2
63	109	1
85	94	2
21	65	1
19	19	3
95	105	2
42	43	2
85	85	2
9	20	1
86	89	1
2	3	1
99	99	1
80	81	2
5	5	3
66	68	2
48	56	2
123	124	2
95	95	2
123	133	1
46	46	3
14	14	2
124	125	2
100	103	2
49	49	3
39	39	6
128	128	2
111	113	1
33	33	1
13	48	1
65	66	1
85	87	1
109	113	3
84	91	1
14	31	1
9	15	1
17	41	2
62	62	1
63	63	3
98	98	3
94	102	1
22	24	1
46	52	1
103	104	5
77	82	1
4	4	3
20	30	2
88	89	1
66	66	1
27	28	2
11	24	2
125	127	2
30	30	2
103	103	2
93	94	1
18	18	5
52	52	1
7	7	2
132	132	1
20	20	1
15	17	2
24	25	1
52	53	2
32	46	1
118	119	1
39	42	1
57	60	1
20	55	1
73	74	2
79	102	1
9	10	4
54	56	1
66	77	1
60	60	3
47	48	1
91	117	1
31	40	2
100	101	1
43	43	2
54	54	1
87	87	1
112	112	2
77	90	1
11	11	1
3	3	2
119	125	1
32	32	3
7	13	1
44	44	1
31	31	3
6	31	1
73	75	1
79	80	2
2	2	2
65	70	1
13	13	3
60	61	1
17	18	1
116	131	1
114	115	2
18	19	1
68	69	2
87	89	1
40	40	1
122	122	1
56	129	1
123	123	2
23	40	1
31	33	3
0	10	1
23	23	1
33	34	1
127	127	2
59	59	1
25	27	1
81	133	1
3	6	1
20	40	1
21	21	1
28	28	1
71	75	2
21	22	1
126	126	1
79	119	1
80	102	1
57	70	1
75	75	1
64	94	1
24	24	1
101	117	1
77	77	1
99	100	1
40	41	1
81	81	1
126	127	2
54	96	1
89	90	1
74	74	1
84	89	1
105	105	1
68	72	1
8	17	1
9	9	1
113	117	2
50	51	1
128	129	1
8	8	1
13	44	1
40	46	1
43	45	1
61	62	1
44	45	1
84	84	1
