62	62	15
73	73	68
64	64	29
39	39	48
72	72	21
17	17	40
80	80	32
45	45	20
12	12	29
34	35	11
14	15	14
41	42	20
50	51	36
49	49	37
35	35	40
40	40	76
0	0	31
1	1	41
13	13	58
31	64	4
57	57	26
63	63	22
58	58	53
52	53	11
71	71	30
55	55	38
10	10	31
5	6	33
37	37	65
28	28	33
65	66	6
1	2	18
48	48	41
74	74	35
77	77	32
27	28	30
16	16	33
78	78	31
49	50	31
11	11	32
3	3	30
66	67	8
7	9	2
53	53	24
16	17	9
6	6	38
70	70	22
32	32	24
29	30	17
67	68	13
3	4	15
54	54	33
59	59	22
37	39	2
27	55	7
59	60	9
19	19	38
80	81	11
67	67	14
47	47	50
76	76	47
52	54	4
34	64	4
52	52	20
7	7	21
52	56	4
10	11	17
42	42	47
38	38	43
36	38	2
42	43	2
60	61	21
5	5	33
26	26	37
66	66	39
56	56	45
25	26	11
41	41	21
18	18	16
2	2	31
33	33	27
14	50	2
31	32	15
33	34	4
1	3	3
63	64	22
61	61	45
72	75	7
69	69	32
65	65	37
21	21	15
75	75	23
70	75	8
28	29	6
44	44	8
50	50	32
46	46	19
40	41	14
49	52	12
74	75	13
63	78	4
51	51	35
19	21	1
61	62	4
33	71	5
30	30	12
8	8	28
9	9	32
4	4	35
6	7	3
36	36	9
69	70	15
60	60	12
35	62	6
54	56	8
27	27	28
33	63	3
79	79	47
79	80	8
55	56	8
71	72	7
31	31	21
25	25	10
0	5	2
32	34	6
75	77	20
13	14	6
62	64	5
15	15	38
56	57	13
2	3	13
29	34	2
32	33	27
73	75	5
14	14	32
53	55	3
17	48	1
29	33	4
53	54	10
11	12	15
12	14	1
77	78	22
29	29	30
72	73	9
20	20	23
50	54	5
15	19	3
45	46	6
19	20	9
67	70	7
68	71	4
27	56	1
58	60	5
68	72	3
8	10	2
68	69	12
48	49	9
64	65	7
70	71	11
51	52	6
13	15	16
33	72	3
43	43	20
46	47	3
44	45	2
31	33	5
75	78	1
31	34	7
38	39	4
29	65	1
49	56	4
8	9	12
58	59	10
41	46	4
29	32	2
68	68	19
73	74	3
47	48	7
59	61	4
75	76	1
36	42	3
62	63	7
12	13	4
51	54	2
57	58	5
72	74	6
70	72	6
34	62	5
1	5	2
69	71	4
34	34	4
30	33	5
36	37	11
74	76	2
50	52	8
30	32	2
78	79	5
66	70	1
34	63	2
31	68	2
4	5	5
11	25	4
18	47	4
31	67	1
37	42	5
39	40	4
31	58	2
35	57	2
68	70	2
31	69	3
19	26	2
49	54	1
11	26	2
7	8	5
49	53	7
30	31	1
15	51	3
42	44	2
17	18	5
20	21	3
15	49	2
81	81	2
35	37	3
54	55	2
16	21	3
45	47	1
69	72	2
48	56	1
37	79	3
0	6	1
27	29	1
49	51	2
12	20	2
25	77	2
26	27	7
15	16	4
50	53	2
66	69	2
30	58	1
9	10	1
12	21	4
2	37	3
35	36	1
25	53	4
35	58	1
4	6	2
33	59	1
20	26	2
16	20	2
32	71	1
12	15	1
11	21	1
30	34	1
15	50	1
