32	32	9
39	40	9
44	45	2
21	26	3
24	24	15
36	36	15
38	38	12
22	26	4
26	27	2
21	21	8
27	27	11
42	42	17
25	26	7
31	32	1
25	25	17
38	39	9
39	39	12
44	44	10
29	29	6
40	40	25
31	31	13
19	19	9
17	17	11
34	34	6
37	37	10
33	37	2
33	33	17
20	20	13
42	43	16
22	23	7
26	26	8
24	25	2
40	44	4
39	45	6
45	45	8
20	21	6
16	16	9
23	24	1
38	40	3
38	44	2
24	39	1
48	48	1
47	47	9
28	28	15
22	29	5
32	33	7
34	35	7
22	22	5
15	15	2
36	37	10
40	43	3
46	46	9
36	47	2
43	43	14
21	25	7
32	37	5
27	42	4
42	46	1
17	18	7
21	22	3
30	31	5
15	17	2
37	38	1
35	35	10
31	42	4
35	37	3
23	23	6
45	46	2
16	17	1
19	20	3
35	36	5
15	26	4
19	26	3
17	45	2
18	18	8
30	30	6
41	41	4
37	43	1
27	28	3
34	46	1
15	16	2
31	33	4
15	18	1
28	29	2
11	11	5
27	31	1
22	24	1
29	30	1
32	42	1
30	40	1
28	37	1
24	31	2
46	47	1
