42	44	1
105	105	5
78	85	2
71	72	3
68	69	4
103	103	5
34	34	1
65	73	1
72	81	1
96	99	2
70	71	2
31	67	1
49	49	2
84	87	2
102	103	1
31	32	1
100	100	7
59	59	1
72	72	5
62	62	5
22	32	1
64	65	1
57	57	4
33	33	1
35	75	1
76	91	1
36	37	2
82	83	1
44	44	1
60	64	1
85	87	1
53	73	1
70	72	1
48	92	1
58	60	3
67	68	2
55	100	1
73	73	6
39	40	1
35	92	1
69	69	4
68	68	2
41	43	1
92	92	2
23	76	2
91	91	4
32	85	1
60	60	3
102	102	3
39	39	3
27	27	1
22	22	3
77	77	4
69	70	3
81	82	2
55	56	1
54	60	1
52	52	2
56	56	4
81	81	3
70	70	2
101	101	3
35	35	2
90	90	1
21	21	5
63	79	2
53	53	4
61	62	2
32	32	3
23	23	4
59	60	1
53	54	2
94	99	1
29	30	3
64	64	2
25	26	1
59	61	2
103	105	1
104	104	2
34	58	2
50	50	3
80	81	1
55	55	4
76	76	1
66	66	3
98	99	1
31	34	2
88	90	1
75	75	1
78	78	1
36	36	1
50	51	2
61	61	1
50	91	1
103	104	1
35	36	1
86	87	1
40	47	1
26	27	1
32	71	1
56	57	1
48	49	2
51	67	1
42	49	1
37	38	1
95	97	1
100	101	1
31	96	1
94	94	2
80	80	2
91	92	1
96	96	1
72	73	1
60	61	2
27	90	1
64	68	1
40	95	1
33	77	1
27	29	1
88	88	1
36	46	2
54	54	1
89	89	1
43	91	1
33	34	1
31	74	1
80	84	1
68	102	1
61	63	1
25	30	1
87	87	1
31	31	1
93	93	1
86	88	1
25	88	1
43	49	1
79	81	1
95	100	1
75	76	1
51	65	1
42	43	1
51	52	1
106	106	1
29	29	1
