10	10	6
14	22	1
35	133	1
21	21	4
131	131	12
106	107	1
110	113	3
112	113	2
120	121	5
116	116	4
27	27	4
130	137	2
132	132	13
92	92	6
1	1	6
128	129	4
3	5	1
0	14	2
129	129	15
96	96	5
2	2	3
86	86	3
101	116	2
124	124	11
28	29	1
116	117	2
121	121	6
124	125	5
132	133	2
111	116	1
119	119	4
74	74	4
8	24	1
137	137	8
23	23	7
122	122	13
80	86	1
118	118	6
103	103	3
131	133	2
134	134	9
131	132	6
123	123	7
88	88	6
19	19	7
126	127	6
89	89	8
26	84	1
5	77	1
14	26	1
73	73	5
138	138	8
11	16	1
127	129	4
20	21	2
3	125	2
73	87	2
125	125	10
99	99	2
128	128	12
13	13	2
34	34	9
97	98	2
8	8	6
29	31	4
93	93	4
19	20	5
37	37	8
3	12	1
110	110	10
102	102	17
4	4	4
139	139	4
12	12	13
117	117	5
100	124	1
109	109	11
104	104	3
24	25	1
91	91	8
75	75	5
1	4	1
123	124	2
103	109	1
9	9	7
110	111	7
83	83	3
120	122	4
130	130	12
34	35	3
135	135	7
11	11	3
77	77	5
126	126	14
81	82	7
83	84	4
7	8	5
26	26	10
9	81	1
15	16	3
82	86	2
25	26	2
37	38	5
5	130	2
91	115	1
23	26	1
81	81	8
12	79	3
130	131	2
32	32	8
114	114	3
97	115	2
3	4	2
24	24	6
20	20	4
5	5	8
98	98	6
71	74	1
101	101	3
94	95	2
95	101	1
3	3	2
1	25	1
90	90	3
82	82	11
2	27	1
15	15	2
74	75	1
14	25	3
103	104	2
38	38	2
17	17	3
25	84	3
97	97	5
6	6	5
79	80	4
127	128	5
25	27	2
27	30	4
13	14	6
15	31	1
103	107	1
85	86	2
0	0	1
102	103	1
140	140	8
71	72	5
3	10	1
25	72	1
105	116	2
102	104	1
91	122	1
104	105	2
107	107	4
73	75	1
122	123	6
33	33	3
133	133	4
84	121	1
36	37	3
96	125	1
71	73	1
13	32	1
75	115	2
127	127	5
18	18	2
7	7	6
18	23	1
25	30	3
16	17	2
2	7	1
22	26	1
96	100	3
78	78	4
87	87	3
71	71	4
87	88	4
77	80	2
73	82	1
117	118	1
91	93	1
76	76	6
29	30	1
25	25	7
2	3	2
95	96	2
2	8	2
0	1	1
100	114	1
13	16	2
33	36	1
76	77	2
28	28	2
129	130	2
86	87	1
115	115	2
78	88	2
102	106	1
100	100	4
16	72	3
28	30	2
21	33	2
5	36	1
8	81	3
16	16	9
92	93	4
88	115	1
80	80	4
114	121	1
7	26	2
113	113	5
101	102	2
105	105	4
95	108	2
17	22	1
23	24	4
0	126	1
27	28	2
9	12	2
108	109	3
27	37	1
112	117	1
73	88	1
82	84	5
123	127	2
87	94	1
80	85	1
10	12	1
13	23	3
18	20	1
82	83	1
119	121	1
135	136	5
35	35	3
0	138	1
113	123	1
137	138	8
111	111	2
134	135	5
17	110	2
10	11	1
95	95	2
94	94	3
99	125	1
7	14	1
31	32	1
23	25	2
136	136	2
100	115	1
87	103	1
133	134	2
2	127	1
106	106	5
85	85	2
93	94	2
93	119	2
98	99	2
0	2	1
95	123	1
29	29	3
71	81	2
126	130	1
30	30	4
78	83	1
114	115	2
77	84	1
136	137	1
73	86	1
1	11	1
1	2	4
124	130	1
84	85	3
104	106	1
12	13	2
30	31	1
88	89	1
95	116	1
78	81	1
9	19	1
130	132	2
85	105	2
13	27	1
17	19	1
33	74	1
112	119	2
96	99	1
81	85	1
125	126	1
0	4	1
113	121	4
20	28	2
130	133	1
97	126	3
77	78	2
15	17	2
4	5	1
84	106	2
90	91	1
138	139	4
120	120	4
95	127	1
89	90	3
119	120	4
27	34	1
111	124	1
11	13	1
138	140	2
103	122	1
6	80	1
21	30	1
17	23	1
14	14	4
100	123	1
21	29	1
102	107	1
87	104	2
96	97	3
33	34	2
36	36	2
6	20	1
82	105	1
72	72	3
2	14	1
8	15	1
92	105	1
22	24	2
31	31	6
5	15	1
26	38	1
32	73	1
28	33	1
78	79	3
76	115	2
126	128	1
84	84	1
101	126	2
131	140	1
22	27	1
94	120	1
25	38	2
99	100	1
75	77	2
73	74	1
13	15	1
6	77	1
84	105	1
134	138	1
104	116	1
77	93	1
121	122	3
22	25	1
76	78	2
2	6	1
107	108	1
17	108	1
3	7	1
91	92	1
93	112	1
35	36	1
76	79	1
14	20	1
79	85	1
14	16	1
14	23	1
103	106	1
90	124	1
134	136	1
7	9	1
118	119	1
17	26	1
9	13	1
78	85	1
93	104	1
108	108	1
28	31	1
9	84	1
26	85	1
139	140	2
11	109	2
79	79	1
3	8	1
113	120	1
110	116	1
93	106	1
18	19	1
9	26	1
22	33	1
89	108	1
133	135	1
106	117	1
94	110	1
