53	53	6
134	135	2
127	129	2
36	36	3
127	127	5
22	25	2
21	22	1
95	95	10
113	113	2
28	28	5
52	54	1
8	8	5
133	133	10
86	86	6
57	58	1
62	64	3
69	88	2
111	125	1
117	117	9
35	35	2
59	59	1
3	5	1
1	1	7
116	116	10
26	26	3
111	113	3
132	132	3
110	110	6
22	22	5
90	90	4
105	111	3
127	134	1
49	49	5
103	103	8
29	30	1
83	88	1
123	124	9
115	124	1
91	104	2
105	105	10
124	125	2
106	116	3
64	64	7
95	97	2
56	59	1
7	7	11
8	9	2
72	77	2
105	122	2
106	111	2
100	100	8
49	50	5
119	123	1
33	34	2
77	79	1
120	120	7
92	92	4
127	133	1
98	98	9
94	94	6
114	128	3
123	123	6
79	80	4
91	91	9
87	88	3
23	35	1
104	104	12
90	99	1
105	106	3
3	3	1
107	109	3
24	25	2
59	60	1
74	74	14
73	74	5
0	22	1
112	112	7
126	126	9
72	72	9
99	99	6
12	12	5
119	119	5
22	84	1
76	76	8
91	112	1
91	92	3
79	94	2
85	85	5
70	71	1
121	121	7
3	4	2
94	131	1
60	61	6
121	129	2
89	89	5
131	131	5
90	91	3
86	132	1
15	15	5
118	118	6
116	117	2
33	69	2
50	53	2
45	45	5
32	32	8
25	25	6
13	13	9
119	122	1
55	55	2
92	104	1
95	96	2
6	7	3
127	128	6
32	74	1
133	134	2
54	54	7
81	114	1
83	83	7
107	119	2
0	0	2
73	73	5
52	52	3
82	83	3
77	78	4
5	5	4
117	120	1
134	134	3
86	133	1
7	8	5
58	58	2
9	10	3
58	64	1
100	101	2
68	68	2
48	48	4
103	104	1
78	78	11
75	75	12
114	114	4
1	2	4
126	127	2
76	77	3
50	52	2
25	26	1
57	57	2
61	87	2
27	27	3
80	80	9
79	79	6
78	96	1
57	60	2
49	54	2
95	99	1
88	90	2
122	123	3
63	63	3
18	18	2
64	106	1
101	102	4
71	71	9
100	125	1
112	115	1
65	69	1
104	112	1
72	73	4
125	125	4
94	95	3
113	115	3
66	66	2
92	107	1
73	75	2
109	109	2
122	131	1
4	5	3
64	66	2
70	70	6
129	131	2
82	82	5
93	93	6
106	106	6
20	21	2
73	123	1
128	129	4
74	78	2
19	23	1
46	46	1
31	31	5
2	2	2
65	75	1
104	115	1
29	71	1
97	129	2
107	107	3
105	124	1
11	62	1
105	120	1
64	86	1
29	29	2
54	83	1
112	131	1
59	70	1
32	71	1
26	75	1
28	90	2
45	46	1
87	87	6
103	105	1
122	122	2
77	77	6
44	44	1
28	75	1
43	43	4
119	120	2
62	63	7
53	127	1
123	134	1
117	118	2
50	50	5
84	86	2
44	45	3
24	24	3
7	9	2
69	69	5
115	115	8
88	89	1
0	1	2
54	57	1
73	77	1
56	56	4
64	65	1
115	116	3
36	38	1
62	62	7
120	121	1
45	54	1
118	129	1
81	81	3
110	129	1
16	17	2
129	130	3
0	5	1
67	68	2
113	114	1
30	30	3
111	130	1
56	58	1
68	69	2
14	15	1
53	54	1
19	20	2
96	99	1
128	130	1
7	24	1
49	55	1
111	111	6
118	123	1
13	49	1
130	130	8
109	110	2
28	31	1
106	107	3
61	62	2
10	11	1
2	135	1
112	116	2
45	52	1
108	111	1
52	55	1
99	103	1
106	108	2
101	122	1
105	112	1
50	88	1
95	126	1
37	37	2
65	65	1
63	90	1
52	57	1
67	67	2
31	32	2
82	92	2
98	133	1
106	110	1
90	98	1
82	84	2
99	126	2
27	28	1
72	81	1
69	70	1
76	134	1
18	93	1
12	14	1
34	34	1
64	68	1
38	38	1
64	87	1
4	4	2
23	23	3
114	115	2
102	104	2
101	121	1
16	55	1
14	135	1
45	47	1
88	88	4
125	135	1
80	93	1
77	84	2
95	124	1
44	88	1
54	62	2
62	68	1
102	123	1
97	97	2
19	19	1
97	98	3
100	120	1
20	57	1
125	129	1
12	13	2
5	12	2
50	61	1
5	6	1
98	99	4
101	105	1
13	14	1
36	81	1
91	114	1
86	87	1
46	47	1
112	113	2
63	88	1
13	73	1
95	98	1
117	121	1
84	85	1
125	127	1
21	21	3
105	118	2
104	106	1
7	11	1
14	14	2
70	76	1
108	109	1
101	101	7
54	56	1
82	86	1
63	64	3
75	103	1
118	120	1
55	60	1
119	132	1
116	120	1
80	82	2
78	79	1
101	104	1
58	59	2
105	126	1
50	51	1
58	62	1
124	124	1
105	108	1
76	78	1
131	135	1
121	122	1
129	129	1
78	81	1
84	84	1
95	113	2
70	103	1
108	113	1
69	78	1
11	11	2
100	119	1
62	103	1
54	59	1
72	82	1
130	132	1
77	88	1
91	105	2
9	9	1
100	104	1
59	67	1
16	16	2
25	89	1
30	32	2
108	115	1
11	27	1
45	53	1
7	25	1
128	128	1
111	124	1
81	92	1
60	69	1
56	57	1
27	60	1
110	114	1
103	124	1
96	112	1
59	62	1
85	86	1
6	6	2
42	66	1
30	31	1
76	103	1
52	74	2
109	111	1
71	103	1
52	60	1
131	134	1
109	112	1
26	27	1
93	102	1
126	134	1
88	93	1
18	19	1
122	127	1
43	60	1
52	62	1
87	101	1
49	61	1
95	123	1
96	97	1
102	102	2
28	104	1
96	123	1
113	120	1
61	68	1
129	132	1
115	118	1
35	36	1
32	33	1
4	6	2
96	96	3
96	114	1
61	84	1
58	61	1
34	36	1
55	58	1
62	65	1
17	17	1
85	92	1
62	71	1
108	108	1
63	65	1
92	93	1
10	10	1
59	66	1
