117	119	3
74	74	12
74	75	2
79	79	10
73	95	1
91	92	4
127	128	5
111	121	1
64	64	13
72	72	13
123	123	12
103	103	9
124	125	4
63	64	6
103	124	3
116	118	6
102	102	23
130	130	10
108	108	10
86	87	5
29	29	9
17	96	1
109	109	5
49	98	1
122	122	23
90	115	1
27	28	4
119	122	1
104	104	14
88	88	12
105	126	2
20	20	7
84	84	10
111	111	9
94	95	8
28	28	6
65	65	6
126	126	14
42	43	2
118	118	25
57	61	1
119	120	5
26	100	1
12	12	7
1	2	9
20	21	5
101	102	6
54	60	2
129	129	11
107	109	5
55	55	9
43	44	8
90	90	20
4	5	8
92	92	11
33	34	3
108	109	7
80	86	2
107	107	20
112	112	9
68	69	2
110	110	13
7	10	2
122	130	2
78	78	8
99	101	5
75	76	6
95	95	10
57	59	5
43	45	2
83	84	6
19	21	1
125	125	13
105	105	14
124	127	2
123	127	6
22	22	9
49	50	6
58	58	18
13	17	1
43	43	13
21	22	6
57	57	7
11	11	11
125	128	1
32	33	4
38	38	5
112	113	9
62	63	2
82	82	15
16	16	15
35	35	14
26	26	6
98	98	13
132	132	18
77	80	1
102	106	2
77	77	9
61	61	9
91	91	11
59	59	11
76	90	2
129	132	3
121	121	3
65	66	3
21	21	6
111	112	5
126	127	8
79	108	1
69	81	1
25	25	8
96	97	4
86	86	6
83	96	3
55	56	11
10	10	2
133	133	5
81	82	2
87	87	10
64	65	5
21	36	1
62	77	1
85	86	1
93	93	11
43	69	2
84	85	11
76	76	4
31	34	6
61	62	5
52	52	9
28	29	2
115	115	8
50	50	8
114	114	5
8	16	1
15	20	1
92	119	1
118	130	1
68	68	13
93	94	7
15	92	1
67	67	8
60	67	2
85	85	3
98	102	5
10	37	1
124	128	1
116	119	1
58	61	1
131	132	1
48	48	9
77	91	1
56	58	8
114	115	8
22	23	9
87	88	3
7	7	5
66	86	3
74	88	1
14	15	8
69	95	1
44	44	8
125	126	4
49	49	3
122	125	2
54	59	3
97	97	9
63	65	3
52	55	1
61	72	2
73	73	20
3	34	1
127	133	2
95	96	5
52	76	2
109	110	3
113	113	10
77	97	1
109	121	3
82	84	3
28	57	4
72	94	1
53	53	9
63	63	9
118	124	1
110	111	5
70	70	11
130	131	13
99	99	7
119	119	8
94	94	14
66	67	6
3	3	6
111	130	1
102	103	4
62	69	2
104	105	4
19	43	1
116	117	5
15	21	1
32	32	6
27	27	6
69	80	1
15	16	5
23	23	5
9	9	6
63	68	3
91	115	1
24	50	1
6	7	4
57	58	9
15	15	7
56	56	8
128	129	5
50	78	5
100	123	2
62	65	2
16	121	1
12	89	1
60	61	10
0	0	6
109	120	1
25	44	1
108	121	2
121	122	8
1	1	8
127	127	9
99	100	2
104	120	1
54	54	6
98	112	1
106	106	7
2	2	8
89	105	1
29	34	3
51	72	1
16	18	1
46	47	2
16	27	1
101	101	13
57	97	1
120	120	6
89	89	10
11	12	1
0	1	1
56	98	2
37	42	2
5	5	6
58	59	3
71	71	5
60	66	3
31	102	2
54	57	4
113	115	5
118	121	1
118	119	5
52	54	2
37	37	2
96	96	5
34	35	1
69	83	1
45	45	5
35	36	2
13	14	6
62	64	2
60	77	1
30	43	2
83	83	4
131	131	10
91	105	2
105	108	2
110	114	3
107	108	5
24	24	5
44	56	2
33	53	1
124	124	11
82	95	1
128	128	5
116	123	2
100	101	4
80	97	1
54	55	2
14	30	2
77	78	6
33	33	10
82	87	2
67	82	1
8	10	3
63	79	3
124	133	2
82	83	5
4	4	5
16	17	7
45	51	2
108	117	2
8	9	6
108	133	2
88	90	2
29	30	4
62	80	1
114	118	1
119	121	2
106	107	4
118	123	1
13	117	1
60	60	8
55	58	4
117	117	5
5	37	1
56	97	1
120	121	5
125	129	4
97	98	3
33	35	1
90	94	1
127	135	2
50	73	1
65	69	1
7	12	2
14	14	3
18	19	1
105	107	1
92	94	2
69	69	6
126	134	3
75	77	1
88	89	2
105	106	2
130	132	4
66	83	2
91	118	2
70	93	3
116	116	11
1	31	3
99	102	3
86	96	2
75	75	6
79	80	2
62	75	1
17	17	2
62	68	1
19	20	6
53	59	2
131	134	3
44	54	1
63	80	2
125	133	2
134	135	4
25	101	1
19	19	6
120	126	1
2	3	4
61	63	2
101	135	1
29	31	1
7	8	3
100	100	7
106	109	1
8	8	6
26	35	4
79	91	3
0	2	1
21	23	1
111	113	4
71	78	1
103	104	1
89	95	1
7	13	1
74	94	1
123	124	3
14	18	1
34	34	3
123	132	3
54	61	1
104	126	1
56	57	2
69	70	1
114	119	2
25	28	3
116	130	2
113	114	2
47	52	1
47	48	1
111	114	1
125	130	1
7	18	1
7	22	2
30	30	2
31	33	2
50	51	1
89	94	1
108	111	1
43	97	2
27	34	2
104	134	3
52	53	7
77	79	2
54	63	1
33	102	2
14	100	1
9	11	1
72	73	7
65	80	1
129	131	1
65	70	1
13	13	9
17	18	2
9	19	1
15	61	1
18	18	2
45	100	1
49	72	2
117	118	4
132	133	3
62	62	8
110	118	1
6	6	6
114	123	1
114	122	2
126	128	1
118	129	1
115	129	2
9	10	4
80	80	6
56	79	2
129	130	2
71	79	1
46	96	1
92	109	2
67	69	1
76	118	1
48	49	1
54	56	1
120	122	1
64	89	1
110	113	3
121	127	1
90	91	2
24	25	1
64	69	1
119	123	1
57	60	1
122	132	4
96	98	2
0	21	1
86	88	1
77	105	1
78	79	1
81	85	1
51	51	1
67	70	2
0	134	2
114	121	1
122	124	2
108	110	1
92	97	1
27	60	3
85	88	1
94	96	1
115	116	3
49	51	3
59	60	1
5	7	2
70	71	6
71	72	2
31	31	8
89	90	2
3	4	1
80	113	1
99	126	1
71	73	2
61	65	1
111	120	1
16	21	1
86	95	2
100	112	2
30	31	2
45	49	1
66	66	3
116	120	1
80	85	1
46	55	1
122	123	5
132	135	1
49	54	1
25	26	1
115	122	1
36	36	1
114	117	1
44	52	1
64	80	2
134	134	7
59	96	1
124	131	2
37	39	1
113	119	1
56	60	2
17	28	1
83	87	1
15	17	2
44	100	1
76	82	1
130	133	1
29	35	2
52	91	2
94	97	1
114	125	1
82	88	1
111	122	1
13	95	1
78	84	1
13	71	1
113	116	1
115	117	2
74	81	3
97	105	2
64	87	1
69	79	2
113	125	3
124	129	1
18	20	1
99	113	1
14	101	1
1	3	1
56	59	1
53	62	1
78	92	1
31	35	1
12	31	1
99	117	1
106	111	3
70	75	1
26	27	1
106	133	1
17	100	1
69	91	2
130	134	1
90	113	1
56	66	1
66	84	1
106	110	2
111	119	1
113	124	1
13	16	2
10	11	3
92	93	3
78	82	1
132	134	1
81	81	1
48	99	1
49	53	1
45	46	1
76	77	2
31	32	3
109	113	1
9	13	1
106	108	2
107	111	1
58	75	1
50	54	1
74	76	2
118	122	1
123	128	1
37	44	1
65	67	1
61	68	1
66	80	1
45	50	1
67	68	2
30	126	1
48	98	1
8	19	1
55	57	1
111	117	1
116	131	1
122	133	1
110	115	1
79	86	1
64	68	1
53	57	1
121	133	2
26	28	2
45	96	1
106	117	1
64	66	1
68	81	1
50	52	1
36	38	1
100	114	1
6	21	1
123	125	1
1	4	1
112	114	1
65	68	1
73	74	2
90	103	1
43	49	1
68	80	1
92	123	1
63	66	1
61	66	1
34	45	1
59	77	1
44	45	1
68	88	1
11	13	1
76	78	1
18	118	1
47	47	1
123	130	1
120	127	1
45	58	1
108	118	1
100	119	1
67	85	1
127	129	1
124	134	1
62	97	1
14	29	1
91	93	2
10	12	1
21	29	1
32	34	1
30	102	1
61	64	2
108	113	1
7	9	1
53	54	1
117	122	1
34	102	1
16	60	1
21	35	1
88	91	1
10	13	1
115	118	1
90	99	1
44	50	1
72	74	1
