79	83	1
52	56	1
6	18	1
149	150	1
97	98	5
116	116	4
30	30	8
24	24	5
11	81	2
36	36	5
98	98	7
10	11	2
96	96	5
55	55	4
152	152	4
85	86	1
66	82	1
40	44	1
70	71	1
149	149	1
149	151	1
66	66	1
27	30	2
83	83	6
4	5	2
21	27	1
75	76	1
9	9	1
113	113	5
71	86	1
70	136	2
26	26	4
66	99	1
118	119	2
14	15	5
35	57	2
143	143	3
94	98	3
57	63	4
137	138	2
107	107	1
18	18	2
123	123	4
101	102	1
37	37	3
93	93	1
111	113	2
45	45	5
4	7	2
72	87	1
12	12	3
72	99	2
19	19	3
29	29	6
122	123	4
78	81	1
63	63	4
77	84	4
94	97	1
57	57	5
79	79	3
102	114	3
76	84	2
74	74	3
43	51	1
84	84	2
64	78	2
9	29	1
139	148	1
46	46	3
41	45	2
82	82	5
45	112	1
95	102	1
95	95	2
86	86	2
146	150	2
34	34	4
50	50	1
104	113	1
69	69	1
71	77	1
78	78	6
31	31	4
21	25	2
108	110	3
4	12	1
83	84	3
95	97	1
133	135	1
72	77	1
40	40	3
53	53	2
90	90	4
11	11	2
105	112	1
50	84	1
49	54	1
78	79	1
80	80	1
147	147	4
11	35	1
34	77	1
47	47	2
109	111	2
94	94	3
106	110	3
27	27	4
78	80	2
57	77	2
42	42	1
25	25	4
91	92	3
44	103	1
99	126	1
146	146	2
42	45	3
28	28	3
127	127	4
65	125	1
103	103	1
76	76	2
108	113	1
8	28	1
129	129	1
65	66	1
75	84	1
23	24	1
21	28	2
51	83	1
92	121	2
39	54	1
112	112	2
120	145	1
128	146	1
124	124	2
25	26	2
94	95	6
95	98	1
26	57	4
79	86	2
8	8	1
64	64	5
52	55	1
41	41	1
39	39	4
16	24	2
76	82	3
138	138	2
89	89	1
107	150	2
131	131	1
126	127	1
122	122	1
16	17	1
38	38	3
17	17	4
27	31	3
110	110	1
106	106	2
79	80	2
48	48	3
35	35	5
5	18	1
133	133	3
144	144	1
84	86	1
32	33	2
85	143	1
67	69	1
32	32	1
51	51	1
22	22	1
11	18	1
145	146	2
108	152	1
120	120	3
74	105	1
66	75	2
77	93	2
65	84	1
106	152	1
25	40	2
16	16	3
108	147	2
126	126	3
123	128	2
67	75	1
142	147	1
15	16	1
136	141	2
22	28	1
111	111	1
118	130	1
33	53	1
84	85	1
108	146	1
119	120	1
19	22	1
58	94	1
103	110	1
81	83	1
22	33	2
131	137	1
42	43	3
119	119	1
4	13	1
13	13	1
87	87	1
123	154	1
49	49	1
131	132	1
100	100	2
85	85	2
92	93	1
47	123	1
6	6	2
141	141	2
15	18	2
18	20	1
137	137	1
65	79	1
8	9	1
6	23	1
17	19	1
14	14	1
135	135	4
26	32	1
93	101	1
62	82	1
62	71	1
44	44	1
36	52	1
10	10	1
115	126	1
128	128	2
126	144	1
115	117	1
35	116	1
21	29	2
141	144	1
58	104	1
31	53	2
30	35	1
96	102	2
72	98	1
56	57	2
125	131	1
23	36	1
73	86	1
112	113	1
91	93	1
107	117	2
117	122	1
34	36	1
5	6	1
13	14	3
67	67	1
20	24	1
139	139	2
47	54	1
70	70	1
121	122	2
73	96	1
77	77	1
23	25	1
71	71	1
6	11	1
109	109	1
75	75	2
72	134	1
5	5	1
