1	1	1
74	74	4
62	62	2
154	154	2
54	54	4
16	17	1
133	134	4
136	136	1
51	51	1
127	127	1
27	174	1
44	44	3
57	58	1
143	171	4
197	197	7
75	106	2
26	26	3
37	37	6
84	136	2
235	235	1
181	181	1
215	215	2
191	191	2
202	202	3
224	228	1
5	22	1
73	74	1
225	225	1
181	182	1
21	21	2
22	225	1
185	186	2
166	167	1
213	213	2
6	17	2
28	201	1
101	102	1
175	197	2
197	198	2
188	189	3
40	40	2
0	0	1
64	64	5
11	11	5
23	23	1
15	19	3
41	41	6
58	77	1
139	143	2
46	64	2
43	46	1
30	197	1
30	30	3
113	113	2
188	188	8
242	242	1
140	140	2
143	143	3
177	183	1
63	63	1
51	52	2
139	139	2
194	194	4
10	42	1
180	181	1
4	24	2
30	31	1
29	29	2
42	42	1
228	230	3
172	192	1
183	219	2
219	220	1
227	227	2
184	184	2
191	193	1
73	73	3
96	96	1
25	236	1
20	20	3
230	230	5
160	161	1
79	80	1
212	213	2
183	183	6
24	25	3
172	172	2
138	138	1
234	234	2
102	103	2
100	100	2
161	162	3
6	16	2
196	197	1
72	72	3
67	68	3
28	28	2
101	101	4
0	6	1
155	159	2
43	45	1
129	130	1
140	141	1
83	84	3
29	30	1
147	149	2
159	159	1
13	13	1
116	124	1
10	10	1
22	22	4
201	201	6
72	99	1
81	83	1
180	180	3
84	179	1
32	32	3
70	86	2
32	38	1
15	30	3
77	84	1
175	176	1
137	137	3
58	58	2
29	36	1
218	228	1
181	207	2
169	170	1
45	45	2
136	137	1
171	171	3
105	106	1
17	17	1
39	43	2
198	200	1
226	227	1
198	203	1
223	223	3
192	220	4
10	73	1
107	107	1
190	190	1
38	39	1
27	37	1
35	36	1
203	204	1
49	50	2
122	138	1
157	157	1
104	105	2
5	6	1
6	34	1
9	9	3
218	229	2
85	85	1
10	225	2
95	95	2
166	166	1
81	81	3
212	212	2
39	39	2
173	174	2
131	141	2
178	178	2
78	79	3
84	86	1
110	162	1
60	99	1
105	105	2
99	105	1
115	116	4
33	33	2
224	227	2
206	208	1
69	69	2
236	236	1
150	151	1
7	8	1
31	32	2
69	70	1
150	150	1
143	144	1
237	237	3
205	206	1
97	97	2
177	177	2
70	70	2
55	55	2
198	198	1
156	158	1
119	129	1
80	81	1
135	135	2
223	224	1
52	53	2
144	144	1
126	126	2
34	36	1
142	143	1
127	128	1
155	157	1
104	119	1
28	40	1
160	160	3
25	45	1
6	15	2
19	19	4
71	71	3
173	197	1
20	224	1
18	38	1
232	233	1
61	118	1
143	170	1
111	111	1
61	100	1
99	118	1
61	61	1
68	68	2
12	15	1
82	84	1
95	100	1
134	146	1
195	195	1
217	217	2
173	173	2
153	153	1
211	217	1
47	142	1
88	88	1
61	73	1
38	38	2
74	75	2
75	84	1
148	161	1
184	186	1
55	69	1
128	128	1
189	221	1
48	49	1
156	156	1
3	3	1
25	25	1
159	160	1
145	164	1
53	53	1
107	108	1
42	43	1
197	199	1
194	195	3
104	129	1
104	117	1
174	174	1
56	56	1
144	145	1
213	215	1
115	126	1
172	190	1
11	71	1
47	55	1
41	42	1
103	103	1
75	75	1
14	14	1
178	188	1
223	229	1
207	207	2
138	139	1
163	163	1
17	31	1
225	226	1
229	229	1
23	24	1
222	222	1
84	216	1
10	238	1
47	48	1
131	131	1
58	76	1
235	236	1
47	50	1
30	42	1
65	234	1
11	221	1
26	27	1
