70	70	2
27	61	2
28	28	2
48	49	3
53	53	2
68	69	1
26	26	1
10	11	2
27	29	1
66	66	3
55	56	2
15	15	1
69	69	2
59	60	1
27	27	2
52	52	3
3	15	1
82	82	2
4	29	1
52	80	1
8	12	3
84	84	3
57	57	2
60	60	1
51	54	3
6	6	1
23	23	1
50	51	3
61	62	3
71	71	3
12	16	1
24	30	2
19	23	1
80	80	1
88	88	3
21	21	1
13	13	4
1	1	4
55	62	1
24	62	2
30	30	3
84	85	1
57	58	3
83	83	2
24	28	1
61	61	1
56	56	2
24	58	1
65	65	1
0	0	1
68	68	1
85	85	2
83	86	2
26	34	1
87	87	3
3	4	1
24	24	1
78	79	1
76	76	2
10	12	1
63	64	1
0	1	1
22	22	2
25	60	1
59	59	1
34	34	1
78	78	1
50	50	2
54	54	1
54	55	2
53	54	1
75	77	1
74	74	1
23	57	1
23	24	1
4	4	2
66	80	1
52	60	1
29	30	1
20	20	1
49	49	1
5	9	1
7	10	2
76	77	1
47	48	1
90	90	1
11	11	1
12	12	1
48	66	1
31	31	3
17	17	1
54	58	1
64	78	1
73	73	1
7	7	1
75	76	1
