124	125	6
137	138	3
57	58	1
133	133	1
117	139	1
99	100	2
41	42	2
139	140	2
60	60	1
130	130	2
68	68	4
90	91	1
54	55	2
143	144	2
85	85	3
16	17	1
81	81	2
108	108	2
53	53	3
129	129	1
128	129	1
61	61	2
26	26	1
126	140	1
36	38	1
31	32	2
86	92	1
102	102	1
70	71	1
124	124	3
95	95	2
135	140	2
77	77	1
13	40	1
97	98	2
31	33	1
120	121	3
88	88	3
38	38	2
135	135	2
28	29	1
5	5	2
139	139	2
14	14	1
129	130	1
9	9	1
131	131	2
65	65	1
127	127	4
69	69	1
19	142	1
94	139	1
83	84	2
69	90	1
11	38	1
15	15	2
66	88	1
98	98	2
87	87	1
10	11	1
68	87	1
61	72	1
5	20	2
79	80	1
28	63	2
118	119	3
118	134	1
118	118	3
130	131	5
40	49	1
28	28	3
28	55	2
10	18	1
125	126	2
65	66	1
102	103	1
94	94	2
136	138	1
74	75	1
93	94	2
62	107	1
78	79	1
37	38	1
126	126	3
29	29	1
100	100	2
105	105	3
35	36	1
91	91	2
117	143	1
81	116	1
20	23	1
16	133	1
101	113	2
121	121	1
58	58	3
119	119	2
63	63	1
18	19	4
119	120	1
39	41	1
37	37	1
2	2	1
96	96	2
19	19	2
11	11	1
64	64	2
125	125	4
18	18	1
136	136	2
55	55	1
73	73	2
33	33	2
58	59	2
21	21	3
41	41	5
16	16	1
0	1	1
108	119	1
105	106	1
117	122	1
103	103	1
74	76	2
123	123	2
52	53	1
54	54	2
146	146	3
64	75	1
118	120	1
122	125	1
67	132	1
92	93	1
10	38	1
59	63	1
107	107	1
81	82	2
67	67	2
6	6	1
8	9	3
43	48	1
49	53	1
65	67	1
89	116	1
127	128	1
114	114	2
71	71	2
136	137	2
25	25	3
125	133	1
123	126	1
93	93	1
59	59	2
22	25	1
80	81	1
144	144	2
140	140	1
82	83	1
91	96	1
32	33	1
137	137	1
101	102	1
116	116	2
13	15	1
57	57	1
100	101	1
77	78	1
107	110	1
109	109	2
8	8	2
114	115	1
117	117	1
27	27	1
25	27	1
23	29	1
26	27	1
78	88	1
134	134	1
97	138	1
120	120	1
26	100	1
74	74	2
85	86	1
10	10	1
6	8	1
75	76	1
42	42	2
123	124	1
63	72	1
94	97	1
48	50	1
99	101	1
17	47	1
72	81	1
143	143	1
34	34	1
123	125	1
39	40	1
36	36	2
127	132	1
126	127	1
52	52	1
22	22	1
76	77	1
67	87	1
86	100	1
133	135	1
10	12	1
132	133	1
134	135	1
93	100	1
65	68	1
30	30	1
20	26	1
