50	50	11
64	65	1
84	87	2
54	54	1
85	85	2
128	128	4
41	42	2
45	45	1
115	115	6
102	120	2
68	69	1
111	111	3
32	32	1
62	63	3
18	19	2
14	16	1
10	10	3
6	6	1
52	52	2
9	53	1
6	7	3
114	114	1
130	131	1
20	20	3
12	12	1
117	117	4
58	58	3
92	93	1
1	2	1
105	105	2
22	22	3
71	71	2
118	125	1
114	115	1
127	127	5
80	80	1
49	49	3
60	60	1
4	5	1
69	69	2
58	62	3
131	132	1
88	90	1
27	27	3
73	73	1
80	88	2
56	56	4
9	9	3
81	85	1
75	75	1
54	56	3
102	108	2
65	65	1
96	96	4
7	7	3
18	18	2
14	17	3
33	33	3
102	103	1
4	4	1
38	40	1
111	114	1
112	112	2
79	79	2
68	116	1
1	1	2
100	101	2
109	110	1
14	15	1
125	125	2
46	48	3
12	18	1
29	30	3
45	48	1
17	17	1
76	77	1
20	65	1
90	90	4
66	113	1
117	118	2
26	26	3
41	67	1
113	113	1
122	122	1
109	109	2
93	93	1
108	108	2
58	59	1
34	34	1
66	67	1
75	90	1
41	45	2
60	65	1
123	123	3
39	39	2
21	21	1
11	14	2
104	108	3
82	83	2
26	42	1
3	3	2
103	114	1
26	27	1
73	74	1
53	54	4
74	75	1
49	51	1
23	23	2
127	128	2
88	89	1
65	109	1
48	48	2
3	10	1
65	119	2
103	103	1
88	88	2
111	119	1
121	121	2
67	115	2
125	127	1
86	86	1
16	17	2
92	92	3
42	42	1
109	113	1
116	131	2
129	129	2
50	51	1
45	47	1
67	68	1
18	71	1
82	88	1
94	95	2
110	113	1
63	63	1
130	130	2
62	62	2
95	96	1
2	6	1
11	12	1
18	21	1
50	109	1
72	72	2
128	129	1
126	128	1
107	119	2
90	91	2
19	20	1
65	68	1
96	122	2
75	76	1
87	87	2
52	54	1
52	106	1
96	97	1
57	57	2
118	118	1
110	110	3
51	51	2
74	74	1
114	120	1
123	132	1
11	11	1
27	42	1
91	92	2
112	118	1
15	15	1
46	109	1
42	53	1
51	52	1
104	117	1
132	132	1
17	18	2
6	46	1
105	119	1
106	107	1
104	105	2
86	90	1
38	57	1
125	126	1
40	76	1
88	91	1
89	89	1
70	71	1
25	26	1
77	81	1
99	100	1
95	95	1
71	73	1
102	104	1
12	20	1
116	117	1
31	41	1
43	43	1
53	53	2
94	94	1
117	131	1
47	48	2
114	116	1
32	33	1
93	123	1
126	126	1
106	106	1
104	104	2
124	130	1
31	32	1
59	59	1
100	102	1
77	77	1
0	1	1
68	102	1
113	114	1
66	74	1
114	117	1
