75	75	6
70	70	4
27	27	5
5	5	3
19	19	2
45	46	1
38	38	4
71	71	7
49	49	1
80	80	3
34	34	3
74	74	5
39	41	2
50	69	2
15	20	2
16	16	2
49	63	1
7	16	1
3	15	1
73	73	4
61	67	1
50	52	8
32	62	1
8	8	1
21	48	2
28	28	2
51	51	1
37	38	3
72	72	5
48	48	2
36	36	3
14	14	1
49	51	1
3	6	2
0	1	2
9	10	2
62	62	1
67	67	3
61	62	2
13	14	4
41	42	2
6	7	2
63	64	2
37	39	2
10	10	1
64	64	3
69	69	2
48	53	1
43	55	2
45	80	1
79	79	5
50	50	1
4	4	2
53	66	1
65	65	2
35	35	2
73	76	1
17	36	1
4	38	1
53	54	1
12	13	1
39	39	1
67	68	1
40	40	4
46	46	2
17	17	2
21	27	1
55	56	3
8	28	1
3	4	1
70	71	2
33	33	3
6	65	1
52	52	2
79	80	2
17	26	1
55	55	4
59	61	1
57	57	2
59	76	1
1	1	3
18	18	3
42	78	2
51	79	2
60	61	1
25	26	1
66	68	1
66	67	1
4	79	1
74	75	3
53	53	1
27	28	1
9	9	1
29	29	1
3	3	1
61	61	1
58	59	1
71	72	2
68	68	2
28	45	3
1	8	1
53	71	1
45	47	2
62	63	1
76	76	1
59	59	2
31	32	1
21	30	1
56	65	1
77	78	1
29	30	2
1	80	1
51	52	1
19	54	1
6	6	1
12	27	1
55	76	1
77	77	2
42	42	1
7	7	1
66	66	1
63	63	1
2	2	1
7	26	1
41	54	1
38	39	1
56	56	1
8	30	1
57	65	1
