57	57	2
58	58	3
4	4	2
31	32	1
28	32	1
0	0	1
56	57	1
31	35	1
37	38	2
14	14	1
30	30	2
11	11	4
19	20	1
37	37	3
56	56	3
7	8	3
23	23	2
49	49	2
35	36	2
0	1	2
54	56	1
42	42	2
53	54	2
1	1	4
35	35	2
15	36	1
8	8	3
13	13	1
3	4	2
39	39	4
13	14	2
7	43	2
2	2	1
15	15	1
45	45	1
18	18	1
16	16	6
5	5	1
19	36	1
44	45	1
40	41	2
16	50	1
3	45	1
51	52	1
10	10	1
41	41	2
53	53	1
34	34	1
55	55	2
39	50	1
29	29	1
39	43	1
50	51	1
7	7	2
47	47	2
15	16	1
58	59	1
4	5	1
38	39	1
32	32	2
6	6	1
50	50	1
54	54	1
33	33	1
40	40	1
51	51	1
17	17	2
45	46	1
