117	119	5
92	93	1
71	71	3
21	22	3
77	107	1
34	34	1
6	16	1
123	123	6
140	140	3
111	112	2
131	131	4
137	138	8
96	97	2
132	135	1
130	139	2
9	23	1
86	91	2
120	122	1
29	103	1
26	26	4
23	102	1
9	16	1
13	13	1
110	110	1
125	126	1
110	111	1
9	9	3
82	86	1
81	81	2
107	107	1
93	93	3
131	132	3
72	72	2
28	29	1
124	125	2
27	29	1
104	104	3
117	117	2
73	76	1
84	92	1
1	30	1
23	26	1
33	33	3
29	75	1
81	85	3
122	122	3
81	109	1
134	134	2
113	113	1
20	20	1
126	126	1
27	99	1
128	130	1
32	79	1
11	11	1
7	10	1
32	82	1
17	19	1
18	19	2
113	114	2
127	127	3
132	132	2
22	27	2
20	24	1
5	38	2
2	2	1
8	8	1
136	136	2
128	128	4
15	17	1
8	9	1
2	27	1
135	136	2
101	101	1
112	114	1
112	113	2
138	138	3
129	129	1
118	118	1
15	100	1
3	4	1
134	135	2
4	6	1
91	91	1
97	110	1
83	84	2
133	134	1
76	76	1
139	139	1
35	35	5
74	76	1
3	25	1
125	125	2
17	17	1
89	89	2
22	35	1
95	96	1
11	32	1
136	138	1
77	78	1
99	102	1
21	79	1
5	5	1
136	137	1
133	135	1
117	118	1
119	119	1
8	14	2
105	105	1
127	132	1
88	88	1
3	3	2
82	109	2
126	127	1
120	120	1
102	106	1
111	111	2
101	104	1
75	80	1
106	107	1
107	108	1
84	84	2
138	139	1
100	123	1
78	118	1
73	104	1
72	73	1
102	107	1
102	102	1
77	77	2
114	114	3
109	125	1
21	77	2
0	10	1
88	90	1
87	88	1
7	15	1
22	74	1
103	108	1
130	130	1
77	104	1
0	1	1
1	19	1
94	94	1
90	90	1
78	78	1
16	16	1
