46	46	2
53	53	5
54	54	1
2	2	5
11	21	2
42	42	2
42	43	1
1	2	1
16	16	4
78	78	5
3	8	2
46	47	2
9	10	1
7	7	5
29	29	2
67	68	4
11	11	1
12	12	3
55	56	2
1	1	4
34	34	5
66	67	2
45	45	3
32	32	5
19	19	2
51	53	2
31	32	2
60	61	2
68	68	3
38	40	1
55	55	2
10	10	2
51	63	1
36	45	1
43	43	2
73	73	3
9	9	5
6	7	2
30	31	1
48	48	3
14	14	3
3	3	1
36	55	1
74	74	5
61	65	1
49	53	2
62	62	2
69	69	1
27	49	1
47	47	2
63	63	2
66	66	3
58	58	2
29	34	1
13	13	1
48	61	1
66	68	1
59	59	4
49	72	1
39	39	3
49	50	3
51	52	2
40	43	2
20	20	2
27	27	2
79	79	2
26	29	1
4	4	2
19	47	2
40	41	2
5	6	3
26	26	2
0	0	3
77	77	1
38	38	4
9	11	1
17	26	2
58	60	1
57	58	1
76	76	3
69	70	3
61	61	3
13	14	4
64	70	1
68	70	2
32	33	1
8	19	4
67	67	1
60	60	2
40	59	2
5	5	3
66	76	1
50	51	1
52	52	1
72	72	1
65	65	2
11	14	2
15	15	1
51	54	1
28	28	1
73	78	1
25	25	1
50	50	4
35	35	1
64	72	1
5	8	1
32	69	1
50	53	1
49	52	2
12	13	1
6	6	2
16	36	1
64	66	1
34	57	1
51	51	3
9	12	2
10	11	1
37	45	1
18	18	2
39	46	1
80	80	1
10	25	1
57	57	1
8	38	1
