42	42	2
141	143	1
157	158	1
177	177	1
190	192	2
41	41	2
114	116	1
42	56	1
77	100	1
12	13	4
43	45	1
198	226	2
142	143	2
67	67	5
197	197	2
156	157	1
201	225	1
144	147	1
47	121	1
86	178	1
14	16	3
204	205	3
23	86	2
168	168	2
166	166	3
15	15	6
17	21	1
68	83	1
186	202	1
2	2	1
49	50	4
29	31	1
17	19	1
41	44	1
134	135	1
167	167	2
126	126	4
62	63	3
113	113	4
76	76	3
0	0	3
175	175	3
14	15	6
201	203	1
70	102	3
176	176	2
128	129	1
58	58	3
102	200	2
7	7	5
192	193	2
148	148	6
86	86	3
58	76	1
63	63	7
107	107	1
147	148	5
209	209	2
112	112	1
164	205	1
153	239	1
143	143	2
210	211	3
207	207	6
35	43	1
45	45	3
131	131	2
39	102	1
1	2	3
38	38	4
9	46	1
21	57	1
11	11	5
147	147	3
84	85	6
48	48	2
59	60	7
3	29	1
74	74	5
114	117	1
162	162	9
33	36	1
14	14	1
61	61	5
227	230	1
3	9	1
163	189	2
57	57	2
55	55	3
16	16	4
133	134	9
126	127	1
35	35	2
58	59	1
146	147	2
173	173	7
120	202	1
27	33	2
123	127	2
43	43	9
141	141	4
20	44	2
170	170	1
238	238	5
197	204	1
173	202	2
49	49	2
36	36	4
19	20	4
162	163	2
114	121	3
118	125	1
212	213	2
9	228	1
54	55	3
102	102	7
26	28	2
58	60	1
53	53	1
62	64	1
180	185	1
11	216	1
147	155	2
113	114	2
155	155	4
69	102	1
115	131	1
85	85	6
81	84	1
199	199	3
44	44	4
75	97	1
167	168	1
60	60	3
198	233	2
17	20	2
58	66	2
44	63	3
26	26	5
228	228	2
187	209	1
40	55	1
2	3	3
178	178	8
54	148	1
231	232	3
107	182	1
164	164	2
137	141	2
229	229	1
171	171	2
62	62	4
66	66	1
18	18	3
221	221	3
20	20	4
228	231	1
29	148	1
46	46	4
63	86	1
21	22	2
146	146	2
25	25	3
88	89	1
109	110	3
63	64	3
57	68	1
59	71	2
51	125	1
60	235	1
102	103	2
150	200	1
12	22	1
52	52	3
240	240	2
127	127	4
219	223	2
201	201	1
99	99	2
136	234	3
37	37	6
81	81	2
34	34	4
163	163	7
217	219	1
32	230	1
137	142	2
116	117	2
73	73	1
180	211	1
181	182	1
8	9	5
28	29	1
122	122	2
12	12	5
133	133	2
198	198	3
208	208	1
223	223	1
215	216	1
64	67	2
217	217	1
165	184	1
24	24	1
48	50	3
3	3	3
179	211	1
123	123	3
121	122	2
57	58	2
198	200	1
129	174	3
136	160	1
154	154	2
148	199	1
177	178	1
9	9	6
187	189	3
96	96	1
99	100	2
175	230	2
4	7	1
209	210	3
189	236	1
18	19	2
159	160	1
118	124	1
196	198	2
163	205	1
196	210	1
219	219	6
206	206	1
83	83	2
161	161	2
44	58	1
208	209	1
120	121	1
75	75	3
145	149	1
50	134	1
57	62	1
36	216	1
67	68	2
5	6	3
66	67	1
129	169	1
180	230	2
15	29	1
72	72	4
159	159	3
191	191	3
21	23	1
29	29	3
222	222	1
10	27	1
186	187	1
24	213	2
50	137	1
140	141	1
82	181	1
11	42	2
25	215	1
200	201	2
144	145	3
235	236	1
13	217	1
51	52	2
65	67	2
8	8	3
69	75	1
111	111	3
29	73	1
99	103	1
231	231	3
21	21	3
206	207	2
184	186	1
19	19	2
28	34	1
60	62	1
0	1	4
70	70	2
27	28	1
210	212	1
125	126	2
17	18	2
191	194	2
9	19	1
105	108	1
212	212	3
79	79	2
174	174	2
224	225	4
123	124	1
213	213	5
75	96	1
191	192	2
205	205	1
10	20	1
233	234	1
220	220	1
56	57	2
124	125	1
140	140	4
23	26	1
40	40	2
47	148	2
220	223	1
37	214	3
237	237	2
194	194	1
47	48	1
69	69	4
78	92	1
54	54	1
226	228	1
99	111	1
216	218	1
211	212	2
47	47	3
134	165	1
220	222	1
169	169	1
34	216	1
37	44	1
138	159	1
202	202	1
71	72	1
17	38	3
234	235	1
122	124	1
128	128	1
109	109	1
129	131	1
84	84	1
189	198	1
51	53	1
25	208	2
35	218	1
232	233	1
156	158	2
27	36	2
1	1	4
43	89	1
60	234	1
227	227	3
4	4	3
98	98	2
196	196	1
236	236	1
44	112	1
104	104	1
207	208	2
68	68	1
5	7	1
75	144	1
101	101	3
118	130	1
24	25	1
136	137	2
150	151	1
31	31	3
17	17	3
13	14	1
1	3	1
7	8	4
214	214	2
149	219	1
80	84	1
186	186	2
19	50	1
156	239	1
10	54	1
42	47	1
184	184	3
15	16	3
95	97	1
114	114	1
7	218	1
233	233	3
15	38	1
188	209	1
129	142	1
172	172	3
97	189	2
67	86	1
153	153	1
163	164	1
103	103	1
10	10	5
38	40	1
140	144	1
64	64	1
52	159	1
203	204	2
120	150	2
201	207	1
175	178	1
15	22	2
55	56	1
213	215	1
56	56	2
30	51	2
157	157	1
39	39	3
85	191	1
69	70	3
63	136	1
211	219	2
25	26	3
76	77	2
65	128	2
36	221	1
154	155	1
134	134	2
232	232	2
28	74	1
174	175	6
97	97	1
171	172	2
79	92	1
52	76	1
32	32	1
188	197	1
50	50	2
65	86	1
118	118	2
228	229	1
73	76	1
166	172	1
128	136	1
28	28	2
215	215	1
116	116	1
118	152	1
137	137	3
27	27	2
238	239	2
221	222	1
218	222	1
7	12	2
21	26	1
145	145	1
187	191	2
68	84	2
71	71	1
122	123	1
42	46	2
21	124	1
12	14	1
11	51	1
158	158	1
211	211	1
129	130	2
15	48	1
98	99	1
218	218	2
6	6	1
18	20	2
197	223	2
10	56	1
125	206	1
157	172	1
11	16	1
38	60	1
16	37	1
86	211	1
82	84	1
173	201	1
29	34	1
150	150	2
129	129	1
75	76	1
40	41	1
11	20	1
230	230	1
180	180	1
133	136	1
78	79	1
92	95	1
125	125	1
136	136	1
142	142	2
12	15	1
235	235	1
102	140	1
95	95	1
105	116	1
45	57	1
68	112	1
239	239	1
39	61	1
109	150	1
119	119	1
158	159	1
173	174	1
61	62	1
10	219	2
141	142	1
159	238	1
79	108	1
224	224	2
187	194	1
9	218	1
236	237	2
30	30	1
118	119	2
228	230	1
188	190	1
75	213	1
80	80	1
185	192	1
9	225	1
44	45	1
115	118	1
234	236	1
7	9	1
138	138	1
27	35	1
170	172	1
3	10	1
123	125	2
11	12	1
168	169	1
96	97	1
166	201	1
13	34	1
39	41	1
22	23	1
51	51	1
179	181	1
204	208	1
148	168	1
85	96	1
74	75	1
216	221	1
216	216	1
81	176	1
209	220	1
160	160	1
214	226	1
