77	78	7
8	9	1
55	55	7
63	65	3
10	10	5
3	3	4
70	70	3
78	78	6
74	74	4
67	69	2
58	58	5
31	31	8
31	50	3
23	23	3
79	80	5
25	26	1
61	62	2
19	19	3
61	61	11
66	67	3
73	73	9
25	27	7
27	52	1
59	65	1
56	56	10
51	51	5
78	79	9
76	77	8
12	26	2
81	81	7
57	57	9
86	86	1
19	31	6
79	79	6
72	74	3
75	75	5
64	64	3
5	25	1
62	63	8
17	64	3
1	1	3
30	30	5
60	60	7
48	50	1
83	83	4
21	23	5
68	68	5
72	72	4
8	8	7
5	6	2
76	76	9
46	77	1
11	11	3
53	55	2
85	85	4
3	4	2
54	54	7
65	65	7
59	59	3
67	87	2
80	80	1
82	82	1
71	72	1
6	8	2
50	50	3
9	9	8
7	7	4
4	4	4
24	24	9
48	48	2
66	66	3
4	25	1
53	53	4
56	57	2
69	69	2
50	52	2
6	47	1
4	70	3
3	24	3
46	47	1
51	62	1
82	83	6
80	81	3
51	52	2
33	33	3
26	26	2
5	5	4
23	27	3
53	85	2
13	13	2
57	83	1
24	31	3
29	29	2
25	31	1
23	73	1
65	78	1
9	78	1
17	20	2
84	84	6
72	73	1
75	76	3
49	49	8
76	80	2
9	74	3
81	85	2
23	25	1
12	21	1
54	87	2
83	84	1
71	71	5
62	64	1
77	77	2
65	66	1
27	27	2
52	52	4
62	62	1
28	30	1
71	79	1
60	67	2
59	60	1
75	81	1
55	56	2
74	84	1
2	2	2
22	82	1
76	82	1
87	87	1
89	89	4
76	78	1
61	63	3
27	49	1
48	52	1
5	8	1
72	75	1
0	0	3
60	61	1
21	54	1
69	87	1
20	53	1
