7	7	3
33	33	2
45	47	2
90	114	1
32	32	3
81	81	5
119	119	3
36	54	1
37	56	2
127	135	1
8	8	1
82	83	4
99	133	1
43	43	5
77	77	5
112	113	3
49	60	2
134	134	2
120	120	2
83	85	1
120	121	2
67	67	1
127	128	2
0	0	2
61	68	1
38	38	2
99	99	8
133	133	2
117	121	2
29	34	1
91	92	1
12	12	3
66	78	1
89	90	6
74	74	4
74	75	2
87	132	1
121	123	2
125	125	3
96	96	2
70	70	8
128	129	1
11	11	3
5	5	1
116	116	3
94	95	2
121	121	3
24	25	2
78	78	3
44	44	3
56	58	2
13	13	1
97	97	1
73	74	2
45	67	1
114	120	1
79	79	4
25	128	1
81	101	1
123	123	1
81	83	2
93	93	7
87	88	3
116	119	2
88	88	1
25	98	1
96	101	1
102	103	1
76	76	4
42	50	2
93	94	3
113	113	2
49	49	4
112	115	2
50	54	1
61	61	2
108	123	1
91	91	2
118	119	5
127	127	1
72	73	3
53	96	1
69	70	3
105	116	1
122	124	2
95	114	1
54	54	4
85	85	1
72	72	6
103	103	4
29	103	1
104	104	5
129	130	3
32	55	2
58	59	1
50	50	2
19	20	1
31	35	1
112	127	1
59	59	2
45	45	2
89	89	3
90	90	2
43	80	3
100	100	2
80	80	4
130	131	2
102	102	2
113	114	1
89	104	2
22	25	1
126	127	3
123	133	1
126	126	5
17	17	2
111	124	1
70	72	2
5	125	1
63	63	4
126	131	2
100	101	1
66	66	1
47	48	4
128	128	1
61	62	2
86	86	5
52	53	2
33	99	1
117	117	3
87	97	1
111	111	3
71	71	6
88	93	3
112	129	3
125	133	2
125	129	3
59	60	2
100	129	1
112	112	2
102	104	1
30	90	1
94	94	4
6	128	1
99	120	2
21	33	2
82	84	1
47	49	2
89	98	1
110	118	2
4	4	1
10	11	1
53	95	2
75	75	1
69	79	1
7	28	1
92	111	1
105	118	1
101	101	6
2	2	1
58	58	2
9	9	1
48	60	1
71	110	1
119	120	1
127	129	3
28	30	1
83	96	1
98	98	2
82	85	1
52	52	1
90	91	3
29	29	2
95	95	4
65	65	2
21	21	1
68	68	2
73	73	2
114	114	1
61	66	1
65	67	1
35	35	1
86	88	1
106	107	1
88	101	2
29	31	1
67	68	1
79	80	1
82	129	1
129	129	1
25	25	2
120	123	1
20	20	2
90	104	1
57	91	1
7	9	1
111	115	1
3	3	3
117	125	2
55	57	1
79	111	1
7	8	1
60	61	1
93	104	1
53	54	1
88	125	1
117	118	2
106	106	3
79	84	1
64	64	2
98	131	1
103	104	1
113	129	3
91	99	1
107	108	1
6	6	1
86	101	2
31	32	1
115	121	1
102	135	1
101	102	1
79	109	1
129	131	2
58	94	1
25	99	2
44	53	1
123	124	1
14	15	1
24	24	1
27	38	1
56	59	1
105	123	1
23	23	2
1	129	1
121	122	4
122	122	1
83	88	3
105	105	4
1	1	3
26	27	1
54	55	2
115	115	2
63	64	1
83	84	1
60	62	1
19	19	1
69	77	1
13	15	1
77	86	1
108	109	1
118	118	1
60	60	3
84	100	1
79	104	1
85	111	1
97	133	1
62	63	1
15	18	1
82	82	1
5	11	1
28	29	1
77	125	1
25	27	1
21	34	1
95	116	1
66	92	1
64	80	1
75	76	1
69	69	1
101	126	1
14	14	1
53	53	1
26	26	1
77	103	1
33	59	1
77	105	1
0	1	1
16	16	1
91	93	1
