89	106	2
71	94	1
42	42	2
32	32	1
92	100	1
75	75	1
88	105	2
54	59	2
78	88	2
101	101	4
37	37	2
22	22	3
47	49	1
91	92	3
94	98	2
93	102	3
29	46	1
35	35	3
74	74	3
25	41	1
43	45	1
78	78	5
41	42	1
58	87	1
62	62	5
53	53	4
68	69	1
36	36	3
62	64	1
79	85	2
85	85	1
56	56	5
33	39	2
70	73	1
25	50	3
103	103	2
40	44	1
50	52	1
45	45	2
60	61	4
95	96	1
32	34	1
65	65	2
97	99	3
75	76	1
79	97	1
96	96	3
41	41	1
94	94	5
92	93	1
20	21	2
72	79	1
91	91	3
47	48	4
45	60	1
92	106	1
69	69	1
64	64	3
62	63	2
67	67	2
49	49	2
31	32	1
104	104	5
105	105	3
66	67	2
30	45	2
73	101	2
50	50	2
69	77	1
73	73	3
25	31	1
77	77	7
31	47	1
100	100	2
47	56	1
50	57	1
24	24	3
62	76	1
29	44	1
81	81	3
71	71	5
76	76	5
41	60	1
78	90	1
91	93	2
92	97	2
44	46	1
72	74	1
63	75	1
29	30	1
82	84	1
52	58	1
80	80	2
33	33	3
90	98	1
51	51	3
73	74	2
35	36	1
26	59	1
82	82	4
87	90	1
61	61	4
42	43	2
95	105	1
21	21	7
39	44	1
75	102	1
43	65	1
63	63	3
79	94	1
66	69	1
38	38	3
59	59	3
42	44	3
38	63	2
66	66	2
72	100	2
25	25	1
24	25	2
25	54	2
104	105	1
102	103	1
84	88	1
29	31	2
26	60	1
43	43	1
79	79	1
21	27	1
82	88	1
38	39	1
89	90	1
53	102	1
98	98	3
61	63	1
71	75	1
34	34	2
69	72	1
44	44	4
106	106	3
87	87	2
23	23	4
54	55	1
68	68	3
57	57	1
83	86	2
32	36	1
99	99	3
74	75	1
73	81	1
27	38	1
58	59	1
87	88	1
78	81	1
88	94	1
97	97	1
43	44	1
81	82	1
86	87	2
66	70	1
51	52	1
65	71	1
28	28	1
23	42	1
70	90	1
36	37	2
26	29	2
96	107	2
52	54	1
86	86	2
95	95	2
70	94	1
60	60	1
21	55	1
72	82	1
83	83	1
72	98	1
29	29	1
70	85	1
55	55	1
58	63	1
42	45	1
45	64	1
99	100	1
90	91	2
39	40	2
50	51	1
49	58	1
49	50	1
77	95	2
72	73	1
34	35	2
65	74	1
65	70	1
76	77	2
51	75	1
69	76	1
68	75	1
35	62	1
75	77	1
89	89	1
39	60	1
80	81	1
40	41	1
21	56	1
33	34	1
83	88	1
28	48	2
65	66	1
59	99	1
83	84	1
97	98	1
67	68	1
82	99	1
39	39	2
