7	31	1
74	75	3
86	87	2
58	77	2
130	130	5
9	11	3
109	109	2
38	38	13
26	54	1
20	20	7
7	23	3
124	124	2
132	132	2
19	19	9
155	155	3
142	146	1
36	36	7
21	22	4
135	167	1
134	135	3
60	148	1
16	16	5
102	137	4
59	59	4
91	91	6
43	44	2
140	140	7
131	132	2
90	90	9
161	161	6
35	35	5
32	32	7
126	146	2
40	40	4
53	54	2
112	112	3
8	8	2
171	172	4
68	68	5
148	148	16
167	167	3
7	7	5
75	75	3
12	13	2
64	67	1
39	39	10
42	42	2
10	42	5
136	168	1
92	92	4
135	136	3
162	166	2
25	25	11
10	10	9
99	109	1
118	149	1
155	158	2
68	75	1
126	126	3
68	78	2
83	84	7
117	117	3
164	165	2
23	26	1
11	17	1
147	147	4
88	135	1
73	74	3
143	145	1
41	41	5
3	3	3
149	149	4
137	138	1
107	107	5
67	74	2
74	79	1
87	87	4
140	141	3
28	31	5
119	119	3
21	139	1
18	99	2
111	111	3
10	12	2
114	115	3
129	129	1
44	44	7
118	124	1
154	156	2
62	88	1
146	150	1
130	131	3
61	61	4
88	89	3
180	180	2
44	45	1
2	5	1
12	28	2
4	12	2
121	121	5
9	13	1
172	174	3
85	85	4
153	159	3
138	138	2
90	94	1
18	18	8
31	68	1
105	106	2
98	100	3
3	22	1
18	21	1
15	25	2
5	6	2
102	102	1
25	173	1
155	156	2
96	97	3
101	101	5
39	55	1
62	62	5
80	138	2
10	11	1
76	77	2
5	7	2
92	94	2
171	171	2
95	96	7
121	122	2
144	144	3
15	15	6
101	102	1
26	26	4
163	163	3
174	174	2
103	107	4
80	80	2
0	0	1
21	21	1
19	20	4
71	71	1
102	106	2
58	60	1
45	45	2
152	152	4
20	35	2
103	103	3
104	107	1
75	77	2
7	33	2
57	58	1
158	159	2
112	115	3
81	81	5
12	12	5
67	75	1
56	57	3
54	54	10
132	147	1
11	12	7
27	27	3
93	93	2
152	154	1
63	63	2
43	43	11
141	143	1
142	142	3
178	178	1
4	4	2
120	123	1
14	29	1
162	171	5
11	11	6
160	160	1
23	23	2
90	91	1
58	92	1
108	140	1
60	62	3
37	37	2
155	160	1
108	110	1
173	173	8
98	98	2
148	172	3
23	58	1
82	84	3
141	142	3
14	15	2
165	165	3
159	159	3
18	19	1
31	32	5
17	100	1
74	74	1
120	127	1
77	77	2
46	46	2
168	168	2
15	36	1
106	108	4
134	134	2
31	31	9
20	21	1
34	34	5
145	145	3
38	40	2
170	173	4
170	171	3
54	86	1
91	104	1
54	55	1
55	55	5
24	36	1
136	138	2
113	115	1
32	54	2
158	158	2
81	92	1
123	172	2
103	105	1
129	166	1
13	13	1
143	143	7
9	9	9
52	52	4
5	10	1
172	172	4
88	88	2
23	24	3
128	128	2
51	51	4
133	133	2
118	131	1
175	176	1
79	90	3
57	94	2
3	4	4
60	60	3
7	9	1
104	104	2
72	75	2
25	27	1
100	101	1
137	137	2
158	173	1
89	95	1
99	99	3
0	2	3
49	51	2
96	96	2
35	36	1
83	83	2
162	162	1
127	128	1
95	95	3
22	22	5
93	96	1
176	176	1
83	85	1
179	180	1
108	145	2
105	107	2
7	10	2
75	80	2
66	75	1
64	64	1
116	153	1
118	118	2
66	73	1
153	153	1
51	75	1
13	17	1
89	89	1
80	81	1
166	166	1
72	72	3
16	23	1
16	17	2
30	30	5
14	14	2
121	143	1
150	157	1
61	87	1
75	101	1
104	105	1
53	53	4
20	23	2
94	138	1
16	19	3
6	6	2
151	151	3
7	30	2
150	151	5
34	35	1
155	170	1
21	23	2
131	133	2
5	21	2
68	72	1
86	140	1
50	50	1
17	29	1
87	88	3
110	110	1
11	16	1
56	59	1
156	163	3
118	142	1
175	175	2
38	43	1
110	119	1
19	30	2
109	147	1
13	14	1
65	68	1
114	162	1
8	9	1
39	40	2
65	65	3
56	61	1
149	150	2
59	60	2
115	115	4
33	33	1
131	131	5
77	79	2
58	58	3
157	158	3
18	97	1
93	133	5
80	86	1
17	20	1
125	125	2
100	109	1
96	98	2
2	4	2
133	134	2
50	51	4
80	84	2
3	12	1
111	115	2
115	117	2
162	165	1
25	26	2
102	104	2
24	24	2
148	154	2
85	88	1
116	118	1
179	179	2
10	14	1
24	25	3
23	36	1
14	30	1
8	10	1
29	30	2
91	92	3
5	5	1
29	78	1
29	31	1
46	63	1
129	131	1
142	147	3
124	125	3
112	113	2
101	112	1
27	30	1
173	174	1
120	151	1
123	125	1
28	30	1
84	85	2
122	122	1
10	18	1
132	133	4
121	158	1
84	86	1
94	140	1
66	66	2
156	156	1
114	114	2
168	169	3
150	150	2
58	68	1
110	111	1
62	63	1
138	144	1
81	84	1
161	162	2
67	67	1
113	113	2
64	66	2
98	101	1
123	124	1
32	33	1
74	85	1
154	154	3
9	10	1
76	76	1
118	121	1
127	144	1
101	174	1
17	17	2
37	38	2
115	116	1
122	176	1
170	170	1
95	98	1
62	65	1
130	171	1
73	73	3
138	139	1
135	137	1
133	136	1
150	163	1
23	30	1
6	7	2
108	109	1
18	45	1
147	148	1
142	143	1
52	53	1
94	96	1
118	130	1
38	39	2
95	102	1
6	33	1
24	37	1
64	71	2
13	35	1
112	133	1
127	127	1
161	168	1
128	129	1
86	86	1
37	43	1
112	116	1
42	44	1
164	168	2
95	148	1
163	164	1
33	34	1
15	16	1
126	129	1
93	94	1
177	178	1
17	37	1
78	88	1
157	159	1
152	170	1
29	29	1
19	34	1
56	78	1
