47	47	4
37	37	5
53	53	3
8	8	1
15	16	1
27	54	1
6	10	2
39	39	4
47	48	2
36	36	4
41	41	3
2	3	1
31	31	1
16	16	2
32	32	4
52	52	2
10	13	2
3	13	1
34	38	2
49	49	4
44	44	4
29	29	3
16	17	1
52	54	2
34	34	1
51	57	2
33	35	4
31	34	1
28	28	1
33	33	2
20	56	2
20	21	2
31	37	2
20	35	1
58	59	1
6	13	1
6	32	1
14	33	1
23	28	1
20	57	1
4	7	3
14	14	2
21	28	1
30	30	2
21	22	1
50	50	1
51	52	2
50	51	1
5	15	1
58	58	2
10	15	1
19	41	1
19	39	1
18	19	1
18	56	1
15	15	1
39	40	1
17	17	3
21	21	1
38	38	2
12	30	1
10	10	5
32	33	1
4	5	1
46	46	1
55	55	1
35	36	1
40	40	4
20	20	1
13	13	2
51	51	1
12	12	2
11	24	1
36	54	1
57	57	1
23	23	1
22	31	1
56	58	1
28	29	1
56	56	1
37	52	1
