13	13	2
103	103	2
50	55	2
121	131	1
75	75	3
61	62	1
101	101	3
36	36	6
93	93	7
22	22	2
117	117	9
50	117	1
92	92	3
124	125	2
31	31	2
124	124	3
102	102	3
76	76	1
112	112	4
119	125	1
60	61	1
132	132	5
119	119	3
63	63	2
42	84	1
33	33	1
84	85	2
58	67	1
86	87	1
102	103	1
45	45	4
105	133	2
131	131	5
24	24	2
120	131	3
42	42	2
11	97	1
92	126	1
45	57	2
84	84	3
60	112	1
120	121	1
29	29	6
68	121	2
128	129	1
89	89	1
23	23	5
66	66	8
59	59	2
18	20	2
81	81	3
114	114	1
0	0	2
56	56	6
66	68	1
61	90	1
123	127	2
109	109	2
100	100	5
107	130	1
115	120	2
2	2	3
78	80	1
50	52	4
126	127	5
92	118	1
111	123	1
58	58	2
111	111	1
44	44	2
47	91	1
72	73	1
116	119	1
116	116	5
70	70	5
18	18	1
87	104	1
71	72	1
125	125	2
94	95	1
68	68	2
43	54	1
92	94	1
118	118	2
60	60	2
108	110	1
78	78	1
130	130	8
74	74	2
49	49	2
43	58	3
91	91	2
90	90	4
108	108	1
132	133	1
107	133	2
22	23	1
77	77	1
111	127	2
66	69	1
11	11	1
37	37	1
45	50	1
16	16	3
5	5	1
32	32	2
76	82	1
103	104	2
82	82	2
57	57	2
49	117	1
62	68	1
112	115	1
88	93	2
107	108	1
4	13	1
80	80	2
50	109	2
25	133	2
89	90	1
43	130	1
60	62	1
27	27	1
30	30	2
12	13	2
36	53	1
114	115	1
87	88	2
75	76	1
93	112	1
112	116	1
109	121	1
87	119	1
91	92	1
126	126	2
115	115	1
37	38	1
22	72	1
63	69	1
21	21	1
59	60	1
64	66	1
30	95	1
106	106	2
65	65	1
129	129	1
54	56	1
84	122	1
93	94	1
107	113	2
63	64	1
77	78	1
19	19	2
57	86	1
57	72	1
28	28	2
55	58	1
64	64	1
109	118	1
72	72	2
110	110	2
43	43	2
86	86	1
54	54	1
82	83	1
106	134	1
84	109	1
71	76	1
116	117	1
81	129	1
50	84	1
54	117	1
25	25	2
10	10	3
78	86	1
52	52	2
120	120	2
49	50	4
45	81	1
52	53	1
58	61	1
85	112	1
3	3	1
67	67	1
12	94	1
110	132	1
99	99	1
97	97	1
108	109	1
79	80	1
123	124	1
51	75	1
108	111	1
116	118	1
44	54	1
91	93	1
127	128	2
62	66	1
59	64	1
96	98	1
106	110	1
122	122	1
83	106	2
55	56	1
22	25	1
35	93	1
105	105	1
8	9	1
61	61	1
35	99	1
59	66	1
24	95	1
125	126	1
95	96	1
1	1	1
123	123	1
49	52	1
68	122	1
21	35	1
62	62	2
92	93	1
110	119	1
97	98	1
106	108	1
104	104	1
88	90	1
87	113	1
4	5	1
45	56	1
121	121	1
97	133	1
43	50	1
82	106	1
64	65	1
113	113	1
100	133	1
9	9	1
