30	108	1
25	25	2
40	124	1
63	63	4
119	120	2
111	111	2
6	6	5
122	122	3
11	11	7
71	111	1
100	101	2
113	114	1
94	95	1
65	65	13
20	21	3
73	73	8
59	71	2
67	67	9
19	19	2
37	37	6
4	101	1
22	22	3
67	73	1
48	51	1
27	27	4
88	94	1
9	12	1
5	14	1
3	84	1
59	60	2
126	126	4
89	134	1
97	99	1
49	126	1
41	41	4
32	32	6
47	47	2
110	111	1
114	122	1
34	34	2
51	56	2
99	100	2
45	45	4
10	10	9
26	48	1
96	101	1
95	95	4
3	31	1
34	59	2
60	60	4
56	59	1
37	41	3
107	107	3
75	75	5
78	80	1
14	14	2
68	68	5
47	48	3
66	66	4
7	97	2
87	104	2
44	73	1
27	96	1
133	133	1
94	94	6
83	83	2
29	49	2
21	36	1
91	91	3
98	98	3
84	85	4
43	43	5
78	78	3
58	70	1
6	8	1
40	42	1
48	77	2
59	70	2
18	18	3
95	108	1
38	81	2
33	47	1
78	84	2
44	44	7
35	35	4
46	47	4
33	34	1
8	8	4
83	84	3
85	101	1
9	10	3
82	83	3
31	31	1
82	82	1
130	131	1
96	96	2
77	77	3
85	86	1
75	76	6
114	114	3
33	43	1
103	104	2
9	9	5
24	24	1
5	23	1
3	3	5
28	28	4
93	133	1
87	88	1
9	11	1
6	12	1
80	80	3
123	123	3
23	23	1
26	47	2
113	117	1
56	56	3
64	69	1
71	71	2
35	37	2
70	70	2
131	131	1
62	62	7
69	76	3
31	38	1
59	59	3
4	47	1
86	86	3
109	112	1
64	64	7
87	87	1
43	47	1
27	29	1
76	76	2
93	93	3
61	61	5
58	63	2
65	66	5
85	87	2
19	20	1
123	127	2
8	34	1
44	45	1
95	96	1
29	29	7
88	88	1
36	37	3
78	79	5
46	46	1
10	19	2
57	58	1
45	68	1
75	77	1
43	55	1
120	124	1
116	116	2
8	11	4
7	7	1
9	21	1
16	17	1
47	57	1
101	101	7
17	23	1
2	129	1
89	90	1
90	90	1
108	109	2
96	97	1
69	78	1
103	126	1
17	62	2
100	100	2
8	9	1
69	74	1
34	75	1
121	121	1
28	94	1
92	93	1
85	85	4
112	112	1
20	20	2
57	57	2
121	122	5
67	68	2
3	65	1
115	116	1
124	125	1
118	118	3
5	5	5
10	41	1
38	40	2
69	72	2
81	132	1
28	97	1
23	30	2
123	126	1
115	131	1
134	134	3
41	42	1
132	133	1
0	1	1
10	62	1
13	15	1
55	55	2
33	33	7
77	80	1
68	79	1
104	104	4
74	76	2
82	85	1
28	29	1
39	39	2
74	74	2
30	31	1
37	81	2
4	5	5
18	44	1
15	15	2
81	81	1
92	92	2
105	105	3
48	48	2
29	71	2
103	103	1
6	7	1
8	99	1
32	34	1
4	28	2
65	67	1
32	43	1
109	111	2
20	62	1
9	125	1
119	133	1
39	41	1
93	94	1
58	59	1
51	54	1
72	72	4
40	40	1
70	102	1
43	74	1
119	125	2
84	84	3
130	130	2
73	74	1
26	93	1
16	23	1
13	13	4
128	128	1
15	23	1
16	16	2
94	108	1
8	113	1
69	69	2
25	26	1
113	113	1
71	72	2
125	126	1
116	120	1
17	17	1
3	14	1
38	43	1
22	23	1
47	93	1
44	47	1
18	19	1
20	28	1
128	129	1
83	132	1
57	61	2
95	100	1
25	30	1
125	125	1
42	43	1
29	47	2
63	64	3
36	40	1
74	75	1
122	123	1
26	26	1
83	108	1
45	71	1
101	121	1
41	60	1
39	40	1
8	123	1
57	91	1
89	95	1
132	132	3
120	120	1
91	93	2
42	84	1
93	96	1
27	123	1
12	14	1
11	13	1
15	132	1
83	129	1
8	102	1
100	102	1
65	95	1
123	124	1
77	78	1
34	35	1
84	87	1
85	111	1
117	120	1
126	127	1
27	28	1
62	64	1
72	73	1
94	131	1
7	101	2
75	78	1
81	131	1
26	28	1
58	62	1
57	97	1
4	6	1
69	70	1
59	84	1
