56	56	6
125	125	1
63	94	1
27	48	2
118	132	2
102	105	3
126	126	5
51	52	2
86	87	2
19	20	4
45	72	2
60	60	5
25	26	4
62	64	1
18	18	3
28	42	2
18	21	1
106	107	1
53	53	4
110	110	4
26	26	3
104	104	4
111	111	1
121	121	3
42	42	1
29	31	1
51	51	4
44	65	1
14	20	1
2	6	2
97	97	4
72	72	6
85	85	2
9	9	1
30	30	4
77	77	2
73	73	6
103	103	3
75	75	4
28	31	1
12	12	5
1	1	3
44	45	4
108	108	2
45	45	3
106	130	3
16	16	2
126	128	3
59	74	1
46	50	1
117	117	2
117	131	1
68	69	4
71	72	1
76	76	3
19	19	2
31	31	2
49	49	3
33	33	4
109	109	6
83	83	3
126	127	4
72	76	1
59	59	1
22	25	2
112	121	1
45	46	4
84	84	2
52	52	3
89	91	1
50	50	6
13	13	5
45	86	2
26	27	4
54	54	5
11	17	1
11	11	3
67	68	5
47	47	5
5	5	4
51	125	1
130	130	3
46	47	2
131	131	3
25	25	4
61	62	1
95	96	4
86	86	5
25	121	2
48	48	7
62	76	1
55	56	2
29	29	2
40	42	2
8	8	2
29	70	1
25	30	1
41	42	1
4	4	2
116	117	5
111	112	1
31	32	3
133	133	1
101	102	2
111	121	3
59	60	1
100	101	2
22	22	2
98	98	3
102	103	1
131	133	1
69	69	5
123	123	1
84	103	1
102	102	3
61	61	1
129	129	1
28	29	2
86	103	1
7	111	1
44	44	6
58	59	1
64	64	1
113	113	2
112	112	4
118	118	2
115	115	1
124	124	1
97	130	1
101	101	1
11	15	2
45	85	2
49	92	1
70	71	1
89	89	2
88	88	1
114	114	3
81	81	4
3	9	2
110	116	4
50	118	1
90	90	3
106	106	3
96	106	1
55	55	2
39	39	2
32	41	1
127	127	2
10	11	1
96	96	5
68	68	1
110	111	2
12	28	1
28	50	1
97	98	5
15	15	5
46	69	1
105	105	2
132	132	1
12	21	2
14	14	2
105	106	3
56	57	2
94	94	1
102	106	2
95	95	3
7	7	2
22	94	2
70	70	4
46	46	4
19	21	1
50	51	2
63	63	1
105	109	1
20	27	1
84	85	1
73	74	1
96	101	1
78	78	1
67	67	1
65	65	2
97	99	2
85	87	1
69	70	3
0	10	1
66	66	3
58	58	6
7	8	2
94	95	1
0	0	2
64	67	1
9	10	1
32	32	2
51	110	1
74	74	1
122	123	1
40	47	1
38	38	1
93	94	1
99	99	3
14	16	2
54	55	1
40	40	3
92	92	2
10	10	2
39	40	1
25	27	1
74	78	1
38	39	2
77	78	2
113	114	1
79	81	2
98	100	1
27	93	1
24	24	1
95	123	1
96	97	1
0	6	2
19	42	1
2	25	1
55	58	1
107	107	1
21	22	1
117	126	1
57	57	1
59	76	1
98	130	1
51	95	1
89	90	1
63	64	1
18	19	1
49	53	1
45	64	1
66	67	1
16	21	1
55	94	1
72	74	1
29	30	1
118	120	1
1	30	1
43	44	1
112	113	1
52	119	1
99	100	1
50	58	1
12	13	1
17	17	1
120	132	1
21	21	3
75	78	1
51	117	1
2	2	1
115	116	2
54	56	1
15	17	1
27	27	1
22	24	1
73	95	1
117	119	1
49	50	1
79	79	1
1	26	1
93	93	1
100	100	2
