27	28	2
7	8	1
49	49	6
6	6	10
13	13	2
17	18	1
54	54	2
31	37	1
10	13	3
9	10	1
55	55	2
50	54	3
58	58	4
48	48	3
53	53	4
17	58	1
38	38	2
0	0	1
32	57	1
31	31	4
28	28	2
5	6	1
21	21	4
51	55	1
18	18	2
22	24	1
35	35	3
44	44	3
50	50	6
32	33	1
40	40	7
52	58	1
34	34	4
17	17	3
41	41	4
52	54	1
19	55	1
31	32	5
10	10	4
45	46	1
45	45	2
48	52	1
3	3	2
4	4	3
22	22	4
42	50	1
39	39	3
37	37	3
16	16	2
23	23	1
30	31	1
36	37	2
4	7	1
8	9	1
14	14	2
56	57	1
11	20	1
55	56	3
8	8	2
7	44	1
9	11	1
51	51	3
14	15	1
22	23	1
32	32	5
47	47	4
12	29	1
1	1	3
7	7	1
5	5	1
48	49	1
46	46	1
33	34	2
20	21	1
9	9	2
21	22	1
19	39	1
8	35	2
57	58	1
14	16	1
15	15	2
36	38	1
11	11	1
3	52	1
52	52	1
42	51	1
20	20	1
33	33	1
32	35	2
30	30	2
56	58	1
42	44	1
6	7	1
2	43	1
35	38	1
20	54	1
36	51	1
14	36	1
12	14	1
43	43	1
15	16	1
39	40	1
20	23	1
20	27	1
13	36	1
53	54	1
31	57	1
35	36	1
