69	70	1
35	36	1
37	37	5
5	5	3
19	21	1
29	29	5
28	34	1
29	31	3
9	11	1
56	56	3
36	36	1
25	26	3
42	42	2
53	59	1
0	0	3
48	60	1
74	74	1
2	7	1
32	32	2
19	19	4
13	13	4
25	25	5
22	23	2
21	47	1
3	3	4
58	76	1
48	48	4
43	43	3
75	75	1
23	24	3
1	12	1
63	65	2
57	57	1
40	40	4
6	12	1
10	11	1
35	35	2
70	71	3
11	11	3
59	59	1
12	71	2
1	1	4
24	24	2
49	52	1
61	62	1
27	33	2
30	31	1
4	5	3
63	64	1
60	60	2
5	6	1
11	12	2
63	66	1
50	50	2
26	26	8
70	77	1
20	61	1
0	60	1
72	74	1
22	34	1
47	48	1
70	70	1
76	76	1
6	6	2
24	25	1
23	23	2
66	66	1
20	20	1
68	72	1
33	34	2
33	33	2
72	73	1
56	70	2
54	54	1
2	36	1
71	77	1
12	12	8
55	55	3
28	28	2
48	61	2
38	63	2
44	44	1
45	45	2
64	64	2
75	76	1
68	68	3
5	14	1
39	39	3
7	8	1
35	39	1
11	54	1
26	27	2
26	29	1
0	25	1
40	42	1
59	69	2
34	39	1
24	26	2
18	41	1
2	35	1
65	65	1
73	73	1
65	70	1
20	21	2
34	34	1
21	22	2
10	10	1
38	38	1
18	39	1
61	63	1
8	8	1
0	1	1
30	30	2
32	70	1
52	53	2
23	30	1
51	51	1
49	49	1
68	69	1
40	41	1
49	50	1
