85	120	1
43	44	1
3	4	2
9	10	2
35	36	4
12	12	6
11	14	1
33	34	2
9	9	3
151	151	1
16	16	2
41	65	1
110	119	2
12	103	1
91	91	1
122	122	2
86	99	1
107	107	4
42	42	3
95	95	2
27	27	3
36	36	5
24	24	3
74	74	3
121	136	1
65	65	4
18	18	4
96	96	3
57	58	2
152	153	2
103	103	7
22	45	1
13	14	2
99	114	1
103	106	1
120	138	1
100	100	2
49	89	1
137	147	2
48	49	2
80	80	6
150	150	2
100	101	2
101	110	1
9	19	1
12	101	1
78	78	4
38	39	3
75	79	1
77	77	1
79	148	2
12	28	1
116	117	2
53	53	4
46	89	1
19	19	7
41	43	1
127	135	1
8	8	2
54	54	3
78	79	1
41	41	2
25	28	1
13	13	3
102	103	2
153	153	1
130	131	1
132	132	2
99	99	1
115	116	3
76	77	1
16	17	5
30	86	1
101	111	1
63	63	2
30	30	1
119	119	2
27	29	1
131	131	2
49	50	1
120	121	1
11	13	2
14	14	5
26	27	3
108	117	1
11	21	1
15	30	1
127	128	2
32	33	1
110	113	1
138	138	2
97	97	3
74	84	1
114	114	2
53	70	1
129	129	1
29	30	3
19	20	2
20	22	3
73	79	1
84	85	1
154	154	1
48	48	1
90	90	2
112	114	1
110	112	1
144	144	4
69	69	3
40	40	1
32	32	2
4	4	3
23	25	4
39	40	2
21	25	1
113	119	2
118	119	1
118	118	1
109	118	2
111	111	3
20	20	1
121	137	1
75	75	3
5	6	1
15	15	5
18	24	2
82	82	1
29	29	3
135	136	1
106	106	3
139	143	1
49	68	1
98	99	4
101	102	1
53	54	4
76	76	4
109	110	1
78	81	1
77	86	1
38	40	2
75	76	3
79	79	2
8	12	1
141	142	1
105	105	2
127	147	2
71	71	2
128	147	1
20	40	2
72	72	1
98	118	1
128	131	1
13	32	1
126	138	1
13	15	1
49	71	1
97	98	1
68	68	3
67	67	2
56	56	1
17	27	1
12	134	1
104	105	2
125	127	1
46	46	4
57	71	2
5	5	1
6	26	1
10	20	1
15	16	2
123	123	1
84	84	4
86	87	1
142	142	1
64	66	1
142	144	1
81	82	2
34	36	1
30	31	1
7	7	2
115	117	1
122	143	2
42	43	3
78	98	1
98	98	5
24	25	1
37	37	2
19	46	1
31	31	4
25	27	1
134	150	1
27	30	1
88	90	1
66	69	1
89	105	1
141	141	1
81	94	1
33	43	1
72	73	1
125	128	1
18	29	1
124	124	1
147	148	4
41	82	1
99	100	1
148	148	2
46	57	2
130	132	1
55	56	1
35	35	1
54	55	1
39	39	3
130	130	1
34	34	3
108	108	1
43	43	4
23	24	2
57	83	1
25	25	3
68	82	1
74	99	1
144	151	1
55	55	1
62	62	1
135	135	3
34	35	3
10	10	2
70	70	1
82	83	1
16	18	2
63	67	1
12	13	1
55	108	1
56	57	1
47	47	1
70	82	1
116	116	1
134	134	1
3	38	1
140	142	1
38	38	1
130	151	1
96	97	1
42	82	1
136	136	2
128	128	1
66	67	1
121	143	1
123	128	1
15	21	1
137	146	1
95	97	2
71	72	1
88	88	1
20	21	1
49	49	1
101	101	1
146	148	1
44	74	1
78	80	1
45	45	2
63	68	1
133	134	1
25	121	1
53	55	1
7	8	1
86	86	1
8	19	1
39	70	1
115	115	1
14	15	2
11	11	1
6	7	1
96	106	1
87	87	2
85	85	1
8	20	1
66	68	2
129	138	1
17	36	1
33	51	1
67	85	1
26	122	1
10	11	1
50	51	1
16	129	2
100	129	1
139	148	1
91	97	1
133	142	1
76	113	1
11	12	1
151	152	1
21	22	3
112	112	1
147	147	1
21	23	1
65	66	1
54	109	1
31	32	1
84	87	1
35	45	1
21	21	1
110	111	1
8	9	1
37	42	1
48	54	1
