112	113	2
104	104	1
71	71	7
70	70	5
92	101	1
73	74	1
93	94	3
74	74	3
63	65	5
95	96	2
38	38	3
91	91	4
96	97	8
58	60	2
84	97	2
92	92	4
69	70	1
94	95	3
78	78	7
66	69	2
49	49	3
73	73	4
86	86	5
53	55	1
23	70	1
94	105	1
89	89	5
47	48	2
65	67	2
68	69	3
46	46	5
88	93	1
55	74	2
99	108	2
102	103	1
77	77	1
93	93	3
63	64	3
33	33	3
56	69	3
27	27	2
67	70	1
67	67	3
36	37	2
28	29	4
24	24	4
37	37	4
19	26	2
74	75	4
109	110	3
26	26	2
24	36	1
52	52	3
82	83	2
80	83	1
22	37	1
79	79	1
53	86	1
73	76	1
61	70	1
33	91	2
62	71	2
77	78	2
54	65	1
85	86	2
85	85	1
55	55	1
30	31	2
102	102	2
88	89	2
92	93	2
107	108	2
86	100	1
68	92	1
73	96	1
99	104	1
109	109	7
81	83	1
55	61	3
19	19	1
44	44	2
23	23	2
65	70	1
102	108	2
20	72	1
58	59	3
55	56	1
69	69	1
53	57	1
108	108	1
91	104	1
58	58	1
50	50	1
64	64	1
91	92	3
87	89	4
98	99	2
88	88	3
60	60	2
74	84	1
70	71	2
86	101	1
57	57	2
107	109	2
90	90	1
79	84	1
75	75	3
76	76	1
56	56	1
22	23	3
105	105	2
48	113	2
62	62	2
56	57	2
74	95	1
87	88	2
102	107	1
36	36	1
83	84	1
57	59	1
110	110	2
37	39	2
57	58	3
101	102	6
25	29	1
96	107	1
89	109	1
114	114	1
96	96	3
64	66	2
61	62	4
62	67	1
64	65	1
101	110	2
81	86	1
66	68	1
38	39	1
62	63	2
36	109	1
45	45	2
89	91	2
68	68	1
28	28	1
34	35	1
43	43	2
26	27	1
20	20	2
29	38	1
113	113	1
80	94	1
98	98	2
58	62	1
45	47	1
71	72	2
103	107	1
51	51	3
75	76	2
111	113	1
22	25	1
106	107	1
89	93	2
31	35	1
68	71	1
52	74	1
83	85	1
74	86	1
39	40	1
81	81	1
86	89	1
53	74	2
52	81	1
40	41	1
66	71	1
47	49	1
42	42	1
65	66	1
54	74	1
22	22	1
108	109	1
60	61	1
27	28	1
27	29	1
93	97	2
106	106	1
79	80	1
59	60	2
104	107	1
75	78	1
63	67	1
84	85	1
80	80	1
66	67	1
92	104	1
90	94	1
25	25	1
