25	25	3
36	68	1
4	4	7
75	77	1
56	59	1
58	58	1
68	68	1
2	3	2
2	2	5
0	0	1
54	54	2
37	65	1
9	9	5
1	10	3
22	29	1
56	61	1
23	23	2
6	6	7
25	26	1
0	2	2
20	20	2
40	40	2
62	63	3
5	5	1
21	21	2
31	36	1
45	45	2
41	68	2
55	56	1
29	29	3
12	12	4
19	19	3
24	62	1
36	69	1
66	66	1
22	23	2
70	70	3
24	28	1
19	21	1
68	71	1
19	46	1
12	20	3
47	47	2
32	60	1
32	32	2
48	49	1
14	14	1
65	65	3
36	38	1
26	26	1
56	57	1
38	53	1
32	57	1
8	8	2
30	31	2
33	34	2
9	10	1
48	52	1
44	45	1
3	3	8
24	75	2
63	64	2
10	10	2
73	73	1
57	58	1
7	7	1
34	34	2
7	8	1
29	65	1
20	21	1
37	39	1
24	24	1
35	35	2
22	22	1
51	51	1
56	56	1
63	63	4
5	8	1
69	69	2
43	44	1
34	53	1
61	62	3
33	33	1
56	63	1
42	42	1
65	66	1
13	23	1
11	11	1
23	52	1
19	20	1
13	29	1
39	59	1
32	76	1
27	27	1
12	13	2
46	46	1
28	53	1
29	44	1
74	74	2
37	37	1
45	46	1
4	5	1
44	44	2
26	68	1
28	28	2
45	58	1
57	57	1
9	11	2
30	30	1
23	27	1
46	56	1
30	62	1
14	24	1
18	19	1
47	48	1
19	49	2
10	21	1
23	28	1
25	69	1
67	70	1
5	6	1
26	29	1
30	49	1
25	70	1
10	22	1
6	21	1
49	51	1
64	64	1
55	70	1
66	67	1
38	38	1
49	70	1
25	52	1
13	32	1
48	48	1
10	11	2
49	53	1
28	71	1
55	55	1
62	62	1
61	61	1
44	51	1
46	48	1
27	28	1
3	7	1
