63	67	1
146	148	1
107	107	1
7	16	2
99	99	5
86	142	1
149	150	1
11	11	4
28	42	1
109	110	3
103	116	1
26	53	1
80	86	2
28	28	2
71	118	1
17	17	1
104	116	1
35	37	1
65	68	2
47	55	2
109	109	2
131	140	1
54	54	3
126	126	4
13	14	2
126	147	1
126	139	1
29	44	2
114	114	3
5	6	2
132	132	3
37	38	2
41	42	1
125	125	2
30	30	2
83	136	1
66	109	2
133	137	1
140	142	1
121	122	2
85	85	1
44	44	2
42	45	2
82	82	2
86	87	1
124	124	3
71	71	2
128	128	1
3	42	2
11	19	1
74	75	1
7	7	3
63	63	3
110	111	3
69	69	2
56	56	6
29	29	2
128	137	2
19	20	2
147	148	3
122	122	3
21	23	2
36	38	1
117	117	2
127	127	1
144	145	3
35	38	2
76	81	1
39	39	6
94	94	2
25	27	1
10	10	5
104	104	1
25	87	1
4	34	1
20	27	1
115	115	1
61	61	1
15	15	3
125	149	1
21	21	1
12	12	5
118	118	2
31	36	2
67	67	2
103	114	1
83	94	2
18	92	1
33	33	1
8	20	1
134	134	2
67	96	1
73	77	1
94	95	2
45	45	2
77	106	1
132	136	4
136	139	1
31	31	3
95	95	1
51	53	1
47	47	2
123	127	2
4	4	1
83	83	2
84	99	2
80	96	1
53	56	1
136	136	3
123	125	1
75	75	2
20	21	2
23	23	6
94	105	1
66	68	1
50	50	2
81	81	2
111	111	2
124	144	1
100	100	1
16	17	2
130	130	3
82	83	2
45	53	1
57	57	4
113	114	1
7	31	1
53	53	4
86	95	1
84	105	1
120	120	2
21	22	1
139	139	2
115	116	3
115	117	1
20	20	2
38	43	1
27	28	2
138	138	2
39	40	3
47	53	1
30	33	4
50	51	1
110	115	1
123	129	1
123	128	1
138	143	3
140	140	1
117	137	1
154	154	1
41	41	2
9	37	1
55	55	1
125	136	2
26	26	5
56	57	1
152	154	1
44	45	2
32	33	1
49	49	2
79	93	2
148	150	1
148	148	2
72	82	1
101	115	1
92	93	2
19	19	2
64	64	3
3	22	1
96	97	1
74	85	1
100	122	1
106	107	2
150	150	3
12	37	1
128	129	2
109	111	2
11	12	1
6	7	1
97	99	2
145	145	2
76	76	3
101	129	1
68	68	1
107	110	1
75	106	1
131	132	1
40	40	2
36	65	1
77	78	1
103	105	1
14	15	2
102	127	2
138	146	1
132	133	1
142	143	2
20	40	2
21	51	2
42	42	3
84	85	1
71	72	1
66	66	2
5	5	3
104	106	1
122	123	1
13	55	1
35	35	3
119	133	1
123	124	1
6	62	1
151	152	1
93	102	1
25	25	1
96	96	4
8	18	2
37	37	1
16	22	1
22	26	1
18	18	1
141	142	2
9	9	1
93	98	1
94	97	1
109	115	1
6	57	1
84	84	1
74	81	1
95	146	1
22	22	4
93	93	1
9	27	1
67	88	2
65	85	1
74	74	1
49	50	1
66	67	1
65	65	2
26	27	1
133	153	1
72	72	3
81	82	2
65	72	1
131	131	1
68	85	1
39	41	1
38	39	1
110	112	1
135	135	4
75	93	1
113	113	2
3	43	1
112	112	1
74	76	1
5	29	1
39	56	1
70	70	1
48	48	1
41	43	1
76	77	2
63	75	1
74	77	1
70	71	1
68	80	1
125	128	1
44	48	1
46	91	1
5	7	3
55	56	2
121	123	1
2	23	1
75	82	1
38	50	1
16	23	1
111	116	2
4	38	1
85	107	1
6	51	1
33	34	1
137	137	1
75	81	1
147	147	2
80	80	3
73	81	1
14	14	1
50	53	1
98	113	1
64	67	1
127	128	1
43	43	1
73	106	1
10	14	1
140	146	1
125	127	1
98	98	2
51	74	1
24	24	1
20	23	1
97	113	1
12	30	1
96	104	1
73	109	1
95	97	1
87	87	1
53	73	1
146	146	1
7	42	1
93	95	1
142	142	1
97	146	1
145	148	1
55	88	1
45	46	1
66	75	1
126	127	1
20	29	1
152	152	1
68	69	2
31	32	2
34	34	1
119	119	1
126	144	1
129	150	1
18	19	1
79	79	1
22	23	1
119	120	1
63	86	1
78	84	1
112	113	1
54	74	1
97	98	1
80	85	1
13	13	1
102	102	1
38	38	1
9	33	1
139	145	1
