152	152	2
97	99	1
104	106	3
57	61	2
76	78	2
80	83	2
108	108	6
84	85	2
93	93	14
49	54	5
131	132	4
16	16	4
5	7	3
44	45	7
76	76	5
116	116	3
103	104	3
23	24	2
134	135	4
81	82	3
71	71	6
26	26	12
89	91	5
71	96	3
90	90	8
96	97	2
43	43	9
156	156	15
84	84	11
74	74	4
110	112	2
131	131	7
126	126	8
0	1	9
80	80	3
112	141	2
119	120	8
42	42	15
111	111	3
14	14	5
169	169	2
127	127	5
87	87	5
47	48	5
4	4	14
93	99	1
106	107	4
36	36	9
86	86	16
136	136	2
23	23	2
11	12	3
53	55	1
147	147	3
164	165	5
112	112	5
142	144	2
72	75	2
85	86	4
158	158	6
85	85	6
77	78	2
118	118	2
115	115	7
110	167	3
19	19	5
27	38	5
151	153	9
107	107	17
91	91	3
73	73	2
13	13	4
139	139	2
123	123	2
15	15	10
20	20	5
5	8	2
112	114	4
95	97	3
49	49	6
149	149	3
70	70	5
11	11	3
47	47	7
3	3	6
123	148	5
40	41	2
132	141	1
160	160	2
46	48	1
22	24	1
62	108	1
54	54	2
64	64	3
14	23	1
88	88	8
134	134	4
92	92	2
72	72	7
77	77	4
55	55	8
122	122	1
90	91	6
56	56	3
140	141	2
69	69	2
118	162	1
14	24	1
99	100	3
74	76	4
46	46	4
35	35	2
133	134	2
48	74	2
129	129	3
34	34	6
117	118	4
161	161	5
119	119	16
92	93	3
99	99	9
83	84	3
113	113	3
137	137	2
123	160	2
84	86	5
68	68	3
163	163	4
17	18	3
62	62	5
93	112	2
7	7	2
63	69	2
98	98	7
84	87	2
6	7	2
39	39	3
82	82	3
63	72	3
114	114	6
159	159	4
89	92	1
165	166	1
8	13	1
150	153	1
104	104	7
151	151	7
52	52	2
44	44	7
17	17	6
154	154	3
19	23	3
148	148	5
159	160	7
51	51	3
108	109	1
133	133	7
119	129	7
123	124	2
40	40	1
48	48	1
105	115	1
161	162	3
25	25	5
94	94	2
142	142	2
96	99	2
146	163	1
89	89	3
10	10	2
0	0	2
1	35	1
38	38	2
112	113	5
47	56	1
95	96	1
108	110	2
46	47	1
105	107	2
125	126	3
86	90	3
155	155	1
48	51	1
100	100	2
48	49	4
12	22	1
6	15	3
8	8	3
33	34	4
169	170	4
155	156	2
50	52	1
2	2	2
85	103	2
86	105	2
78	78	3
57	57	2
79	80	3
12	12	3
20	22	2
80	81	1
125	148	3
77	89	2
86	87	2
167	168	1
101	101	2
125	161	6
130	130	1
72	77	3
117	117	3
146	146	5
49	51	5
24	25	3
116	117	3
128	128	3
156	157	1
128	166	1
68	69	3
168	168	2
38	41	1
111	114	2
45	45	6
57	58	1
97	98	2
63	63	1
113	114	2
41	41	5
21	25	2
121	121	4
7	8	1
152	153	1
104	105	3
100	101	1
141	141	1
84	104	4
35	36	4
164	164	2
109	110	1
102	102	1
87	88	1
100	103	1
0	83	1
99	101	1
73	74	1
53	56	2
13	15	1
28	37	1
112	119	1
51	120	2
5	5	2
96	96	2
43	44	3
125	125	1
73	75	3
128	129	2
70	71	2
138	138	2
157	158	2
47	49	2
11	14	1
15	24	1
105	108	4
44	46	1
106	106	3
87	112	3
107	113	2
140	140	1
9	10	1
1	2	1
20	23	1
53	53	1
138	140	2
135	135	2
56	57	1
83	86	1
124	124	1
13	24	2
145	150	1
39	41	1
86	92	1
86	88	1
45	46	1
24	24	2
162	164	1
4	5	1
79	79	1
53	57	1
54	57	1
112	130	1
7	90	1
45	48	2
119	122	1
72	98	1
143	145	1
50	50	2
144	144	1
109	109	1
22	23	1
95	110	1
151	160	1
119	121	1
120	120	1
110	110	1
52	148	1
114	116	1
73	89	1
0	80	2
64	76	1
27	27	1
