68	71	2
111	111	2
78	78	3
107	108	5
34	35	2
84	111	3
89	90	2
78	105	1
52	52	3
96	98	3
52	99	1
110	110	6
103	104	3
104	107	2
84	86	2
84	85	2
54	55	3
104	104	4
55	55	2
44	44	9
76	76	7
66	79	2
29	30	1
106	107	2
63	64	1
67	71	1
49	49	3
52	73	4
74	74	2
62	63	3
105	105	3
54	63	2
75	76	5
79	79	3
57	74	1
106	106	1
93	94	2
59	59	6
58	58	4
87	87	2
64	64	1
90	91	3
41	42	3
27	29	1
58	65	2
86	87	1
42	42	3
45	45	5
83	93	3
88	88	1
93	93	5
24	24	1
50	50	3
62	74	2
100	111	2
27	28	1
79	98	3
67	67	1
112	112	2
71	71	2
43	43	7
70	70	3
100	107	1
89	89	3
85	86	2
97	97	6
46	46	2
63	66	1
65	65	3
26	27	1
95	97	2
87	88	2
62	80	1
70	71	4
112	113	1
99	99	1
75	75	4
39	40	2
72	72	1
51	76	3
25	25	2
48	48	2
111	112	1
28	28	2
84	84	2
68	69	2
83	94	1
31	32	1
105	106	1
84	97	2
62	67	1
91	91	2
102	103	2
59	60	1
83	83	6
31	37	2
79	80	1
83	84	1
57	57	1
79	99	1
95	95	1
103	103	4
72	101	2
51	52	2
50	51	2
114	114	2
114	115	1
82	82	2
90	90	4
58	60	2
51	51	1
20	21	2
101	101	1
89	91	2
58	64	1
74	75	1
108	108	2
35	37	3
56	57	1
102	102	2
20	20	2
100	100	5
30	30	2
77	77	2
92	92	4
47	48	1
98	99	2
90	101	1
24	26	1
64	75	1
109	109	1
80	110	1
73	74	4
21	22	1
96	96	2
62	62	1
85	85	1
72	74	1
37	37	1
54	59	1
60	63	1
54	73	1
55	56	1
96	108	1
68	68	1
68	74	1
23	23	1
91	93	1
59	61	2
96	99	1
33	34	1
44	45	2
103	105	1
25	29	1
77	79	1
98	98	1
60	67	1
38	84	2
35	35	1
37	39	1
34	34	1
102	105	1
96	97	1
90	107	1
66	66	1
69	71	1
40	40	1
33	33	1
94	94	1
28	29	1
50	97	1
92	93	1
32	32	1
