15	19	4
48	48	28
62	62	11
54	54	1
10	10	1
18	19	7
3	4	3
43	48	10
31	31	5
19	19	6
12	12	13
47	47	13
42	58	6
34	35	4
39	39	18
35	37	5
15	15	5
60	60	10
36	37	5
46	47	2
40	40	17
11	25	4
39	41	3
31	33	3
51	51	9
3	3	1
48	49	6
10	26	1
0	0	7
58	58	3
36	36	22
58	60	6
56	57	11
9	9	13
53	53	5
45	45	6
32	32	8
60	61	4
49	49	8
30	32	6
34	34	13
49	50	6
30	48	2
43	43	13
6	6	1
30	30	22
44	44	10
51	54	6
5	5	6
1	21	5
51	52	8
47	48	4
57	57	6
14	24	4
40	41	5
55	55	17
38	45	2
52	52	2
42	42	11
42	44	10
42	43	3
35	35	8
30	34	4
38	40	4
45	60	4
37	37	8
5	6	4
11	23	2
11	12	4
51	56	2
61	61	13
47	50	3
21	21	1
23	23	3
47	58	2
54	55	1
25	25	2
2	30	2
50	50	1
33	34	4
49	53	2
56	56	4
43	44	4
30	56	2
43	61	1
14	16	2
22	22	4
46	46	5
16	16	9
1	20	1
5	30	1
59	59	7
34	39	1
2	2	6
37	39	1
2	4	2
12	13	1
39	40	2
0	1	3
43	50	1
40	42	3
32	33	1
54	58	1
33	48	4
12	19	1
7	8	2
12	14	1
7	7	1
50	51	4
4	4	4
38	39	2
30	47	1
56	59	4
33	37	1
1	1	3
29	29	2
14	14	2
14	19	1
52	56	2
18	18	1
21	22	2
59	61	1
33	33	4
5	7	2
43	45	1
45	46	1
17	17	1
47	57	1
