101	102	2
72	72	4
76	125	3
75	75	7
32	33	3
79	80	2
71	91	1
120	120	4
135	135	3
12	13	2
80	80	8
98	105	1
1	52	6
68	70	1
81	95	1
118	118	10
5	5	1
16	16	3
14	14	6
62	62	6
24	25	1
76	76	2
65	65	3
64	66	2
119	120	4
80	101	1
31	31	9
40	40	1
18	19	2
48	48	8
17	17	3
108	117	3
63	64	3
80	123	2
73	74	2
125	127	3
128	132	1
83	110	1
3	3	6
66	132	1
55	56	3
55	55	3
67	67	4
57	64	2
32	35	2
43	104	2
8	8	2
112	113	1
93	94	1
109	109	5
13	16	1
83	139	1
11	18	1
34	35	2
132	132	4
93	93	4
105	110	1
110	110	3
60	60	2
95	96	4
79	122	1
43	43	4
141	141	5
106	106	3
114	114	4
102	105	5
8	118	2
23	23	2
51	53	1
142	142	1
50	50	3
134	136	2
111	111	4
90	91	1
40	41	1
105	117	1
140	141	3
77	84	1
108	120	2
87	88	4
85	86	1
19	20	2
29	30	1
110	127	1
25	26	4
13	13	1
66	66	3
48	51	2
4	4	4
53	138	2
98	98	1
126	135	3
121	121	5
70	71	2
78	78	4
102	102	2
33	33	2
127	130	2
116	116	2
76	122	2
41	42	4
91	95	1
88	89	3
73	80	1
122	122	1
134	135	3
87	87	2
79	107	1
56	56	3
130	139	1
111	112	2
17	18	1
105	105	2
13	117	1
82	82	1
57	57	2
90	106	2
95	97	1
113	115	1
53	96	1
58	58	4
14	29	1
81	81	2
131	132	2
97	98	5
95	95	9
9	9	4
53	135	2
106	107	4
15	15	5
42	42	4
129	130	1
125	130	1
9	21	1
74	74	2
13	33	1
113	117	1
10	11	2
140	140	3
126	126	4
104	106	1
120	122	2
69	69	1
122	123	2
128	128	3
87	91	1
35	35	1
29	29	2
137	139	2
36	36	2
114	116	2
89	89	2
130	130	2
3	30	1
51	51	1
90	90	2
64	71	1
52	52	3
127	127	4
69	82	1
69	70	2
128	130	2
113	113	1
114	117	1
117	117	3
6	8	1
130	131	1
101	101	1
18	36	2
80	81	2
11	11	1
21	33	1
70	70	4
2	2	3
86	91	1
35	66	2
85	88	1
80	99	1
37	121	1
60	68	1
121	141	1
136	137	1
144	145	1
39	41	1
5	20	1
77	123	3
30	31	1
22	129	1
49	49	1
37	37	6
12	12	2
15	51	1
6	20	1
119	119	6
135	136	3
31	34	1
125	125	2
139	139	2
108	135	1
83	88	2
69	87	2
19	28	1
98	106	1
91	91	1
42	115	1
126	127	1
144	144	1
113	114	1
0	140	1
108	109	3
62	63	1
94	94	2
31	32	1
129	129	3
41	41	1
133	134	2
139	141	1
50	51	1
24	24	4
40	113	1
108	108	2
28	28	4
76	77	5
75	121	1
124	125	1
128	129	1
117	132	2
3	6	1
117	120	1
115	116	1
17	28	1
110	132	1
32	137	1
1	4	3
139	140	1
0	0	1
57	69	1
92	92	1
9	18	1
79	123	1
39	40	3
65	138	1
1	2	2
145	145	1
85	106	1
13	14	2
128	139	1
123	124	1
113	122	1
65	67	2
79	79	1
59	59	3
110	123	1
30	30	1
86	128	1
54	54	5
14	15	1
58	59	1
81	105	2
74	75	1
121	132	1
74	119	1
102	103	1
35	130	1
142	143	1
13	29	1
115	115	1
110	130	1
122	132	3
49	55	1
48	89	1
72	126	1
125	133	2
71	71	1
49	52	1
66	105	2
47	47	1
37	114	1
9	10	1
66	67	2
103	103	1
115	137	1
98	125	1
73	73	1
66	136	1
38	39	1
1	6	1
50	52	1
77	85	1
88	90	1
99	121	1
85	85	1
68	68	1
121	139	1
106	130	2
124	128	1
134	134	1
115	118	3
130	132	1
35	65	1
74	102	1
127	128	2
21	32	1
75	76	1
74	96	1
46	68	1
92	93	1
34	43	1
111	129	1
47	48	1
118	119	1
26	27	1
101	103	1
12	117	1
38	38	2
24	33	1
32	32	1
64	64	2
133	133	1
137	137	1
28	37	1
84	123	1
102	104	1
84	84	3
131	131	1
96	96	1
70	84	1
96	99	2
105	106	1
89	111	1
15	24	1
74	111	2
74	80	1
80	124	1
70	104	1
61	62	1
36	127	1
106	127	1
48	49	1
78	79	1
15	19	1
40	143	1
109	110	1
39	124	1
13	20	1
86	87	1
11	16	1
136	136	1
51	52	1
