221	223	1
101	101	5
40	155	1
145	145	1
172	172	1
197	198	3
134	134	6
123	123	1
142	142	3
182	182	3
95	117	3
227	227	7
8	8	2
29	29	4
71	71	2
21	22	2
148	148	3
209	210	1
63	64	2
41	41	1
141	143	5
70	70	5
106	107	1
184	231	2
69	74	1
64	64	2
220	224	2
191	191	3
78	78	3
78	80	1
15	60	3
166	185	2
18	19	2
109	109	1
6	63	1
61	62	5
114	114	1
33	39	1
83	83	2
13	14	2
104	104	4
104	105	4
8	73	1
35	35	3
18	18	4
0	0	5
14	14	3
136	160	2
11	65	1
12	14	3
211	215	1
14	16	1
135	145	1
59	60	3
12	15	1
24	24	4
226	227	2
198	199	3
38	38	2
19	19	5
138	139	3
0	3	1
40	40	4
152	153	2
48	55	1
52	52	3
108	123	1
45	45	2
176	177	2
192	193	1
192	192	3
59	59	2
185	185	1
133	134	1
47	47	5
49	49	3
54	55	2
69	69	7
78	102	1
213	215	2
28	46	1
138	154	2
208	208	6
54	54	6
46	46	2
12	215	2
136	136	1
189	189	2
17	19	1
39	39	4
59	62	1
236	236	5
42	43	5
49	61	2
95	98	1
133	133	3
122	122	2
172	173	1
195	197	1
46	232	2
143	151	1
203	203	2
75	75	3
166	167	3
201	201	6
168	168	2
204	207	1
235	235	3
204	204	5
82	84	2
103	103	4
141	162	1
212	213	3
29	30	4
98	102	3
200	200	1
50	53	1
216	216	2
19	21	1
178	178	2
204	205	2
12	84	1
134	228	2
164	169	1
60	65	1
71	215	4
62	63	3
81	81	1
223	223	3
207	207	5
146	151	2
174	175	3
97	127	1
230	230	2
50	50	1
14	15	2
23	23	6
4	224	1
25	26	2
210	210	6
206	207	2
85	85	2
74	74	5
173	173	5
195	195	3
84	85	1
189	194	1
67	74	2
171	171	2
40	60	5
8	9	1
141	142	1
30	49	1
2	3	1
126	126	4
72	172	1
12	53	1
85	149	1
43	43	3
206	216	1
20	32	1
61	64	1
181	181	1
168	169	3
46	62	1
218	218	1
64	65	1
100	100	1
20	28	2
190	197	2
189	213	1
96	103	1
109	110	3
77	81	2
56	56	2
222	223	2
21	23	2
44	45	4
221	226	1
22	24	1
151	152	1
46	63	1
77	132	2
99	99	3
8	15	1
81	82	1
20	20	5
86	86	1
184	184	1
62	62	4
152	155	2
11	11	5
17	17	1
170	171	3
220	231	1
1	2	2
14	17	1
38	61	1
143	144	3
137	137	5
228	229	2
189	190	1
45	46	5
170	185	2
223	226	1
168	182	1
116	117	1
201	204	1
89	89	1
91	133	2
215	215	3
96	97	4
105	224	1
71	72	1
77	79	2
242	242	2
148	154	1
194	195	1
198	198	4
53	53	2
65	66	1
241	241	1
231	231	2
24	44	1
19	30	2
144	206	1
29	47	3
22	22	2
113	113	1
30	30	5
68	68	3
48	53	1
190	191	1
52	53	4
5	7	1
174	174	2
2	10	1
182	183	4
167	168	3
15	15	1
159	171	1
37	39	3
2	4	2
22	34	2
150	150	2
69	73	3
117	119	1
71	73	2
158	159	1
205	206	1
6	12	1
30	43	1
10	11	1
11	53	1
76	95	1
29	31	4
2	34	2
175	175	2
209	211	2
128	128	4
105	105	1
15	18	3
190	194	1
163	164	2
83	84	2
10	10	1
193	195	3
232	237	2
36	36	1
80	82	1
199	199	3
145	161	2
187	188	2
106	106	1
217	218	1
36	68	1
140	142	4
220	220	2
32	42	3
130	130	1
16	41	1
211	211	2
65	71	2
159	159	2
147	148	2
75	84	1
81	214	1
191	219	2
139	167	1
76	83	1
213	223	1
26	232	1
21	24	1
157	158	1
98	98	2
58	58	3
168	207	1
136	175	1
227	231	1
150	151	1
216	217	3
75	76	2
140	140	2
32	32	1
31	31	4
58	216	2
48	59	1
2	21	1
179	179	2
196	196	2
136	167	1
27	27	1
116	116	3
31	34	1
153	154	3
160	188	2
160	161	2
32	44	1
105	107	1
28	28	2
48	48	2
194	194	3
157	157	1
66	67	3
19	23	1
65	65	3
102	103	1
225	227	1
4	5	2
186	188	1
7	35	1
9	9	3
142	143	2
84	91	1
16	17	2
215	216	2
163	168	1
14	37	1
31	45	1
145	150	1
171	193	2
72	72	1
16	16	1
19	28	1
189	198	1
48	60	1
161	162	1
10	227	1
228	228	1
26	26	4
37	38	2
43	47	1
135	136	4
100	129	1
78	100	1
169	170	1
3	3	1
42	48	1
12	12	2
130	172	1
135	135	1
201	202	1
63	63	2
191	192	1
69	70	3
25	48	2
224	225	1
37	37	2
80	80	6
41	44	1
159	165	1
183	189	1
121	121	1
183	183	2
108	108	1
199	208	1
61	61	2
225	226	2
70	71	1
82	210	1
159	190	1
139	140	1
158	158	1
49	62	1
72	73	2
178	179	2
202	202	1
73	74	2
233	234	2
66	66	1
200	215	1
68	69	2
164	164	1
208	231	1
32	33	2
76	81	1
31	35	1
147	166	1
5	5	1
48	233	1
110	111	2
67	68	1
139	141	3
134	138	1
35	37	1
154	154	1
11	15	1
140	141	1
183	196	1
239	240	1
179	182	1
213	213	1
51	83	1
164	197	2
159	188	1
210	224	1
100	130	1
232	232	2
181	182	1
144	144	3
92	92	1
3	61	2
100	127	1
226	226	1
5	6	1
214	214	1
96	100	1
67	67	1
92	99	1
219	219	1
136	137	2
41	42	2
201	212	2
32	36	1
19	22	1
161	161	1
141	141	1
16	21	1
197	197	1
144	145	1
73	73	1
44	44	1
129	130	2
169	169	1
155	156	1
119	119	1
103	105	1
125	126	2
39	40	2
213	217	1
175	192	1
4	4	2
176	176	1
227	228	1
206	217	1
57	58	1
79	116	1
97	150	1
51	58	1
234	236	1
195	198	1
36	37	1
22	23	1
237	238	1
63	68	1
50	51	1
188	188	1
206	206	1
32	34	1
162	162	2
49	53	1
104	107	2
79	104	1
88	88	1
136	139	1
119	122	1
186	187	2
139	142	1
84	84	1
177	181	1
159	163	1
21	21	2
114	115	1
172	196	1
238	238	1
9	160	1
32	35	1
114	117	1
167	167	1
186	186	1
15	16	1
1	21	1
109	113	1
83	85	2
70	73	1
115	115	1
80	83	1
42	42	1
110	110	1
28	231	1
138	138	1
124	124	1
148	157	1
219	233	1
68	238	1
155	155	1
163	163	1
49	51	1
189	191	1
15	32	1
205	208	1
199	211	1
115	117	1
6	20	1
26	27	1
98	99	1
197	199	1
75	99	1
23	66	1
203	204	1
153	153	1
