38	38	2
0	0	2
42	51	2
6	7	2
15	16	2
53	54	1
51	52	2
17	17	6
31	31	3
0	46	1
7	8	1
56	57	2
59	59	2
40	41	2
62	62	4
55	57	1
22	22	2
23	25	1
43	48	2
54	56	1
34	35	1
42	42	7
36	36	9
58	60	2
60	60	2
32	32	2
50	50	5
43	43	5
30	30	5
57	57	2
46	57	1
33	34	3
1	44	1
0	17	3
51	51	1
14	14	1
49	49	1
50	51	2
37	40	1
15	33	1
33	59	1
39	39	1
9	9	1
14	15	2
54	58	1
39	41	2
47	47	4
54	54	2
41	41	1
40	40	1
6	6	1
24	24	3
37	39	1
16	44	1
44	60	2
23	23	1
55	55	1
45	47	2
61	61	1
21	22	1
58	59	3
34	34	1
33	61	1
35	37	1
16	16	3
59	60	3
35	35	3
33	36	1
13	13	1
7	9	1
48	49	1
46	46	2
55	56	1
18	20	1
3	3	2
37	37	2
42	57	1
40	42	1
37	41	1
48	57	1
18	18	1
1	20	1
11	11	2
10	11	2
16	36	1
53	53	1
5	6	1
38	39	1
31	32	1
20	20	1
10	10	2
19	31	1
1	2	1
42	43	1
13	14	1
5	51	1
30	61	1
47	60	1
56	56	1
7	7	2
56	58	1
48	51	1
44	46	1
33	35	1
45	45	1
33	33	1
5	5	1
24	41	1
44	44	1
49	59	1
12	12	1
15	15	1
8	8	1
36	37	1
