20	49	1
139	139	5
37	37	5
2	3	2
9	160	2
74	74	5
138	138	6
52	138	4
124	134	2
153	153	7
0	1	1
23	23	5
36	38	1
100	138	1
132	139	2
98	99	4
136	136	5
117	118	5
165	165	2
164	165	4
163	163	5
128	130	1
56	56	5
9	9	8
63	121	1
115	151	1
125	126	5
38	38	6
106	110	3
94	94	6
103	104	2
107	107	3
121	122	1
107	130	2
17	111	1
149	150	2
142	144	5
95	95	2
112	112	6
109	109	6
131	131	6
106	150	1
80	85	1
6	6	13
83	83	7
37	38	2
98	137	2
169	169	5
85	85	2
11	21	4
112	114	2
150	159	2
132	132	3
107	108	3
166	166	3
137	151	5
15	19	3
77	86	1
78	145	1
124	125	8
75	76	2
34	162	1
22	169	1
81	81	7
67	156	1
137	137	5
9	10	1
151	159	4
123	125	2
96	138	2
66	67	3
54	54	3
8	8	3
139	153	3
160	161	2
97	108	1
72	73	5
110	110	7
87	88	2
49	49	5
67	67	4
52	52	8
134	134	5
145	145	8
26	28	4
122	122	4
105	105	2
15	15	3
57	62	3
133	133	9
18	24	1
136	148	1
21	21	3
46	46	4
90	90	5
56	125	1
137	157	1
100	120	1
139	140	3
114	116	2
86	86	4
104	104	3
49	54	1
127	127	7
83	130	1
50	80	1
116	117	4
50	51	1
45	50	1
115	115	3
1	6	2
82	93	1
159	159	3
80	80	9
144	145	1
3	26	2
86	87	1
70	70	5
119	124	1
19	46	2
141	144	1
114	114	5
17	166	1
141	141	8
105	107	1
99	131	1
7	19	3
69	77	5
98	98	7
18	18	7
150	150	6
3	3	5
161	161	5
149	149	3
91	92	7
24	25	2
167	167	3
21	24	1
42	42	2
101	103	1
56	57	3
116	116	9
51	149	2
79	104	2
126	127	4
128	129	4
125	125	2
63	73	1
9	54	2
117	134	1
119	121	5
108	108	6
87	87	4
35	36	2
54	64	1
158	169	1
157	157	4
80	81	4
75	94	1
73	77	2
151	151	2
24	53	1
22	146	1
39	66	3
36	36	5
11	99	2
63	72	2
151	168	1
127	128	2
41	41	6
108	109	6
18	19	1
165	166	2
88	88	3
123	123	2
114	151	1
64	72	1
117	117	8
79	79	5
7	8	2
89	93	1
10	17	1
168	168	4
78	78	8
157	158	2
145	147	4
91	94	2
136	160	1
123	149	2
168	169	1
45	45	5
12	74	1
102	102	5
113	113	11
8	11	1
133	148	2
118	150	1
164	164	4
19	19	4
93	93	2
97	97	6
129	130	3
21	22	1
96	96	7
25	25	2
162	165	2
91	91	2
128	128	2
93	94	2
144	146	2
83	113	1
119	120	1
118	119	4
48	48	7
43	43	4
102	128	1
162	163	4
14	15	1
82	83	2
16	50	1
144	144	5
55	55	4
73	74	2
4	4	3
100	100	5
147	147	7
47	47	8
98	112	1
63	63	4
110	111	2
100	102	1
133	134	2
50	50	10
22	22	4
51	51	3
100	101	3
142	163	3
79	80	6
81	82	2
142	146	1
0	0	3
96	97	5
87	159	1
71	72	1
93	96	1
101	101	6
21	49	1
68	134	2
156	156	5
162	164	1
135	150	1
8	10	2
134	135	2
62	97	1
20	20	3
145	146	3
12	12	1
86	131	2
133	136	2
121	121	4
7	7	3
17	36	1
37	52	2
135	135	3
112	160	1
79	88	2
56	64	2
28	28	1
39	96	2
18	52	1
167	169	1
54	75	2
20	23	3
39	39	1
1	1	4
111	111	7
74	75	1
17	17	1
10	10	4
82	82	2
44	44	2
4	83	2
16	35	2
63	87	2
26	133	2
143	157	2
126	141	1
50	124	1
135	159	2
75	75	2
166	167	1
103	103	3
154	154	4
24	26	2
65	66	1
112	151	1
69	69	7
106	107	1
119	119	5
25	90	1
106	108	2
6	7	1
83	87	3
115	121	2
129	129	11
71	81	3
145	165	1
77	77	2
15	17	2
24	24	2
123	152	1
37	153	3
35	35	5
82	84	1
108	154	1
154	156	2
154	159	2
102	109	1
43	136	2
129	131	3
152	155	3
153	154	2
11	11	9
5	5	6
34	34	5
2	161	3
3	44	3
2	8	3
6	8	1
46	73	1
34	42	1
20	25	2
159	160	1
16	16	5
109	110	1
39	40	5
21	23	3
22	47	1
146	165	2
40	40	2
53	54	1
140	141	2
88	90	1
8	12	1
116	148	2
98	119	1
148	149	1
158	166	1
4	11	2
80	82	1
107	137	1
101	114	1
1	2	3
123	151	1
78	79	3
16	25	2
94	100	2
71	104	1
151	158	1
143	143	2
27	115	1
148	167	1
25	150	1
64	64	5
101	105	3
53	154	1
46	47	1
11	12	2
27	27	4
114	115	1
78	81	1
126	126	2
120	120	5
4	28	1
17	20	1
116	154	1
3	4	1
66	66	2
141	153	2
128	133	1
83	84	2
13	13	2
70	96	1
160	160	3
123	143	1
150	151	2
70	74	2
53	53	2
72	72	2
76	76	1
80	83	2
111	154	1
122	123	4
62	63	1
6	53	1
10	14	1
27	150	2
48	49	1
18	48	1
53	150	1
28	78	1
74	78	1
168	170	2
155	157	1
143	144	2
120	146	1
2	2	2
148	150	1
27	153	1
13	74	2
147	148	2
167	168	1
88	144	1
101	136	1
69	134	1
33	33	1
0	38	1
0	11	1
33	41	1
130	130	1
19	47	2
54	55	1
75	77	1
2	10	2
89	89	5
20	22	2
98	113	1
115	116	4
38	39	1
57	61	1
4	13	1
85	132	1
127	135	1
140	140	2
65	65	2
62	62	2
82	88	1
127	129	1
10	161	1
41	158	1
102	107	1
142	161	1
68	68	1
44	45	1
112	145	2
12	18	1
45	56	2
55	75	2
126	131	2
82	120	1
118	118	2
6	11	1
3	46	1
84	84	3
121	144	1
75	137	1
125	129	1
23	24	2
50	79	1
36	132	1
126	147	1
144	162	2
161	163	1
123	150	1
8	26	2
90	91	1
87	90	1
14	14	1
6	12	1
96	147	1
101	102	1
69	70	1
128	136	2
88	93	1
141	142	1
158	158	1
137	138	1
71	71	5
26	26	2
76	77	1
10	74	1
14	52	1
155	156	1
137	139	1
74	77	1
132	133	1
67	68	2
35	167	1
102	103	2
92	92	1
97	138	1
130	131	1
27	145	1
111	112	1
74	105	1
169	170	1
25	27	1
21	26	1
16	22	1
22	23	2
137	152	1
97	99	2
106	151	1
124	124	2
146	146	1
55	56	1
13	14	1
109	114	1
12	13	1
75	87	1
112	143	1
106	111	1
161	165	1
62	74	1
92	93	1
52	57	1
97	133	1
146	147	1
118	167	1
100	136	1
108	116	1
53	64	1
83	119	1
52	53	1
106	137	1
36	37	1
155	155	1
78	80	1
112	116	1
6	107	1
20	21	1
151	152	2
131	132	1
25	26	1
148	169	1
57	57	1
17	22	1
152	152	2
7	126	1
64	126	1
141	143	1
16	18	1
163	167	1
42	43	1
