67	84	5
87	87	23
87	89	8
85	88	4
83	83	11
92	92	29
39	40	4
47	48	13
81	81	27
89	89	20
51	96	6
44	44	17
85	86	4
60	60	9
52	52	13
51	52	11
65	65	16
66	66	11
40	40	12
38	38	6
45	45	5
82	82	17
36	42	3
27	34	2
88	88	9
86	86	17
35	35	9
66	69	9
36	36	11
63	65	1
64	64	24
79	79	22
91	91	11
55	59	3
58	58	8
93	93	11
64	65	14
74	74	9
78	78	15
48	48	11
71	84	5
92	95	1
54	54	24
96	96	15
70	70	14
87	88	15
102	102	5
49	52	7
93	95	5
98	98	32
85	85	16
69	69	9
81	82	11
33	33	5
86	87	8
41	41	8
67	67	28
61	87	5
96	97	6
76	76	17
63	63	12
73	73	10
48	49	3
63	64	8
62	62	11
79	80	4
91	92	2
75	75	9
61	61	4
74	75	4
92	96	8
94	94	15
80	80	2
55	58	4
84	88	2
97	97	13
25	26	5
29	30	2
22	33	3
84	84	14
27	27	6
92	93	3
100	100	7
80	81	3
67	70	2
37	37	4
95	95	13
32	32	2
63	66	7
72	74	2
43	60	3
47	47	6
56	57	2
38	39	11
46	60	6
66	68	6
42	42	12
54	56	1
99	99	8
90	90	6
39	41	3
90	91	7
22	22	5
67	68	5
101	101	21
68	68	7
77	77	10
83	84	5
50	50	5
53	53	11
46	63	6
43	44	6
88	93	4
34	35	7
50	52	6
91	94	3
20	20	1
73	74	6
88	89	2
27	28	6
76	79	1
69	70	2
60	61	2
55	56	3
62	63	4
49	61	4
56	56	10
24	29	4
57	57	6
50	51	2
91	95	1
36	38	3
40	41	3
86	89	3
62	71	2
55	55	3
69	71	2
83	88	4
100	101	10
101	102	2
45	60	7
84	85	4
49	51	3
72	72	8
45	66	2
67	75	4
65	66	1
95	98	11
66	67	3
78	79	6
27	30	5
59	59	4
51	51	6
61	63	1
89	92	1
62	64	1
38	44	5
24	25	3
54	58	1
66	71	1
95	96	1
97	98	2
30	74	3
76	80	3
48	50	2
47	63	2
23	24	1
25	28	1
94	95	2
92	94	3
20	38	1
70	71	1
68	74	1
49	62	1
41	42	1
58	59	2
76	77	1
30	30	1
77	79	1
