22	50	1
40	40	3
60	60	4
25	26	6
37	37	3
36	39	2
59	59	6
10	49	1
70	70	2
21	21	2
33	34	3
27	27	1
10	11	1
50	50	4
74	75	4
57	57	4
74	74	2
39	39	3
56	56	4
30	31	2
69	69	4
31	32	2
61	65	1
38	41	1
51	51	3
46	53	2
58	59	2
28	30	1
0	18	1
10	10	5
63	63	2
8	8	2
48	48	2
62	66	2
64	66	1
57	61	2
22	22	5
25	25	1
0	4	1
22	23	2
2	24	2
12	12	3
34	45	1
46	46	1
43	44	4
41	76	1
10	51	2
70	71	2
1	9	1
65	65	4
20	32	1
51	55	2
32	32	1
49	50	1
68	68	1
7	8	2
31	31	2
66	67	2
25	40	1
71	73	2
61	62	3
3	18	3
47	47	4
28	29	2
39	40	4
65	66	2
37	45	1
27	30	3
34	43	3
38	63	2
42	42	4
7	11	1
55	55	1
30	30	4
35	38	1
13	18	1
5	5	4
20	20	2
42	75	1
41	41	1
48	49	1
44	44	3
0	0	2
58	75	1
1	24	1
7	7	3
11	11	1
28	44	2
35	35	1
54	54	2
7	15	1
71	71	2
29	67	1
1	2	3
23	24	1
20	62	1
5	6	1
0	20	1
32	44	1
36	37	1
39	41	3
5	25	1
58	72	1
46	47	1
58	61	1
25	42	1
66	66	1
5	26	1
1	1	3
48	68	1
6	7	1
1	4	1
3	5	1
40	43	1
75	77	1
2	2	2
8	43	1
62	68	1
0	49	2
4	27	1
62	62	2
36	36	1
9	44	1
38	64	2
36	38	1
63	64	3
69	70	1
23	23	1
39	44	1
73	74	1
72	75	1
43	43	1
33	33	2
76	76	3
45	45	2
42	49	1
68	70	1
46	48	1
3	3	2
40	41	1
52	52	1
21	31	2
30	74	1
44	46	1
73	73	1
9	10	1
13	13	1
24	27	3
20	45	1
26	27	1
41	42	3
72	73	1
28	28	1
56	57	2
28	41	1
44	59	2
35	39	1
19	21	1
4	6	1
9	11	1
64	65	1
64	64	1
45	46	1
23	62	1
53	53	1
27	28	1
32	43	1
61	64	1
29	29	1
56	59	1
34	34	1
21	46	1
24	24	1
54	64	1
74	77	1
75	76	1
19	19	1
13	14	1
32	75	1
56	60	1
57	62	1
0	11	1
