25	87	4
141	141	7
132	134	8
152	152	9
139	139	8
82	82	2
169	169	6
72	171	4
67	67	14
85	85	6
4	4	6
88	89	3
62	62	12
174	174	5
15	15	10
28	28	6
81	82	10
185	186	5
20	20	8
131	132	1
182	182	6
135	135	6
181	182	5
46	46	13
143	144	3
160	160	11
37	37	12
140	174	4
70	74	1
23	23	7
149	149	3
146	146	11
68	68	2
70	70	4
134	140	1
151	152	4
71	71	12
181	181	7
117	118	1
134	134	8
104	105	4
166	166	10
191	193	2
120	120	5
21	21	9
97	148	4
105	106	5
17	18	2
116	117	4
117	117	3
80	80	9
52	52	6
74	75	3
11	11	3
8	9	1
18	18	7
120	128	4
152	153	1
121	122	4
41	41	9
13	13	6
188	188	11
180	180	11
33	33	3
47	48	2
97	98	4
137	137	9
49	49	4
100	168	1
144	145	3
122	122	4
192	192	5
194	194	6
94	95	6
12	12	5
161	161	4
185	185	3
148	148	10
45	45	2
140	141	2
6	6	7
118	144	5
126	126	3
189	189	6
0	1	3
25	25	14
125	127	2
156	156	6
9	10	1
118	118	5
52	53	5
86	86	2
27	27	7
129	130	8
110	110	16
96	96	5
1	1	5
30	30	18
163	164	2
140	140	11
168	169	4
191	192	4
59	60	1
175	175	9
80	81	3
116	116	10
131	193	4
125	126	2
139	140	5
144	144	9
162	168	7
145	146	3
136	136	6
26	26	8
83	84	5
159	159	6
51	51	4
174	176	6
10	10	3
73	76	2
53	53	1
134	139	7
172	172	8
35	35	8
100	100	5
113	113	17
115	115	3
50	50	5
186	186	4
100	101	1
60	61	8
18	86	3
72	72	5
123	124	3
183	183	8
128	128	3
134	143	4
20	21	1
110	118	1
103	103	3
21	112	3
16	16	7
0	0	2
63	63	7
81	81	9
177	177	4
59	59	6
40	41	5
77	77	4
123	123	3
168	168	6
18	19	3
155	155	5
39	42	9
48	48	12
132	132	4
122	123	3
67	68	2
124	124	8
38	38	5
153	154	2
193	195	3
152	156	3
67	79	2
26	27	3
2	2	6
23	113	2
121	121	14
93	93	1
19	19	6
109	110	2
29	29	9
110	119	2
7	8	5
105	105	4
49	50	2
58	58	5
142	142	4
56	57	4
73	73	5
71	72	4
66	79	4
108	108	2
119	119	3
143	143	7
130	130	8
60	60	2
107	107	19
58	59	2
89	107	5
114	114	4
77	85	2
171	172	3
191	191	6
157	157	5
193	193	8
9	9	2
125	125	8
3	4	9
16	74	2
193	194	1
30	31	3
176	177	5
138	138	3
78	78	2
176	176	3
54	54	3
88	112	2
78	84	2
197	197	5
43	43	4
154	154	2
5	5	3
145	145	3
14	14	4
39	40	2
141	173	2
180	181	6
98	98	5
129	129	3
144	146	4
131	191	3
187	188	5
173	174	3
102	104	4
106	106	4
109	113	7
10	12	2
147	147	1
44	44	1
89	89	1
76	77	2
104	104	1
3	3	6
115	116	2
57	58	1
136	195	3
184	184	4
13	14	1
4	10	2
112	112	4
84	84	4
24	67	2
62	64	4
157	158	2
54	55	12
61	61	2
182	183	4
31	31	4
134	135	5
66	66	7
133	133	4
55	55	3
125	128	3
155	156	5
101	106	2
108	120	6
87	87	5
23	76	2
82	83	1
130	191	4
156	157	1
88	88	2
14	18	2
190	190	7
80	86	4
79	80	2
79	79	3
180	182	1
47	47	4
102	102	2
23	89	1
132	135	1
24	73	1
24	25	1
17	19	1
74	74	2
138	139	6
69	69	2
32	33	2
0	14	2
22	73	2
37	38	3
1	2	3
82	84	1
160	168	1
89	108	3
146	147	1
94	94	1
154	155	3
113	115	1
15	74	2
39	43	1
64	64	1
42	42	5
11	12	2
151	151	2
30	61	2
41	42	1
115	117	2
61	62	2
109	118	1
27	62	1
112	113	4
110	111	2
95	96	2
74	76	4
42	43	1
24	24	2
113	114	2
54	57	2
66	67	1
97	97	2
131	131	3
165	167	2
81	84	1
173	173	1
150	151	5
40	40	4
158	158	2
136	137	3
133	142	2
151	156	1
111	111	1
48	49	1
136	141	2
125	172	1
170	171	2
77	79	2
71	171	1
133	195	1
54	56	3
159	160	1
71	75	1
83	83	1
43	44	3
181	183	1
19	178	1
165	166	1
95	103	1
26	65	2
33	36	2
53	54	1
64	65	3
60	62	1
28	29	2
127	127	1
170	172	1
8	10	1
37	59	1
55	56	1
178	178	1
31	171	1
150	150	2
101	103	1
15	16	2
128	172	2
90	90	2
29	33	1
129	142	1
171	171	1
65	65	2
190	191	1
63	65	1
94	96	1
68	69	1
153	153	1
167	168	1
167	167	1
149	150	1
75	75	2
73	75	1
143	145	1
56	56	1
32	32	1
132	133	1
151	158	1
