75	75	10
37	37	14
72	77	3
74	74	18
86	89	8
80	81	2
59	59	7
76	76	20
57	57	9
25	27	3
61	61	3
73	73	20
29	29	6
22	22	1
86	86	13
52	52	6
80	86	1
31	31	11
83	91	1
77	77	15
64	64	14
87	87	18
93	93	4
99	99	10
81	84	2
85	85	11
70	70	14
94	94	5
25	38	4
80	87	1
71	71	6
52	53	1
72	72	12
41	42	4
53	53	4
91	92	8
42	42	9
50	51	7
96	96	6
61	94	1
40	40	7
79	79	10
26	27	4
45	51	4
92	92	10
88	88	14
76	77	7
97	97	7
68	68	10
69	69	12
63	63	20
83	83	7
54	56	4
91	100	2
81	81	4
65	65	18
55	55	13
82	82	5
41	41	6
89	89	8
74	76	1
27	27	16
36	52	2
91	91	4
67	67	19
61	95	1
75	76	4
58	58	5
90	90	3
98	98	6
69	72	1
99	100	2
39	39	7
35	54	4
80	80	7
26	33	7
66	67	6
57	58	1
48	48	9
51	51	8
86	88	2
51	52	2
102	102	8
61	62	2
37	39	1
83	84	7
81	89	2
62	63	5
77	78	2
36	36	5
67	68	5
98	99	3
101	101	4
54	55	3
64	65	3
49	49	7
86	87	4
25	25	5
100	100	5
39	100	1
44	44	9
37	40	2
28	34	4
74	80	3
60	61	4
68	69	2
30	30	5
73	74	2
72	73	4
36	37	2
50	50	7
35	35	6
87	88	1
79	80	7
67	71	2
31	32	3
26	35	1
68	71	1
74	75	1
32	32	2
54	54	2
88	94	5
27	35	1
66	66	7
38	38	2
78	78	8
98	100	4
67	69	1
62	62	5
43	43	3
33	33	3
60	70	4
69	70	2
73	83	2
101	102	6
26	26	2
38	39	2
22	32	1
46	46	1
57	80	2
100	101	1
56	56	2
70	71	3
47	48	1
78	79	2
24	24	1
35	36	1
49	50	2
89	90	3
62	95	1
84	88	2
90	91	2
36	45	4
29	53	2
24	25	1
50	52	1
45	49	1
26	38	1
64	76	2
59	89	1
27	51	1
71	74	2
84	84	1
40	63	1
46	47	3
84	87	2
93	94	2
92	93	1
23	34	2
27	28	2
79	81	2
94	95	1
65	66	1
57	86	1
