38	38	3
113	116	1
64	66	1
51	51	3
96	97	4
84	84	1
64	68	1
67	91	1
94	98	1
92	123	1
124	145	1
74	79	1
118	118	3
17	101	2
101	102	2
75	75	4
66	68	1
2	6	3
62	68	2
78	79	5
128	128	3
105	127	1
129	129	3
82	109	3
19	19	3
82	87	1
74	81	1
36	36	3
34	34	2
80	83	2
77	77	2
103	103	2
0	1	3
70	71	1
86	86	2
21	21	1
121	121	4
120	120	2
98	98	1
38	58	1
73	73	5
126	126	2
5	15	1
39	40	2
2	3	1
130	137	1
42	54	1
118	119	2
48	48	3
13	14	1
78	92	1
142	142	1
65	96	1
106	107	2
6	6	2
91	92	5
105	135	1
87	111	1
35	36	1
69	90	1
49	106	1
112	114	1
3	3	4
33	38	1
101	101	3
87	89	2
92	93	2
51	52	4
22	23	2
131	131	3
64	65	2
83	90	3
55	81	1
80	81	3
32	32	1
35	49	2
32	33	1
135	142	2
17	104	1
83	85	2
66	81	1
16	20	1
55	55	7
132	132	1
109	109	2
23	25	1
74	74	1
18	18	5
81	82	2
36	37	2
88	90	2
67	74	1
17	17	2
67	84	1
137	137	2
93	94	1
94	94	3
43	106	3
24	24	1
70	70	4
50	50	2
102	102	4
112	112	1
99	99	4
83	84	2
91	91	2
119	119	6
25	25	1
138	138	2
59	59	2
133	138	1
10	26	3
63	63	2
114	115	5
111	111	1
102	127	1
134	136	1
65	132	1
90	90	2
40	81	1
105	108	2
59	64	1
9	34	1
115	115	4
15	16	5
48	57	2
58	58	2
91	128	1
85	85	5
42	42	1
104	104	5
53	54	1
58	60	2
40	41	2
106	106	3
57	57	2
88	88	2
32	35	1
70	97	1
116	120	1
59	68	3
11	145	1
113	115	1
2	37	1
4	5	1
102	123	1
72	130	1
18	19	2
71	98	1
123	123	3
57	58	2
107	107	4
105	105	3
16	18	1
121	130	1
17	123	1
130	134	1
89	90	1
92	92	3
16	17	1
74	75	1
28	33	1
88	89	1
15	15	1
62	97	2
116	144	1
51	119	2
68	68	3
79	100	1
75	76	1
68	69	2
9	30	2
97	97	1
72	72	1
113	136	1
66	66	1
113	113	3
136	137	1
124	125	1
132	133	3
2	2	1
2	5	1
55	96	1
129	133	2
94	143	1
5	5	1
14	15	1
54	116	1
47	48	1
20	20	2
110	113	1
58	72	1
145	145	1
10	138	1
13	13	2
13	25	1
23	23	2
122	123	1
135	135	2
81	94	1
28	28	4
131	132	2
74	116	1
6	41	1
92	111	1
118	143	1
21	29	1
110	110	2
1	6	1
113	119	1
56	56	1
35	51	2
27	27	1
43	52	1
97	98	2
32	64	1
90	93	1
61	62	1
96	107	2
133	133	1
62	62	1
72	73	1
15	122	1
26	26	2
67	98	1
9	9	2
93	95	1
76	76	2
119	142	2
71	74	1
8	8	1
84	113	1
82	83	1
35	39	2
94	117	2
25	40	1
118	141	1
10	11	1
117	118	1
85	87	1
88	115	1
136	138	1
80	80	3
87	87	1
38	113	1
69	71	1
134	135	1
93	98	1
77	78	2
139	139	1
52	52	1
95	110	1
13	16	2
120	121	2
59	63	1
108	108	2
120	127	1
76	79	3
92	142	1
71	82	1
131	141	1
90	107	1
73	82	1
9	41	1
134	138	1
62	111	1
81	141	2
48	50	1
76	78	1
26	30	1
85	86	1
2	4	1
83	128	1
81	81	2
79	80	1
94	99	1
56	57	2
111	128	2
80	82	1
95	97	1
71	72	1
117	117	1
84	87	1
32	34	1
81	83	1
61	61	1
65	65	2
4	14	2
76	124	1
134	139	1
60	61	2
16	16	1
43	57	1
122	128	1
50	51	1
16	32	1
121	134	1
39	42	1
60	110	1
39	39	1
83	111	1
50	52	1
125	125	1
82	85	1
8	25	1
112	115	1
122	125	1
100	100	1
127	133	1
102	103	1
17	130	1
67	67	1
30	95	1
6	19	1
128	129	1
109	121	1
18	22	1
6	20	1
141	141	1
41	73	1
