51	52	9
63	63	5
25	25	20
100	101	5
55	55	19
78	78	19
99	99	9
49	49	13
101	101	22
78	99	5
32	32	19
102	102	9
88	88	10
77	78	7
36	36	23
28	28	2
73	73	16
59	89	2
56	82	5
56	56	15
79	99	3
29	29	9
53	60	2
86	88	4
53	53	9
65	67	4
58	58	6
87	88	15
65	65	17
89	89	10
49	52	2
60	60	9
64	64	16
80	80	22
90	91	4
73	74	3
46	47	2
84	84	16
90	90	23
67	68	2
75	104	3
92	93	8
70	70	12
37	37	15
98	98	12
42	42	7
85	85	8
65	66	4
82	83	4
104	105	2
91	91	15
79	98	5
48	48	5
79	79	16
103	103	5
31	31	11
55	83	4
54	54	13
59	59	19
74	74	17
19	19	2
22	30	2
71	71	11
93	93	12
86	86	2
69	69	8
67	72	3
97	99	1
24	33	8
69	72	6
56	90	1
33	33	9
31	92	2
68	69	3
21	21	7
26	27	9
106	106	10
24	24	8
27	27	12
59	60	2
95	96	17
45	50	8
73	75	2
100	100	10
52	52	4
57	57	14
102	103	9
43	43	4
94	94	14
36	37	1
20	20	8
97	97	6
45	45	14
66	68	3
50	50	9
82	82	14
69	70	5
25	28	5
25	26	5
95	95	13
51	51	17
23	27	4
35	35	18
38	38	22
57	58	3
75	75	7
48	49	7
58	61	2
58	59	5
23	23	12
70	71	8
83	83	13
55	56	5
94	95	2
44	44	10
76	76	5
78	79	5
104	104	6
22	22	13
92	92	7
64	65	4
77	77	13
87	87	1
72	73	3
27	29	5
107	107	2
36	38	2
55	63	1
54	55	1
35	91	6
26	26	9
40	40	12
59	88	3
28	29	2
50	105	1
39	39	16
60	82	2
66	66	12
42	43	4
81	81	11
59	85	4
33	37	1
41	41	6
96	96	7
72	72	10
84	86	2
91	93	7
32	33	5
81	82	4
54	81	1
58	60	4
30	30	11
44	45	6
72	76	1
40	41	1
67	67	4
81	98	1
33	34	5
100	102	3
62	62	5
89	90	3
76	77	5
63	64	3
61	62	10
63	96	5
23	33	2
69	71	4
32	35	4
52	63	1
66	67	5
46	46	5
31	32	4
22	23	3
53	61	3
47	47	6
25	27	2
41	45	2
24	26	1
29	30	1
105	106	2
97	98	1
37	38	1
75	94	1
35	36	1
66	69	2
56	57	1
61	61	2
99	101	3
34	34	2
79	80	3
26	29	4
41	44	5
74	75	3
62	63	1
71	72	2
68	68	2
50	106	2
99	100	2
58	82	3
65	105	4
47	49	4
50	51	3
20	21	1
83	88	2
46	106	2
51	56	2
74	104	3
24	25	2
73	104	1
54	62	3
57	85	1
52	53	1
76	96	1
57	84	2
105	105	1
65	92	2
74	76	1
91	92	1
39	40	1
96	97	1
101	102	1
98	99	1
41	42	1
55	62	1
57	59	1
62	96	1
