22	22	9
113	144	3
84	84	14
36	36	17
68	68	17
45	45	1
87	89	3
116	116	13
137	137	16
26	31	3
86	102	5
14	14	7
22	23	6
11	12	7
140	140	9
152	152	13
47	47	6
103	103	18
5	5	5
122	122	8
81	81	25
111	111	8
26	26	5
113	113	8
8	103	4
129	129	21
46	46	12
83	90	2
101	101	9
110	110	8
134	134	24
30	76	4
151	151	8
98	99	2
87	87	9
67	68	9
17	17	3
27	27	6
139	141	18
119	119	7
53	53	11
51	51	10
40	40	6
86	86	10
149	151	4
120	120	19
19	20	3
14	30	8
76	76	10
144	144	13
121	127	4
104	145	1
39	39	13
23	23	9
112	112	6
117	118	6
150	151	21
24	30	1
50	50	14
79	79	10
25	25	9
128	128	4
18	18	3
102	111	1
107	108	11
141	142	13
14	15	1
108	109	7
111	144	3
121	121	11
31	31	14
72	72	7
135	135	13
77	77	10
99	99	12
9	101	1
24	24	6
129	131	8
56	56	12
121	122	7
132	133	2
106	107	8
105	144	6
55	66	3
52	63	1
142	144	3
2	10	3
77	78	3
64	64	20
131	131	16
137	138	8
130	131	9
127	127	12
24	25	9
132	132	18
119	120	6
113	114	5
33	36	3
21	21	3
83	84	3
94	95	16
139	142	3
102	102	6
33	34	9
28	32	5
7	63	4
78	78	12
138	138	9
67	67	13
126	126	14
121	149	6
54	55	3
119	129	6
139	139	6
8	102	6
122	123	9
99	100	11
143	146	3
46	48	5
146	146	8
83	83	16
136	138	3
95	95	9
27	67	8
12	12	4
110	145	2
11	14	3
41	43	5
66	67	7
120	121	7
117	119	7
48	49	2
7	7	7
134	135	5
53	54	2
108	108	14
43	46	2
27	38	1
21	87	3
28	75	2
14	25	4
93	93	4
146	148	2
141	141	8
6	93	1
66	66	10
86	87	2
106	106	4
123	123	8
85	85	12
55	75	7
92	92	12
101	103	3
40	47	2
43	45	7
95	96	4
117	149	1
94	94	6
70	70	5
8	8	9
27	76	5
73	74	4
36	37	4
4	4	4
80	81	8
154	154	4
77	83	3
142	142	13
112	113	9
63	63	2
115	116	8
15	16	8
82	82	15
88	88	19
11	11	4
85	86	8
129	135	6
133	133	8
53	64	4
62	63	4
91	92	4
97	98	3
123	124	4
51	52	6
145	147	6
9	113	6
3	4	6
10	10	6
146	147	3
82	84	3
107	107	17
136	137	4
73	73	8
115	115	3
19	21	5
15	15	6
42	44	7
92	93	5
5	6	5
127	128	4
34	34	5
145	145	4
2	4	1
65	65	4
125	126	2
54	68	2
97	97	11
82	83	6
46	51	4
41	41	1
127	146	5
105	105	4
32	33	4
28	29	3
9	10	3
26	28	5
56	57	5
96	100	5
57	57	11
24	84	4
37	38	7
27	69	4
104	104	2
64	65	7
108	144	5
130	132	7
21	81	5
34	35	2
109	109	10
125	127	5
152	153	4
10	11	6
76	80	7
73	76	7
76	77	1
39	47	1
101	102	6
19	19	6
74	76	2
33	35	4
118	152	2
28	70	4
45	48	5
25	84	5
145	146	4
55	69	2
107	111	5
24	29	2
111	114	4
116	148	4
31	32	1
6	96	2
13	13	10
52	75	2
102	113	6
113	147	5
42	42	1
56	58	4
46	47	1
41	42	5
111	112	2
88	94	8
12	14	1
142	143	7
117	148	1
116	149	3
27	28	5
3	11	6
149	149	7
139	143	2
62	62	1
118	118	9
98	98	5
27	54	4
88	90	3
71	72	3
65	66	1
71	71	2
37	37	4
114	114	5
128	147	3
54	54	9
3	3	3
2	2	4
136	136	5
18	20	3
115	148	5
33	38	2
18	23	1
33	33	1
111	113	2
93	94	4
92	95	2
32	32	7
10	14	3
74	75	2
114	147	7
105	106	2
38	38	9
115	146	3
16	17	6
87	88	3
30	31	1
20	20	8
80	80	5
150	150	1
56	75	3
110	112	2
27	75	3
153	154	3
131	132	2
26	27	6
149	150	6
78	79	4
109	140	6
107	109	1
46	53	1
43	44	1
136	150	2
79	81	4
95	97	4
130	130	2
75	75	2
148	148	2
66	91	1
143	145	4
124	125	1
12	73	1
79	83	2
49	51	3
43	43	3
55	65	2
117	117	5
25	28	1
39	40	2
16	16	1
119	147	2
124	124	4
30	30	1
23	30	2
109	110	3
61	62	2
46	69	2
119	149	1
71	76	1
72	73	3
13	24	1
65	67	1
147	147	1
122	126	1
113	124	1
17	19	1
24	37	3
116	117	1
38	68	1
28	30	1
58	58	1
120	150	1
122	129	1
21	24	1
63	92	1
126	127	1
49	49	1
113	145	4
38	69	1
50	51	2
117	120	1
96	97	2
94	96	2
12	13	1
