19	19	5
78	78	3
8	8	5
43	43	2
2	2	3
4	5	1
4	4	2
75	75	4
32	32	4
79	79	2
26	54	1
5	26	1
21	21	2
33	33	3
29	29	7
29	35	4
74	76	4
28	28	4
65	65	6
74	74	3
40	74	2
58	59	1
47	47	5
36	58	1
51	51	4
34	77	1
54	54	4
35	35	4
25	25	4
31	32	4
68	68	2
72	77	1
30	32	3
59	59	9
9	67	1
41	41	6
42	42	5
71	72	2
28	29	2
61	61	8
5	27	2
31	31	1
46	46	4
81	81	1
27	29	1
73	73	3
15	16	1
79	80	2
74	75	2
37	37	7
61	62	1
17	66	2
3	3	4
48	49	1
63	63	4
74	77	1
71	71	7
40	41	4
76	77	1
39	40	1
15	15	2
50	51	1
9	14	1
17	26	1
38	39	3
28	30	3
80	80	3
34	34	2
77	78	5
39	39	2
45	45	1
55	55	7
26	26	4
16	16	4
1	2	1
20	20	1
57	71	1
55	59	1
56	64	1
69	69	2
67	70	1
57	58	1
52	52	1
7	7	4
12	14	2
64	64	8
66	66	5
27	77	1
56	58	1
29	30	3
36	37	1
63	65	1
44	50	2
30	31	1
32	58	2
37	38	2
14	14	3
68	69	2
20	21	1
2	6	1
47	48	3
18	18	1
4	6	1
30	30	2
76	76	2
53	53	4
12	50	1
27	78	1
62	62	1
10	49	1
32	75	1
38	38	2
33	54	1
46	47	1
25	26	2
0	1	1
16	17	1
25	32	1
6	6	3
77	77	1
9	21	1
35	37	1
13	14	1
4	27	1
47	49	2
0	27	1
48	48	3
27	27	2
67	67	1
46	48	2
35	36	1
2	5	2
57	57	4
5	5	1
64	65	2
49	52	1
7	26	1
12	12	2
8	25	1
59	76	1
5	7	1
55	56	1
49	49	2
72	72	3
17	17	3
36	42	1
26	78	1
11	11	1
41	45	1
49	55	1
75	76	1
8	13	1
9	48	1
54	58	1
37	79	2
49	56	1
60	61	1
4	26	1
45	53	1
20	48	1
13	45	1
57	60	1
13	13	2
12	49	1
67	68	1
30	54	1
14	31	1
47	62	1
69	70	1
48	55	1
9	13	1
53	57	1
21	51	1
43	47	1
40	40	1
9	12	2
10	10	1
12	53	1
58	58	1
3	4	1
34	35	1
8	14	1
8	26	1
