36	36	5
32	34	4
5	6	3
18	19	2
45	45	9
66	66	3
49	51	1
0	6	1
30	31	1
40	40	4
60	60	9
29	33	1
13	13	2
14	14	6
9	9	1
8	9	3
11	11	6
35	36	2
15	17	1
67	68	4
53	53	3
75	75	2
63	65	5
62	63	2
9	21	1
27	27	3
78	78	3
25	32	2
8	8	2
55	55	3
12	12	5
65	65	2
10	14	2
26	26	3
35	35	2
42	42	1
28	37	1
52	53	6
54	66	1
9	14	1
67	80	1
80	80	5
1	1	2
4	10	1
53	70	2
48	48	1
50	51	1
2	2	2
0	3	3
19	19	1
29	29	5
59	59	3
64	66	2
76	76	2
7	8	1
8	39	1
60	62	3
27	28	2
30	30	9
33	34	4
36	40	1
25	33	1
32	70	2
79	79	1
5	5	2
37	38	2
10	10	5
46	46	1
33	33	3
58	71	1
3	8	2
51	51	2
57	57	3
47	80	3
71	72	1
58	59	3
47	47	3
72	74	2
20	20	2
68	69	2
54	54	8
40	59	1
57	63	1
60	61	4
26	28	1
1	27	1
61	64	1
41	41	2
58	58	3
37	37	2
30	33	1
26	78	2
0	0	1
46	47	1
28	35	1
29	31	1
61	72	1
28	28	3
73	73	2
71	71	1
30	37	1
22	26	2
66	71	2
64	64	3
57	58	1
15	15	2
72	72	2
40	42	2
51	63	1
20	21	1
68	68	1
10	11	1
16	16	3
58	69	4
67	69	1
4	45	1
49	50	1
67	67	4
57	60	1
63	63	2
8	48	1
48	49	2
52	52	2
26	40	1
39	39	2
53	54	1
29	65	1
25	25	1
38	38	1
33	42	1
56	56	1
49	49	1
3	3	1
9	10	1
38	42	1
39	41	1
2	4	1
27	29	2
14	15	1
40	41	1
32	33	1
15	40	1
54	67	1
31	31	1
61	77	1
0	4	1
46	59	1
70	71	1
51	52	1
80	81	1
8	20	1
56	57	1
71	73	1
50	69	1
16	49	1
4	11	1
47	49	1
0	2	1
62	62	1
13	15	1
1	4	1
34	35	1
25	66	1
