232	232	6
26	27	2
218	218	5
191	195	2
56	57	3
170	170	7
69	113	2
57	59	1
242	242	1
164	165	2
159	166	1
48	48	3
117	117	2
89	89	8
102	102	2
42	42	2
4	4	3
204	204	6
82	102	1
189	189	2
30	41	1
230	240	1
55	55	5
11	218	1
227	228	3
179	179	1
56	203	1
237	237	4
29	29	2
95	98	1
72	82	1
245	245	3
181	182	2
1	1	3
17	17	3
34	42	2
49	242	2
22	22	7
234	234	1
4	5	4
201	201	3
73	77	1
160	160	7
113	113	1
21	21	6
192	192	1
81	99	1
6	38	1
3	3	2
199	199	2
206	224	1
74	175	1
171	171	4
185	226	1
199	224	1
9	32	1
81	81	5
51	51	2
231	231	7
75	75	5
145	145	1
15	15	5
12	48	1
114	117	2
73	200	1
156	156	5
2	6	1
110	110	4
203	203	4
194	194	4
190	194	2
5	5	5
12	12	2
223	223	2
173	173	1
106	107	1
61	62	1
7	35	1
49	111	3
71	71	2
111	111	3
43	43	3
174	175	1
198	214	1
218	224	1
150	150	3
217	218	2
243	243	2
216	220	1
46	46	6
77	84	1
8	9	2
48	78	1
58	58	6
39	45	1
26	26	6
225	225	7
233	233	3
113	116	1
85	85	3
226	226	1
231	232	3
14	14	2
225	226	3
228	228	2
220	220	2
164	184	1
236	236	8
219	220	1
180	180	2
245	246	2
208	213	1
89	158	2
222	222	4
168	169	2
221	221	2
25	25	3
213	214	2
72	103	1
8	8	9
71	73	3
88	89	1
54	54	2
180	183	1
200	219	1
207	207	11
41	45	1
84	120	1
62	76	1
41	41	3
149	150	1
222	225	1
49	49	7
168	168	4
71	85	2
62	62	4
246	246	5
1	2	1
94	97	1
56	56	4
154	228	1
209	209	4
168	226	1
72	72	5
147	152	1
40	40	3
200	203	1
194	195	1
99	99	1
240	240	1
155	155	6
52	89	1
87	89	2
38	38	3
52	52	3
10	114	2
115	115	3
203	233	1
97	98	1
68	87	1
94	112	1
97	97	4
9	48	1
154	156	2
190	190	1
19	31	1
76	79	3
44	95	1
77	80	1
23	33	2
224	224	2
39	50	1
206	207	1
118	119	4
80	83	4
12	39	1
40	41	1
116	116	4
163	163	3
115	116	1
109	111	1
100	100	5
33	33	1
30	30	6
231	246	1
174	174	3
162	162	3
229	230	2
179	196	1
28	28	4
107	110	1
18	37	1
178	178	2
63	108	1
10	10	6
188	188	2
10	11	1
49	72	1
75	182	1
69	69	2
83	104	1
82	82	2
103	103	1
171	188	1
8	63	1
86	86	2
193	193	2
157	170	1
175	237	1
41	43	1
39	39	1
157	157	1
56	112	1
145	160	1
109	110	1
93	93	1
158	170	7
6	35	1
208	208	5
224	225	4
28	32	1
83	83	1
238	238	1
156	168	2
68	68	2
64	64	1
59	111	1
183	183	4
202	202	2
113	114	2
48	50	2
175	176	1
67	67	3
210	211	2
198	199	2
73	118	1
156	159	1
90	90	3
119	119	4
217	217	1
158	159	2
36	69	1
181	181	6
226	227	1
7	7	3
19	19	7
27	27	4
61	61	1
175	175	6
216	216	3
174	220	2
105	105	2
197	197	1
120	212	1
17	18	1
11	30	3
180	234	1
7	214	1
178	179	2
154	154	3
218	220	2
14	36	1
44	45	1
6	7	1
105	106	1
16	31	1
2	30	2
31	31	2
75	99	1
189	190	3
170	231	1
167	169	1
90	92	1
81	82	3
175	181	2
214	214	4
154	180	1
212	212	3
45	45	2
46	47	3
176	176	2
77	221	1
23	23	4
240	241	3
19	20	1
98	98	5
2	3	3
55	57	1
163	166	2
214	217	3
75	78	1
112	112	2
213	222	1
116	117	1
53	53	3
227	227	3
216	225	1
182	182	1
54	55	1
56	59	1
33	43	2
88	190	1
19	76	1
210	236	1
52	176	1
39	44	1
16	16	4
145	146	2
80	80	4
76	175	1
206	209	1
219	222	1
144	145	1
8	10	1
145	209	1
67	180	1
5	17	1
64	112	2
191	191	5
93	102	1
44	44	4
91	91	1
146	147	2
6	6	6
165	165	2
74	78	1
85	100	1
50	50	1
54	182	1
236	237	3
88	166	1
173	176	1
14	15	1
159	159	4
107	107	2
24	24	3
193	211	1
161	163	2
205	206	1
104	107	1
173	174	2
166	166	2
170	227	1
244	244	5
211	249	1
34	40	1
173	177	1
50	166	2
230	230	4
92	150	1
178	243	1
167	167	2
205	205	3
221	222	1
161	167	1
39	43	1
201	224	1
157	159	2
67	105	1
70	71	1
210	210	2
68	232	1
216	217	3
12	237	1
217	226	1
239	247	2
156	231	2
167	168	1
61	107	2
216	229	2
87	88	3
61	72	1
104	104	1
164	176	1
193	194	1
11	12	1
109	109	3
174	237	1
164	164	2
195	217	1
195	214	1
186	186	1
34	34	3
239	239	3
192	223	1
9	9	1
152	152	2
9	47	1
89	96	1
87	204	1
43	60	1
11	31	2
47	107	1
177	224	1
50	165	1
71	72	2
49	58	1
247	247	3
70	73	1
60	60	1
20	20	2
179	181	1
29	36	1
193	196	1
77	83	1
165	167	1
149	149	1
120	120	2
11	11	1
3	109	1
113	117	1
74	74	1
206	206	1
14	187	2
177	194	1
113	115	1
213	213	1
171	172	1
23	24	1
4	40	1
7	154	1
58	60	1
207	209	1
45	46	1
195	210	1
70	70	2
187	225	2
101	101	1
185	209	1
233	234	2
7	201	1
192	193	2
169	169	1
92	97	2
64	65	2
11	32	1
197	198	2
152	153	1
172	172	3
20	21	2
198	198	1
38	39	1
29	31	1
78	78	2
35	54	1
7	91	1
86	100	1
168	225	1
18	42	2
6	13	1
159	239	1
9	88	1
0	1	1
94	94	3
95	96	2
67	70	1
241	241	1
225	246	1
100	101	1
56	60	1
188	190	1
65	66	1
114	114	1
174	238	1
172	177	1
155	203	1
62	63	1
159	170	1
155	156	1
25	41	1
78	178	2
59	61	1
237	238	1
77	77	3
161	161	1
22	23	1
39	42	1
57	57	1
65	65	2
177	177	3
181	183	2
83	85	1
66	67	1
32	32	1
119	209	1
172	220	2
168	214	1
230	231	1
51	109	2
58	175	1
236	238	1
163	164	1
30	43	1
243	244	2
229	229	1
75	108	1
102	103	1
191	192	1
235	235	1
174	178	2
235	241	1
87	116	1
104	105	1
114	116	1
176	179	1
184	184	2
101	121	1
59	75	1
18	18	2
19	40	1
13	14	2
248	249	1
35	35	2
185	185	2
16	197	1
22	42	1
12	14	1
195	195	3
196	196	1
152	163	1
61	108	1
187	187	1
34	35	3
31	110	1
214	218	1
188	192	2
153	153	1
2	42	1
207	208	3
5	29	1
89	90	1
31	173	1
62	108	1
214	215	1
182	184	1
16	38	1
87	87	2
88	88	1
48	82	2
197	222	1
57	205	1
159	174	1
24	27	1
157	169	1
118	118	1
0	0	3
99	104	1
185	188	1
153	154	1
100	151	1
177	178	1
48	86	1
188	195	1
107	111	1
178	217	1
224	232	1
15	37	1
98	99	1
154	155	1
213	237	1
212	213	1
147	153	1
33	35	1
215	216	1
90	114	1
21	22	1
65	67	1
151	151	1
26	28	1
92	92	1
73	73	1
212	215	1
65	224	1
186	226	1
52	180	1
232	245	1
91	92	1
12	201	1
74	75	1
170	243	1
112	115	1
169	175	1
11	239	1
237	247	1
