150	150	1
121	121	5
108	135	1
33	33	1
125	125	3
35	35	6
104	127	1
12	149	1
19	19	7
42	45	1
37	37	4
36	37	1
21	21	1
108	108	4
2	18	2
110	111	1
129	129	4
118	118	1
130	133	2
41	41	1
126	131	3
113	122	3
52	53	2
139	139	2
9	9	7
84	85	2
16	16	4
129	146	2
13	14	3
154	156	2
143	144	1
90	119	1
12	15	1
99	99	3
32	32	10
36	36	4
8	9	1
95	95	8
43	51	1
69	69	4
16	135	3
18	18	4
83	83	2
116	116	6
23	43	1
19	78	1
81	82	3
103	104	2
144	144	2
62	63	2
130	130	4
146	148	1
83	85	1
120	120	4
13	16	1
118	132	4
41	47	2
18	19	1
122	122	2
12	14	1
29	32	1
85	86	2
78	78	1
38	38	2
131	133	3
89	89	4
102	103	1
105	105	1
136	155	1
94	95	2
28	28	3
8	8	3
67	67	3
27	79	2
104	104	5
111	121	1
25	25	5
110	110	6
98	139	1
74	74	2
113	113	3
77	79	1
151	151	2
20	41	1
65	67	1
47	47	1
26	28	4
140	140	5
27	86	1
30	55	4
44	51	1
51	51	3
62	70	1
128	128	4
137	138	3
25	54	1
30	30	5
52	52	2
96	97	3
44	44	2
84	135	1
115	119	1
136	136	3
109	109	4
93	95	1
16	17	2
77	77	3
90	103	1
23	92	1
118	125	3
87	92	1
87	87	5
42	42	7
90	90	4
130	131	1
3	46	2
154	155	1
90	92	2
49	49	3
22	23	4
137	137	1
103	127	2
77	78	2
82	101	1
157	158	1
49	66	1
97	98	1
71	71	2
142	142	1
146	146	8
92	92	2
15	15	2
92	95	1
145	153	1
3	3	3
158	158	2
110	135	2
40	41	1
87	88	1
16	18	1
12	25	1
8	10	4
32	39	1
135	135	5
126	126	1
23	23	2
108	134	1
84	86	2
111	117	1
125	126	2
27	29	1
103	113	1
79	146	1
50	51	2
66	127	2
119	119	3
91	91	4
31	31	5
33	42	2
6	8	2
20	21	2
123	130	1
54	56	1
109	133	2
54	54	4
117	118	2
83	84	1
82	82	1
87	91	2
148	148	3
26	27	1
72	73	1
64	64	2
93	103	1
155	155	5
96	96	1
49	50	1
7	15	2
104	122	1
82	83	1
45	46	1
50	50	2
85	87	1
48	69	1
43	43	4
19	22	2
123	132	1
17	17	2
85	85	3
108	112	1
135	147	1
14	14	9
90	121	1
15	33	1
141	144	1
110	157	1
115	116	2
134	134	2
39	91	2
51	52	1
95	122	1
34	37	2
9	26	1
106	106	3
23	35	1
65	66	3
95	96	1
112	124	2
88	88	3
138	138	3
41	131	1
48	49	4
10	35	1
79	79	2
3	77	2
36	47	1
89	145	1
46	48	2
3	35	4
3	4	1
32	42	1
41	43	2
38	41	1
40	40	1
144	146	1
41	42	2
42	53	1
26	26	2
28	31	1
108	156	1
113	132	1
145	156	1
91	92	2
106	115	1
133	133	1
7	7	1
76	76	1
123	124	3
10	10	2
25	33	1
78	117	1
90	91	4
47	64	1
34	55	1
80	119	1
31	54	1
57	67	2
23	69	1
94	97	1
7	38	1
121	122	2
96	126	1
101	104	1
54	61	1
44	150	1
149	153	1
138	139	1
142	143	1
109	154	1
107	111	1
75	75	1
116	120	1
79	102	2
92	93	2
28	30	1
118	119	2
156	156	2
19	20	1
73	98	1
3	6	1
34	38	1
39	40	1
94	129	1
127	128	1
128	131	1
91	95	1
53	54	1
68	68	1
123	123	1
113	140	1
39	39	1
119	120	2
46	46	2
111	129	1
80	97	1
34	34	1
94	139	1
85	119	1
109	110	2
27	27	3
146	147	2
93	93	1
141	141	2
32	99	1
24	98	2
112	113	1
143	143	3
88	92	1
124	134	1
110	115	1
122	154	1
117	121	2
79	82	1
132	138	1
112	112	2
45	45	1
132	133	1
141	143	1
70	81	1
84	120	1
154	154	3
48	48	1
86	86	2
122	130	1
5	22	1
68	69	1
146	159	1
120	123	1
5	26	1
124	124	2
27	28	1
87	89	1
12	12	2
33	152	1
64	124	1
39	83	2
28	48	1
94	108	1
81	81	1
131	157	1
117	120	1
2	19	1
0	1	2
63	71	1
131	131	1
134	152	1
24	26	1
13	13	1
107	107	4
4	9	1
75	139	1
153	153	1
31	45	1
8	42	1
127	127	1
147	148	1
15	26	1
63	63	1
12	115	1
48	52	1
117	117	2
62	62	2
80	80	1
55	57	1
89	120	2
1	1	1
112	156	1
2	8	1
153	155	1
79	120	1
67	91	1
111	123	1
110	142	1
48	55	1
32	43	1
79	119	1
5	11	1
11	11	2
30	33	1
9	49	1
18	110	1
122	123	2
61	84	1
140	151	1
2	17	1
114	115	2
40	46	1
22	25	1
9	127	1
126	127	1
47	53	1
84	84	2
114	114	1
141	147	1
7	14	1
7	21	1
80	120	1
18	38	1
92	102	1
26	51	1
124	129	1
18	33	1
61	68	1
66	66	1
124	125	1
130	156	1
64	75	1
124	127	1
130	138	1
147	157	1
113	114	2
37	40	1
147	147	1
115	131	1
131	134	1
137	140	1
63	133	1
145	145	1
38	52	1
115	115	3
35	49	1
39	54	1
151	153	1
68	71	1
54	63	1
153	156	1
45	53	1
111	127	1
69	107	2
107	124	1
140	142	1
43	146	1
135	144	2
5	77	1
22	92	1
12	13	1
68	108	1
0	0	1
78	79	1
55	67	1
18	99	1
