50	50	4
35	35	2
21	21	1
25	25	4
43	43	5
17	18	3
39	39	4
49	49	2
1	1	4
16	18	1
9	10	1
52	54	4
54	58	2
38	38	4
14	14	1
9	9	2
12	14	1
56	56	5
45	59	1
53	53	3
7	7	5
38	51	2
30	31	1
32	33	1
41	41	3
32	52	2
22	59	2
3	6	2
19	19	2
31	47	1
11	17	3
22	24	1
3	4	2
55	58	4
10	10	5
12	12	1
57	58	3
51	51	4
54	55	1
7	9	1
5	10	1
20	20	2
5	5	4
30	30	1
32	42	1
53	60	1
52	52	4
44	51	1
37	46	1
38	39	4
37	42	2
46	49	2
53	54	2
2	2	1
14	15	1
17	17	4
48	48	3
56	61	1
36	36	3
40	40	2
4	36	1
19	34	1
22	22	2
48	52	1
30	43	2
45	46	1
22	23	2
8	8	2
42	42	3
0	0	4
61	62	1
6	7	2
37	60	1
34	38	1
44	44	4
54	54	3
11	13	2
39	42	1
40	41	3
60	60	1
1	4	1
33	33	4
3	3	3
11	12	1
8	18	1
55	56	1
2	16	1
19	20	1
0	11	1
61	61	1
42	43	1
30	38	1
55	55	3
19	23	1
5	6	2
15	15	2
20	60	2
46	46	2
0	19	1
54	59	1
13	13	1
31	31	1
35	36	1
25	38	1
21	24	1
47	48	2
56	60	1
32	36	1
45	45	2
41	42	1
32	32	1
47	47	2
16	16	1
11	11	1
4	51	1
31	44	1
2	3	1
34	39	1
40	42	1
37	37	1
24	38	1
39	40	1
4	4	1
62	62	1
2	61	1
39	58	2
43	45	1
48	49	1
23	23	1
44	50	1
0	7	1
58	58	1
