236	236	6
74	74	12
9	9	16
175	175	26
167	167	9
116	235	2
53	53	8
26	26	5
104	104	9
47	47	14
61	61	11
203	206	6
102	102	12
77	80	2
85	164	2
242	242	5
39	71	3
100	100	10
8	12	2
48	48	7
239	239	2
169	169	8
165	166	5
31	73	4
79	82	8
213	239	4
121	121	8
106	106	5
58	58	6
18	21	5
7	77	3
47	216	8
18	111	5
183	183	4
218	218	15
177	177	2
159	159	5
19	19	12
192	192	8
66	67	9
191	193	9
86	86	12
23	51	5
65	76	2
189	193	11
41	81	3
57	57	8
160	205	5
181	181	12
49	50	4
127	127	5
70	78	1
116	116	9
42	42	15
2	5	3
197	197	3
32	32	5
194	207	4
124	124	8
179	179	4
237	237	2
21	21	7
131	159	3
151	151	5
125	126	2
65	79	1
187	187	8
235	235	9
24	230	3
56	56	9
13	13	19
69	69	2
82	84	2
145	145	11
41	41	7
130	130	3
1	76	3
117	117	8
199	199	3
84	84	4
179	185	2
189	190	3
54	55	2
61	62	3
105	132	2
50	81	2
48	86	1
3	30	2
56	57	5
29	34	2
220	222	13
163	163	15
55	55	9
50	50	3
136	145	2
226	227	6
64	75	3
15	128	3
170	173	4
190	192	5
125	213	4
213	213	1
61	85	7
125	176	7
101	102	7
211	238	1
11	15	3
84	135	7
24	24	10
9	31	2
65	80	2
140	140	17
135	135	6
205	205	5
209	210	2
104	133	5
73	73	12
4	5	5
206	232	1
34	34	11
184	184	9
137	137	8
116	126	3
126	126	4
16	209	2
39	132	3
62	62	9
217	218	8
79	79	3
138	138	6
144	144	10
198	240	1
151	175	3
143	180	3
52	52	5
28	28	4
10	10	13
48	111	4
118	118	7
229	236	5
80	80	1
238	238	8
237	239	1
157	157	4
46	47	11
152	152	11
7	7	2
221	221	4
138	185	2
162	162	10
139	139	3
31	36	4
83	134	7
206	208	5
222	222	15
6	78	5
239	240	11
200	202	5
146	146	3
153	154	5
1	19	2
182	182	10
150	150	1
57	60	3
35	80	2
15	15	7
1	1	5
122	173	1
47	156	3
205	230	3
138	142	1
33	35	4
176	218	3
76	77	1
122	197	4
208	208	2
109	110	3
7	53	5
156	156	3
181	191	4
219	219	10
218	240	2
124	130	4
235	236	1
151	152	4
171	171	8
66	66	3
122	124	3
85	85	6
130	166	3
143	229	5
115	126	2
175	204	3
40	71	7
1	35	2
30	31	4
173	174	2
226	229	3
78	78	5
238	239	3
225	236	3
46	84	5
106	115	2
240	240	12
165	165	3
77	77	5
47	128	7
3	3	4
129	143	3
217	241	5
208	216	3
23	23	3
63	63	6
176	176	7
215	240	3
12	15	1
128	129	6
236	237	2
44	136	2
41	71	1
58	59	7
234	234	8
226	228	1
172	173	4
134	140	5
142	142	11
185	185	8
231	231	2
11	51	6
180	180	1
131	133	3
14	14	9
57	86	1
85	86	1
107	125	3
152	168	4
23	81	5
194	195	4
108	120	4
105	106	2
118	126	1
216	216	11
101	101	6
114	125	7
136	170	3
120	120	1
133	133	5
123	174	4
115	117	4
117	126	1
33	33	3
49	49	2
35	36	6
125	125	2
215	239	1
30	38	3
72	72	5
174	174	6
190	190	11
103	104	5
65	78	1
54	54	4
137	142	4
2	71	2
81	82	1
60	60	11
29	29	2
115	116	6
27	27	15
44	169	3
128	128	8
206	206	3
75	75	9
9	10	4
203	203	7
64	64	5
9	15	3
96	97	1
154	154	3
121	154	3
207	207	6
144	145	2
4	4	2
99	234	5
45	45	5
162	217	3
36	37	1
28	33	3
200	200	2
76	78	2
20	21	6
105	105	11
202	203	3
27	32	1
19	59	2
59	64	3
204	205	3
96	96	2
174	175	3
148	151	2
129	129	11
70	70	1
116	141	2
177	196	3
109	129	2
208	220	2
132	134	1
123	129	3
21	145	3
164	164	8
108	109	1
68	68	8
148	188	2
14	231	7
202	202	3
195	214	4
59	90	4
119	125	1
23	166	3
211	211	3
13	127	2
17	145	4
198	198	8
45	47	2
8	9	3
223	225	6
160	217	3
17	151	2
20	20	2
230	236	4
111	111	3
227	228	2
241	242	4
46	219	2
225	237	2
233	233	11
228	228	5
30	30	8
18	18	5
223	223	4
23	24	2
0	0	1
70	71	4
31	31	3
122	123	2
158	163	2
181	216	2
108	119	3
70	75	4
241	241	4
129	131	1
24	35	3
123	173	4
160	218	1
163	173	2
209	209	4
6	84	8
196	214	5
157	158	1
228	234	5
1	70	2
100	105	2
37	37	4
198	209	9
16	17	3
76	76	3
80	81	2
233	234	1
81	170	4
123	240	4
39	39	3
114	114	2
229	229	3
78	84	2
45	150	2
164	167	1
188	188	1
30	42	3
221	222	2
170	170	2
198	222	1
113	113	6
34	36	2
167	208	3
109	113	2
107	107	6
132	132	2
168	221	2
107	119	1
214	216	1
191	191	3
97	97	3
31	40	1
196	197	2
36	36	9
6	6	8
109	109	3
29	31	2
17	17	5
17	18	10
212	212	3
212	213	1
11	17	1
230	230	6
211	228	1
95	95	2
185	186	3
172	172	1
98	118	1
105	138	3
213	238	2
210	216	1
173	173	5
214	214	1
16	16	3
71	71	1
108	108	1
149	149	1
80	82	4
159	163	6
15	16	4
32	168	1
39	44	6
88	88	3
68	69	5
106	124	2
204	206	1
102	104	1
10	74	3
6	8	2
2	80	2
96	112	2
195	215	3
140	142	3
153	153	2
224	224	2
12	16	1
67	68	2
99	99	1
100	131	2
129	181	3
59	131	2
114	126	1
176	177	4
35	79	3
160	165	1
161	162	1
227	227	1
155	163	1
125	130	1
40	134	2
25	25	4
139	140	1
12	49	1
147	147	3
193	208	1
194	194	8
119	121	2
10	54	1
87	87	2
208	242	1
127	156	2
9	32	4
41	132	1
8	8	1
202	222	2
51	51	2
12	12	5
117	224	2
155	156	1
38	38	3
36	41	1
129	223	1
13	14	2
142	184	3
5	5	3
63	64	3
133	134	1
103	130	1
57	89	1
83	83	1
41	42	3
97	132	2
239	242	2
100	101	1
21	111	3
87	88	2
199	223	2
110	130	2
125	239	2
73	74	1
215	215	4
43	43	1
101	108	3
128	156	1
65	67	2
178	185	1
39	170	1
134	134	1
105	180	1
206	207	3
171	173	1
82	83	1
74	75	2
24	220	2
123	180	1
105	124	1
170	171	1
44	71	3
232	233	1
25	152	1
119	119	1
102	108	1
190	217	1
70	72	1
99	101	1
175	176	1
121	126	1
37	38	1
42	43	2
4	17	1
51	79	2
114	128	2
102	103	4
13	15	1
160	161	1
150	152	1
134	138	2
136	136	1
40	40	1
24	86	1
29	72	1
67	112	1
12	74	1
15	211	1
132	135	1
