51	51	12
3	3	10
18	18	10
42	43	3
16	16	14
30	31	10
48	98	9
56	56	5
71	76	4
25	27	6
79	79	6
49	49	16
40	40	5
39	39	17
72	80	3
89	89	14
42	42	14
76	76	13
21	21	1
43	43	13
6	14	2
47	47	4
105	107	5
16	17	5
33	33	18
11	11	10
23	24	7
63	64	16
6	6	14
85	85	2
25	26	6
91	94	2
95	96	12
57	57	22
17	18	2
71	88	4
106	107	9
75	75	5
114	114	12
100	100	17
84	95	2
112	112	12
97	97	4
57	82	2
110	111	4
95	95	8
103	104	5
60	62	1
127	127	7
68	68	5
44	45	5
109	109	11
123	125	4
118	118	15
1	3	6
71	71	11
17	17	3
69	69	8
0	19	3
44	44	10
111	111	15
4	32	2
94	94	13
18	19	8
130	130	8
91	91	4
41	41	20
65	65	7
124	124	20
88	88	5
58	58	5
106	106	13
70	72	1
105	106	8
0	1	4
18	20	6
48	48	16
1	2	4
99	99	11
116	125	6
72	72	8
82	82	5
73	73	21
117	117	9
17	20	3
31	31	3
50	50	12
29	89	2
120	120	6
54	54	10
98	99	3
77	77	6
62	62	8
78	79	10
93	93	8
126	126	8
102	102	1
66	66	11
92	93	3
64	64	6
32	32	5
74	74	3
122	122	9
34	34	4
15	15	7
45	97	4
131	131	15
5	5	2
57	58	2
103	103	8
19	27	4
70	70	6
1	1	10
73	74	4
121	121	12
50	51	4
45	45	13
104	105	3
15	16	5
80	80	9
84	84	1
73	80	3
27	27	3
99	102	3
123	123	9
19	20	3
13	13	1
2	2	14
104	107	5
83	83	14
86	86	10
52	52	5
30	30	3
125	125	3
42	95	2
59	62	2
118	119	7
46	46	6
96	96	20
70	83	4
53	53	11
62	125	2
95	121	2
97	98	6
98	118	2
99	100	2
19	26	1
55	55	9
14	14	11
26	27	4
50	52	1
112	113	8
62	63	6
55	56	1
119	119	14
116	116	3
10	10	6
22	22	5
105	105	12
28	28	8
67	67	3
101	118	2
0	0	9
8	8	8
31	32	7
113	114	9
88	89	3
4	14	2
28	52	1
102	107	3
93	99	2
90	91	2
108	108	2
60	60	3
47	48	10
102	103	3
25	25	6
101	117	3
114	121	5
63	63	13
52	56	3
25	28	7
7	12	3
7	7	6
70	71	3
113	113	7
61	61	7
101	107	1
20	21	1
89	93	2
5	6	3
109	110	2
87	87	3
117	125	1
89	105	1
94	122	3
17	25	3
72	74	6
63	124	2
29	30	2
78	78	14
41	78	4
126	129	2
82	83	1
104	128	2
92	96	5
100	104	1
104	104	4
91	96	4
58	59	2
75	76	6
43	44	4
90	90	2
98	100	2
9	9	2
133	133	3
92	92	3
21	22	4
108	119	2
116	117	2
80	85	4
32	76	2
115	115	3
101	101	3
71	81	2
26	26	4
27	93	1
110	110	8
114	117	2
128	129	1
101	104	3
29	29	2
4	5	2
56	57	3
66	69	1
4	4	2
84	85	1
107	117	1
53	125	2
94	121	1
92	97	2
68	69	1
51	52	4
107	107	5
109	120	2
8	26	1
87	93	4
19	25	4
29	94	6
13	14	3
27	95	2
41	42	2
94	95	4
24	24	6
48	53	2
15	21	1
98	98	2
46	47	1
58	123	2
46	50	1
73	77	3
102	117	2
77	78	3
58	62	1
93	106	1
6	16	2
10	12	1
45	46	2
8	10	2
129	129	2
2	3	1
101	102	1
108	118	1
15	17	1
128	128	1
12	12	2
75	86	2
61	62	1
121	122	1
95	122	1
54	76	1
83	85	1
107	108	1
38	38	1
8	28	2
93	94	1
69	70	1
115	116	1
108	132	1
