16	40	2
51	52	1
133	153	2
10	10	3
104	121	2
45	46	1
15	16	1
125	125	4
17	33	1
64	64	2
11	27	1
80	80	1
5	6	4
30	43	4
93	127	2
46	57	1
109	114	3
87	87	3
31	33	1
95	119	2
56	56	3
51	51	2
145	146	1
78	93	1
9	9	4
130	130	2
85	85	4
23	23	1
12	12	1
67	67	4
73	99	2
149	149	2
45	45	4
42	42	7
126	138	2
67	83	1
17	17	5
35	35	3
108	120	1
43	64	1
92	111	1
48	48	4
76	93	1
69	69	5
21	21	2
126	126	1
127	127	1
118	118	3
138	138	3
133	144	1
68	103	1
67	80	4
47	47	3
144	144	4
16	16	2
25	25	7
18	19	1
115	115	4
41	41	2
88	121	1
28	31	1
119	130	1
37	37	3
79	79	5
17	57	1
38	43	1
15	36	1
29	29	5
110	114	1
6	6	4
32	51	2
14	15	2
74	79	4
23	52	1
122	122	1
121	121	1
20	123	1
78	78	3
108	115	1
19	19	3
13	16	1
81	82	2
3	6	1
104	114	1
25	154	1
64	68	1
28	28	2
141	143	1
102	110	1
22	22	2
107	108	2
11	19	1
100	100	1
15	15	5
102	102	5
112	113	1
13	21	1
54	54	1
116	117	2
26	27	2
90	92	1
51	55	1
84	85	2
96	97	2
8	10	2
68	68	4
123	125	2
109	127	1
11	16	2
33	35	1
8	9	5
10	11	2
76	76	1
45	92	1
72	92	2
98	115	1
13	13	3
44	46	2
142	142	6
106	106	2
135	136	1
95	104	1
3	17	1
6	26	1
3	14	1
112	112	6
123	127	2
18	18	2
10	123	1
109	117	1
116	116	3
19	83	4
39	75	1
144	151	1
105	107	2
23	71	1
11	78	1
117	117	2
53	54	6
94	94	3
131	132	2
48	50	1
56	57	2
73	73	1
38	38	4
34	35	1
17	73	2
65	67	2
17	71	1
40	40	3
80	82	1
99	99	3
70	70	4
31	45	1
150	150	2
107	107	2
72	79	1
92	92	1
73	76	1
93	97	2
42	43	2
21	34	1
24	27	2
93	110	3
84	84	2
76	77	2
147	148	3
80	124	1
115	117	1
28	57	2
55	55	2
72	81	1
63	77	1
75	76	1
10	13	1
73	75	1
27	151	1
129	129	4
76	78	1
34	36	1
5	5	2
5	11	2
66	68	3
29	50	1
122	124	2
32	50	1
26	26	1
25	26	2
127	149	2
67	69	2
98	98	3
136	136	6
14	25	1
93	138	1
63	63	4
75	77	2
45	77	1
86	86	2
22	23	2
16	18	1
32	57	1
8	49	2
65	65	1
139	139	1
11	11	5
68	108	1
100	114	2
24	28	1
45	149	2
83	83	3
44	118	1
70	103	3
15	26	1
48	108	1
101	106	1
69	71	1
14	14	2
22	25	2
35	85	1
2	3	1
47	114	1
124	138	2
89	90	1
119	122	1
27	27	1
68	106	3
101	103	1
114	114	3
47	109	1
24	24	1
5	32	1
43	46	1
148	150	2
86	152	1
93	94	2
43	55	1
25	27	2
128	128	1
9	35	2
96	127	2
23	35	1
97	98	1
12	34	2
62	65	1
9	125	1
12	66	2
46	46	1
71	71	2
8	11	1
44	44	1
86	87	2
25	51	1
15	77	1
131	134	1
80	83	1
136	144	1
4	4	2
97	97	1
97	99	1
95	95	2
120	122	1
73	74	1
20	20	3
141	142	2
100	112	1
32	33	2
140	142	2
11	20	2
129	130	2
9	34	1
72	72	1
6	8	1
6	29	1
14	74	2
2	2	1
120	120	2
143	143	1
11	103	1
148	149	2
145	145	1
85	130	1
73	93	1
98	105	2
57	61	1
103	143	1
38	45	1
20	34	1
75	75	1
53	53	1
106	116	1
104	117	1
62	67	1
38	51	1
96	112	1
5	21	1
109	111	1
94	129	2
14	44	1
90	90	1
133	133	1
113	114	1
10	29	1
43	43	2
33	51	2
24	44	1
47	48	1
103	112	1
108	108	1
42	91	1
27	93	1
11	12	2
103	103	3
38	39	1
20	21	1
133	145	1
22	24	1
66	75	1
79	80	1
57	57	2
39	42	2
121	141	2
53	58	1
68	98	1
85	121	1
125	126	1
106	119	1
70	86	1
50	51	1
136	137	1
13	33	1
126	132	1
82	82	2
116	122	1
6	7	1
77	81	1
38	42	1
111	112	1
120	148	1
45	53	1
39	55	1
132	132	1
49	52	1
106	117	1
23	53	1
32	56	1
125	143	1
54	55	1
31	31	3
82	121	1
67	68	2
17	74	1
26	64	1
43	44	3
73	77	1
36	36	1
32	84	1
119	135	1
95	105	3
32	34	1
88	127	1
106	118	1
64	76	1
68	71	1
63	65	1
64	79	1
54	56	1
68	113	1
101	101	1
10	16	1
146	151	2
30	31	1
98	124	1
20	36	1
10	36	1
94	104	1
31	57	1
70	96	1
42	45	1
63	81	1
6	11	1
85	86	2
15	22	1
41	45	2
11	13	1
121	124	1
12	19	1
7	64	1
39	39	1
9	36	1
11	38	1
121	148	1
107	112	1
74	122	1
66	93	1
134	153	1
146	146	1
5	39	1
54	82	1
39	40	1
152	153	1
104	115	1
25	35	1
77	77	1
85	120	1
66	82	1
119	131	1
16	34	1
110	111	1
13	14	1
43	53	1
131	138	1
93	99	1
112	117	1
132	133	1
49	56	1
62	82	1
107	116	1
125	141	1
29	34	1
24	38	1
27	29	1
55	58	1
69	70	2
33	34	1
105	116	1
66	67	1
72	73	1
