25	26	4
24	26	1
50	53	1
81	85	1
22	22	1
85	85	7
12	55	1
48	71	2
90	90	1
61	64	1
9	46	1
69	70	1
62	62	6
48	65	1
56	68	3
54	54	3
31	31	5
27	27	7
46	46	2
66	66	6
24	24	4
20	20	4
26	26	5
1	1	8
25	59	3
13	19	1
57	57	4
46	47	1
89	89	6
8	8	2
6	6	4
48	56	2
79	80	5
17	17	2
5	19	1
3	4	2
77	78	2
50	51	2
72	72	4
80	82	3
13	13	4
63	82	1
6	13	2
88	88	3
69	69	2
60	60	3
11	11	6
9	10	3
65	65	5
68	68	3
53	53	2
81	81	7
54	76	1
61	61	5
11	13	1
84	85	3
75	83	1
56	56	3
76	76	5
10	10	5
23	25	2
87	87	8
72	73	3
80	87	1
84	84	2
5	5	2
23	23	8
54	55	4
63	65	2
9	9	6
48	49	3
79	79	2
50	50	4
59	64	2
59	66	2
50	74	2
61	82	2
12	18	1
52	52	4
67	85	3
50	52	2
29	31	2
75	76	4
10	20	2
21	22	2
71	71	7
12	47	1
53	55	1
56	64	1
5	6	5
78	78	1
57	85	1
5	8	2
12	52	1
28	28	3
75	75	3
22	23	2
55	55	1
87	89	1
71	86	1
7	7	3
23	61	1
73	73	6
28	29	1
86	87	3
30	30	5
48	48	6
56	57	2
67	67	8
14	18	1
11	12	1
12	16	1
81	82	3
76	77	1
3	3	6
25	27	3
52	53	1
49	51	1
74	74	3
46	48	1
5	25	1
55	56	1
64	65	2
7	20	1
64	66	2
86	86	1
8	9	3
52	80	1
1	2	1
77	77	3
78	79	1
0	0	4
58	62	1
5	20	1
49	85	1
65	66	1
52	54	1
49	49	3
51	75	1
6	10	2
60	64	1
13	15	1
63	66	1
51	52	2
63	77	1
82	83	1
58	58	3
4	4	2
52	55	2
12	12	4
77	81	1
77	79	1
15	22	1
85	86	1
6	20	1
2	2	4
57	58	2
49	59	1
53	54	1
70	70	2
16	16	2
30	31	1
30	32	1
6	9	1
15	15	2
47	48	4
54	56	2
76	78	1
75	79	1
51	78	2
73	80	1
51	51	5
25	25	1
54	81	1
4	23	1
48	81	1
51	55	1
26	27	3
75	77	1
20	77	1
49	56	1
25	47	1
48	58	1
83	83	1
87	88	1
88	89	1
59	60	1
5	7	1
19	19	1
64	80	1
89	90	1
13	14	1
8	20	1
60	62	1
7	17	1
30	57	1
67	68	1
49	79	1
10	11	2
34	34	3
12	14	1
58	59	1
68	69	1
80	80	2
59	59	1
83	84	1
46	70	1
48	51	1
21	23	1
76	79	1
51	53	1
47	47	1
48	72	1
12	13	1
15	16	1
64	64	1
82	82	1
