10	10	16
38	39	3
76	76	10
72	72	13
90	90	10
3	14	1
83	92	7
63	63	13
12	13	2
19	19	11
82	82	8
47	47	10
33	33	6
116	116	24
9	9	14
83	101	2
46	46	11
104	104	17
66	66	4
20	20	3
102	103	5
103	103	13
2	2	5
132	133	5
93	93	12
30	31	3
111	111	27
67	96	1
72	98	1
3	3	9
65	65	10
99	99	8
88	88	9
125	125	3
16	17	17
21	22	7
25	26	8
122	123	3
69	69	11
12	12	6
127	131	2
101	101	9
50	50	13
25	25	7
44	44	9
123	123	5
86	86	8
0	0	6
98	98	3
46	47	4
58	58	10
16	61	4
57	57	14
16	16	6
67	67	11
110	110	6
60	61	5
28	28	6
21	21	2
20	52	2
37	38	2
4	17	1
123	129	2
18	19	3
91	92	2
83	83	7
100	101	7
59	60	7
17	17	5
25	70	6
97	119	2
105	105	9
24	28	6
73	74	4
122	122	11
105	106	4
108	108	9
100	100	6
46	58	2
22	29	3
131	132	9
89	89	15
15	72	4
26	26	12
2	8	1
107	108	2
85	85	9
88	89	2
53	53	25
22	22	8
52	52	13
1	1	4
14	15	6
16	21	3
85	86	4
112	113	6
13	13	7
48	48	6
124	124	10
110	111	9
40	40	13
71	71	8
54	114	1
90	91	5
77	77	14
15	15	9
94	94	10
63	70	3
45	48	3
73	73	9
80	80	6
48	49	6
47	53	5
97	97	6
1	2	5
27	27	11
125	126	14
94	109	4
107	107	11
22	33	2
39	40	1
56	56	5
83	84	11
18	18	9
79	79	13
62	82	8
126	126	6
94	127	1
132	132	12
129	129	1
130	130	1
118	119	5
33	41	6
2	4	3
106	106	8
69	70	15
60	60	19
43	43	7
34	80	3
7	7	12
96	96	8
40	104	3
38	38	5
52	60	3
14	14	11
8	9	3
58	59	2
68	68	6
74	74	9
119	120	3
31	32	1
61	75	3
9	10	5
11	11	6
45	45	10
104	106	3
45	46	3
127	130	4
83	87	1
61	61	3
109	109	4
0	70	3
6	6	7
23	24	3
92	92	7
65	66	4
62	63	4
123	124	5
38	41	1
56	111	2
75	76	3
51	51	20
54	117	3
78	79	2
68	69	6
32	32	9
114	114	5
94	95	8
49	49	8
7	12	2
120	120	10
108	114	4
109	110	4
24	26	3
91	91	10
95	131	1
102	102	4
72	80	3
124	125	2
64	76	1
54	54	7
126	128	7
106	107	5
113	113	9
5	5	15
52	53	14
51	52	6
73	78	5
50	51	3
97	130	1
19	82	1
70	70	8
62	66	2
97	98	5
47	48	4
16	18	4
58	67	1
114	118	3
115	116	3
41	42	3
75	75	3
64	64	5
115	115	12
117	117	5
29	29	10
95	95	10
98	99	2
11	18	2
46	53	3
112	112	7
121	121	12
3	6	1
83	90	2
1	13	1
100	108	3
105	124	2
113	115	1
128	128	11
89	93	1
76	89	2
81	81	2
40	75	1
89	91	6
40	41	3
111	114	1
39	39	3
29	30	2
5	77	1
42	100	2
119	119	5
30	30	4
51	124	4
33	38	2
42	42	1
63	64	3
56	57	1
74	75	1
89	90	6
118	118	1
76	78	2
68	70	2
0	1	2
81	82	1
105	125	1
133	133	6
15	19	3
4	4	5
3	4	8
100	132	2
116	118	2
131	131	4
127	129	3
126	127	3
98	101	2
46	48	2
18	61	1
64	68	1
84	84	1
24	24	3
44	45	2
107	117	1
28	29	4
57	68	2
108	109	6
13	14	1
77	78	1
4	5	4
62	62	5
61	82	1
96	110	1
66	76	2
2	127	1
82	83	1
7	47	1
108	113	3
86	88	2
91	98	1
129	130	2
31	31	2
45	47	2
104	105	2
90	100	4
80	85	2
70	71	2
85	91	1
74	80	2
40	44	1
11	14	1
128	130	2
74	78	1
103	104	2
86	123	2
104	120	1
49	54	1
95	129	2
112	120	2
95	123	4
24	29	1
61	74	2
18	24	1
69	112	2
114	117	2
117	119	1
26	27	2
11	21	6
31	98	1
72	74	1
61	62	1
100	116	2
78	78	1
53	112	2
33	59	2
0	3	2
124	126	1
63	83	1
1	70	1
90	93	2
76	77	2
19	55	3
103	116	1
64	121	1
23	23	1
125	127	1
6	13	1
62	75	1
28	84	1
55	63	1
62	68	1
20	93	1
