0	0	1
72	73	2
74	74	8
27	27	6
47	47	2
24	24	7
55	55	5
58	58	3
11	11	7
53	55	3
76	76	2
24	57	2
5	5	3
87	87	3
12	50	1
56	57	2
18	27	2
20	23	2
7	7	1
66	66	10
14	21	2
63	63	6
79	81	1
0	1	1
67	84	2
46	61	1
62	62	1
49	78	2
25	26	2
13	64	1
50	77	3
56	56	5
69	81	1
47	48	1
21	21	4
19	20	2
14	15	1
59	59	4
70	70	2
3	71	1
13	13	3
52	52	3
47	66	1
68	68	11
15	15	2
30	30	2
49	71	1
49	49	4
52	53	2
85	85	7
14	14	4
8	17	2
4	4	5
3	3	5
20	20	4
10	53	1
73	73	1
12	13	4
8	8	5
82	82	11
51	52	1
81	81	3
3	4	2
75	76	2
71	71	6
53	53	8
48	65	2
62	63	3
66	76	1
22	22	9
57	75	2
55	56	3
69	71	1
24	27	2
62	64	1
84	85	5
55	65	1
69	69	6
6	10	1
51	51	6
73	81	1
73	74	1
84	84	9
29	29	1
9	67	1
89	89	9
50	50	3
10	11	1
79	80	5
57	57	8
64	64	1
4	11	1
77	78	5
67	67	4
68	69	2
58	77	1
78	82	1
14	63	1
49	54	1
23	24	1
86	86	6
88	89	3
67	68	3
60	61	1
48	71	2
26	26	1
48	48	3
21	22	2
4	15	1
77	77	3
30	31	4
83	83	2
30	75	1
54	79	2
4	19	1
88	88	2
9	11	2
25	25	5
23	27	1
23	71	1
10	10	1
2	2	3
32	32	1
3	33	2
23	28	1
65	79	1
34	34	1
82	84	1
17	26	1
17	18	1
50	57	2
80	80	2
50	55	1
9	9	2
50	58	1
52	55	2
11	16	1
46	79	1
61	61	2
12	12	5
46	50	1
3	31	1
50	66	1
25	27	2
6	9	3
10	82	1
61	65	3
19	46	1
1	1	3
49	52	1
64	65	2
10	18	1
53	54	1
63	78	1
72	75	1
75	75	2
72	72	4
12	74	1
63	64	2
19	19	1
9	30	1
30	68	1
74	75	1
66	83	1
5	16	2
51	65	1
58	78	1
23	23	1
16	16	2
84	88	1
22	24	2
12	66	1
22	23	1
7	20	1
60	60	1
67	71	1
8	73	1
75	80	1
74	82	1
27	31	1
56	59	1
48	79	1
9	55	1
60	62	1
6	7	1
13	14	1
68	70	1
50	51	2
58	67	1
58	59	1
47	54	1
56	58	1
46	47	1
12	73	1
34	35	1
53	81	1
31	31	1
15	17	1
47	67	1
4	27	1
2	29	1
46	46	1
51	75	1
50	54	1
54	66	1
27	28	1
53	62	1
59	64	1
85	86	1
47	50	1
56	79	1
