20	20	2
57	58	3
59	59	2
16	33	1
115	115	1
47	47	3
69	69	3
102	103	2
29	29	5
102	102	5
94	94	2
76	76	3
82	83	1
24	24	8
114	114	2
47	48	1
27	29	1
54	55	5
83	84	5
136	136	3
42	43	3
125	138	1
37	37	5
74	75	1
64	64	4
56	84	2
73	79	1
76	84	2
84	112	3
132	133	6
138	139	1
141	142	1
38	38	4
16	16	3
36	36	2
118	118	4
103	127	1
110	114	1
80	82	1
79	79	4
128	145	1
37	75	1
27	27	5
134	134	6
22	22	2
125	125	6
120	120	5
48	48	4
52	53	2
81	82	2
130	130	3
15	16	1
105	106	1
3	39	2
91	94	2
140	141	3
120	121	2
117	143	1
99	100	3
133	134	1
19	19	5
95	96	2
127	128	4
91	91	2
133	133	2
64	65	2
81	81	5
26	26	4
119	119	3
1	2	1
137	139	2
130	142	1
142	142	3
33	33	2
66	68	1
113	123	1
90	91	3
17	17	4
72	74	2
80	89	1
28	28	6
59	60	4
90	98	2
104	106	1
128	142	1
56	56	3
128	128	8
101	101	3
19	20	1
27	28	3
130	131	3
31	31	3
96	96	3
112	113	1
69	70	1
135	135	3
50	69	1
145	145	2
21	21	2
75	76	1
55	55	5
49	54	1
56	72	1
8	26	1
61	62	3
78	115	1
53	84	2
72	73	1
111	116	2
62	92	1
99	99	6
24	26	1
12	12	1
16	37	1
59	91	2
19	38	2
103	103	3
131	131	1
34	35	1
71	72	2
39	42	1
67	68	1
23	23	3
123	123	1
112	116	1
50	53	1
62	62	5
138	140	4
24	25	2
142	143	1
128	129	5
124	125	4
117	134	1
80	80	2
35	38	2
26	27	2
138	138	2
18	18	5
89	89	3
121	137	2
38	40	3
54	66	2
68	83	1
125	131	1
58	58	7
132	134	1
108	109	1
92	92	1
75	75	4
10	10	2
108	108	4
72	82	1
42	42	3
68	86	1
36	48	2
101	103	2
137	140	1
62	64	1
98	98	2
130	134	1
118	121	1
60	60	4
36	74	1
39	40	1
137	138	1
31	32	1
95	95	2
67	67	3
30	30	1
128	131	1
89	90	1
121	121	2
18	37	1
92	97	1
66	87	1
43	47	1
126	126	3
133	137	1
93	93	1
80	90	1
125	127	1
35	36	1
53	94	1
129	130	1
40	40	2
104	110	2
130	141	3
141	143	2
127	127	1
122	122	3
117	118	1
12	38	1
8	8	2
3	4	1
78	78	1
76	83	1
128	135	1
16	17	2
51	52	1
118	120	1
74	74	1
39	39	1
144	144	1
106	106	1
112	112	3
20	21	2
102	116	1
29	99	1
27	63	1
126	127	1
17	25	2
13	14	1
90	90	4
97	97	1
8	9	1
87	87	2
39	131	1
51	51	1
110	111	2
117	138	1
125	126	2
68	68	3
124	124	4
100	102	1
32	69	2
9	9	3
100	100	2
18	38	1
3	5	1
109	109	1
4	37	1
88	89	1
5	5	1
109	110	2
19	21	1
23	24	1
37	81	1
108	125	2
2	5	1
50	84	1
16	26	1
137	137	4
66	66	1
104	104	2
110	110	2
63	106	1
52	52	1
69	71	2
32	121	1
114	115	2
54	84	1
118	119	2
87	88	1
143	143	2
129	129	1
104	105	1
17	20	3
68	82	1
139	140	1
22	23	2
13	13	2
77	84	2
81	90	1
58	65	1
29	30	2
115	116	1
47	59	1
98	118	1
119	121	1
76	77	1
33	34	1
25	25	4
117	117	1
10	11	1
122	124	1
32	33	1
9	22	1
116	118	1
82	82	1
102	127	1
39	48	1
58	59	1
49	83	1
136	140	1
61	61	2
20	38	1
69	73	1
108	119	1
84	86	1
131	134	1
34	36	1
65	65	1
116	117	1
77	81	1
54	54	1
35	35	1
124	141	1
107	107	2
101	102	2
59	66	1
89	94	1
17	60	1
72	72	2
34	34	1
56	93	1
88	88	1
6	6	1
8	11	1
25	26	2
79	81	1
127	129	1
113	121	1
81	96	1
88	97	1
70	77	1
116	116	2
90	96	1
81	95	1
141	141	2
30	119	1
94	96	1
121	122	1
33	36	1
15	15	1
20	146	1
132	132	1
