75	76	7
72	72	5
9	12	1
65	65	5
55	55	4
34	57	2
77	77	2
62	63	4
34	34	5
53	53	6
7	7	11
1	2	5
6	6	6
56	56	2
62	62	2
0	4	1
72	73	1
36	51	2
25	26	4
30	30	5
12	13	1
51	51	3
22	29	1
26	28	1
19	19	5
70	71	5
44	63	1
18	47	2
76	76	3
22	23	2
5	6	1
69	71	3
58	73	1
71	72	1
24	24	6
37	39	6
42	42	2
53	54	1
31	75	1
40	40	3
63	63	6
21	22	2
63	64	5
39	40	1
22	22	7
33	33	4
0	0	9
1	1	6
31	31	4
2	2	3
30	32	1
36	36	5
34	41	1
38	38	3
61	62	2
50	51	1
60	60	4
48	48	1
73	77	1
64	66	3
36	39	3
20	21	2
52	66	3
56	60	3
23	24	3
5	22	2
49	50	3
35	35	5
62	67	3
30	33	1
42	77	1
41	41	3
20	20	4
29	48	1
64	64	2
49	49	4
13	13	6
25	30	1
13	29	4
26	26	5
9	9	5
0	5	2
66	67	4
42	71	1
65	66	2
58	67	2
33	37	1
40	50	3
44	45	1
52	52	6
28	41	1
26	61	4
5	5	5
0	6	1
23	23	8
58	59	3
23	75	1
46	46	4
35	36	2
29	72	1
14	14	2
28	28	4
57	57	4
72	74	1
25	25	1
29	29	6
57	58	2
32	32	3
25	76	2
45	45	4
37	37	5
3	4	1
71	71	6
54	55	3
10	11	2
59	59	3
12	32	3
1	27	1
54	54	5
73	74	2
7	9	2
40	41	1
13	14	1
66	68	2
8	8	5
3	5	2
14	25	1
69	69	5
7	8	3
43	56	1
29	50	1
24	27	2
39	39	1
68	68	3
32	34	2
74	74	2
67	67	4
37	66	3
25	49	2
33	49	2
57	62	1
52	53	2
27	28	1
42	43	1
74	76	1
21	21	1
32	53	1
45	47	1
31	54	2
12	12	3
4	4	4
40	43	1
39	59	1
26	27	2
60	61	2
24	25	2
1	5	4
58	58	1
53	58	1
68	69	1
73	73	2
24	77	2
29	30	1
57	72	1
61	61	4
31	51	3
41	69	1
28	31	1
37	38	3
18	18	2
31	65	3
35	43	1
26	50	2
31	33	1
23	43	1
3	45	1
29	73	2
36	66	2
10	10	4
70	70	3
43	44	1
47	48	1
31	70	1
39	75	2
66	66	3
11	11	1
6	7	1
11	12	1
39	41	2
31	32	1
21	43	1
59	73	1
63	66	1
42	49	1
32	51	1
18	19	1
64	65	1
12	44	1
31	37	2
41	42	1
48	51	3
13	18	1
53	75	2
38	54	1
43	71	1
18	23	1
7	11	1
40	51	1
67	73	1
19	29	1
24	30	1
67	68	1
75	75	1
3	23	1
37	72	1
63	67	1
52	65	1
31	74	1
38	74	1
1	3	1
62	76	1
13	34	1
28	30	1
33	72	1
36	53	1
58	66	1
62	64	1
12	14	1
12	45	1
60	65	1
36	37	2
25	47	2
36	48	1
27	27	1
0	42	1
35	71	1
31	53	1
13	22	1
32	33	2
43	53	1
62	73	1
37	55	1
55	57	1
29	41	1
