22	31	2
45	106	1
61	61	7
59	59	6
52	52	9
85	96	2
76	78	1
23	26	1
41	41	6
44	44	6
64	66	2
35	35	2
112	112	9
106	106	1
43	44	4
48	48	6
77	96	3
96	97	4
85	97	1
85	101	3
77	106	2
93	93	2
101	102	4
77	79	1
54	55	2
76	77	1
40	41	1
25	25	3
28	74	1
89	89	4
29	30	1
104	106	2
100	100	2
35	93	1
65	65	3
113	113	3
21	34	1
56	56	2
81	81	4
50	50	1
56	58	2
111	111	5
83	84	1
85	86	3
34	35	2
31	92	1
55	55	2
81	82	1
20	20	1
83	90	2
53	74	1
91	111	1
26	58	1
78	78	7
67	96	1
51	51	3
71	72	1
40	40	2
95	95	2
96	99	2
88	89	1
107	107	4
77	78	1
86	86	1
75	93	1
87	87	2
34	34	4
97	98	2
26	56	1
82	84	1
60	67	1
30	110	1
83	83	5
63	68	1
110	110	1
53	81	1
110	111	1
26	26	4
91	92	1
83	85	2
20	97	1
30	30	3
33	35	2
35	92	1
45	45	1
24	26	1
64	65	1
46	46	2
36	40	1
50	53	1
43	85	1
29	29	1
56	68	2
22	22	1
88	90	1
72	73	3
105	105	1
63	63	3
115	115	1
102	103	2
62	68	1
58	58	2
50	73	1
50	51	1
60	75	1
72	95	1
106	109	3
55	57	1
46	77	1
32	38	1
24	36	1
40	73	1
58	59	2
60	62	1
73	88	1
105	108	1
60	60	3
28	61	1
32	37	2
53	53	3
88	88	3
94	95	1
91	91	2
37	37	1
92	100	2
98	98	3
80	99	1
33	51	2
101	101	2
34	46	1
109	109	2
80	80	2
33	46	2
92	93	1
82	82	1
104	104	2
29	70	1
82	85	3
33	52	1
46	72	1
36	92	1
37	38	1
76	76	2
27	27	1
64	64	1
85	85	2
21	21	1
20	40	1
27	28	1
80	98	2
31	31	2
23	70	1
74	74	3
71	71	2
73	74	1
102	102	3
42	42	1
67	69	1
28	28	2
47	48	1
53	73	1
36	38	1
25	56	1
24	24	4
95	97	1
75	75	1
104	109	1
69	70	2
23	69	1
70	70	1
90	90	6
33	38	1
84	85	2
43	43	2
102	113	1
58	93	1
20	21	1
39	39	1
28	31	1
104	105	1
103	103	1
49	49	1
108	108	1
33	49	1
38	39	2
88	93	1
100	107	1
66	69	1
103	106	1
21	46	1
103	107	1
60	63	1
97	97	2
85	104	1
105	106	2
100	105	3
109	110	1
31	42	1
87	90	1
39	41	1
94	94	1
24	28	1
47	47	1
30	36	1
107	108	2
75	78	1
55	60	1
20	46	1
77	98	1
54	98	1
25	37	1
69	69	1
74	95	1
60	61	1
61	63	1
48	52	1
63	64	1
32	32	1
66	66	1
66	68	1
53	54	1
24	25	1
26	28	1
25	26	1
98	99	1
39	40	1
92	92	1
71	98	1
106	107	1
73	75	1
78	79	2
32	44	1
77	91	1
62	63	1
76	99	1
108	109	1
