40	40	2
30	30	5
54	54	5
31	60	2
57	57	7
19	19	3
61	61	8
29	29	1
52	53	1
5	6	3
58	58	3
17	17	6
33	39	1
33	33	4
49	49	6
0	1	1
3	4	1
12	13	1
44	48	1
1	2	1
39	60	2
52	56	1
44	62	2
53	53	2
21	52	1
51	51	6
51	52	2
1	1	4
38	38	2
9	10	1
42	42	10
47	48	1
44	45	3
41	58	2
19	38	1
43	45	1
34	34	4
44	44	6
17	18	1
46	61	1
39	39	7
38	40	3
52	52	7
30	56	1
43	44	1
10	10	4
46	46	7
24	25	2
34	35	3
22	30	1
29	41	1
62	62	5
37	39	2
48	48	8
31	47	2
31	31	2
6	20	1
0	0	2
37	37	7
38	59	2
53	60	1
9	12	2
19	54	1
45	46	5
31	32	5
25	25	2
56	56	2
45	45	4
59	59	1
32	32	6
46	47	3
39	59	2
2	2	2
47	47	3
14	53	1
36	36	7
44	60	1
24	40	2
60	61	1
20	22	3
31	42	1
4	4	1
5	7	1
40	57	1
14	42	2
61	62	3
32	53	2
55	55	7
32	33	1
23	42	1
37	53	1
21	24	2
30	59	1
49	50	2
9	21	1
50	51	3
2	45	1
35	35	8
7	7	2
41	41	5
9	41	1
56	57	2
8	11	1
12	12	2
58	60	2
60	60	3
21	21	3
13	52	2
22	22	5
24	26	1
46	59	1
45	55	1
36	46	2
43	43	4
13	13	5
11	52	1
54	55	1
9	11	1
50	50	2
55	56	1
20	20	4
5	5	1
24	24	5
3	34	1
57	60	1
39	56	2
13	15	1
58	59	2
47	49	1
39	44	1
32	55	1
19	25	1
3	3	1
17	19	1
32	37	1
20	59	1
21	25	1
12	43	1
23	23	1
42	57	2
2	25	1
57	58	2
6	7	1
15	16	3
8	39	1
11	11	3
35	36	1
22	23	2
40	44	1
18	19	1
29	53	1
20	24	1
42	45	2
39	42	1
51	53	1
8	23	1
40	41	4
38	39	1
19	21	1
38	45	1
18	18	2
31	53	1
9	19	2
22	40	1
46	54	1
15	15	3
42	52	3
37	38	1
23	43	1
14	14	2
8	10	1
16	16	3
22	41	1
3	11	1
15	44	1
53	55	1
33	47	1
14	15	1
49	52	1
7	9	1
53	54	1
55	59	1
44	47	1
31	58	1
30	58	1
38	57	1
