28	29	1
5	6	3
65	65	2
10	11	2
59	59	2
6	75	2
17	19	1
52	55	2
64	64	5
15	15	9
76	76	8
52	52	8
65	66	5
54	54	3
50	53	2
47	47	2
27	27	3
29	29	2
82	83	4
68	68	3
48	48	1
25	26	4
69	69	7
47	48	2
48	80	3
19	19	1
26	26	2
70	81	2
2	2	2
24	24	3
79	79	3
66	66	3
65	80	2
13	13	4
18	19	1
11	16	1
9	11	2
80	80	7
87	87	5
58	58	4
17	17	2
72	73	1
75	75	6
6	7	4
74	74	3
8	56	2
50	81	2
72	74	1
53	53	3
1	30	1
47	80	1
30	30	1
11	11	3
81	81	7
28	30	2
80	85	2
73	74	1
3	11	1
78	79	2
8	23	1
53	56	1
69	73	1
17	18	3
9	10	1
83	83	2
3	3	5
20	20	2
46	46	1
66	74	1
56	56	2
6	6	2
72	72	1
5	5	3
49	49	2
62	63	1
25	25	1
22	59	1
70	70	2
8	8	3
60	60	5
1	1	1
86	87	1
49	50	1
78	78	3
57	58	1
3	4	1
62	80	1
13	14	1
9	9	2
4	4	4
24	31	3
34	34	1
56	81	1
23	24	3
9	55	1
6	52	1
12	23	2
89	89	3
62	62	1
26	27	2
28	28	1
69	70	1
24	25	1
81	84	1
10	10	1
50	51	1
84	84	2
73	73	2
14	14	1
61	61	1
67	67	1
58	63	1
30	46	2
21	22	1
47	49	1
76	78	1
76	77	1
4	11	1
21	21	1
53	54	1
50	50	1
60	62	1
8	75	1
75	78	1
58	59	1
66	68	1
58	60	1
