176	176	5
123	123	5
27	28	5
50	50	5
60	61	2
99	99	5
84	84	5
41	41	8
109	109	5
138	147	2
79	80	2
94	94	5
100	104	1
174	175	8
136	137	2
141	141	10
1	2	10
151	151	8
108	108	2
11	11	7
19	19	5
132	132	2
152	152	14
197	197	4
131	145	1
18	18	6
122	122	3
134	142	1
123	125	1
196	196	3
169	169	5
112	143	7
155	155	6
166	166	3
0	0	15
187	189	1
152	153	5
102	102	9
43	178	1
171	171	8
163	164	5
114	114	9
24	24	4
166	167	9
165	166	5
23	24	4
140	140	7
48	49	2
62	62	7
140	155	6
167	179	1
33	33	14
71	72	3
170	174	5
173	173	7
10	10	7
193	194	2
153	155	18
161	162	7
66	67	2
98	130	3
192	192	2
116	117	3
137	178	1
156	158	4
168	168	8
170	177	1
64	69	6
96	96	7
164	165	6
20	20	11
175	178	1
159	160	3
25	25	5
171	195	2
143	144	2
104	104	5
6	6	8
34	35	2
194	194	10
128	128	11
182	182	5
81	82	3
193	193	8
13	13	3
65	65	5
102	103	2
48	48	10
70	70	4
187	187	5
178	178	2
71	71	2
15	15	3
163	169	1
135	139	4
128	169	2
59	61	3
32	32	3
189	189	18
140	156	5
152	163	1
47	48	1
143	155	4
107	108	4
156	156	6
164	164	10
124	160	2
16	16	7
153	190	4
163	163	2
107	107	3
3	3	13
119	119	10
172	174	4
17	18	6
120	120	7
66	66	3
11	44	4
150	155	3
37	67	1
110	110	5
150	153	2
7	7	1
71	75	1
27	27	11
191	192	3
14	14	17
175	177	2
190	190	6
6	27	4
153	153	7
153	156	2
97	97	3
39	41	1
57	57	9
194	195	9
126	126	8
118	119	8
58	58	3
54	54	8
89	89	8
55	55	5
136	180	7
147	154	2
28	28	2
27	30	1
54	55	1
149	149	12
168	169	2
194	197	2
41	127	3
142	145	3
5	5	3
113	114	6
64	76	3
72	72	2
195	195	12
135	135	9
61	61	11
177	177	4
23	23	3
56	57	3
104	125	2
160	161	1
154	154	3
136	136	4
181	185	1
4	4	6
16	19	2
85	85	9
45	45	7
179	192	4
30	31	3
83	84	2
42	54	1
87	120	2
148	193	3
158	196	3
147	195	1
117	117	4
172	172	7
183	183	15
39	39	4
185	185	3
13	53	3
18	25	3
46	49	3
144	144	6
174	174	6
13	14	3
42	42	2
182	183	1
112	117	1
125	125	2
64	64	3
3	20	2
147	178	1
165	165	3
72	86	4
1	1	5
131	131	4
124	124	3
176	177	5
170	170	6
127	170	1
186	186	1
101	101	3
116	119	3
145	145	3
44	57	4
133	134	1
187	188	2
162	179	2
118	120	2
76	85	1
3	25	1
152	154	6
17	35	1
179	179	7
129	130	2
137	137	4
37	57	4
130	130	1
183	194	1
0	69	6
142	142	4
116	116	2
80	82	1
95	95	5
100	125	3
31	32	5
149	151	1
157	160	2
134	134	3
114	117	2
140	141	4
15	32	3
167	167	11
26	28	1
149	150	9
75	94	1
56	78	1
185	191	5
121	121	2
22	22	4
173	176	4
34	34	3
3	18	3
17	19	4
172	181	3
158	158	2
105	106	4
59	89	1
76	77	3
112	112	6
108	110	2
19	24	3
109	111	2
142	155	3
22	28	3
9	25	2
140	157	2
35	36	8
47	47	8
147	147	6
103	103	1
7	8	1
185	197	3
164	169	1
134	178	5
135	144	1
39	179	3
172	173	2
73	73	3
100	101	3
181	181	3
9	9	3
172	176	3
118	118	3
69	69	1
66	68	1
183	184	3
26	26	2
112	127	2
148	192	2
125	160	2
51	52	2
46	46	7
157	159	2
161	168	1
129	149	2
50	51	2
10	24	5
67	67	4
60	86	2
139	139	4
158	159	4
0	15	1
155	156	5
119	120	1
30	30	6
108	115	5
150	150	4
115	115	4
39	56	4
146	147	2
96	97	2
32	53	2
151	152	1
82	82	2
86	86	2
154	155	2
135	176	2
25	26	1
36	36	6
100	100	5
188	188	1
87	87	6
67	68	6
137	138	2
8	28	3
135	143	3
62	63	4
181	182	4
6	7	2
35	35	4
106	106	3
147	160	1
138	138	1
106	107	4
82	85	3
132	144	3
59	59	4
2	2	2
168	182	4
17	64	2
15	23	3
15	56	1
10	18	2
19	20	1
175	176	4
176	178	3
21	21	4
178	179	3
155	170	1
56	56	5
33	37	2
53	53	4
147	161	1
48	58	1
2	64	3
144	145	1
186	194	1
144	182	4
143	159	3
14	15	1
40	123	2
101	111	2
43	120	1
68	68	6
126	169	2
32	33	1
111	111	2
161	161	4
175	181	2
84	85	1
13	55	1
49	195	1
68	70	1
125	166	1
121	156	1
72	73	2
185	186	1
171	172	1
38	45	3
10	11	2
18	26	2
52	53	4
180	181	5
127	127	3
34	84	1
36	82	2
148	148	2
188	194	3
77	79	1
29	77	2
25	28	1
147	148	1
1	8	1
99	101	1
94	95	1
29	178	2
146	175	1
69	70	3
79	83	1
39	40	2
157	157	2
36	37	1
135	137	7
130	152	1
8	8	2
16	140	2
15	16	1
31	31	2
28	38	2
45	160	1
83	85	2
173	174	1
37	44	4
175	175	7
149	186	2
27	29	2
126	127	1
98	98	1
12	196	1
114	118	1
16	17	1
76	78	1
135	140	1
122	130	2
119	121	1
0	2	2
73	87	1
133	133	2
31	176	1
51	51	1
98	99	1
19	21	2
118	141	1
143	143	3
160	189	1
138	139	1
125	126	1
162	162	1
189	190	1
177	194	2
28	35	1
23	32	1
60	60	2
118	154	1
43	43	1
0	1	1
180	180	1
54	56	1
6	62	1
59	60	1
178	180	2
40	42	1
99	100	1
61	74	1
33	58	1
15	54	1
119	122	1
39	42	1
32	177	1
41	123	1
40	40	1
40	57	1
150	151	1
31	130	1
69	93	1
59	62	1
57	58	1
130	131	1
79	79	1
158	191	1
163	168	1
186	187	1
126	129	1
83	83	1
100	102	1
