76	79	1
71	71	4
48	49	7
50	83	1
19	31	2
56	56	2
61	61	5
54	54	6
58	58	13
10	13	1
15	15	5
10	10	8
70	70	4
79	80	2
4	24	2
14	14	1
72	72	3
63	63	2
20	22	2
21	21	2
1	1	2
53	55	1
53	54	1
19	26	3
47	47	2
8	26	1
79	79	2
83	83	3
59	59	9
24	24	5
21	52	1
78	79	1
5	6	2
66	66	3
5	34	1
86	86	2
7	8	3
76	77	4
19	19	4
55	56	1
74	74	4
48	48	1
15	27	1
58	66	5
7	66	1
54	56	1
6	7	2
13	13	6
59	63	4
55	55	6
53	53	5
63	64	2
31	31	3
13	20	2
68	68	6
7	7	4
48	58	2
66	67	1
71	75	1
50	56	2
62	71	1
46	46	1
82	83	6
49	50	2
51	54	1
22	22	7
17	26	2
46	47	2
15	75	2
61	62	4
7	9	3
12	53	1
75	84	2
11	12	1
71	72	2
82	82	2
62	62	4
0	0	3
71	73	1
60	61	5
3	19	2
79	82	2
17	17	5
9	15	1
30	30	1
26	27	1
23	23	6
84	84	3
25	25	3
6	8	1
10	11	3
3	3	6
19	59	1
51	62	3
58	62	2
60	60	4
79	81	3
12	12	2
9	53	1
86	87	2
8	8	4
72	73	2
30	75	1
78	78	3
71	79	1
69	69	1
88	89	1
64	65	2
65	65	2
24	47	2
1	85	1
18	18	1
73	74	1
76	76	7
59	64	1
20	20	3
13	17	1
2	2	4
9	9	1
46	48	1
8	10	1
21	67	1
56	57	1
57	71	1
67	67	4
16	60	1
18	19	1
6	6	1
53	56	1
75	76	1
6	25	1
64	64	1
46	50	1
66	69	1
63	65	1
81	82	1
20	60	1
20	21	1
18	88	1
25	26	1
62	63	1
51	52	2
67	68	1
48	64	2
59	61	1
61	64	1
31	48	1
21	24	1
89	89	1
77	77	1
73	73	1
48	55	1
27	27	1
84	85	3
75	75	1
61	66	1
47	48	1
54	55	1
50	50	1
5	5	1
14	50	1
53	59	1
78	82	1
85	85	1
56	61	2
7	10	1
34	77	2
47	65	1
52	52	1
11	11	1
17	58	1
48	82	2
46	81	1
74	75	1
17	72	1
50	52	1
17	19	1
19	28	1
50	62	1
80	80	1
48	59	1
63	79	1
51	61	1
11	85	1
57	57	1
20	52	1
17	52	1
19	50	2
28	28	1
3	4	1
