24	24	7
48	48	4
7	7	2
93	98	3
41	41	8
106	106	1
72	73	2
5	5	2
85	89	1
17	17	4
49	50	1
84	93	2
37	37	2
92	92	1
10	34	2
27	27	4
103	104	3
75	76	2
43	43	3
34	34	3
71	73	2
129	129	1
76	96	1
136	137	2
124	147	2
9	9	4
40	40	2
69	69	3
104	112	1
128	128	5
134	134	1
111	112	3
4	4	4
138	139	1
5	7	2
4	14	1
25	26	4
32	33	1
130	131	6
120	120	1
79	98	2
10	10	7
115	115	3
44	98	1
121	128	1
144	146	1
41	43	1
7	29	1
117	117	2
121	121	2
23	23	3
118	118	2
102	114	1
30	44	1
102	102	1
45	45	3
15	33	2
123	123	2
107	107	5
122	129	1
122	123	3
154	154	1
71	71	5
46	46	3
11	25	1
76	76	2
34	36	1
122	122	1
84	85	1
72	72	1
121	136	1
111	111	1
55	56	1
145	145	5
135	135	3
62	62	4
19	20	2
12	12	2
13	13	1
71	83	1
96	97	4
70	70	2
21	21	5
119	123	1
135	138	2
150	150	1
35	35	2
21	46	1
13	14	4
136	136	2
103	103	2
8	10	1
65	83	1
95	95	2
98	98	3
7	8	1
87	87	1
19	19	5
68	68	1
66	83	2
107	108	1
84	84	2
20	20	2
94	94	2
53	53	2
32	35	1
127	127	4
133	134	2
99	99	5
108	109	1
142	149	1
81	82	1
17	30	1
22	23	2
114	114	2
73	74	1
109	109	1
63	64	1
5	6	1
23	24	4
14	14	1
69	70	1
30	30	1
37	38	2
42	42	1
7	13	3
78	109	1
8	17	1
135	136	1
47	47	3
49	49	2
58	58	1
133	151	1
50	54	1
118	152	1
4	5	1
9	46	1
14	16	1
5	14	1
48	49	2
36	36	1
11	12	1
149	150	1
125	125	2
139	139	2
76	77	2
42	43	1
76	106	1
133	133	3
131	132	2
26	39	1
131	135	1
142	142	1
55	55	1
121	122	2
31	32	1
52	53	1
132	132	1
97	98	1
10	35	1
100	103	1
83	83	1
104	105	1
11	11	3
80	97	1
65	65	3
31	31	2
119	121	1
81	81	3
120	122	3
93	93	1
99	101	1
110	111	1
22	22	1
43	44	1
64	65	2
12	26	1
108	108	2
112	112	3
127	137	1
78	78	1
41	42	1
150	151	1
114	116	1
71	133	1
79	87	1
131	131	2
3	5	1
130	130	1
12	16	1
10	11	1
66	67	1
35	36	1
67	67	2
25	25	3
9	11	2
33	33	3
134	135	1
141	146	1
137	138	2
75	75	1
17	31	1
76	85	1
18	18	1
100	100	2
68	96	1
26	27	1
71	72	1
82	82	1
77	78	1
118	119	1
145	147	2
64	99	1
144	145	1
8	9	1
27	28	1
123	130	2
74	75	1
74	77	1
16	16	2
30	45	1
54	54	1
85	85	1
72	75	1
5	15	1
57	57	1
124	124	1
50	50	1
125	127	1
149	149	1
90	90	1
66	68	1
84	86	1
99	117	1
78	88	1
82	104	1
141	144	1
