37	58	1
173	173	4
21	21	8
61	105	1
233	233	4
156	157	4
47	47	5
142	142	6
199	200	9
78	79	3
211	211	4
216	227	2
39	39	9
234	235	3
140	140	3
101	101	7
118	118	1
105	105	6
44	44	3
46	46	8
190	191	1
7	8	2
64	65	4
32	32	9
71	71	3
35	36	2
190	195	1
60	60	7
14	60	3
5	6	4
181	181	4
69	69	8
223	223	8
185	185	3
104	104	2
136	137	3
37	38	2
136	136	4
228	228	4
77	79	3
133	133	7
230	230	5
133	135	1
217	217	3
103	104	2
88	88	7
71	73	1
129	129	5
85	201	1
170	170	3
106	106	7
235	235	1
180	182	1
57	57	7
145	145	5
201	201	7
71	72	5
81	102	2
51	51	9
200	202	1
141	141	1
80	81	3
211	218	2
224	231	1
109	109	2
56	57	2
16	16	6
144	144	1
2	2	3
15	18	1
15	15	4
239	239	9
6	33	2
210	211	2
165	165	2
219	237	1
63	63	8
184	185	5
55	74	1
96	97	1
240	242	1
199	199	2
22	22	3
121	122	2
226	226	2
33	50	1
202	202	7
79	80	2
9	30	1
21	22	2
18	18	6
110	110	2
229	229	4
33	33	9
124	124	1
150	153	2
150	150	4
100	100	7
183	183	2
206	206	6
27	27	7
23	23	9
86	86	5
175	175	7
72	73	1
37	37	5
58	59	1
14	14	1
19	19	1
207	208	2
216	216	4
20	101	1
22	30	1
138	147	3
62	62	6
111	111	3
26	26	7
51	56	2
48	48	4
65	69	2
198	200	2
6	6	5
233	234	4
124	125	3
130	130	1
230	231	1
70	70	12
142	214	2
180	180	4
75	88	2
53	55	2
1	1	6
118	170	1
114	119	2
81	81	8
109	110	1
70	74	2
226	227	2
74	74	11
148	148	2
28	48	2
122	122	3
199	208	1
124	184	2
171	171	9
183	191	1
214	229	2
128	128	4
30	34	1
135	135	5
44	45	2
129	184	1
54	55	1
153	153	9
199	204	2
52	52	1
206	223	1
50	50	5
121	127	1
169	169	4
198	198	2
206	229	1
204	230	2
18	21	1
5	189	1
76	95	1
102	103	5
215	215	2
85	85	9
159	161	3
167	168	1
0	0	7
155	155	3
152	152	3
179	179	3
39	56	2
238	239	1
10	36	1
225	226	3
68	68	6
95	96	1
11	59	1
78	82	1
153	154	4
114	134	1
96	119	1
70	71	1
25	25	5
241	241	5
7	7	4
127	127	4
144	165	1
168	169	2
45	46	3
181	211	2
221	221	4
75	75	8
99	100	3
82	82	3
207	209	1
236	236	1
195	195	7
144	166	1
188	188	3
162	183	1
196	240	2
34	36	2
57	58	1
119	119	8
147	154	1
30	75	1
73	74	2
134	134	3
29	30	6
47	55	2
117	136	1
207	228	1
113	113	2
61	61	4
74	75	4
168	168	4
49	49	4
159	159	1
28	29	3
143	150	1
62	63	4
148	157	1
112	140	1
102	105	2
112	113	1
69	70	6
237	238	1
76	76	6
174	174	5
119	135	1
38	38	3
10	10	2
204	204	5
2	14	1
142	143	3
76	80	3
35	37	2
191	191	2
102	102	6
99	99	3
75	77	1
28	28	5
27	28	3
151	152	1
40	40	3
172	173	2
204	205	1
205	210	1
35	35	5
213	213	3
24	24	4
129	130	2
40	41	2
8	10	1
159	160	1
233	235	3
182	182	5
112	112	1
13	14	1
116	116	6
0	8	1
164	166	1
20	20	9
177	178	1
80	101	2
138	138	4
36	110	1
96	101	2
30	48	2
0	1	3
107	107	5
96	96	2
197	203	2
175	182	1
37	241	1
8	8	6
3	12	1
48	50	4
72	72	6
6	59	1
218	218	5
66	78	1
221	222	1
9	9	4
78	78	3
229	230	2
143	164	1
115	116	2
12	12	4
204	209	1
16	17	3
58	58	3
14	16	1
225	225	1
109	113	1
103	103	2
166	167	1
151	151	3
69	72	2
76	78	1
108	108	2
65	88	1
55	55	5
152	153	1
118	119	3
203	203	5
65	68	1
84	84	5
185	196	1
46	113	2
84	85	1
190	190	1
193	227	1
29	29	9
67	68	5
34	35	1
144	216	2
178	178	1
239	241	1
235	238	2
104	106	2
162	163	1
66	67	1
186	186	3
79	105	1
75	76	1
193	241	1
49	51	1
200	221	1
120	122	2
208	208	1
229	231	2
43	43	3
146	146	1
4	36	1
205	217	1
177	177	4
219	235	1
195	197	3
219	219	2
160	189	1
158	158	3
13	83	1
7	15	1
37	39	1
123	123	2
49	59	1
83	83	2
34	60	2
192	192	4
238	238	5
59	59	5
139	139	5
242	242	4
209	209	2
89	91	1
99	101	3
140	141	2
15	16	2
189	222	1
118	136	2
193	193	3
105	106	1
33	35	1
11	14	1
120	121	1
18	31	2
3	3	8
104	105	2
179	187	1
12	31	1
54	54	2
121	121	3
141	142	2
81	82	3
172	172	1
240	240	2
41	41	6
41	51	1
64	64	2
135	136	1
161	161	8
1	123	1
119	169	2
63	64	2
192	197	1
17	17	4
26	27	1
136	142	1
54	57	1
234	236	1
197	197	4
38	54	2
126	126	6
31	32	1
2	60	1
2	141	1
99	103	1
125	126	3
1	15	1
18	84	2
67	67	2
48	54	2
38	62	1
132	133	1
8	189	2
223	224	3
65	66	1
63	155	1
36	36	2
227	227	8
10	169	1
30	30	4
95	100	1
215	224	1
194	194	4
143	143	3
194	196	2
166	166	6
74	141	1
170	171	2
45	45	2
34	34	2
6	22	1
12	212	1
165	172	1
75	84	1
31	31	2
5	13	1
12	229	1
70	135	1
147	147	1
198	210	2
209	210	1
9	10	1
164	164	2
209	222	1
56	56	2
201	232	1
214	226	1
210	210	4
162	162	4
24	25	2
194	197	1
16	18	2
98	105	2
7	53	1
131	131	2
200	225	1
15	53	1
82	83	1
39	70	1
113	130	1
178	179	1
51	52	1
5	8	1
121	133	2
101	103	1
42	42	3
180	183	1
49	62	1
80	83	1
23	24	1
154	155	1
86	97	1
27	40	2
33	75	1
53	54	3
15	17	1
55	58	1
153	174	2
167	167	2
230	237	1
224	225	1
123	125	1
192	193	4
205	206	2
42	53	1
176	209	2
53	53	3
222	222	2
206	207	1
145	226	2
126	155	1
149	150	1
122	124	1
134	137	1
20	83	1
219	220	2
97	97	2
5	5	5
98	98	1
5	34	1
138	143	2
189	189	3
224	224	2
43	45	2
70	72	1
81	191	1
98	99	1
1	10	1
75	85	1
100	130	1
231	231	2
103	106	1
39	40	1
43	46	1
115	115	1
148	149	1
34	79	1
159	164	1
203	206	1
206	230	1
154	154	5
181	182	1
30	31	4
114	115	1
196	196	1
63	86	1
80	80	1
96	106	2
49	58	1
182	214	1
35	54	1
33	36	1
217	219	1
179	180	3
220	221	2
213	231	1
37	51	1
240	241	1
144	156	3
220	224	1
117	117	1
13	13	2
42	43	1
140	157	1
99	105	1
11	32	2
18	19	1
32	54	1
118	126	1
86	102	1
125	125	1
3	75	1
36	77	1
2	23	2
49	66	1
195	196	1
182	198	1
65	65	2
123	124	3
25	30	3
24	30	1
78	103	1
31	34	1
120	120	1
234	234	1
143	146	1
158	159	2
156	158	1
35	68	1
57	61	1
158	186	1
5	7	1
11	11	3
127	129	1
85	209	1
77	81	1
157	157	2
26	46	1
89	102	1
160	172	1
236	239	1
59	60	3
235	236	1
26	239	1
111	138	1
131	185	1
160	160	1
62	72	1
64	113	1
199	211	1
61	75	1
117	171	2
163	163	1
40	42	1
86	88	1
237	237	1
46	47	1
137	138	1
156	156	1
142	170	2
206	209	1
200	200	1
179	195	1
214	214	2
163	168	1
141	186	1
23	82	1
12	118	1
124	139	1
60	67	1
0	61	1
166	210	1
89	104	1
187	188	1
149	149	1
27	208	1
55	60	1
36	99	1
30	37	1
155	191	1
9	161	1
1	3	1
22	23	1
95	95	1
194	223	1
50	51	1
213	215	1
212	212	2
216	241	1
206	213	1
30	35	1
74	77	1
0	2	1
176	176	2
10	11	1
133	137	1
181	185	1
83	84	1
83	153	1
45	111	1
17	42	1
33	53	1
108	109	2
189	190	1
18	20	1
10	19	1
16	21	1
12	179	1
73	73	2
46	55	1
20	25	1
56	58	1
177	184	1
186	210	1
156	162	1
36	58	1
139	140	1
4	4	1
51	59	1
180	181	1
101	123	1
6	12	1
80	104	1
204	236	1
153	155	1
203	204	1
43	155	1
39	175	1
13	18	1
4	18	1
0	3	1
52	53	1
144	150	1
190	197	1
3	8	1
213	229	1
11	17	1
37	54	1
198	208	1
78	80	1
149	174	1
219	221	1
8	34	1
62	76	1
53	57	1
128	129	1
63	65	1
181	183	1
63	118	1
17	18	1
67	69	1
77	80	1
79	81	1
104	155	1
9	83	1
175	176	1
2	5	1
223	226	1
188	189	1
9	18	1
198	199	1
5	33	1
