44	69	2
90	91	3
40	40	9
100	100	13
52	52	18
49	50	12
84	84	10
66	67	5
49	49	6
99	99	11
74	74	9
48	48	4
68	68	15
65	74	5
72	72	6
65	65	13
99	100	8
82	83	3
89	89	39
48	50	8
67	67	20
39	40	5
53	53	5
36	37	3
93	93	25
82	82	2
101	101	20
56	56	9
32	35	4
91	91	10
35	37	6
77	78	2
88	88	15
85	85	6
95	95	33
42	43	4
35	59	4
69	77	2
69	69	7
78	101	1
38	46	4
97	98	6
47	48	5
31	31	8
76	76	3
26	26	7
68	69	2
61	61	20
40	42	3
72	75	5
92	92	16
73	77	6
56	57	4
81	81	8
96	98	3
94	94	5
63	64	1
79	79	14
69	70	11
57	57	16
60	62	4
62	62	9
83	83	7
33	33	3
59	59	4
100	101	3
56	63	5
42	42	2
102	102	4
79	95	4
67	70	7
39	47	5
53	54	1
57	62	5
64	79	5
50	50	10
89	92	6
50	57	4
35	36	4
58	59	7
63	63	9
44	44	11
52	55	7
51	51	12
90	90	6
87	87	5
70	70	12
92	100	5
41	41	13
73	74	5
58	58	14
88	89	3
25	61	4
77	77	7
64	64	6
36	36	1
65	85	1
60	61	2
55	55	8
55	79	3
67	69	3
42	44	6
86	87	2
36	98	3
83	89	3
66	68	3
96	96	3
71	71	3
98	98	3
78	78	4
40	43	1
23	54	1
39	39	7
70	77	3
33	81	6
44	45	4
29	29	3
60	60	2
67	68	7
42	64	1
92	93	3
43	71	2
44	75	3
68	77	2
90	101	2
34	98	2
75	75	1
79	80	3
93	94	6
32	32	1
44	64	3
98	100	6
62	79	1
47	47	5
54	54	2
45	45	4
66	66	11
33	79	4
65	66	3
36	61	1
73	73	2
62	63	3
63	76	3
26	27	1
43	44	2
45	47	4
48	53	2
35	35	1
29	57	3
79	90	4
70	76	3
87	88	3
30	30	2
24	29	1
94	98	2
56	79	3
101	102	4
38	45	2
86	89	2
42	76	1
40	44	1
46	47	1
81	97	1
97	97	1
25	25	3
74	76	2
45	63	1
55	56	2
63	78	2
77	100	2
38	61	3
23	23	2
22	66	1
59	60	1
88	102	1
63	65	4
40	41	2
38	39	1
43	45	1
28	53	2
79	81	1
76	77	1
