61	61	16
56	62	10
46	46	9
19	35	4
52	52	15
48	48	24
34	34	24
3	3	25
45	45	43
35	37	8
19	19	11
51	57	5
37	38	2
33	33	21
32	33	6
51	51	36
54	54	18
4	4	21
44	44	39
32	32	30
40	41	10
35	35	23
9	9	13
56	58	3
31	31	28
20	37	6
4	5	2
47	47	23
25	25	3
36	36	24
43	49	6
17	17	2
61	62	5
33	62	5
42	43	7
51	61	2
22	24	2
55	55	20
42	42	32
10	10	5
50	50	26
40	40	7
37	37	32
25	37	4
13	13	11
6	7	1
41	52	4
48	49	12
13	19	4
60	60	20
59	59	6
41	41	15
2	3	11
12	12	5
30	31	7
50	55	4
8	9	9
45	46	16
43	43	39
62	62	12
34	35	12
11	12	2
2	2	3
13	16	7
49	49	16
11	36	11
21	22	9
58	58	12
31	32	6
42	51	2
39	41	7
21	21	6
47	48	13
56	56	11
20	21	11
0	37	1
55	57	5
29	41	1
52	53	2
14	14	10
0	0	7
16	18	4
39	39	22
30	30	13
51	52	3
23	24	1
45	47	3
31	35	3
29	30	3
43	46	4
7	14	5
1	1	2
57	60	9
16	19	3
40	52	1
30	42	1
24	29	5
15	16	5
38	38	9
23	53	4
10	11	5
41	42	5
46	47	8
43	44	4
20	20	4
50	61	1
0	11	1
10	35	4
29	40	1
51	58	2
3	4	2
57	57	22
30	36	1
7	7	3
49	50	5
10	39	3
44	45	4
37	45	1
13	38	1
22	23	4
37	39	5
53	53	5
58	60	3
18	19	10
22	38	1
39	44	6
16	31	2
39	56	1
15	40	1
38	39	10
44	46	2
52	54	2
5	6	4
37	62	1
32	42	7
19	20	3
33	35	3
51	60	2
1	17	4
17	31	4
39	40	5
14	40	2
24	24	3
11	11	5
56	59	1
15	15	4
54	59	1
16	16	2
57	58	1
43	55	2
34	36	2
52	55	5
22	22	4
2	45	1
10	31	2
40	54	1
2	5	1
59	60	3
51	55	1
53	54	1
55	60	2
9	10	2
30	53	1
29	31	5
55	56	2
35	36	1
14	15	1
42	48	2
33	34	3
30	35	1
42	50	4
39	57	1
23	23	1
32	61	1
55	62	3
58	59	1
40	55	1
32	35	3
13	39	1
7	8	1
18	18	1
13	22	1
50	57	1
60	62	1
0	57	1
