35	35	2
19	20	4
83	83	7
7	7	4
81	85	2
0	0	8
22	22	6
76	77	2
24	24	6
13	17	1
3	3	4
74	75	2
86	86	8
74	74	10
56	56	7
79	79	8
69	69	8
54	60	1
50	51	4
26	26	13
47	48	2
68	68	5
6	13	2
4	5	1
54	54	6
66	70	1
8	9	3
30	31	3
59	59	5
63	64	3
61	61	4
22	23	1
85	85	7
64	66	2
58	59	1
5	6	1
58	58	7
72	72	5
63	79	1
4	28	1
2	2	7
81	81	8
23	83	2
4	65	2
77	77	4
30	30	7
6	9	3
10	10	5
62	62	2
9	9	2
1	2	3
69	86	1
88	88	6
6	6	5
23	23	10
17	17	3
21	70	2
72	73	3
63	67	1
74	85	1
84	84	1
63	65	2
19	22	2
73	77	1
16	16	2
46	46	1
1	3	1
10	11	1
50	54	1
0	1	1
29	31	2
59	61	2
53	65	2
11	11	3
19	19	8
31	33	1
72	78	1
78	78	7
49	54	1
8	8	7
80	81	1
57	57	7
48	52	2
66	69	2
77	81	1
52	73	2
14	14	2
19	25	1
51	51	4
80	80	4
21	22	3
75	75	3
2	4	2
55	55	3
50	50	5
66	73	2
47	51	2
70	70	5
52	74	1
85	86	1
14	56	1
72	74	1
56	86	1
66	84	1
89	89	3
1	1	4
4	4	6
28	28	3
48	48	12
10	12	2
5	5	2
50	61	1
23	25	2
66	66	6
54	62	1
68	69	1
13	13	1
46	49	1
20	21	2
48	76	1
63	73	3
12	12	2
67	67	4
17	18	2
47	47	2
82	82	4
20	20	2
13	14	2
61	62	1
59	62	1
9	20	5
74	77	2
6	25	2
7	26	1
6	7	2
70	71	2
12	14	2
71	71	3
27	27	2
73	73	4
50	52	2
64	64	5
83	84	2
73	74	2
21	21	4
65	65	2
60	61	1
25	31	1
57	58	1
60	60	1
79	80	3
9	10	1
52	77	1
71	85	1
69	70	1
51	53	1
8	13	1
51	84	1
24	81	2
60	62	1
61	76	1
48	49	1
56	57	2
67	68	5
29	30	1
24	25	2
66	68	1
56	72	2
90	90	1
47	52	2
23	24	1
87	87	2
15	19	1
5	19	1
60	86	1
31	31	4
49	49	2
82	83	1
15	16	2
7	8	1
53	59	1
47	72	1
48	65	1
66	67	1
25	25	1
50	65	2
51	81	2
77	79	2
13	49	1
6	17	1
9	17	1
29	84	1
20	23	1
33	33	1
86	87	1
17	84	1
53	55	1
54	55	1
3	21	1
17	83	1
51	55	1
76	76	2
50	82	1
59	64	1
25	27	1
23	28	1
15	15	1
81	82	1
22	26	1
88	89	1
26	31	1
9	13	1
54	56	1
6	65	1
74	84	1
71	72	1
16	23	1
54	75	2
69	72	1
75	76	1
56	73	1
78	80	1
53	54	1
77	83	1
56	67	1
6	10	1
