48	48	11
124	126	4
11	11	8
58	58	2
125	127	4
72	73	6
36	36	6
75	77	1
33	58	1
12	13	3
65	65	4
46	47	5
109	109	4
121	121	5
101	102	6
25	48	1
84	84	10
97	97	5
84	134	5
33	36	3
7	7	7
26	47	3
123	123	1
114	116	2
8	8	8
24	25	4
32	61	2
91	92	5
98	98	4
132	133	6
55	100	1
29	30	4
81	87	2
55	98	1
29	93	3
81	81	8
99	100	4
33	34	8
59	59	8
34	34	5
122	122	4
29	33	2
43	43	3
129	129	4
3	31	1
68	68	5
23	26	2
57	57	2
86	87	2
101	110	1
113	113	2
86	86	14
100	100	3
102	102	4
26	29	1
91	91	8
7	8	3
11	92	3
95	134	2
45	64	2
28	28	5
49	49	4
99	99	6
21	22	4
87	88	5
63	64	1
120	121	4
89	90	5
103	103	2
95	96	7
86	123	1
30	32	3
11	72	4
100	106	1
102	103	2
96	96	7
35	38	2
44	75	1
88	88	1
4	15	2
96	97	4
9	9	4
98	131	3
5	6	7
61	70	3
33	33	10
35	36	3
24	24	1
77	77	9
10	10	3
37	38	2
24	26	1
46	46	10
95	95	8
79	80	5
101	101	12
60	60	3
46	61	3
15	44	1
17	18	1
26	26	9
85	86	10
9	46	3
107	107	3
14	74	2
84	85	3
74	74	9
93	97	3
82	82	3
66	67	6
8	10	2
27	97	3
125	129	2
90	92	2
17	19	5
24	83	2
13	13	6
105	105	1
31	31	2
83	94	1
55	55	1
85	89	1
45	94	1
113	124	1
22	22	6
17	17	12
87	91	3
15	43	2
85	87	5
33	83	2
19	19	9
9	10	5
116	118	1
127	131	2
106	106	5
108	108	2
88	94	2
79	83	2
23	82	1
78	79	2
9	14	2
76	77	1
6	6	3
61	101	1
81	82	3
43	44	1
12	73	3
18	27	2
42	47	1
133	134	2
92	92	11
105	115	1
0	0	2
85	130	1
29	49	2
20	81	1
88	89	4
48	86	1
113	114	1
32	32	3
4	101	5
23	40	2
90	96	3
35	37	1
48	49	2
18	18	4
7	11	1
93	98	3
113	115	1
15	45	1
60	85	2
121	122	5
38	38	3
21	21	3
75	75	6
5	29	4
90	94	1
5	5	2
42	42	1
55	81	1
36	37	3
111	112	2
46	75	1
6	7	1
119	119	2
124	124	3
11	26	2
39	42	1
20	80	2
63	63	7
45	45	8
40	42	4
82	84	2
7	31	2
9	69	1
26	78	3
112	113	2
56	63	1
70	70	6
63	67	1
103	104	2
17	62	1
3	6	3
35	93	2
104	106	6
98	101	2
15	15	4
14	16	2
97	98	3
80	82	1
94	94	7
91	93	3
27	28	2
76	76	9
71	73	1
24	37	1
12	12	6
80	80	6
45	46	5
67	67	3
4	5	3
130	134	2
64	64	2
6	19	1
73	74	2
9	12	1
117	119	3
95	97	4
31	32	6
31	37	1
37	37	5
8	9	4
36	39	1
30	31	4
4	11	1
87	87	4
36	45	1
78	78	5
123	125	3
3	19	3
27	47	1
92	97	2
86	88	2
125	126	1
5	47	1
16	16	2
21	38	2
32	33	7
26	28	1
11	32	1
128	128	6
94	95	4
20	20	5
100	101	4
93	95	2
62	62	4
8	12	1
29	92	2
47	92	3
128	131	1
25	47	1
21	79	1
27	30	2
25	46	1
34	35	1
30	49	4
79	105	1
16	17	3
30	30	2
38	39	1
4	4	7
95	104	1
111	124	1
130	130	1
11	93	1
83	83	1
6	9	1
11	12	1
20	32	1
0	9	1
16	41	1
73	77	3
124	128	1
67	68	2
29	48	1
126	127	1
127	128	4
69	69	4
31	60	3
14	15	2
65	66	2
81	83	1
76	88	1
79	84	1
26	27	5
90	95	2
115	115	7
119	120	2
73	108	3
123	124	1
126	126	1
120	126	1
59	75	2
90	91	4
49	93	2
38	42	1
88	99	3
12	95	1
44	82	1
116	119	5
27	93	1
10	11	2
13	14	1
37	42	1
29	29	3
120	124	1
63	68	3
47	48	2
126	129	1
90	93	1
58	82	1
72	72	1
23	23	4
93	93	5
23	80	1
47	47	4
56	59	1
126	132	2
92	94	1
28	80	1
33	60	1
20	25	2
14	14	2
39	39	3
41	41	2
102	107	2
132	132	3
99	108	1
8	44	1
63	109	1
81	84	2
62	110	1
125	132	1
3	4	3
25	25	4
117	124	1
92	93	2
125	125	4
111	111	1
79	79	6
98	100	1
74	92	1
90	90	5
44	44	1
26	80	1
70	71	1
122	124	2
12	18	2
15	71	4
75	76	5
22	36	1
10	19	2
110	110	2
98	99	3
46	68	2
23	24	1
82	83	2
121	124	1
105	106	1
29	32	2
13	20	1
41	54	1
100	127	1
22	27	1
60	61	4
89	91	2
61	61	2
27	27	2
13	17	1
79	81	1
12	68	1
32	59	3
74	98	2
95	131	1
39	43	1
98	102	1
108	114	1
40	40	1
29	85	1
22	26	2
27	91	1
17	20	1
9	11	1
94	99	1
28	95	1
47	81	1
67	69	1
28	48	1
107	109	3
115	116	1
71	71	2
81	119	1
3	101	1
62	63	1
133	133	1
92	120	1
1	1	1
28	30	2
70	72	3
40	41	1
57	62	1
11	48	1
55	57	1
4	6	4
25	42	1
46	78	1
57	61	3
21	80	1
7	98	1
85	85	1
5	57	1
25	82	1
79	82	3
104	104	1
35	35	4
28	29	1
80	81	1
78	81	1
109	110	1
110	111	1
71	72	2
99	101	2
50	58	1
103	105	1
58	60	1
24	82	2
77	110	1
27	89	1
64	80	1
118	118	1
77	114	1
47	94	1
16	72	1
32	37	1
45	95	1
27	92	2
26	34	1
119	123	1
23	27	1
25	26	2
87	89	1
89	89	2
77	107	1
85	108	1
128	129	1
115	127	1
105	107	1
108	115	1
37	39	1
22	37	1
75	100	1
8	11	1
91	98	1
109	115	1
102	104	1
34	36	1
15	99	1
58	59	1
18	19	2
85	95	1
4	29	1
102	110	1
61	78	1
93	101	1
112	112	1
120	120	1
93	99	1
15	20	1
29	62	1
117	117	1
26	49	1
40	43	1
130	131	1
12	93	1
96	98	1
131	132	1
35	74	1
86	130	1
14	22	1
