45	45	3
4	4	5
48	54	2
62	63	3
34	34	4
73	73	6
23	23	1
47	47	7
11	11	7
22	22	6
67	71	2
1	2	5
29	46	2
0	1	2
25	26	4
31	32	1
19	21	1
10	10	3
20	20	12
26	51	1
60	60	4
45	56	1
64	64	11
12	13	2
0	12	2
47	53	1
8	8	8
61	61	3
23	26	1
5	5	6
44	44	6
7	11	2
10	13	1
46	77	1
36	36	2
6	7	3
33	33	3
66	66	3
9	9	10
55	55	8
6	6	9
13	54	1
69	69	5
46	46	9
71	71	6
21	21	5
59	60	2
3	12	1
11	12	2
25	27	1
62	62	7
7	7	4
2	6	2
9	11	3
19	19	2
32	45	2
38	74	1
29	29	3
32	32	8
77	77	1
64	65	3
29	38	1
3	3	11
28	28	3
39	39	7
57	58	1
57	57	6
51	58	2
11	47	2
61	62	1
11	13	2
28	29	1
13	13	4
34	72	2
53	53	8
39	43	1
38	38	4
65	65	6
35	57	1
51	52	3
46	47	1
24	27	2
26	27	1
12	12	4
60	65	1
37	43	1
76	76	2
21	22	1
48	48	2
9	28	1
41	41	4
2	3	2
44	45	2
36	39	1
49	49	2
24	26	4
34	57	3
67	67	1
32	33	2
58	58	5
25	25	4
48	49	2
52	57	2
43	43	9
9	27	2
45	77	1
9	46	1
2	7	1
55	56	2
49	56	1
7	8	3
57	59	1
31	31	3
27	48	1
43	49	1
50	50	3
37	37	3
27	28	1
18	18	1
51	57	1
50	53	1
40	42	1
53	73	1
57	75	4
56	57	2
61	77	1
67	68	1
75	76	4
2	2	1
71	72	4
5	6	1
35	47	1
72	72	2
25	36	1
54	55	4
70	70	2
48	55	1
48	53	1
14	14	1
53	54	2
3	9	1
70	71	2
35	35	3
34	47	1
24	49	1
74	74	4
74	75	1
14	28	1
2	4	4
40	69	1
41	43	2
73	74	1
36	62	1
63	63	4
13	14	3
38	43	1
59	62	2
6	8	2
52	52	1
23	24	1
59	59	2
45	57	1
34	59	2
3	63	1
31	70	1
23	62	1
22	25	1
29	30	1
64	66	1
63	64	2
12	34	1
24	24	3
48	51	2
75	75	1
54	56	2
72	73	1
42	42	1
28	30	2
24	25	1
70	72	1
7	47	1
51	51	2
59	65	1
19	20	3
54	64	1
32	39	1
68	68	1
75	77	1
54	54	1
44	46	1
53	62	1
8	10	1
11	27	1
74	76	1
45	46	1
59	76	1
20	21	2
36	47	1
39	73	1
52	55	2
26	26	2
12	24	1
38	48	1
21	25	1
18	20	1
37	39	1
68	70	1
35	36	1
33	34	1
9	47	1
36	37	1
