80	80	12
73	73	12
74	75	8
50	50	7
13	13	2
12	12	6
47	76	2
32	33	10
6	6	20
4	4	28
54	54	8
31	31	12
45	45	19
40	40	12
32	32	3
65	66	5
7	7	20
3	4	4
37	37	12
48	57	1
10	11	8
67	67	11
17	17	12
9	10	3
47	47	16
19	20	4
34	34	9
70	70	12
60	60	24
66	66	8
61	61	8
58	58	22
38	39	5
72	72	11
48	48	20
33	33	17
55	55	8
77	80	4
41	41	20
74	74	10
62	62	4
42	42	16
63	63	5
26	26	9
38	38	13
79	79	6
75	75	11
2	2	11
49	49	12
14	14	4
46	46	14
15	15	2
54	55	1
66	67	7
27	27	18
76	76	8
68	68	7
28	28	8
29	29	7
27	28	4
34	35	4
49	55	3
3	3	4
65	65	8
35	35	1
52	52	9
46	47	4
1	1	9
21	21	6
35	40	3
59	59	8
9	9	9
41	48	7
13	14	2
39	39	12
56	57	3
36	36	4
71	71	2
57	57	11
56	56	12
40	78	1
50	52	1
11	12	6
51	51	6
48	74	1
12	42	1
13	21	1
55	56	2
69	69	5
19	19	7
48	49	3
2	4	3
25	25	4
11	11	5
74	78	4
49	58	3
60	61	1
79	80	4
62	63	3
1	67	2
0	0	3
20	20	5
8	9	1
50	51	3
7	8	2
78	78	8
75	78	4
26	27	3
34	60	4
70	72	2
53	53	4
47	48	2
39	41	5
2	37	4
47	79	1
9	12	3
66	73	2
8	11	4
57	58	4
77	77	7
68	69	2
2	5	2
33	34	1
16	16	2
58	59	4
8	8	1
47	75	1
63	71	3
18	21	1
6	47	3
30	30	1
71	72	4
80	81	3
37	40	2
40	41	1
5	5	1
64	64	2
37	38	1
36	38	2
65	70	2
12	14	1
61	72	1
18	18	2
70	71	2
63	70	1
17	28	1
69	70	1
17	18	1
49	53	1
49	61	1
