47	47	3
9	9	6
51	70	2
21	55	1
43	67	1
54	58	1
67	69	1
41	72	1
62	64	2
70	71	3
32	33	4
4	55	1
75	76	5
3	32	1
67	67	4
26	26	1
50	54	1
5	5	2
46	46	1
45	45	5
57	58	1
1	54	1
39	71	1
4	5	3
29	30	2
30	30	2
27	28	2
19	19	5
75	75	1
40	53	1
9	10	1
21	22	1
42	52	1
43	44	1
36	36	8
11	11	2
8	13	3
42	42	4
54	54	3
44	67	2
49	71	1
31	32	2
37	37	2
71	71	3
10	10	6
10	47	2
20	26	2
33	34	1
32	32	3
41	41	1
26	43	1
22	31	1
37	61	2
62	62	3
14	35	1
31	31	4
23	59	1
6	7	2
74	76	1
14	14	1
65	67	2
30	71	1
48	48	4
4	4	2
70	70	1
50	50	1
43	52	1
22	22	1
40	42	2
3	4	2
11	12	2
22	39	1
38	54	1
36	37	1
1	1	1
2	21	1
45	74	1
39	39	1
24	25	2
33	33	1
51	74	2
19	64	2
51	51	2
53	53	1
3	5	3
62	63	1
7	8	3
26	27	3
48	63	1
12	13	1
4	30	1
58	60	1
38	41	1
20	32	1
8	8	4
46	71	1
12	12	2
6	6	3
34	34	1
56	56	2
19	33	1
52	52	2
55	57	1
13	33	4
20	20	1
2	55	1
44	44	1
40	40	1
21	23	3
32	34	1
25	25	1
36	55	1
73	74	1
43	43	2
68	74	1
68	68	1
2	2	1
20	21	1
24	24	4
3	3	2
66	74	1
41	70	1
57	57	1
10	65	1
64	65	1
25	26	1
37	55	1
9	55	1
55	61	1
48	67	1
21	67	1
61	61	1
25	46	1
15	15	1
8	9	1
59	60	1
55	60	1
