127	127	1
49	50	2
133	133	1
58	60	5
73	98	4
26	26	6
192	193	1
200	202	2
68	72	1
11	11	2
48	54	1
27	27	2
237	237	3
19	20	3
174	174	4
54	55	3
18	18	2
166	166	2
21	22	3
180	180	2
165	216	2
62	63	4
10	10	5
117	117	1
98	99	3
74	74	4
101	101	6
67	67	8
183	185	2
162	164	1
112	112	3
13	13	2
7	8	6
153	158	1
43	43	8
241	241	3
3	46	1
20	20	4
18	20	1
57	58	2
52	52	3
81	81	7
215	216	2
10	31	2
111	235	1
126	126	1
66	67	4
71	80	2
59	60	2
120	121	1
151	151	5
154	154	6
88	88	4
66	81	1
36	55	2
129	146	2
181	191	3
32	33	2
129	130	2
106	107	2
12	12	6
53	53	1
78	78	4
168	169	2
9	10	3
67	208	2
193	193	6
22	30	1
11	31	1
102	104	3
98	101	1
50	54	1
221	221	1
64	64	5
75	75	6
16	17	1
103	103	4
162	162	2
13	16	2
40	41	3
158	158	2
62	64	2
76	76	6
214	215	1
109	109	3
24	24	3
16	16	7
136	166	1
149	150	1
133	173	2
140	140	2
212	212	3
66	68	3
189	189	3
113	214	2
68	84	2
14	14	6
31	33	2
119	119	2
5	9	1
63	63	5
184	187	1
76	77	6
194	194	3
22	22	11
43	45	4
33	34	2
121	121	3
232	232	1
222	222	5
75	77	3
211	212	1
168	168	3
68	68	2
56	56	5
210	210	2
24	44	1
207	208	1
143	200	1
203	204	1
130	130	2
204	206	3
128	128	6
5	14	1
44	46	2
183	183	2
174	175	1
35	35	8
44	211	2
182	187	1
239	239	5
107	107	1
31	31	4
53	56	1
45	46	5
236	236	1
25	27	1
123	123	2
136	137	2
72	72	3
128	129	1
121	127	1
176	176	3
137	137	3
28	29	2
178	178	4
45	47	2
55	56	2
73	73	1
40	40	3
208	209	1
216	220	2
53	55	1
202	202	7
209	209	2
159	159	1
48	53	1
21	21	4
29	30	2
8	9	1
67	68	3
144	146	3
177	177	4
221	226	2
82	82	3
137	138	1
46	209	1
99	99	1
18	19	5
30	37	2
122	122	4
156	156	2
223	223	5
4	7	1
118	119	3
51	53	2
102	161	1
7	32	2
61	82	1
163	163	3
11	12	2
228	229	4
54	54	2
49	60	1
15	15	2
150	170	1
13	34	3
183	208	1
65	66	2
187	188	2
142	143	3
43	44	3
120	140	1
203	203	4
103	143	1
78	104	2
112	184	1
62	65	2
176	177	3
39	63	1
145	145	4
186	188	1
120	120	2
238	239	3
60	62	2
50	50	4
37	37	2
77	77	2
72	73	2
3	23	1
103	104	4
163	164	2
185	188	4
1	3	2
230	231	2
115	116	1
96	96	3
2	22	1
229	237	1
105	106	1
156	157	2
124	124	2
30	30	2
138	138	2
135	137	3
73	74	2
202	204	3
136	140	1
44	44	1
104	104	1
68	129	1
220	221	2
48	48	3
189	193	2
129	129	1
17	18	1
167	167	2
198	201	1
178	179	1
212	213	1
34	34	3
38	40	1
1	51	1
19	19	5
62	62	5
220	220	1
38	38	3
140	141	3
132	135	3
77	79	1
143	233	1
51	51	5
78	80	1
231	231	1
4	5	2
69	69	3
237	238	4
65	65	2
82	104	1
33	33	1
77	104	1
224	224	2
227	227	2
47	48	2
148	148	2
172	172	1
191	191	3
136	136	1
23	23	3
205	208	1
214	216	2
194	195	5
199	199	2
55	55	2
166	167	1
192	194	1
193	194	1
66	69	1
170	170	4
8	8	2
49	49	4
58	58	4
80	80	2
107	108	2
89	89	1
58	74	2
225	226	2
208	208	1
86	86	3
135	136	2
1	26	1
37	40	1
183	236	1
70	72	1
181	182	2
116	116	1
71	72	2
3	7	1
56	57	2
101	102	2
165	165	3
111	238	2
179	179	1
137	140	1
204	204	2
100	100	1
164	190	1
70	71	3
192	196	1
47	47	2
141	143	1
69	74	2
128	130	1
5	5	4
119	164	2
9	9	4
215	215	1
29	32	1
88	89	1
184	184	1
134	154	1
72	75	1
242	242	3
100	102	2
216	219	1
65	74	1
105	111	1
91	91	1
11	33	1
36	36	3
154	155	1
143	143	3
44	171	1
85	88	1
32	35	1
57	57	3
152	152	3
9	12	1
130	202	2
27	28	2
107	115	1
173	182	1
61	62	2
48	169	1
1	2	2
71	73	1
85	85	3
135	171	1
157	162	1
14	23	2
71	71	2
46	46	2
195	195	2
194	196	2
161	161	3
219	219	3
197	198	2
201	203	1
60	60	1
72	74	1
52	53	2
28	28	2
20	48	3
14	15	1
42	42	2
10	11	2
102	113	1
188	189	1
117	119	1
47	66	1
177	178	2
108	117	2
206	206	1
3	100	1
66	66	3
7	236	2
8	10	1
238	240	1
131	137	1
133	171	1
138	139	2
3	3	2
9	30	1
35	59	1
42	154	1
191	192	1
164	165	3
37	42	1
149	198	1
25	25	3
178	181	1
34	35	2
115	115	3
64	159	1
133	230	1
27	29	1
97	99	1
6	14	1
53	80	1
142	142	1
223	224	1
1	22	2
103	128	1
29	29	3
171	173	3
59	59	2
204	205	1
63	68	2
192	198	1
82	83	2
79	79	3
121	130	1
135	135	2
221	222	1
162	167	1
123	141	1
215	234	1
32	32	3
150	150	4
4	4	2
143	164	1
1	12	1
68	70	2
61	61	2
102	102	5
149	149	1
7	19	2
181	181	2
178	180	1
155	155	4
46	47	1
95	103	1
33	51	2
147	148	1
50	55	1
75	76	1
139	142	2
6	6	5
214	217	1
235	235	2
97	97	1
102	103	2
24	25	2
84	84	2
1	15	2
228	228	1
115	117	2
217	218	2
39	42	1
148	149	1
6	7	2
184	185	1
162	163	1
3	8	1
55	226	3
230	230	1
167	226	1
239	240	1
68	89	1
2	3	3
188	190	1
33	40	1
45	45	3
197	197	3
51	52	3
186	187	1
192	192	2
151	152	1
112	113	1
192	197	1
14	17	1
180	181	1
222	223	1
0	1	2
23	24	1
9	24	1
98	98	1
169	169	1
113	113	2
5	7	1
140	157	1
25	26	2
17	17	1
0	0	2
11	43	1
9	15	2
96	97	2
70	70	3
234	234	1
152	169	1
169	182	1
7	7	3
205	206	1
182	229	1
36	41	1
18	49	1
9	19	1
219	220	1
119	120	1
192	195	1
50	56	1
225	228	1
39	40	1
28	55	1
106	106	3
199	200	2
213	213	1
89	91	1
44	238	2
164	166	2
12	19	1
129	135	1
22	25	1
13	14	1
41	45	1
136	234	1
84	88	1
164	164	1
33	58	1
8	21	1
78	79	1
193	196	1
211	213	1
84	85	1
146	147	2
213	220	1
141	141	1
77	105	1
146	149	1
104	105	1
167	168	2
34	36	1
198	199	2
81	83	1
200	204	1
5	6	1
3	20	1
198	230	1
164	172	1
88	109	1
42	48	1
185	208	1
188	188	1
10	32	1
139	139	1
22	23	4
71	77	1
208	214	1
9	11	1
44	45	2
105	105	2
227	228	1
198	198	1
210	220	1
159	160	1
103	118	1
219	222	1
110	110	3
83	84	1
207	207	1
241	242	1
62	206	1
214	214	1
18	25	1
58	69	1
216	217	1
200	200	1
216	223	1
144	160	1
164	177	1
131	131	1
104	107	1
1	34	1
239	242	1
218	218	2
18	24	1
186	186	1
205	212	1
95	95	1
157	158	1
83	83	3
58	59	1
99	239	1
143	145	1
56	59	1
185	189	1
1	56	1
38	39	2
26	27	1
154	158	1
233	234	1
169	170	1
20	25	1
173	204	1
48	50	1
12	13	1
74	127	1
154	156	1
172	173	1
210	212	1
124	125	1
228	230	1
168	226	1
150	223	1
224	227	1
68	69	1
