98	100	1
163	163	2
16	17	1
66	79	2
104	104	5
4	4	3
83	170	1
96	228	2
25	44	1
5	6	1
22	23	2
75	75	5
9	9	4
20	20	1
157	157	2
122	122	1
66	67	2
63	64	6
86	86	5
50	50	3
74	75	3
128	128	3
16	18	1
107	108	1
239	239	5
231	231	2
180	236	1
48	95	2
182	183	1
237	238	1
223	223	2
18	50	2
117	117	6
31	31	4
72	72	5
97	100	1
153	153	3
116	118	1
193	193	1
48	152	1
79	80	1
21	65	1
43	43	1
77	160	1
65	165	2
7	8	2
78	78	1
97	97	4
63	238	2
23	65	1
163	194	1
43	47	1
205	206	2
36	36	7
203	203	4
46	48	1
21	73	2
228	228	3
169	228	1
184	184	2
186	186	1
240	242	4
34	34	1
185	187	2
139	140	3
207	216	1
0	10	1
37	38	3
57	57	2
192	192	1
83	84	4
236	236	2
171	172	1
129	130	1
141	142	1
108	222	1
120	191	2
60	154	1
230	231	2
169	170	2
69	143	1
20	61	3
37	57	1
102	197	1
120	120	1
2	2	3
7	9	2
66	66	3
108	130	2
142	142	1
228	229	2
52	52	3
161	165	1
127	127	2
26	26	2
55	63	1
2	7	2
105	142	2
8	8	4
103	123	1
42	191	1
73	74	2
232	232	4
134	135	3
8	23	1
12	12	2
77	177	2
195	196	4
227	227	1
23	57	2
153	197	2
138	139	3
119	122	1
240	240	1
46	46	6
184	201	2
140	140	6
216	216	3
125	125	4
185	200	1
83	83	5
158	158	1
100	100	1
33	33	2
29	29	3
49	49	1
3	3	2
6	6	1
45	171	1
168	169	1
59	59	2
194	195	3
16	16	5
54	62	1
121	133	1
63	139	2
212	212	2
82	83	4
105	105	2
12	13	1
15	30	1
18	47	1
28	28	5
174	174	4
8	24	2
0	47	2
88	88	6
187	194	1
51	51	3
15	60	1
55	62	2
19	21	1
225	229	3
188	215	1
18	18	4
11	11	5
102	102	4
137	138	1
101	170	2
4	5	1
44	172	1
27	28	2
96	96	4
148	149	2
162	162	1
151	152	1
15	17	2
156	156	3
37	238	1
74	74	2
139	139	6
165	165	2
8	9	2
214	215	1
187	204	2
74	85	1
95	176	1
25	25	2
71	73	2
13	16	1
169	222	1
79	105	2
106	108	1
95	114	1
32	32	1
188	188	5
224	224	1
200	200	3
85	236	2
5	5	1
101	118	1
145	145	1
36	91	1
24	25	1
180	197	1
48	49	1
1	47	1
172	173	2
181	181	4
71	72	2
81	170	1
181	196	1
56	65	2
11	13	2
137	137	2
234	234	2
37	239	1
226	226	4
229	231	1
233	240	1
109	206	2
159	235	1
188	214	1
242	242	3
105	212	2
150	151	1
88	119	1
162	176	1
64	64	5
135	137	3
125	209	1
200	206	2
99	197	2
10	10	3
15	116	2
4	6	3
36	37	1
20	23	1
128	175	1
115	115	1
48	50	1
44	44	4
183	184	1
9	11	2
121	218	1
9	10	2
123	124	2
14	14	2
151	151	2
17	22	1
163	164	1
47	47	3
55	139	2
169	169	1
33	91	1
192	194	1
225	225	1
77	78	2
56	57	2
85	85	3
211	211	4
127	230	3
41	41	1
183	209	1
128	148	1
173	174	2
145	146	2
134	134	5
152	152	1
61	61	1
42	42	2
2	20	1
68	69	1
104	108	2
108	108	1
49	134	1
104	105	1
11	21	1
82	82	4
148	240	1
99	99	1
3	18	1
199	213	1
3	15	2
207	221	1
34	35	2
4	7	1
38	43	1
218	240	2
129	129	3
115	168	1
76	82	1
220	225	1
35	40	1
14	23	1
139	195	1
29	39	1
26	68	1
192	197	2
40	40	3
190	191	1
72	235	1
99	207	2
102	103	2
136	193	2
219	219	3
69	69	3
58	58	1
102	213	1
58	59	1
160	160	1
237	237	1
21	22	2
217	231	1
133	199	2
1	1	2
181	182	2
226	229	1
63	63	3
168	168	3
140	156	1
107	116	2
68	68	1
2	21	1
84	85	1
52	53	3
170	171	2
56	56	1
150	152	1
19	19	2
5	15	1
29	55	2
15	15	1
62	62	2
219	228	1
122	128	1
122	192	2
27	27	7
59	60	2
177	177	1
53	58	2
37	37	1
36	78	1
12	104	2
184	186	1
211	214	2
71	153	1
13	125	1
49	155	1
81	81	2
143	155	1
198	207	1
119	119	1
43	45	1
51	159	1
37	40	2
208	208	3
203	204	2
210	210	3
202	203	1
45	45	1
161	172	1
6	50	1
14	16	2
175	179	1
2	41	1
223	224	1
58	60	3
37	102	1
200	204	2
68	85	2
217	217	2
238	238	2
113	113	2
138	152	2
57	58	1
3	38	1
47	88	2
33	34	1
121	121	1
202	221	1
27	241	1
96	226	2
15	130	1
135	223	1
112	113	1
107	124	1
0	1	1
133	197	1
35	35	5
72	73	2
103	104	2
36	98	1
230	242	1
102	211	1
103	105	1
157	167	2
3	31	1
118	119	2
5	78	2
135	135	2
77	77	3
105	185	1
36	40	2
28	160	1
55	55	2
26	27	2
191	191	1
178	178	2
73	239	2
72	159	1
100	223	1
2	22	1
175	175	1
206	223	1
162	196	2
170	170	1
23	31	1
199	199	1
204	206	1
28	73	2
60	60	3
165	166	2
10	12	1
141	214	2
41	45	1
134	138	1
100	123	1
13	13	1
212	215	1
16	177	1
235	235	5
133	177	1
6	14	1
12	17	1
16	97	1
71	161	1
114	114	2
0	0	1
10	16	1
124	124	1
197	211	1
220	221	1
29	30	1
101	103	1
49	50	1
36	97	1
111	111	1
191	210	1
205	205	1
107	130	1
131	131	1
229	229	2
98	98	2
44	158	2
50	185	1
162	166	2
49	51	1
49	234	1
2	12	2
86	88	1
69	70	1
12	66	1
1	98	1
0	19	2
122	168	1
179	198	2
213	213	1
123	196	1
138	141	1
115	117	1
56	98	1
20	21	2
88	150	1
5	8	2
54	54	1
164	173	1
23	23	2
148	148	2
107	181	1
114	130	1
77	105	2
119	144	1
18	41	1
146	146	1
228	230	1
232	233	1
10	13	1
60	127	1
8	12	1
25	63	1
83	85	1
179	236	1
156	157	1
148	150	1
20	29	1
227	231	1
218	221	1
123	123	2
109	215	2
5	11	1
235	236	1
185	185	1
195	195	2
182	201	1
237	239	1
231	242	1
67	76	2
102	201	1
241	241	2
133	133	1
16	79	1
148	180	1
135	139	1
147	147	1
144	144	2
11	19	1
218	218	2
78	95	2
221	229	1
190	190	3
197	197	1
171	217	1
7	118	1
42	46	1
121	129	2
24	60	2
40	41	1
69	169	1
197	207	2
204	205	1
206	206	1
7	14	1
190	193	1
8	15	1
73	137	1
161	161	2
53	53	1
189	190	1
122	131	1
75	105	1
55	101	1
59	66	1
33	78	1
80	81	2
15	115	1
111	211	1
95	103	1
155	155	1
46	88	3
137	196	1
127	128	1
3	199	1
184	196	1
134	174	1
126	130	1
34	37	2
204	204	3
70	137	1
39	39	1
26	33	1
194	198	1
28	53	1
70	157	1
105	168	1
184	185	1
95	95	1
168	222	1
67	68	1
78	210	1
101	101	2
98	122	1
22	22	1
37	39	1
30	51	1
213	217	1
3	6	1
17	18	1
101	219	1
103	103	1
50	52	1
137	170	1
38	39	1
208	209	1
135	197	1
130	130	1
119	212	1
75	79	2
57	155	1
173	226	1
148	159	1
34	36	1
76	80	1
79	79	2
3	8	1
44	55	1
60	62	1
236	237	1
147	148	1
158	159	1
141	141	1
24	26	1
70	156	1
26	47	1
46	87	1
183	183	1
99	101	1
180	180	1
91	91	1
22	31	1
221	222	1
148	236	1
221	221	1
135	136	1
34	155	1
70	72	1
226	227	1
179	180	1
101	198	1
49	52	1
101	196	1
54	55	1
75	76	1
164	164	1
76	165	1
146	147	1
167	167	1
101	225	1
230	230	1
0	18	1
41	42	1
186	212	1
51	65	1
3	7	1
154	154	1
82	170	1
40	42	1
50	51	1
164	218	1
