75	75	4
36	37	6
51	51	4
66	66	2
61	63	1
13	13	3
19	19	6
19	20	1
68	69	4
25	25	7
31	31	7
40	67	1
66	67	2
74	74	1
9	21	1
11	11	5
28	28	10
2	24	1
9	10	1
58	63	3
33	33	4
55	60	2
46	46	3
67	68	1
59	63	3
25	26	2
65	66	6
27	42	1
23	23	10
50	50	4
7	12	2
38	38	2
52	55	1
2	2	7
39	39	6
43	43	4
22	23	3
22	22	4
9	55	3
72	74	2
20	20	5
34	34	4
52	52	5
31	33	2
42	42	4
9	9	7
3	3	9
26	26	6
7	7	7
62	65	3
68	68	2
73	73	1
24	24	4
31	32	2
53	53	3
37	38	2
28	30	3
2	3	2
0	0	5
35	35	7
63	63	2
40	40	11
37	37	3
6	6	5
59	59	3
23	64	1
26	30	1
70	70	6
67	67	3
4	4	2
69	70	6
4	5	1
63	64	7
27	75	1
49	50	4
58	59	6
44	44	5
10	11	3
47	47	1
1	1	5
61	61	5
36	36	3
23	24	2
48	49	3
31	37	1
44	45	3
45	57	1
64	66	3
39	40	5
36	56	2
31	59	1
31	52	1
39	42	1
62	63	2
40	43	2
69	69	3
45	45	6
71	71	6
8	8	8
56	56	3
6	7	3
77	77	3
65	65	3
64	64	1
30	30	2
62	62	2
73	74	1
32	44	1
3	4	2
37	39	1
50	51	1
21	21	8
47	52	1
41	42	2
28	68	1
41	41	6
10	10	7
19	22	2
27	27	3
31	54	1
23	75	3
70	71	2
64	67	4
51	52	2
24	27	2
31	34	1
31	58	1
1	2	2
29	29	1
18	21	2
72	72	2
60	60	3
57	57	3
76	76	1
12	12	2
1	5	1
24	43	2
72	73	2
20	21	1
21	22	1
38	39	3
51	54	1
31	40	1
33	35	1
21	23	1
58	68	1
44	47	1
42	43	4
31	73	1
31	72	1
1	4	1
59	66	2
18	18	5
28	29	2
35	37	1
6	46	1
35	36	2
53	76	1
9	20	1
48	48	4
42	51	1
21	29	2
26	27	3
45	46	1
10	54	1
5	6	1
19	21	1
3	18	1
49	51	1
57	58	2
42	50	2
55	55	1
35	44	2
62	66	3
27	29	1
33	74	1
5	70	1
34	35	1
37	66	1
26	28	2
32	32	1
75	76	2
0	1	1
21	25	1
29	30	2
32	41	1
55	69	1
5	40	1
29	68	1
34	76	1
65	68	1
0	2	1
55	56	2
41	58	1
55	58	2
30	31	1
22	64	1
68	71	1
74	75	1
71	72	1
53	54	1
3	7	1
