61	94	6
56	70	2
35	36	3
78	78	6
55	55	13
81	81	23
51	51	6
41	44	2
61	62	7
69	69	6
37	38	4
53	53	23
79	79	22
90	90	16
76	79	4
61	82	2
25	26	1
76	77	8
73	73	13
69	70	4
68	68	5
91	91	21
92	94	14
87	88	21
62	89	3
94	95	3
58	59	1
88	88	10
72	74	5
92	93	17
67	67	15
41	41	11
42	42	11
72	72	5
67	91	6
60	60	12
39	39	14
38	38	17
89	90	11
45	45	7
65	66	5
34	34	1
47	47	5
75	76	6
40	49	2
29	29	5
47	48	12
100	101	1
52	52	7
44	44	7
70	70	7
31	31	2
40	40	10
48	48	15
76	76	4
83	83	6
54	55	6
97	97	9
75	75	10
45	46	5
65	65	15
98	98	10
86	86	26
81	83	2
84	84	5
61	84	3
98	102	2
46	57	4
100	100	7
46	47	4
27	27	1
94	101	3
80	101	3
84	102	1
70	73	2
98	99	7
80	95	3
67	68	1
66	66	12
74	75	2
46	46	6
58	73	4
89	89	8
80	80	7
95	96	2
96	98	7
37	37	4
54	54	7
70	74	4
52	67	2
86	87	8
88	94	2
45	59	2
88	89	1
99	99	18
91	97	2
78	79	2
26	27	2
36	36	4
84	101	6
82	82	4
50	51	4
87	87	13
83	89	2
61	61	13
38	39	2
77	78	9
66	78	1
94	96	2
31	54	2
31	33	6
55	63	3
45	69	4
58	64	2
77	80	3
69	78	3
57	57	1
69	73	1
28	28	3
92	92	2
74	74	17
101	101	10
55	56	2
84	92	2
93	93	7
33	33	4
98	100	6
34	35	4
102	102	2
59	59	10
48	50	3
58	58	6
73	74	8
48	57	2
39	42	2
62	64	3
86	93	4
23	36	2
51	83	2
30	35	2
91	92	2
80	81	3
36	37	3
49	67	2
99	101	9
63	64	5
22	22	6
82	83	2
46	71	2
53	69	4
44	45	6
54	72	3
56	56	6
95	95	10
84	94	1
81	100	2
46	48	1
89	92	3
84	100	1
47	50	3
94	94	3
51	52	1
84	87	1
72	81	3
85	86	1
71	72	4
82	84	4
60	61	6
75	89	2
83	87	3
24	51	1
50	50	1
93	94	2
59	69	3
43	43	1
45	48	5
52	53	4
48	49	4
62	68	1
35	35	1
63	63	3
71	71	2
20	44	1
68	75	2
26	26	1
86	97	2
25	53	2
23	28	1
98	101	1
68	77	1
49	51	2
62	62	1
46	56	1
99	100	3
92	96	2
46	54	1
53	54	2
69	77	1
66	68	2
79	80	3
56	72	1
25	25	1
51	53	1
77	77	1
58	62	1
42	43	2
49	49	2
64	64	2
40	41	1
43	45	1
43	71	1
61	93	1
84	86	1
53	55	1
57	58	1
69	76	1
56	60	1
58	60	1
41	42	1
