49	49	5
55	55	2
67	67	3
93	94	3
33	93	1
57	57	6
34	73	1
55	91	2
69	70	5
79	80	1
25	25	4
82	84	1
94	94	5
100	100	3
35	36	2
33	33	4
34	82	1
45	48	1
36	37	3
37	37	2
51	51	2
72	72	3
21	22	1
93	97	2
54	87	2
76	76	4
89	91	1
61	81	1
27	28	2
55	84	1
77	77	4
81	84	2
80	80	6
75	75	5
83	83	5
49	79	1
33	34	2
81	81	5
52	87	1
93	98	1
54	84	3
85	85	1
47	62	2
22	22	1
48	48	3
59	79	2
86	89	2
59	91	1
74	74	3
67	78	1
70	70	7
35	81	1
65	78	1
27	54	1
82	88	3
35	35	4
47	89	1
73	96	1
83	92	1
26	26	1
43	43	1
96	98	2
35	51	2
71	71	9
45	45	1
90	90	6
47	47	3
49	80	1
25	92	1
92	92	2
92	93	2
54	54	6
54	55	1
36	36	4
88	88	7
39	39	5
27	57	1
79	79	3
96	96	4
87	101	1
41	43	2
38	38	6
34	35	2
67	68	2
92	97	3
54	83	1
61	61	7
29	29	2
41	41	5
49	74	1
41	100	1
38	45	2
58	58	3
89	90	4
50	50	3
80	87	1
54	86	1
26	46	2
98	98	3
59	60	2
78	78	5
87	87	8
48	66	2
60	60	4
20	27	1
50	51	1
64	64	4
46	46	3
53	53	2
53	62	2
77	78	3
48	49	1
42	43	2
53	84	2
29	83	1
73	98	1
91	93	1
73	73	5
26	61	1
95	95	3
63	67	2
54	94	1
26	94	1
55	93	2
20	20	1
88	93	1
63	63	3
38	100	1
96	97	2
51	84	1
66	92	1
32	36	1
27	94	1
50	77	3
62	66	1
86	87	1
48	93	1
84	84	1
46	53	1
40	41	1
82	96	1
49	50	2
79	81	3
71	90	1
71	72	4
51	67	1
80	81	4
95	96	2
31	31	2
42	81	1
59	81	1
76	77	3
54	93	3
22	59	1
69	69	3
84	88	1
99	99	6
30	31	1
52	89	1
33	102	2
65	77	1
59	62	1
37	38	1
68	88	1
23	23	3
94	98	1
68	68	5
80	82	1
34	34	1
84	94	1
32	33	1
25	85	1
58	59	1
27	27	2
87	88	2
29	37	1
66	88	1
47	48	1
52	53	2
86	86	2
37	45	1
57	58	2
23	68	1
48	79	2
56	92	1
72	73	2
31	52	1
99	100	1
101	101	3
50	100	1
35	38	1
54	92	1
70	71	1
30	46	1
52	52	1
53	87	3
97	97	3
93	93	1
29	80	1
47	92	1
61	67	1
25	26	1
85	89	1
44	44	2
100	101	1
87	93	3
60	62	1
65	65	2
56	56	2
62	62	2
63	64	1
82	95	1
89	89	1
52	86	1
46	73	1
60	61	1
39	47	1
62	67	1
24	24	1
55	78	1
56	78	1
58	82	1
53	56	2
23	92	1
68	70	1
59	59	2
53	94	1
43	75	1
32	32	1
68	73	1
44	45	1
68	69	1
37	100	1
51	85	1
40	44	1
