20	21	1
37	37	7
31	32	3
20	24	1
33	33	1
21	23	1
40	41	3
36	37	4
43	43	2
34	34	12
36	36	4
38	38	8
39	40	2
14	15	2
25	26	2
25	25	2
18	29	1
28	28	3
26	28	4
41	41	4
26	27	2
35	35	2
23	24	2
20	20	2
40	44	1
29	31	2
29	42	1
19	20	6
21	21	3
47	48	3
29	29	1
38	40	1
31	31	2
32	32	2
46	46	2
46	47	1
22	22	3
35	37	1
42	42	2
23	25	1
30	31	2
10	10	1
18	18	1
47	47	1
44	44	1
16	16	1
44	45	2
45	45	2
35	36	2
19	24	1
28	30	3
24	38	1
27	27	1
17	17	1
37	38	1
21	22	2
24	27	1
19	21	2
17	18	1
24	24	1
19	19	1
23	27	2
39	39	1
30	30	1
11	11	1
22	41	1
21	41	1
