27	27	3
40	40	7
43	43	4
23	37	1
41	41	5
21	22	2
39	39	7
27	28	2
24	24	4
25	26	3
34	34	5
37	37	4
20	20	2
41	42	1
26	26	5
18	19	1
23	24	2
18	18	6
21	21	1
35	35	1
48	49	3
24	25	2
31	46	1
38	38	8
47	48	2
25	32	1
36	36	6
32	32	2
50	50	2
34	49	1
27	30	2
33	33	2
22	22	4
19	19	2
21	38	1
33	34	1
31	31	1
29	29	3
38	39	1
34	35	1
25	25	3
23	23	1
33	35	1
47	47	1
43	45	1
33	49	1
26	27	1
45	46	1
22	25	1
20	32	1
48	48	3
17	17	2
30	30	2
29	37	1
44	45	2
18	20	1
32	35	1
30	31	2
42	44	1
26	29	1
29	30	1
28	29	1
45	47	1
33	46	1
45	45	1
49	49	1
