35	35	2
62	62	5
62	121	1
80	80	3
10	10	5
9	43	1
61	61	3
131	132	3
75	101	2
25	82	1
14	14	1
20	28	1
28	29	3
106	106	2
59	59	3
74	74	5
32	44	2
90	90	6
63	63	4
50	51	1
31	31	2
5	6	1
21	21	2
65	65	3
100	101	3
33	34	3
11	11	2
3	3	3
100	100	2
58	58	2
29	29	4
96	116	2
74	75	4
26	33	1
21	132	1
70	71	1
46	95	1
110	110	3
3	4	1
27	28	1
129	131	1
79	90	2
113	113	1
106	131	1
21	33	1
67	68	1
9	61	1
55	56	1
45	45	4
108	108	2
115	116	1
118	118	1
85	86	2
48	48	2
44	44	3
28	93	3
34	34	3
84	84	2
39	40	1
42	42	2
79	79	5
87	88	1
93	94	1
5	84	1
64	65	3
20	20	2
77	77	1
114	114	1
64	64	2
29	30	1
5	22	2
29	59	1
69	69	3
5	43	2
120	121	2
80	84	1
19	24	1
8	9	4
81	81	6
123	123	4
79	83	1
21	131	1
27	31	1
38	38	2
71	71	2
11	93	2
26	26	3
91	92	1
98	100	4
37	38	3
83	84	1
38	99	1
15	18	1
99	99	4
133	133	4
124	124	3
46	46	4
108	110	1
123	124	1
94	94	3
9	9	1
87	87	2
78	80	2
31	34	1
76	76	3
42	60	3
81	82	2
40	40	1
93	93	4
35	36	2
7	7	2
83	83	4
36	36	3
65	66	1
25	25	2
132	133	2
129	129	2
116	121	1
102	109	1
23	23	1
17	18	2
33	33	4
16	16	3
10	45	1
126	129	2
20	38	1
18	20	1
23	126	1
30	30	4
56	90	1
49	91	2
68	68	1
85	85	1
22	22	3
118	124	2
86	87	1
59	60	1
15	15	1
134	134	1
120	120	2
39	39	2
92	97	1
99	108	1
66	66	1
96	96	2
57	58	1
57	61	1
84	116	1
13	14	2
29	31	1
34	45	1
32	57	1
79	87	1
6	58	1
35	73	2
15	16	5
111	113	2
23	59	1
8	8	2
113	130	1
77	82	4
75	75	1
57	57	1
47	47	2
18	18	3
117	117	1
49	49	2
66	86	1
86	86	2
109	111	1
131	131	1
31	60	1
23	24	1
27	27	1
67	67	1
6	6	3
41	133	3
94	95	1
79	93	1
96	108	1
82	91	1
43	61	1
111	112	2
26	47	2
114	126	1
62	120	1
39	41	1
43	45	1
95	101	1
41	43	1
126	126	1
79	80	2
54	92	4
125	128	1
38	97	1
35	45	1
97	101	1
17	21	2
28	28	2
84	85	1
7	28	1
43	43	2
19	77	1
130	131	3
101	109	1
17	79	1
72	72	2
48	93	1
37	37	1
26	83	1
70	70	2
115	126	2
74	76	2
62	63	1
78	79	1
20	48	1
90	92	1
78	78	2
63	120	1
13	134	1
16	21	1
116	116	1
32	48	1
17	30	1
8	32	1
109	109	1
11	26	1
36	113	1
19	26	1
104	104	3
101	101	1
49	55	1
32	32	1
66	83	1
23	80	1
56	57	2
78	87	1
14	18	1
24	83	1
25	134	1
12	12	2
82	82	1
82	83	1
98	99	4
101	102	1
12	13	1
34	35	1
122	123	1
98	111	1
90	91	1
41	42	2
68	69	1
38	81	1
6	33	1
81	92	1
112	113	1
22	26	1
105	105	1
95	96	1
9	10	1
107	110	1
16	19	1
100	108	1
103	103	1
38	39	1
90	100	1
4	5	1
58	59	1
50	50	1
24	25	1
96	102	1
6	7	1
39	43	1
88	91	1
91	91	1
79	92	1
2	2	1
