18	28	2
15	38	1
102	102	5
8	8	5
48	48	2
137	138	3
65	72	2
119	136	1
135	136	2
29	29	7
115	126	2
110	111	2
114	114	2
100	100	7
90	93	1
39	39	2
40	40	2
52	93	1
144	144	1
121	121	4
90	91	1
142	142	4
21	26	1
50	50	1
92	95	2
98	121	4
31	31	5
33	43	1
6	6	3
114	115	2
133	133	7
118	118	3
24	24	3
141	141	4
76	76	3
89	102	2
84	84	2
2	2	3
93	102	4
17	17	3
89	108	1
80	80	4
129	131	2
25	25	2
85	86	1
90	105	1
4	5	5
32	35	1
9	9	2
103	104	1
131	132	3
77	83	1
106	106	3
61	61	5
22	30	2
130	130	2
17	53	1
120	120	4
50	97	1
51	131	2
112	114	1
122	122	3
88	88	5
80	122	1
128	128	3
83	84	3
128	131	2
91	91	2
24	32	2
126	126	5
16	20	1
14	21	1
31	61	1
119	120	1
88	92	1
60	87	2
113	114	4
51	51	1
77	79	1
129	132	2
55	73	1
93	94	2
88	89	1
36	36	5
5	86	2
22	22	6
70	71	1
120	124	3
62	64	1
41	71	1
130	131	2
113	113	4
122	124	1
97	108	1
135	135	3
132	132	3
25	26	1
133	139	3
31	89	1
47	73	1
138	138	1
123	123	1
84	104	1
95	96	2
141	142	3
15	15	3
102	103	5
49	57	2
124	124	6
48	90	2
81	82	4
92	94	3
16	16	3
122	123	2
6	86	2
68	94	3
132	134	3
68	141	2
17	18	2
58	58	3
10	31	1
62	65	2
125	125	3
18	18	3
117	117	5
96	96	3
56	58	1
23	24	4
69	69	2
110	110	2
26	26	4
69	72	1
107	107	1
2	99	1
23	25	1
13	13	2
88	106	1
34	35	3
11	11	1
43	43	3
73	74	2
2	14	1
97	109	1
11	42	2
74	74	2
127	127	3
139	140	1
47	92	2
14	16	1
128	132	1
33	34	2
117	137	2
133	135	3
27	39	1
112	116	2
108	111	1
0	0	1
135	137	2
120	127	2
104	105	2
113	137	2
24	26	2
137	137	4
85	99	1
106	107	3
3	4	1
49	52	2
132	133	5
70	108	1
43	83	2
82	83	1
82	96	3
121	140	2
39	72	2
38	38	3
87	88	2
20	20	4
54	81	1
72	73	1
104	110	1
75	75	6
139	139	3
70	70	2
25	30	1
56	57	1
136	136	6
78	79	1
99	101	1
3	87	1
107	108	1
58	61	1
89	89	1
134	138	1
3	85	1
110	141	4
116	121	3
95	120	1
52	52	1
131	131	4
10	10	1
63	64	1
51	60	2
116	116	1
53	54	1
33	58	1
47	71	1
128	130	1
115	115	3
60	61	1
1	32	1
60	60	1
8	22	1
93	108	1
82	84	1
112	112	3
82	82	1
93	93	1
105	106	3
32	33	1
47	47	1
59	59	2
53	129	2
14	14	1
71	71	2
140	140	2
86	91	1
89	90	1
1	1	4
56	56	4
95	103	1
75	79	2
99	99	4
85	85	2
72	72	3
63	104	1
12	13	1
5	5	2
100	104	1
84	85	2
91	92	2
50	96	1
88	132	1
127	128	1
92	92	2
127	130	1
91	95	1
20	21	1
136	138	2
131	133	2
7	12	2
52	110	2
10	23	1
65	66	1
116	118	1
33	61	1
2	25	2
99	100	1
111	112	1
27	28	3
133	134	1
114	125	1
140	141	1
65	65	2
47	93	1
119	131	1
43	104	1
112	136	1
19	20	2
4	4	2
103	103	2
83	83	1
111	111	6
67	141	1
64	64	4
37	37	1
67	96	1
69	73	1
87	96	2
65	79	1
41	41	4
27	57	1
50	84	1
125	126	1
124	125	1
66	66	1
65	97	1
129	129	1
64	65	1
98	98	2
35	43	1
1	2	1
3	5	1
2	139	1
29	55	1
52	97	1
43	85	2
10	16	1
86	92	1
85	112	1
134	135	1
1	142	1
99	103	1
12	26	1
56	63	1
101	101	3
80	81	1
49	82	1
31	59	1
17	21	1
68	73	1
50	83	1
18	23	1
57	57	2
32	32	4
10	15	1
67	67	1
118	119	1
62	62	1
3	3	1
132	137	2
94	94	1
145	145	1
19	19	2
142	144	1
113	118	1
47	55	1
0	25	3
64	72	1
135	138	1
38	60	1
69	96	1
50	98	1
38	49	1
118	136	1
59	60	1
88	140	1
38	39	1
26	146	2
117	118	3
108	109	1
79	79	2
12	68	1
65	71	2
122	127	1
54	54	1
104	107	1
97	97	1
122	138	1
137	139	1
57	59	1
16	17	1
75	76	1
50	52	1
21	37	1
49	124	1
1	3	1
131	136	2
13	41	2
125	143	1
28	28	1
125	139	1
101	102	1
134	134	2
118	138	1
51	52	1
62	70	1
109	110	1
119	126	1
28	29	1
39	40	1
14	15	1
112	121	1
104	104	1
50	51	1
101	124	1
9	25	1
38	41	1
50	95	1
59	71	1
77	78	2
94	96	1
72	83	1
87	90	1
52	60	1
80	87	1
126	132	1
62	125	1
68	133	1
52	56	1
2	5	1
90	94	1
68	69	1
73	87	1
126	127	1
48	49	1
53	53	1
105	105	2
97	139	1
88	105	1
143	145	1
34	34	3
95	95	1
132	138	1
143	144	1
91	93	1
37	42	1
119	119	1
54	82	1
126	131	1
104	106	1
18	19	1
105	130	1
93	96	1
37	82	1
102	128	1
13	14	1
78	78	1
84	110	1
70	98	1
87	109	1
4	6	1
30	30	1
16	65	1
63	63	1
36	37	1
4	36	1
