77	77	7
85	87	5
103	114	2
48	69	1
101	101	2
128	145	1
21	77	2
14	19	1
20	20	6
95	95	8
30	30	6
31	32	3
39	40	2
63	63	1
84	84	5
111	111	2
27	30	3
106	106	5
112	112	6
146	146	1
121	135	1
56	56	3
96	96	7
18	19	2
13	19	1
17	18	3
75	75	3
18	18	4
51	51	8
8	49	4
135	152	1
4	4	2
43	45	1
13	13	7
110	110	1
12	12	2
141	148	4
114	120	1
93	93	4
78	79	1
36	36	2
106	117	1
97	97	1
136	137	3
50	50	3
136	136	2
122	122	2
29	29	1
120	120	2
133	134	3
3	36	1
25	30	2
70	73	1
136	138	1
96	99	2
7	7	6
51	68	1
36	38	1
25	25	2
4	35	1
8	19	1
39	42	2
30	32	1
5	22	2
118	119	1
103	105	1
7	9	1
148	148	1
124	124	5
80	80	11
97	119	1
34	34	1
65	66	1
76	77	2
24	32	3
125	128	1
151	151	2
5	55	2
114	114	3
13	14	1
149	150	3
75	76	1
46	47	3
42	43	1
129	146	1
32	33	4
43	43	4
6	8	1
108	108	3
5	7	2
83	83	2
41	50	1
9	10	2
78	80	2
131	131	2
109	109	1
20	22	1
66	67	2
103	103	2
11	11	4
129	129	3
26	29	3
17	19	5
116	117	1
69	69	6
124	127	1
120	121	2
127	129	2
42	42	3
133	142	1
24	24	4
82	84	1
93	94	1
101	113	1
57	57	4
70	70	1
28	29	2
26	27	1
85	85	2
139	139	1
44	44	1
37	37	7
16	16	4
45	64	1
14	14	3
24	25	3
102	106	1
107	107	6
99	138	1
33	34	1
43	46	1
40	40	3
102	103	1
46	46	4
131	143	1
92	93	1
54	54	2
83	86	1
87	88	3
45	45	5
119	139	2
46	57	1
75	77	2
19	20	1
127	145	2
135	135	2
29	67	3
39	39	2
48	50	1
98	113	3
116	116	1
137	137	1
105	105	1
44	45	2
125	126	1
74	74	2
23	23	2
33	33	1
14	16	1
51	96	1
22	22	1
115	115	1
36	37	4
69	71	1
4	65	1
135	151	1
26	26	1
122	123	2
91	92	3
46	53	2
10	13	1
29	51	1
117	117	2
102	102	3
132	132	1
57	58	1
83	84	1
53	54	2
14	18	2
35	36	1
28	28	3
64	70	1
18	20	2
11	22	1
79	80	1
63	65	1
136	148	1
71	72	1
106	107	4
128	128	1
130	131	4
85	95	1
24	29	1
121	121	3
132	134	2
76	78	1
21	21	1
8	11	2
110	111	1
39	67	1
132	150	1
12	17	1
40	41	1
67	67	2
11	12	4
76	83	1
126	127	1
86	89	1
31	33	1
21	23	2
94	118	1
8	15	1
30	49	1
128	137	1
130	130	1
87	138	1
99	114	1
2	3	2
8	8	2
27	63	1
88	88	1
38	39	3
8	9	4
143	144	1
74	83	1
153	153	3
6	6	5
7	12	1
141	142	2
149	151	2
109	110	1
132	133	1
115	116	2
76	100	2
78	94	1
71	71	2
14	133	1
150	150	2
121	127	2
76	76	1
17	17	2
104	104	1
125	127	1
9	9	1
128	129	1
46	128	1
35	81	1
39	41	1
86	86	1
86	87	2
87	87	3
82	83	1
41	41	2
43	44	1
15	15	2
27	62	1
18	23	1
129	131	1
144	145	1
55	56	2
32	34	1
73	73	1
21	22	1
20	86	1
69	80	1
124	125	3
35	35	2
108	109	2
126	137	1
37	38	1
82	82	2
134	134	3
72	73	1
77	78	2
36	72	2
45	46	1
6	67	1
81	84	1
79	95	1
115	122	1
98	122	1
19	19	1
93	95	1
134	139	1
123	123	1
40	42	1
13	15	1
5	21	1
130	138	1
100	101	1
66	87	1
74	75	3
66	85	1
140	145	1
131	132	1
92	92	1
49	49	1
95	97	2
140	142	1
102	116	1
146	148	1
38	38	1
143	145	1
121	125	1
53	70	1
23	35	1
85	86	1
129	130	1
53	56	1
96	97	2
67	68	1
21	67	1
115	117	1
119	128	1
111	114	1
83	87	1
9	11	1
110	117	1
55	55	2
79	82	1
86	100	1
108	117	1
24	44	1
62	62	1
103	112	1
68	69	1
118	118	2
77	91	1
151	152	1
14	15	1
4	5	2
95	99	1
31	31	1
89	89	1
81	82	1
17	20	1
107	108	1
94	95	2
84	86	1
97	113	1
81	81	1
35	40	1
