28	29	6
22	22	4
70	73	4
30	30	5
67	67	4
13	13	5
94	94	5
69	71	1
39	39	5
16	16	9
15	15	9
11	46	1
55	55	7
84	86	3
139	139	1
38	39	3
45	45	11
30	99	5
7	8	2
5	7	6
124	141	1
102	102	4
132	132	6
27	28	7
135	135	3
122	146	3
137	138	10
17	17	14
32	32	12
83	128	1
110	115	2
121	128	2
111	111	6
29	29	9
117	128	2
120	120	4
49	54	4
137	149	2
106	106	3
50	52	4
64	66	5
111	116	2
20	20	3
57	57	8
53	53	9
87	90	3
31	42	1
11	11	8
31	31	7
87	88	4
8	8	12
141	142	4
79	80	3
43	47	5
109	110	5
102	109	3
12	13	5
103	103	7
38	52	4
97	107	1
67	71	1
6	21	1
49	49	2
129	153	1
45	46	6
82	82	8
142	142	2
86	86	4
108	108	4
137	150	2
118	152	3
119	119	8
112	120	10
12	12	11
119	121	3
37	38	3
66	67	7
71	71	4
44	44	8
41	41	2
95	95	3
99	102	2
111	115	7
35	35	5
9	9	5
127	127	5
65	65	6
39	41	1
110	136	3
154	154	7
101	108	2
16	42	1
135	154	2
140	141	2
56	57	5
145	145	2
6	7	6
21	34	5
64	64	4
40	40	10
98	110	2
78	79	3
32	33	1
153	153	9
47	47	7
5	8	5
76	82	4
68	68	4
92	97	5
58	58	1
31	32	2
54	55	5
11	12	4
48	48	4
73	116	3
54	56	3
37	37	2
129	129	1
114	122	6
48	49	3
80	81	1
80	80	5
83	85	4
26	26	12
130	130	4
107	107	3
69	72	2
65	80	1
83	84	3
76	76	3
107	114	1
56	56	4
140	145	5
127	132	3
14	15	5
131	132	4
122	123	1
16	50	4
124	124	2
131	131	5
69	117	1
148	152	1
112	112	6
133	133	2
69	69	7
5	5	6
121	127	2
121	123	1
147	148	2
39	40	2
18	18	5
117	117	1
43	43	6
108	109	4
49	50	3
4	4	3
88	88	6
76	88	4
24	24	8
75	76	2
90	90	6
51	52	4
133	134	1
54	54	4
66	66	4
153	154	1
151	151	4
42	43	1
87	87	1
42	42	6
73	73	4
72	75	2
25	25	3
122	122	6
57	65	2
18	20	1
107	110	1
128	128	5
109	109	2
15	16	6
69	70	1
149	149	2
94	97	2
21	21	3
50	51	2
4	18	3
111	112	1
113	116	1
94	95	3
133	153	1
65	76	1
57	74	1
23	24	1
63	63	8
146	149	2
42	44	1
8	9	4
2	45	5
27	31	3
105	106	3
125	144	2
91	92	1
144	145	3
41	42	6
68	69	1
17	18	4
10	10	4
85	87	4
123	124	1
74	75	2
115	139	1
99	99	2
85	86	3
147	150	2
75	77	3
140	142	1
27	27	2
144	144	4
25	68	2
28	30	2
33	34	3
77	78	3
18	19	3
40	41	1
23	23	2
128	152	2
102	105	4
5	17	2
73	77	2
96	96	3
30	48	1
9	24	1
119	152	1
7	18	1
123	123	4
44	45	1
29	64	1
7	25	2
147	147	1
131	135	1
72	73	2
70	70	2
148	148	1
4	20	1
31	35	1
128	129	1
124	126	2
36	36	1
121	122	1
125	125	1
63	64	4
115	115	1
96	100	3
34	35	2
118	118	2
97	98	1
139	146	1
67	76	1
53	54	1
143	144	2
41	55	2
50	50	2
14	14	3
63	138	1
90	114	2
12	14	3
104	110	1
85	113	1
8	10	1
133	154	3
3	20	1
67	69	1
34	41	1
97	99	1
36	37	1
25	40	1
135	136	1
81	84	1
64	105	1
104	105	1
81	81	2
9	10	1
108	122	2
146	146	1
98	98	1
36	41	1
102	108	1
53	55	1
66	75	1
24	76	1
103	104	1
46	46	2
65	74	1
24	27	1
121	121	1
131	134	1
83	117	1
100	100	2
126	126	1
103	110	2
152	152	1
111	136	1
56	103	1
19	19	1
135	148	1
120	146	1
