14	15	8
54	54	2
41	41	6
117	117	5
135	140	5
92	92	2
69	69	3
102	102	5
91	91	5
24	24	2
141	142	2
57	57	7
143	143	4
51	51	4
5	13	1
118	119	6
77	77	4
127	129	1
56	57	3
32	32	4
11	11	2
143	144	3
77	78	3
36	36	1
51	52	2
127	127	2
59	61	1
20	21	5
25	25	4
126	128	2
67	68	2
6	9	1
49	49	8
82	82	4
39	39	4
16	23	1
80	80	7
132	132	6
124	124	10
106	106	2
15	15	4
129	131	3
102	120	3
131	142	2
21	21	4
30	37	1
121	124	2
104	105	4
10	11	4
20	20	6
21	23	1
126	126	8
6	10	2
12	16	2
33	33	1
102	118	4
101	102	1
139	140	1
5	11	1
111	111	3
6	6	2
127	131	2
79	79	1
113	113	3
63	63	3
127	130	1
28	28	9
94	94	4
129	129	5
131	131	4
30	30	4
128	132	2
99	100	4
106	108	3
116	118	2
12	12	2
3	32	1
93	93	3
129	135	1
136	138	4
85	86	2
78	78	6
89	89	5
81	81	2
98	99	3
42	42	3
50	52	1
71	72	5
63	64	2
41	54	1
51	131	1
128	128	5
108	109	3
28	29	5
124	125	4
141	141	4
52	52	4
137	137	2
130	130	4
4	5	2
140	140	1
79	81	1
102	103	3
62	63	3
70	72	1
40	43	1
77	79	2
58	61	2
135	135	7
104	107	1
30	64	1
2	3	3
120	131	1
13	14	3
4	118	1
72	73	2
100	121	2
75	75	2
100	101	1
23	23	4
27	27	3
101	101	6
100	100	9
116	116	7
8	18	1
63	74	1
109	110	3
48	49	1
38	39	4
68	68	6
119	119	9
93	94	7
104	104	3
66	66	5
88	88	1
17	17	8
144	144	6
103	103	11
90	91	1
60	60	3
13	17	1
99	110	1
33	35	1
42	43	2
69	71	1
72	72	2
96	96	2
35	36	7
47	80	1
18	20	2
48	48	3
120	120	2
16	16	10
99	106	1
83	83	8
47	47	2
10	10	3
92	94	1
9	20	1
60	91	2
19	19	5
35	35	3
41	42	2
112	136	1
98	98	2
139	141	2
133	134	4
130	131	1
84	85	2
75	76	1
9	9	1
39	41	4
122	124	3
112	117	2
111	113	2
26	27	5
70	70	4
140	142	1
31	32	6
14	16	2
121	122	3
116	127	1
28	61	2
124	130	1
102	141	1
76	78	3
31	35	2
122	122	1
70	71	4
121	121	2
1	1	5
118	118	7
57	58	1
10	21	1
50	50	5
17	26	1
88	89	2
55	56	1
23	24	3
82	118	1
21	22	1
137	138	2
55	55	8
72	74	1
12	13	1
115	117	1
61	80	1
90	90	1
130	133	2
26	117	1
29	29	5
14	14	5
95	95	1
83	87	1
134	134	2
67	71	1
64	65	4
140	141	1
25	26	2
132	139	4
53	53	2
18	19	1
4	39	1
86	104	1
100	142	1
125	142	2
9	13	2
138	139	1
13	35	1
66	75	1
111	116	1
33	34	3
99	99	3
75	81	1
121	137	2
125	130	1
139	139	2
37	38	1
17	54	1
61	94	4
13	15	1
18	21	1
34	35	2
125	125	4
132	133	1
134	137	1
144	145	4
125	129	3
123	123	2
60	61	1
47	53	1
22	22	6
102	122	1
40	55	1
76	76	1
22	25	1
110	112	1
129	130	2
114	114	2
109	109	5
117	118	2
136	137	2
97	105	2
17	37	2
8	9	2
37	37	2
113	115	1
61	63	2
0	0	1
108	108	1
96	97	1
54	55	1
40	40	7
85	85	3
118	139	1
34	34	3
76	79	1
59	59	6
84	84	2
65	65	1
24	25	2
125	126	1
107	109	1
50	51	1
74	75	1
99	101	1
4	4	2
1	4	1
94	96	1
8	8	5
120	122	1
110	111	2
80	117	1
1	2	2
105	106	3
31	31	2
126	127	3
73	73	2
71	77	1
65	68	1
73	78	1
2	15	1
89	94	3
145	145	3
131	140	1
118	120	1
79	119	1
139	143	2
57	59	1
5	5	2
76	77	1
107	111	1
33	37	1
31	34	1
2	40	1
86	88	1
9	10	3
122	123	2
61	61	5
134	135	1
3	3	1
4	35	1
12	14	2
30	36	1
56	58	1
42	76	1
30	32	1
124	141	1
25	27	1
74	80	2
92	98	1
133	133	1
88	90	1
96	98	1
136	136	1
58	58	1
131	141	1
79	89	1
97	97	1
103	124	1
87	89	1
131	133	1
94	95	1
140	143	1
30	33	2
72	93	2
37	41	1
3	12	1
129	143	1
26	41	1
62	62	2
113	114	1
138	138	2
121	127	1
129	134	1
62	64	2
103	137	1
128	131	2
12	17	1
89	90	1
104	109	1
58	59	2
32	33	2
137	139	1
70	73	2
131	134	1
3	15	2
124	129	1
35	49	1
59	65	1
103	106	1
0	1	2
135	136	1
114	115	1
85	87	1
131	132	1
87	90	2
146	146	1
126	131	2
12	32	1
128	129	1
92	96	1
27	28	2
65	66	1
11	26	1
102	136	1
65	67	2
47	51	1
133	135	2
43	43	1
136	139	1
79	80	1
38	38	3
65	82	1
107	107	2
95	96	1
53	54	1
74	74	1
130	132	1
49	52	1
121	123	1
103	104	1
104	106	1
109	111	1
13	13	1
95	97	1
46	50	1
41	77	1
78	79	1
68	69	1
125	133	1
142	142	1
129	141	1
18	29	1
81	83	1
4	41	1
115	115	1
57	74	1
126	130	1
82	90	1
