19	41	2
47	47	2
118	118	2
158	161	2
55	57	1
171	172	2
47	108	1
170	187	1
76	110	4
21	26	3
132	139	1
113	114	2
105	105	3
26	66	2
140	140	4
12	13	3
18	19	3
29	32	2
70	70	4
109	111	2
66	66	1
104	156	2
154	155	1
177	177	5
52	56	2
92	93	1
75	121	1
44	45	1
80	80	1
181	181	2
117	117	3
4	17	2
141	169	1
170	186	1
90	90	2
80	83	1
31	31	3
65	67	2
164	165	2
145	146	1
138	138	4
13	37	1
28	28	5
44	44	2
113	116	2
181	187	3
170	170	1
77	77	1
107	107	6
17	32	2
105	111	1
21	21	3
38	39	1
175	175	1
106	106	1
0	9	3
112	168	3
79	79	4
45	46	2
33	33	3
62	63	2
2	2	1
189	189	3
72	75	2
110	126	1
102	102	1
94	94	3
12	12	2
28	66	1
17	33	1
166	185	1
96	97	2
137	137	6
0	1	1
125	125	2
87	138	1
30	64	3
22	22	6
129	156	2
70	71	2
154	154	2
86	90	4
62	103	1
66	110	1
134	134	2
142	143	6
43	43	3
74	89	1
157	157	3
19	19	3
122	122	1
99	99	5
92	103	1
76	82	1
139	164	1
96	98	3
98	100	1
186	187	2
142	142	4
10	11	2
20	20	1
98	98	4
188	188	2
22	23	2
124	124	3
84	110	2
91	91	2
58	59	4
107	144	1
1	1	1
137	164	1
104	104	3
60	60	3
14	15	1
61	62	1
163	163	2
109	125	1
130	133	1
106	109	1
152	152	2
174	174	3
147	147	1
106	156	1
53	53	1
87	120	1
58	58	4
157	162	1
57	72	2
162	162	3
131	131	1
118	133	3
122	143	2
35	68	3
73	73	3
148	149	2
5	5	2
48	54	1
5	20	1
56	56	2
72	73	1
55	59	1
28	67	1
56	70	3
15	16	1
188	189	1
160	161	2
182	183	2
63	63	1
116	117	2
144	151	2
36	37	2
6	12	1
39	39	2
44	120	1
140	185	1
159	159	2
59	59	1
36	36	2
99	100	1
128	134	1
141	159	2
89	90	2
136	183	2
169	169	2
118	119	2
57	59	2
60	82	1
40	40	8
153	153	1
173	180	1
98	102	1
18	18	1
143	143	1
155	155	1
97	97	1
120	120	1
67	67	1
93	94	1
13	13	3
99	104	1
163	164	1
35	36	2
105	107	3
56	57	1
134	135	2
109	109	1
29	30	1
41	66	1
33	36	1
75	75	3
65	66	4
110	131	1
166	184	1
144	144	1
96	99	1
13	21	1
109	117	1
184	185	1
151	151	3
48	48	3
143	176	1
22	26	1
24	24	1
133	134	2
10	10	2
108	108	2
105	127	2
141	141	2
60	87	1
55	55	1
171	171	1
74	105	1
26	57	2
61	61	1
17	18	3
134	153	1
64	123	1
96	96	3
16	16	1
111	111	2
64	64	1
43	123	1
123	140	2
139	139	4
37	68	1
60	74	1
27	27	4
186	186	2
148	148	3
148	150	1
92	92	1
19	26	1
14	14	2
119	119	1
140	164	1
71	74	1
137	143	1
146	156	1
12	16	1
138	178	1
75	76	1
30	30	1
23	24	2
87	116	1
79	82	1
126	127	1
76	77	1
151	159	2
116	116	1
6	6	2
153	169	1
185	186	1
101	138	2
55	94	2
26	39	1
13	17	1
91	94	1
157	158	1
180	190	1
122	130	1
156	161	1
88	88	1
55	56	1
180	180	1
132	144	1
132	132	1
12	14	1
178	179	1
29	33	2
14	64	2
177	178	2
85	124	1
151	152	2
54	57	1
40	89	1
136	136	1
141	165	1
71	71	1
19	20	1
0	8	1
153	154	2
164	164	1
13	36	1
152	153	1
64	101	1
83	84	1
88	89	1
78	78	1
131	157	1
74	75	1
63	64	1
27	31	1
23	23	3
97	98	1
33	34	2
77	83	2
52	55	1
149	149	1
128	147	1
104	106	1
129	135	1
117	168	1
92	100	1
21	47	1
180	181	1
189	190	1
130	189	1
11	12	2
15	15	1
182	182	1
130	130	1
17	26	1
11	11	1
135	138	2
48	99	1
103	103	2
54	54	1
83	83	2
141	142	1
8	8	1
160	162	1
77	78	1
121	121	2
18	26	1
77	104	1
35	66	1
162	163	1
79	85	1
110	110	1
16	84	1
44	122	1
190	190	1
131	135	1
24	26	1
37	66	1
86	86	1
64	67	1
150	151	1
113	113	1
157	171	1
67	129	1
16	23	1
120	126	1
167	167	1
141	143	1
7	7	1
90	91	1
136	189	1
27	29	1
126	126	1
