40	40	9
30	31	1
46	46	5
24	24	5
17	17	7
35	35	2
25	25	4
19	20	1
22	23	6
19	24	2
25	26	4
16	17	3
18	18	3
42	42	2
20	22	1
37	37	7
19	19	3
43	44	2
42	44	1
31	31	3
26	26	8
36	36	7
27	27	3
17	38	2
28	28	6
43	43	5
33	33	4
21	21	3
23	23	3
39	39	3
20	21	2
17	18	2
45	47	2
44	44	4
21	32	2
21	26	1
25	30	2
32	42	1
23	24	1
38	38	2
19	42	1
38	40	1
40	42	1
29	29	6
29	30	2
19	21	2
44	45	4
23	34	1
30	30	4
45	46	2
46	47	2
31	32	1
45	45	2
47	47	3
34	34	1
23	25	1
28	29	1
41	41	4
34	41	1
22	27	2
27	28	2
33	34	1
30	45	1
38	39	1
22	24	1
23	26	2
24	39	1
36	37	3
16	16	1
39	45	1
19	25	1
34	43	1
36	46	1
35	36	2
20	20	1
16	18	1
18	40	1
15	15	3
32	33	1
