42	99	2
82	82	1
64	64	2
88	88	14
83	88	6
86	86	1
67	68	5
69	70	3
84	84	10
101	101	15
66	66	18
75	75	16
39	39	13
97	97	6
92	94	7
43	43	10
45	82	7
24	24	5
87	88	9
72	72	12
37	37	3
49	49	5
61	62	5
78	78	6
63	63	10
62	63	4
94	94	6
36	36	10
58	59	10
41	42	2
29	99	6
73	83	8
82	94	3
87	87	6
79	86	3
50	50	11
92	92	4
67	67	13
42	42	5
68	69	4
40	40	4
89	89	7
26	26	6
73	79	1
85	85	11
52	52	3
43	51	6
93	93	3
57	57	6
98	98	8
83	95	3
31	31	16
57	60	2
71	72	4
46	47	6
25	26	4
74	74	5
27	95	4
48	48	6
95	98	2
94	95	1
71	71	18
95	95	8
100	100	3
77	78	3
69	69	12
97	98	1
80	80	5
59	61	1
46	49	7
45	101	1
28	29	2
43	44	1
60	77	3
74	75	2
96	96	3
30	69	2
53	61	3
91	92	3
77	93	1
24	53	1
53	62	4
41	41	13
20	20	1
70	70	7
45	93	1
83	89	4
93	94	5
38	38	7
53	54	2
52	86	1
46	46	10
86	87	1
65	65	5
54	55	3
60	60	10
58	58	5
36	37	1
34	34	3
62	62	17
51	52	2
80	81	3
76	77	5
52	61	1
35	70	4
35	36	3
33	33	5
73	73	3
44	45	5
38	57	5
65	66	1
99	100	1
77	77	3
68	68	3
48	67	2
92	98	5
29	29	2
61	61	5
56	75	4
62	67	3
83	83	1
76	76	4
67	100	3
57	73	2
56	56	1
78	79	3
49	93	4
60	61	2
31	32	1
43	90	1
32	58	5
34	44	1
64	65	1
53	53	3
81	84	3
52	54	1
24	26	3
59	60	1
54	99	1
32	54	2
37	49	1
23	24	2
39	40	2
20	22	1
95	97	3
74	79	1
99	99	1
79	81	3
56	57	1
80	94	1
67	70	1
45	45	1
