34	34	11
83	85	3
132	132	5
125	126	2
28	28	3
75	78	2
136	137	8
129	129	8
20	21	3
140	140	13
32	97	1
123	133	1
30	30	3
27	112	1
101	109	1
111	112	6
137	137	6
97	97	5
96	96	3
94	94	5
118	118	8
130	130	9
125	125	11
114	114	5
90	91	5
104	112	2
108	108	2
26	29	2
80	80	6
23	28	1
95	98	1
112	116	1
116	128	3
90	90	5
100	100	7
131	131	9
89	115	3
17	17	6
134	135	3
98	98	3
2	21	1
19	19	7
136	138	3
24	24	4
26	26	3
4	20	1
27	27	2
72	72	3
122	123	4
85	87	1
119	119	5
135	137	3
126	126	9
3	3	3
135	136	3
87	91	2
134	134	8
81	83	1
135	135	12
129	131	1
9	10	1
139	139	9
25	25	3
129	130	3
89	132	1
121	121	7
101	101	5
71	113	1
104	104	6
109	110	5
107	108	3
79	87	1
132	133	11
101	102	1
71	71	2
18	18	6
11	12	1
15	15	3
106	106	4
3	20	1
133	133	6
27	30	1
0	28	1
136	136	6
139	140	5
6	6	4
123	124	3
7	7	4
35	36	3
75	75	6
112	112	4
99	101	1
100	101	3
111	111	6
33	33	3
92	113	1
20	20	7
123	123	4
103	107	1
122	124	1
77	77	2
14	32	1
27	28	2
89	91	3
78	81	1
36	126	1
36	36	4
116	116	4
0	22	1
73	73	3
82	105	1
132	134	1
38	104	1
99	99	3
125	128	2
33	36	1
76	76	4
117	117	2
111	127	1
73	82	1
124	125	5
14	29	1
98	99	1
15	17	2
126	127	3
7	11	2
14	14	2
119	122	2
74	75	3
120	120	2
73	75	2
122	122	7
18	20	2
33	34	2
13	14	2
78	82	2
102	102	2
131	133	2
34	37	1
88	88	4
87	87	4
29	29	3
2	2	2
94	95	2
37	37	4
117	118	3
23	24	4
88	91	2
74	74	4
34	35	2
5	5	2
91	131	1
113	114	1
32	32	4
85	86	3
21	21	10
22	22	3
114	115	2
124	131	2
89	89	3
119	121	1
115	115	2
99	135	1
101	104	2
72	77	2
29	30	3
113	120	1
124	124	5
34	71	1
114	126	2
90	115	1
104	122	1
95	96	1
10	10	2
76	77	2
25	85	1
37	38	1
6	7	1
1	1	1
109	109	2
95	95	4
82	83	2
105	105	3
23	23	1
16	17	1
130	138	2
91	92	2
7	19	1
107	115	1
7	27	1
127	127	5
75	98	1
16	16	1
12	13	1
79	79	1
15	22	1
17	18	2
106	125	1
11	16	2
82	85	1
26	27	2
96	113	1
31	32	1
91	91	1
3	110	1
138	138	4
11	11	1
102	103	2
107	107	3
21	22	5
13	25	2
35	125	1
85	85	2
77	82	1
109	130	1
130	131	3
7	13	1
121	125	1
12	14	1
35	35	1
118	119	2
7	10	2
110	112	1
27	29	1
137	138	3
84	85	1
111	126	1
110	110	2
130	136	3
3	4	2
114	125	1
24	93	1
72	88	1
103	122	3
113	113	1
75	77	1
73	121	1
78	78	4
133	135	1
96	127	1
103	103	4
103	104	2
128	128	2
2	7	1
104	105	2
116	117	2
86	86	2
9	9	2
83	87	1
27	127	1
8	8	2
28	30	1
133	137	1
130	140	2
83	83	2
5	7	1
7	22	1
82	82	1
134	136	1
38	38	2
120	122	2
4	5	2
112	129	1
84	84	1
9	11	2
90	126	1
138	139	1
21	25	1
25	28	1
36	37	2
121	122	1
80	87	1
8	74	1
83	84	2
22	25	2
135	138	1
115	116	1
32	103	2
93	98	1
137	139	1
91	93	1
73	74	1
33	126	1
87	88	1
34	125	1
109	117	1
6	132	1
22	26	1
103	130	1
104	109	2
32	35	1
17	19	2
17	21	1
130	133	2
5	28	1
84	103	1
121	123	1
30	31	1
75	76	1
2	3	1
102	108	1
112	113	1
91	117	1
31	31	2
7	24	1
112	128	1
96	97	1
4	6	1
96	133	1
82	103	1
94	98	1
19	20	1
92	92	3
8	9	1
10	11	1
22	24	1
95	97	1
72	115	1
131	132	1
125	129	1
113	122	2
5	6	1
120	121	1
74	95	1
93	94	1
105	106	1
104	106	1
111	114	1
6	14	1
