14	16	2
49	49	9
13	51	1
4	5	2
45	45	4
0	0	5
32	48	2
57	57	5
47	47	3
25	25	1
44	51	1
36	36	10
39	54	1
33	35	2
6	6	3
32	32	11
15	17	2
39	53	2
17	18	1
49	50	3
44	44	3
59	59	3
34	34	11
32	33	4
39	39	2
51	51	3
33	33	2
20	23	1
40	41	2
38	54	2
18	18	2
35	35	7
36	37	5
5	5	4
32	46	4
11	11	1
13	52	2
44	45	2
10	11	2
46	47	4
42	43	2
56	56	3
55	55	2
10	10	2
1	1	2
62	62	1
20	21	2
7	7	1
37	39	1
23	23	2
35	36	1
16	17	3
30	57	1
60	60	3
30	30	2
9	9	2
58	58	2
3	4	2
42	42	3
13	17	1
37	37	6
41	45	1
61	61	2
47	48	1
22	22	6
7	8	2
20	20	1
58	59	2
26	26	1
2	2	2
46	46	2
48	48	2
41	50	1
33	34	1
17	17	1
8	56	1
38	38	3
31	31	1
50	50	2
38	39	3
23	24	1
30	31	1
53	53	1
40	40	1
34	35	2
8	9	2
53	57	1
9	30	1
8	8	2
53	54	3
6	7	1
13	13	1
43	45	1
11	12	1
60	61	1
43	43	2
40	42	2
34	39	2
46	49	1
54	54	2
52	52	2
19	19	1
14	14	2
58	60	2
20	22	2
52	53	1
16	16	1
49	57	1
12	13	1
21	22	1
44	47	2
1	2	1
