20	20	4
13	33	2
73	73	2
54	54	4
33	33	1
21	21	4
7	8	3
31	31	4
66	71	1
13	19	2
34	35	4
26	36	1
29	29	7
40	41	2
54	55	4
50	51	2
34	39	3
33	52	2
13	14	1
1	2	4
45	45	3
64	64	1
60	60	7
69	69	6
18	18	1
10	10	8
49	50	1
1	1	3
7	7	4
67	67	3
19	20	3
9	9	7
47	47	1
55	56	1
43	43	3
74	74	3
23	24	2
46	75	1
35	50	1
7	44	1
27	27	3
11	11	3
61	61	7
53	53	4
38	39	2
3	6	2
37	39	3
4	4	4
44	47	1
70	70	4
43	46	1
23	23	3
68	70	1
63	63	3
27	28	2
9	12	2
60	61	2
28	29	1
50	69	2
25	27	1
51	51	1
56	59	1
24	24	1
2	48	2
12	12	6
34	34	5
0	41	1
26	32	1
53	58	1
72	73	4
39	43	2
65	65	3
58	58	2
26	27	2
29	60	2
0	1	3
32	33	1
20	21	1
25	26	3
5	5	2
38	55	3
33	44	1
5	13	1
62	70	1
13	32	2
23	31	1
1	22	1
37	37	1
61	64	1
39	39	1
30	30	6
28	31	1
3	27	2
10	20	1
75	75	4
28	28	4
56	57	2
57	57	2
22	22	3
5	6	3
28	38	1
35	35	2
66	66	5
57	74	1
18	20	1
70	71	3
2	54	1
45	46	2
55	55	2
58	59	5
56	56	1
41	69	1
33	34	1
49	49	3
44	45	2
32	36	1
3	3	2
77	77	3
41	42	1
51	52	3
6	63	1
35	36	4
50	50	4
2	3	2
68	68	2
72	72	1
74	75	1
25	25	2
29	30	1
59	59	3
36	37	2
53	76	1
32	32	2
42	42	1
30	31	2
0	3	2
18	19	1
44	44	1
2	39	1
43	44	2
13	13	3
65	71	1
67	69	2
62	63	2
74	76	1
19	19	1
22	23	2
10	47	2
31	32	2
25	28	1
76	77	1
22	27	1
21	22	2
7	55	1
0	53	1
40	40	1
34	41	1
9	10	1
64	65	1
51	58	1
8	55	1
37	41	1
3	4	2
24	27	1
14	37	1
26	31	1
30	34	1
4	30	1
68	69	2
48	48	1
52	52	1
10	11	1
26	26	1
23	63	1
39	41	1
35	57	1
62	64	1
73	76	1
4	5	2
73	74	1
25	33	1
48	55	2
36	58	1
71	71	1
64	75	1
0	51	1
6	6	1
47	70	1
42	54	1
