43	43	2
23	23	4
66	92	1
126	128	1
113	113	5
112	112	4
78	78	3
86	87	3
12	127	1
19	19	4
146	146	2
39	70	1
115	115	1
19	62	2
69	72	4
122	123	4
72	72	6
3	9	1
123	131	1
110	122	1
144	144	4
34	35	2
53	53	5
19	20	2
4	4	1
97	97	1
133	133	5
131	131	1
92	92	3
107	111	3
39	39	4
115	116	1
134	134	7
102	102	5
76	76	2
74	75	2
56	56	2
49	89	1
103	113	1
19	27	2
37	38	1
55	59	1
34	34	4
39	82	1
143	143	6
115	119	1
128	131	1
92	130	1
59	59	3
52	52	1
3	6	3
89	131	1
5	6	3
127	133	2
135	136	2
3	4	3
70	70	3
69	74	1
2	2	4
85	92	3
120	121	2
109	121	1
71	72	2
130	130	3
63	63	2
80	80	5
49	50	1
109	112	2
132	132	4
24	24	3
139	139	5
128	128	6
53	54	1
108	109	2
56	58	1
124	141	4
109	109	4
47	47	1
129	131	1
1	1	3
105	109	1
89	89	2
96	96	4
29	29	3
17	18	1
123	123	6
142	143	3
120	125	1
10	10	3
78	79	1
89	97	1
33	33	2
26	26	2
143	144	3
34	41	1
91	103	1
90	90	4
101	102	6
133	135	1
79	81	1
58	58	3
136	139	1
60	64	2
61	61	1
70	71	5
17	17	6
38	41	3
134	135	1
24	26	1
21	22	1
121	121	2
54	55	2
55	56	2
36	36	1
84	84	4
9	136	1
126	127	2
141	143	1
79	79	2
28	28	5
51	52	1
95	95	2
107	108	2
120	120	3
127	127	4
123	125	1
50	82	1
23	25	1
16	26	1
106	106	1
25	25	3
42	42	7
88	136	1
101	101	3
103	103	3
12	13	1
104	105	1
107	107	3
116	118	1
36	37	6
109	136	2
142	142	2
119	124	1
6	6	2
80	81	3
66	66	3
81	81	2
50	50	1
48	80	2
94	94	1
41	42	1
110	111	1
92	94	1
126	126	7
140	140	6
62	63	3
9	9	1
119	119	7
126	129	2
54	80	1
84	124	1
79	80	4
3	3	3
76	81	1
25	87	1
143	145	1
39	41	1
114	114	3
92	95	1
112	116	1
141	141	5
122	124	2
117	138	1
88	88	2
76	79	1
74	98	1
31	31	1
105	105	2
37	37	3
91	91	4
23	128	2
8	8	1
99	100	3
11	11	2
67	68	1
145	145	8
41	107	1
36	89	1
6	8	1
32	32	1
49	49	3
138	141	1
91	108	1
65	66	1
75	75	1
23	31	2
83	83	1
52	110	2
122	122	1
58	61	3
82	83	2
110	110	4
137	138	1
124	144	2
40	40	4
34	36	1
29	75	1
94	139	1
71	97	1
31	86	1
54	54	3
35	36	1
9	130	1
71	125	2
68	68	4
41	41	2
107	109	2
1	19	2
99	99	3
33	123	2
140	143	3
129	129	3
31	36	1
21	21	4
118	120	1
49	59	1
14	14	2
30	36	1
71	71	4
98	99	2
74	74	2
5	11	1
9	11	1
97	104	1
38	38	5
131	134	1
11	66	1
10	139	1
15	15	1
40	41	1
63	66	1
68	92	1
93	94	2
124	124	1
98	107	2
68	69	3
117	144	1
64	65	1
123	124	3
103	131	1
20	21	1
20	60	2
73	76	2
18	24	1
55	55	2
77	87	1
23	66	1
141	142	2
117	117	2
87	87	1
67	67	1
104	104	1
139	143	1
97	98	2
8	20	1
30	103	1
70	74	1
125	125	2
48	48	2
60	62	1
77	77	2
85	85	2
48	122	2
83	84	1
124	125	1
69	69	1
89	144	1
52	94	1
138	138	2
13	13	2
137	137	1
27	28	1
118	118	5
64	72	1
26	66	2
63	64	1
139	141	2
66	69	2
73	73	1
132	133	4
2	5	1
98	98	3
133	136	1
23	24	2
85	112	1
111	112	2
22	27	2
81	86	1
68	81	1
62	62	2
39	133	1
87	136	2
18	18	1
12	12	1
71	74	1
8	30	1
110	137	1
15	16	2
18	42	1
1	48	1
62	70	2
89	92	2
76	78	1
38	39	2
0	0	2
130	131	2
29	30	1
22	22	1
58	60	1
43	77	2
145	146	1
111	111	2
131	133	3
128	129	4
59	98	1
86	99	1
82	82	1
121	126	1
22	31	1
114	115	3
81	118	1
129	130	2
76	77	1
9	10	1
75	76	2
11	131	1
1	2	1
30	110	1
39	57	1
28	54	1
140	141	2
64	64	1
38	120	1
58	80	1
121	122	1
54	69	1
132	134	1
61	71	1
133	139	3
66	71	1
42	48	1
103	104	1
54	63	3
122	128	1
136	137	1
67	82	1
31	43	1
85	86	1
43	47	1
32	110	1
5	5	2
14	15	1
90	125	1
125	126	1
111	125	1
38	52	1
121	144	1
37	120	1
99	124	2
65	65	2
49	112	1
81	82	1
28	29	1
102	105	2
50	111	2
116	120	1
108	108	1
120	144	1
100	102	1
136	136	1
113	114	1
86	86	1
57	57	2
103	144	1
15	34	1
57	59	1
85	91	1
1	108	1
132	135	1
10	130	1
63	68	1
98	111	1
28	102	1
0	49	1
11	21	1
89	94	1
88	89	2
30	30	1
51	57	1
31	87	2
73	111	1
2	16	1
53	56	1
132	140	1
