14	15	1
196	197	2
138	138	7
176	176	2
96	96	1
98	98	1
152	152	8
160	161	3
45	46	6
42	149	1
8	63	1
172	172	3
0	1	1
147	179	2
84	85	1
25	26	1
113	137	1
21	83	2
193	193	5
75	88	3
55	55	4
10	11	3
121	121	4
112	112	3
137	137	4
182	182	8
10	10	5
16	16	4
63	64	1
111	112	3
151	172	1
194	194	7
131	131	3
118	119	2
40	40	3
23	23	2
80	80	5
160	160	4
78	78	3
116	143	2
88	90	1
190	191	4
62	64	2
181	181	4
179	179	2
177	177	6
53	56	1
189	192	1
194	195	1
144	176	1
88	89	3
178	179	1
2	2	4
12	46	1
13	46	1
116	116	4
90	90	3
167	167	3
24	24	3
65	66	2
87	87	4
148	159	1
105	105	1
151	151	7
4	40	2
77	79	3
9	45	1
38	39	1
94	94	4
45	45	2
187	188	2
158	158	2
12	13	2
176	177	1
137	156	1
52	52	6
33	33	3
138	139	1
21	21	1
188	188	2
143	143	5
189	189	2
56	56	4
69	69	1
154	173	2
188	189	4
86	86	1
152	159	1
195	196	2
112	153	1
71	71	1
128	128	3
95	95	1
15	16	2
126	126	4
172	173	4
35	36	1
180	180	5
14	124	1
50	50	3
136	196	1
99	107	3
163	164	1
58	73	1
2	26	1
141	141	10
155	155	2
42	42	2
49	49	4
168	168	4
86	120	2
59	59	1
16	196	1
12	12	4
142	142	4
15	15	5
187	187	4
104	105	1
48	49	4
149	169	1
149	176	2
165	167	2
157	183	2
16	166	2
132	132	5
94	95	2
56	71	1
166	167	1
13	13	2
105	106	1
89	89	4
160	163	1
11	12	2
120	121	1
161	162	2
116	144	3
154	154	3
47	48	2
129	188	3
149	149	5
122	122	4
117	120	1
159	167	1
61	68	1
140	140	5
33	35	2
62	70	1
48	48	4
107	107	1
109	109	3
171	172	1
24	25	2
11	11	2
37	37	1
140	171	1
151	171	1
127	127	2
196	196	5
25	37	1
4	72	2
80	82	1
156	156	5
178	178	1
58	60	1
9	51	1
9	9	1
119	119	6
113	115	1
132	135	2
45	123	2
26	26	2
179	181	1
39	39	2
123	123	4
165	165	5
129	129	4
122	124	1
131	132	1
173	179	1
186	186	1
61	61	1
9	66	1
186	189	1
4	4	4
13	14	3
120	120	4
124	124	3
20	21	1
164	167	1
1	59	3
78	80	2
174	174	4
43	43	4
102	103	1
59	65	1
126	127	1
111	111	2
15	195	1
194	197	1
111	177	1
82	82	2
10	12	1
158	159	1
66	67	1
58	58	4
35	35	3
127	128	1
134	134	1
169	169	2
105	107	1
183	183	3
152	185	1
20	22	1
97	101	1
167	169	1
167	168	2
56	57	3
76	76	5
43	102	1
110	111	3
136	136	1
171	171	7
145	187	1
150	176	2
16	24	1
47	47	3
29	29	3
185	185	2
30	31	1
179	180	1
170	170	2
65	65	3
43	44	1
114	152	1
144	191	2
1	2	2
162	169	1
153	153	1
51	53	1
79	81	1
153	162	1
106	106	2
190	190	1
159	191	1
170	194	2
72	77	1
49	50	2
36	36	1
25	152	1
5	7	1
135	135	2
44	46	1
141	170	2
101	119	1
69	86	1
117	117	4
93	105	1
27	33	1
183	188	1
99	104	1
1	26	2
5	5	1
30	30	4
40	41	2
77	78	2
123	124	1
186	187	1
148	148	2
28	30	1
115	187	1
109	110	2
116	117	1
149	172	1
130	131	1
197	197	2
130	130	1
15	57	2
175	175	2
29	62	1
181	182	4
158	177	1
143	145	1
178	180	1
154	155	1
161	189	1
184	186	1
63	69	2
141	169	1
27	27	3
150	150	2
157	157	1
5	6	1
14	14	1
73	77	1
81	85	1
71	72	1
115	115	1
165	169	1
76	77	1
58	63	1
97	98	1
93	104	1
136	137	1
50	51	1
172	175	1
27	28	1
147	148	1
12	44	1
22	22	2
195	195	1
19	22	1
162	164	1
168	169	3
79	86	1
144	145	1
154	170	1
50	122	1
54	55	1
18	18	1
154	179	3
159	164	1
80	81	1
2	25	2
157	191	1
41	41	2
190	192	2
10	45	1
150	168	1
55	56	1
72	72	1
175	176	2
71	86	1
169	170	2
102	102	1
141	146	1
192	192	1
81	81	1
74	89	1
56	88	2
161	163	1
9	47	1
185	187	1
173	174	2
114	146	1
51	89	1
17	193	2
119	123	1
125	126	1
134	136	1
1	1	1
132	133	1
124	125	1
146	153	1
156	158	1
119	120	1
16	23	1
51	52	1
50	70	1
96	97	1
53	149	1
4	42	1
32	32	1
170	171	1
184	184	3
54	150	1
56	68	1
42	43	1
6	7	1
17	18	1
54	54	1
70	87	2
25	165	1
36	65	1
20	165	1
161	161	4
3	8	1
53	53	1
106	107	1
54	76	1
100	179	1
38	38	1
9	114	1
162	162	1
113	113	1
166	189	1
25	25	1
51	122	1
128	195	1
122	148	1
124	126	1
173	173	1
148	149	1
164	164	1
11	57	1
95	96	1
158	176	1
183	186	1
150	151	1
192	194	1
114	142	1
8	27	1
17	163	1
147	147	1
54	86	1
67	68	1
186	190	1
185	186	1
181	186	1
18	23	1
118	122	1
34	34	1
39	40	1
13	149	1
169	176	1
127	141	1
74	74	1
139	139	1
24	85	1
115	116	1
