48	48	3
85	85	8
78	79	4
65	65	5
45	57	2
47	47	15
60	60	10
12	47	1
10	10	5
46	47	3
66	86	1
8	23	1
6	6	3
60	62	1
96	96	3
10	18	1
97	97	3
35	74	3
93	93	9
59	60	3
83	85	1
94	94	6
28	28	4
46	61	3
70	70	2
20	78	1
66	66	6
33	33	11
8	9	3
99	100	8
19	29	1
13	13	5
2	2	2
110	110	3
83	95	2
32	34	1
40	50	2
116	118	1
41	42	1
37	37	3
101	101	2
12	13	5
43	43	3
9	10	7
7	49	3
80	80	8
4	4	1
6	7	1
120	120	3
90	93	1
94	95	2
125	134	3
93	98	2
131	132	1
103	105	2
130	131	5
91	93	1
31	31	6
102	102	4
124	124	4
55	55	2
13	14	2
49	49	6
8	8	5
27	27	7
74	74	9
99	99	5
59	62	1
11	11	6
9	9	7
25	25	3
83	86	1
108	113	4
116	116	2
94	118	1
21	41	1
11	12	1
37	38	4
17	17	4
61	64	2
19	19	2
41	41	2
104	105	4
57	57	7
34	34	3
82	84	2
44	95	1
26	80	1
30	90	2
101	102	1
93	94	1
79	81	1
8	30	1
33	78	3
77	77	4
76	85	1
88	108	3
62	69	3
82	83	2
86	86	5
84	94	1
91	91	5
81	82	3
34	73	1
121	121	1
80	103	1
90	90	4
4	90	1
87	104	1
109	122	2
40	40	3
17	18	3
32	32	8
15	16	3
125	125	5
95	95	7
68	68	5
28	81	1
91	92	1
47	98	1
81	81	2
35	35	5
94	101	1
92	92	3
85	86	6
26	29	1
4	18	1
111	111	6
36	36	3
21	27	1
132	132	2
62	62	5
30	32	2
72	72	6
87	88	4
103	103	3
67	67	1
45	48	1
12	16	1
84	84	6
26	26	10
96	99	2
125	128	1
15	15	2
55	56	1
11	14	1
12	12	7
112	112	2
129	129	1
124	125	3
119	119	4
75	76	3
59	59	5
61	62	1
82	129	2
49	62	3
61	61	3
13	18	1
41	71	1
31	32	1
130	130	2
25	27	4
100	100	3
123	124	1
46	46	5
64	64	3
27	28	1
78	78	4
56	76	1
24	83	2
78	127	2
20	21	4
93	129	1
36	55	1
13	27	1
28	90	1
5	6	1
7	14	2
81	83	1
114	115	2
114	114	2
21	37	2
66	68	1
82	82	5
3	4	2
27	30	3
38	40	3
69	69	3
58	118	2
26	36	1
47	49	1
102	104	1
47	60	1
30	30	3
106	106	3
110	111	3
20	20	4
40	42	2
100	122	1
88	89	2
108	112	1
45	64	1
7	8	1
105	105	3
6	48	1
24	25	1
119	120	3
109	110	4
28	29	2
58	58	3
8	31	1
44	44	3
23	74	1
67	68	1
34	108	1
47	85	1
45	45	2
24	24	3
83	84	3
45	75	1
75	102	1
90	91	1
118	119	1
87	87	6
46	59	1
10	32	1
29	29	1
115	115	1
42	42	1
29	36	2
11	93	2
100	102	1
76	76	2
18	18	2
44	62	1
35	36	1
94	131	1
39	39	1
7	31	1
123	123	3
129	130	1
26	27	1
113	113	1
2	3	2
4	5	2
34	35	1
120	121	1
42	44	2
99	102	1
38	39	2
73	74	2
132	133	1
107	107	3
22	24	1
19	20	1
75	75	3
24	27	1
47	48	5
122	123	3
83	83	2
103	106	1
33	71	1
83	129	2
25	82	1
108	108	1
29	30	3
134	134	1
8	60	1
75	77	1
15	19	1
77	82	1
131	131	2
17	21	1
16	23	3
44	47	1
24	26	1
45	62	1
58	59	1
95	99	1
118	118	3
8	10	1
87	89	1
29	49	1
79	80	1
16	16	2
83	96	1
87	92	1
32	59	1
61	73	1
78	80	3
89	133	2
18	19	1
12	27	1
95	100	1
96	98	1
49	85	1
45	101	1
69	70	2
73	73	2
3	3	1
47	93	1
79	79	3
122	122	2
12	46	3
25	83	1
83	128	1
23	31	1
37	44	1
13	64	1
57	58	4
84	95	1
112	114	1
109	109	1
38	81	1
124	134	1
87	93	1
39	114	1
8	27	1
20	39	1
29	31	2
12	80	1
51	56	1
88	88	1
21	22	1
95	102	1
106	111	1
48	86	1
80	81	1
99	101	1
98	98	1
22	27	1
105	114	1
103	107	1
50	84	1
111	112	1
62	68	1
72	73	1
77	78	1
126	127	1
108	109	1
87	94	1
47	84	1
14	14	1
38	38	1
46	94	1
2	101	1
100	101	1
63	63	1
108	110	1
71	72	1
84	87	1
28	91	1
