23	25	3
75	75	4
6	12	2
87	93	1
118	118	1
123	123	4
112	112	10
95	96	1
84	85	3
17	19	2
119	120	4
9	9	1
132	133	4
87	87	2
47	71	1
134	134	4
89	89	1
115	115	2
88	88	4
8	15	1
6	7	3
38	38	1
102	103	2
110	111	5
116	116	1
13	15	1
81	83	1
104	106	1
85	118	1
87	88	2
102	120	1
85	87	1
27	30	1
82	82	4
18	18	3
31	31	1
82	106	1
86	92	2
124	124	1
77	77	3
34	34	4
116	123	1
80	80	3
121	121	6
86	86	3
111	111	3
137	137	1
135	138	4
135	136	3
78	79	3
12	12	2
4	5	1
11	13	3
28	28	2
1	2	1
114	114	3
16	22	1
113	121	1
114	115	1
107	107	3
7	7	3
131	131	3
97	130	1
73	73	2
112	115	1
26	26	3
29	37	2
85	85	2
103	119	1
83	84	1
103	103	1
122	125	1
94	95	1
79	79	1
74	74	4
13	14	5
94	96	1
77	88	1
127	127	2
95	95	3
5	5	1
122	123	1
72	72	2
138	138	1
85	121	1
91	94	1
35	36	3
35	35	1
117	117	2
91	92	1
106	106	3
29	31	2
27	29	1
92	96	2
108	108	3
104	104	2
20	21	2
79	84	2
93	94	3
93	103	1
128	129	1
96	106	2
83	107	1
37	74	2
77	78	1
11	11	3
3	3	2
5	13	2
20	20	1
76	76	1
94	94	1
122	122	3
78	78	4
82	118	2
80	81	1
91	91	3
81	82	2
112	118	1
129	130	2
97	105	1
23	23	1
17	17	2
128	140	2
24	78	1
5	12	3
116	125	1
75	76	1
114	116	2
131	132	1
82	102	1
81	81	2
76	82	1
12	94	1
81	101	1
125	125	2
3	15	1
120	121	2
77	79	1
21	22	1
2	2	1
74	75	1
17	97	1
37	88	1
113	113	3
15	40	1
77	82	2
110	110	1
133	133	1
25	27	1
111	119	1
98	98	2
0	1	1
132	132	2
77	87	1
14	14	2
99	99	1
19	19	1
73	90	1
6	6	1
105	106	1
96	97	1
3	4	1
93	93	1
123	132	1
13	22	1
13	13	3
118	119	1
23	24	1
102	106	1
8	9	2
72	83	1
37	37	2
130	130	1
90	90	1
90	113	1
117	124	1
124	125	1
6	128	1
71	71	3
76	91	1
85	106	1
111	112	1
103	108	1
37	80	1
36	36	1
123	124	1
86	91	1
88	89	1
80	94	1
94	97	2
137	138	1
96	96	1
27	28	1
25	26	1
126	127	1
7	76	1
107	119	1
12	68	1
139	139	1
108	109	1
72	73	1
101	101	1
85	86	1
128	134	1
79	80	1
109	118	1
123	126	1
36	72	1
18	19	1
