112	113	6
81	81	2
43	81	2
7	11	2
8	37	3
87	88	3
114	116	4
77	77	4
131	132	2
24	32	2
16	46	1
16	16	5
11	11	6
5	60	1
91	91	5
131	131	2
101	105	1
25	25	3
89	93	1
13	13	2
7	7	3
4	6	1
30	31	3
20	21	5
104	104	1
43	83	1
34	34	2
62	62	4
3	3	1
23	25	1
107	107	4
95	95	5
49	101	1
94	94	7
98	98	5
132	132	2
25	83	1
105	105	2
101	101	3
128	128	2
92	97	1
10	100	2
90	91	3
10	10	2
6	7	3
76	78	2
133	134	1
4	5	2
103	103	1
97	98	4
96	96	3
6	8	2
31	31	1
28	32	2
80	80	7
92	92	3
69	70	1
72	72	1
22	32	1
78	95	1
115	115	2
128	132	2
37	39	1
97	99	1
109	111	2
27	79	1
131	133	3
72	127	1
3	4	2
46	46	6
105	108	2
26	48	4
5	24	1
13	22	2
16	43	3
64	64	3
16	122	1
26	30	2
74	74	6
119	119	3
57	59	4
46	65	2
104	106	2
111	115	2
21	36	1
37	37	3
59	74	3
34	88	3
83	128	2
77	78	1
106	106	3
35	74	1
130	131	3
45	48	1
126	127	2
58	58	2
24	24	2
35	86	3
12	18	2
6	6	3
100	104	3
26	27	7
55	78	1
101	121	3
73	129	2
12	14	1
111	113	1
114	114	2
102	102	2
84	85	4
114	115	1
29	29	2
95	98	4
97	97	3
13	33	1
63	75	1
40	41	1
85	85	4
27	29	2
57	75	1
32	33	1
15	16	4
34	82	1
79	80	2
93	93	2
57	57	3
116	116	3
11	12	1
96	97	2
62	73	1
127	131	1
117	117	3
35	35	2
25	33	3
40	44	2
45	89	1
25	26	7
56	80	1
67	67	2
101	102	2
29	30	2
68	68	3
27	90	3
9	10	1
99	100	1
28	28	2
83	87	1
46	47	2
35	39	1
65	65	1
90	90	10
63	63	3
45	45	2
48	48	2
21	21	1
75	75	1
27	28	2
16	18	1
98	100	1
57	76	2
44	44	1
17	29	3
32	61	1
26	26	2
36	37	3
44	58	1
125	125	2
108	108	2
19	19	3
23	23	3
29	31	2
89	89	1
21	37	1
22	22	1
111	112	1
34	35	1
21	22	1
30	30	3
8	10	2
130	133	2
17	33	1
81	82	1
14	15	2
80	95	1
48	80	1
99	99	4
31	32	4
92	93	1
13	14	1
78	78	2
41	41	3
66	67	1
7	16	2
41	42	1
76	77	2
127	127	1
36	108	1
10	11	2
42	42	3
69	69	2
17	17	2
100	100	1
9	9	4
60	62	1
20	20	2
5	27	1
65	111	1
83	83	3
43	43	1
3	7	2
79	79	1
56	56	4
51	56	3
118	118	3
86	88	2
23	26	6
33	34	2
38	39	5
88	95	1
20	87	2
73	73	1
74	75	1
14	14	5
121	121	1
112	112	1
23	74	2
129	129	2
8	36	1
121	122	1
17	85	1
18	18	1
44	45	1
16	19	2
122	123	2
104	105	1
31	41	1
74	78	1
36	38	1
10	62	2
108	110	2
113	115	1
42	45	1
106	110	1
61	61	1
5	5	1
80	83	1
56	57	1
71	72	1
117	123	1
33	33	5
67	68	1
28	29	1
93	101	1
13	118	1
133	133	1
27	91	1
12	12	2
57	58	1
27	27	1
28	89	1
39	41	2
40	40	2
26	28	1
81	85	1
75	77	1
126	126	1
84	113	1
38	71	1
38	38	1
7	93	1
44	72	2
26	32	2
74	77	1
84	84	3
47	75	1
127	129	1
93	94	1
56	58	1
70	70	1
111	111	2
4	4	1
55	55	1
101	103	1
79	81	3
47	47	4
31	107	1
68	69	2
12	41	1
82	84	1
100	101	1
33	37	1
13	24	1
38	40	1
73	75	1
49	79	1
12	37	1
91	92	1
60	61	1
8	8	2
28	90	1
26	31	1
82	82	1
28	42	1
87	87	1
76	76	1
0	0	2
56	59	1
108	129	1
42	43	1
29	72	1
23	29	1
98	99	1
64	70	1
33	73	1
55	79	1
11	27	1
37	50	1
14	21	1
