203	203	11
128	128	7
146	146	6
70	96	1
35	153	2
101	109	4
107	107	2
156	157	3
100	100	5
97	97	4
24	46	1
229	229	2
17	17	11
42	184	1
22	22	4
185	186	4
80	81	3
1	2	1
182	182	7
46	71	3
171	171	16
198	203	1
144	145	4
45	62	3
76	76	3
187	198	3
208	208	1
25	46	3
208	209	2
5	169	2
64	69	1
187	240	3
10	26	1
30	30	7
39	39	5
102	116	1
199	199	5
183	191	2
166	166	5
77	78	5
70	85	1
52	53	2
112	112	6
219	220	1
194	195	2
208	219	2
56	57	3
170	171	3
85	86	6
169	170	1
74	74	11
15	15	5
48	49	1
53	53	6
188	189	1
86	86	10
131	135	1
35	35	7
147	147	3
209	209	5
100	106	2
88	88	4
10	10	8
11	11	3
70	70	11
238	238	3
20	20	8
215	215	3
29	30	4
213	214	4
125	126	3
220	222	1
145	146	2
36	36	8
0	223	2
238	239	3
139	141	4
206	209	2
79	80	4
79	99	1
177	177	2
140	143	6
129	129	3
57	57	6
186	186	5
66	68	3
4	4	8
217	217	4
196	197	2
52	83	3
56	75	2
178	178	3
41	41	3
102	108	2
1	1	4
116	117	3
37	45	1
26	30	2
138	140	2
143	143	4
70	71	4
112	113	2
2	3	6
133	134	4
116	119	3
165	165	5
64	64	4
66	67	4
192	192	7
49	50	1
190	190	2
121	123	3
60	60	3
63	64	5
65	142	2
168	168	6
32	44	3
19	19	3
234	236	1
50	57	1
116	118	1
212	212	8
80	80	3
51	51	5
220	221	1
40	40	7
192	193	1
81	84	4
78	78	8
28	28	9
66	66	2
104	104	3
187	189	3
167	168	3
211	214	1
35	37	2
35	88	1
31	32	3
27	27	9
12	12	2
72	72	7
6	38	3
6	14	1
158	158	4
109	109	3
161	161	3
56	56	13
34	35	6
2	100	1
7	7	6
118	127	2
0	0	8
127	127	3
83	84	1
58	60	3
120	120	1
221	228	2
88	89	2
65	65	10
101	101	9
155	155	7
157	205	1
14	15	1
71	71	2
102	103	4
234	235	3
139	139	4
47	62	2
34	37	3
79	79	9
8	84	2
141	172	2
212	213	4
114	114	1
34	49	1
25	25	6
138	138	5
8	8	4
167	167	1
102	107	1
6	6	4
165	166	5
111	143	2
113	129	1
172	172	4
187	187	11
162	192	2
27	28	2
164	170	1
226	227	4
75	75	8
50	54	2
214	215	3
137	137	3
162	162	4
114	130	2
63	63	6
6	30	3
198	198	9
189	189	3
202	202	4
103	103	9
63	66	1
51	157	2
140	141	1
174	174	4
38	38	9
148	148	7
98	133	2
154	155	4
239	239	3
33	34	1
204	204	2
235	237	1
157	158	4
123	133	2
168	170	2
51	52	3
69	69	7
54	54	6
71	74	2
18	18	5
190	191	1
125	125	3
228	228	5
207	207	3
83	83	3
28	55	1
24	24	4
68	68	2
58	58	11
232	232	2
26	26	9
205	205	2
196	196	6
216	216	3
78	79	4
76	77	1
158	189	2
30	33	2
236	236	5
76	83	4
84	84	5
169	172	1
78	86	4
153	153	4
142	170	1
22	60	1
85	103	2
188	188	5
50	51	4
13	14	5
122	122	5
47	66	1
15	17	1
33	33	3
140	166	1
224	225	4
37	37	4
1	205	2
95	96	1
58	64	1
49	49	4
54	55	4
156	158	1
106	106	1
24	217	1
211	211	4
202	203	1
39	45	1
142	143	2
80	85	2
183	183	3
56	59	1
9	19	1
142	142	7
23	24	3
168	169	1
227	227	2
46	64	1
22	23	2
122	124	3
77	83	2
33	101	2
214	214	3
226	226	1
18	19	6
84	85	1
168	180	1
159	160	4
191	192	3
242	242	2
64	65	4
80	154	1
148	182	3
146	190	1
136	137	3
53	84	2
106	114	2
76	78	3
1	3	2
32	33	5
150	152	1
86	87	1
140	140	5
175	175	2
14	56	1
3	3	2
115	125	1
80	84	1
59	59	10
161	182	1
38	67	1
27	29	1
98	98	3
9	9	5
228	229	3
127	128	1
182	183	2
150	154	1
91	91	2
191	191	3
82	82	6
35	36	4
180	180	4
81	81	3
12	13	4
13	13	4
15	19	1
149	151	1
209	210	7
80	104	2
13	21	2
141	141	2
76	79	1
207	208	4
62	146	1
62	63	4
103	104	1
56	61	2
191	196	1
53	54	1
174	186	1
37	38	8
21	22	5
47	67	3
82	83	3
34	34	3
65	67	1
144	144	4
77	77	5
210	212	4
186	187	2
114	158	1
128	129	2
187	188	2
217	218	4
137	168	3
212	221	1
99	99	3
17	33	1
12	57	3
166	180	1
162	189	2
33	155	1
108	109	1
240	240	2
11	13	1
118	118	1
36	47	2
152	174	2
4	6	1
67	67	5
210	210	3
23	23	4
159	176	3
150	150	1
163	163	4
165	171	2
204	206	3
65	66	2
31	33	1
5	5	4
52	54	1
49	51	3
123	123	4
46	46	5
111	112	1
32	32	6
17	199	1
57	58	3
19	20	2
221	222	3
195	195	2
209	227	1
178	180	2
164	166	1
114	155	1
123	130	1
75	81	1
239	240	2
55	55	4
43	44	2
158	231	1
138	142	1
8	23	3
126	126	7
100	103	3
149	156	1
98	99	1
97	99	1
213	213	3
47	48	2
151	151	5
145	145	3
124	125	2
151	152	2
163	165	2
52	52	5
188	198	1
155	157	1
7	77	1
5	34	1
213	225	1
47	54	1
57	59	3
124	124	3
133	133	3
16	33	2
67	88	2
114	125	2
169	169	5
42	53	1
211	221	1
17	19	1
18	200	1
152	153	1
225	225	1
98	203	1
120	121	1
122	135	1
144	146	2
96	96	2
198	232	1
25	32	2
134	134	2
183	186	1
241	243	2
45	46	1
138	139	1
139	199	1
224	224	4
140	200	2
86	189	1
179	179	1
16	16	2
24	43	1
223	223	3
14	14	7
219	219	2
17	59	2
62	62	3
33	36	1
19	22	1
55	171	1
61	62	5
218	218	1
58	65	1
178	200	2
200	200	2
32	84	2
123	124	3
45	45	5
186	190	2
164	164	6
141	142	3
33	203	1
38	43	2
48	48	1
144	147	1
127	219	1
69	72	2
6	34	1
175	176	1
201	202	1
59	70	2
141	147	1
9	217	1
39	40	1
216	217	1
117	117	2
169	182	1
43	190	2
29	29	5
4	8	2
55	74	1
78	81	1
171	172	2
26	27	2
146	147	4
160	160	1
206	206	4
152	162	3
149	150	2
74	75	1
185	185	6
15	24	1
220	220	3
85	85	1
234	234	1
58	61	2
24	25	3
167	179	1
29	32	2
221	223	1
101	102	2
230	231	1
42	42	1
102	102	2
199	200	2
97	98	1
9	10	4
69	105	1
69	70	2
193	193	6
107	108	1
61	61	1
65	68	2
198	199	1
142	144	1
31	31	2
156	156	2
175	178	1
75	157	4
198	204	1
10	54	1
135	150	1
19	57	3
231	231	2
113	113	5
225	226	1
197	197	2
118	131	1
139	181	1
50	50	4
140	142	1
43	43	2
28	69	1
230	230	4
77	104	1
36	153	3
61	63	1
135	135	1
100	109	3
183	190	1
170	177	1
99	100	1
232	233	1
28	29	1
233	233	1
191	193	1
96	97	1
105	105	3
5	6	1
39	41	3
168	177	1
121	128	1
20	21	1
125	130	3
203	204	1
241	241	1
34	201	1
2	4	2
134	135	1
148	150	1
131	134	1
119	125	1
8	16	1
157	157	2
135	139	1
118	128	1
43	54	1
131	131	1
162	194	1
133	135	2
164	183	1
38	44	2
17	18	1
160	161	1
46	72	1
168	178	1
221	221	3
50	53	1
36	42	1
11	17	1
31	49	1
43	45	1
10	219	1
114	144	1
65	69	1
7	8	1
47	47	3
147	148	2
115	127	1
31	50	1
139	145	1
38	53	2
69	194	1
56	58	1
206	213	1
37	44	1
19	200	1
13	17	1
201	201	1
170	198	1
61	181	1
223	225	1
67	89	1
73	74	2
102	105	1
18	22	1
213	215	1
132	132	1
81	157	1
137	152	2
106	116	1
106	108	1
115	115	1
194	194	1
194	196	1
117	118	1
160	224	1
34	200	1
20	29	2
153	154	1
7	13	1
44	44	2
196	201	2
71	73	1
5	7	1
34	58	1
188	212	2
215	220	1
57	68	1
181	181	1
3	6	1
111	111	1
44	64	2
121	122	1
144	198	1
116	116	1
32	37	1
209	211	1
48	54	1
148	149	3
174	175	1
136	158	1
52	162	1
25	28	1
24	201	1
218	219	1
0	3	1
139	140	1
60	119	1
172	182	1
154	157	1
51	83	1
166	167	3
2	20	1
205	206	3
157	214	1
203	230	1
137	143	1
161	200	1
32	101	1
18	20	1
47	52	1
150	175	1
63	68	1
44	72	1
212	216	1
37	40	1
40	41	1
200	207	1
160	164	1
211	216	1
21	23	1
111	142	1
184	188	1
188	190	1
86	103	1
113	120	1
160	230	1
113	115	1
26	64	1
233	237	1
101	113	1
75	77	1
206	241	1
80	82	1
155	156	1
115	116	1
119	119	1
180	182	1
2	22	1
190	196	1
183	185	1
177	178	1
165	168	1
82	233	1
