15	32	1
3	3	11
22	26	1
20	20	5
74	75	2
49	52	1
8	8	4
67	67	1
0	0	1
42	59	1
24	25	3
41	42	1
68	68	1
0	1	2
33	34	1
34	38	1
46	46	2
59	62	1
48	48	1
43	44	1
69	71	1
54	56	1
18	18	1
28	34	1
52	53	1
71	71	4
42	55	2
58	58	2
57	57	1
71	72	2
2	12	1
12	13	1
40	40	2
54	54	1
47	47	1
26	27	4
58	59	3
63	63	1
37	38	3
28	28	1
51	51	3
76	76	2
9	9	2
45	53	1
50	50	4
61	69	2
74	74	2
62	66	1
22	25	1
36	37	1
41	41	2
53	53	1
21	21	4
7	7	2
59	61	1
44	74	1
5	5	1
45	74	2
0	7	2
35	35	1
53	66	2
12	12	2
18	19	2
73	73	2
38	38	2
1	1	1
55	56	2
40	53	1
70	72	1
36	39	1
72	73	1
11	11	3
56	56	1
43	45	2
27	35	1
25	25	1
50	68	2
61	74	1
27	27	1
5	6	2
65	69	1
10	18	1
47	48	1
25	40	1
29	29	3
7	8	1
61	61	1
40	41	1
45	45	1
32	39	1
65	65	1
55	55	1
6	8	1
22	24	1
65	67	1
34	34	1
6	7	2
45	52	1
13	18	1
70	70	1
33	33	1
25	34	1
23	23	1
40	42	1
51	52	2
29	30	2
46	58	1
10	11	1
6	6	2
25	75	1
60	60	1
68	69	1
27	51	1
66	66	1
34	36	1
6	32	1
58	63	1
67	70	1
41	43	1
49	51	1
44	45	1
