164	191	2
78	78	2
10	173	2
119	119	9
171	172	1
245	246	7
236	239	2
114	115	3
11	11	5
110	110	4
84	85	2
81	81	7
196	196	5
40	40	5
85	86	1
107	107	3
90	90	7
120	120	3
81	83	1
61	85	1
226	241	1
62	90	1
48	62	2
163	164	5
100	100	2
162	163	3
19	19	4
66	66	4
170	208	2
242	242	7
61	61	2
1	201	1
222	222	4
46	46	3
52	52	2
25	26	1
161	162	2
73	74	2
158	179	1
245	245	9
179	179	6
69	109	1
86	102	1
109	167	1
47	76	1
9	54	1
197	197	7
213	242	2
210	211	4
64	99	1
167	214	1
117	117	5
98	100	3
111	111	4
248	248	2
185	185	8
158	159	1
222	227	3
10	156	1
29	30	3
209	209	1
182	182	3
227	233	1
193	194	3
154	154	6
238	240	1
116	116	4
186	205	3
25	25	2
201	202	1
247	247	8
62	114	1
20	88	1
190	191	5
167	167	7
154	158	1
208	208	10
96	98	2
199	200	3
221	221	2
95	96	3
195	196	1
182	214	1
226	226	5
9	9	4
207	207	2
37	37	4
183	208	1
18	18	4
165	166	4
156	193	3
40	230	2
24	29	2
19	113	3
71	71	7
77	77	7
211	225	1
34	87	1
80	80	1
170	191	2
33	39	1
198	198	2
216	237	1
95	95	3
154	160	1
118	118	3
107	108	3
217	218	4
47	47	3
166	166	5
13	13	1
73	73	3
43	44	2
82	82	1
243	247	2
19	20	3
63	83	1
213	213	5
160	160	5
8	8	3
44	45	2
166	200	1
65	66	2
17	17	5
150	240	1
115	117	4
42	112	1
42	42	5
172	233	1
229	229	6
183	184	3
176	176	3
247	248	2
3	204	1
81	84	1
66	68	1
216	216	3
49	58	1
205	205	5
119	120	2
168	212	1
99	99	1
14	14	2
67	67	6
39	39	4
180	183	1
181	183	2
112	113	1
93	93	3
162	188	2
185	186	3
19	34	2
214	243	1
2	2	1
89	89	3
246	247	2
206	206	2
188	188	3
211	211	3
36	36	4
101	103	2
38	38	2
208	219	2
175	179	1
172	172	3
91	91	5
21	22	6
171	171	2
191	194	1
168	172	1
48	110	2
35	36	4
220	223	1
160	162	2
169	170	3
22	23	1
14	15	1
151	151	5
8	94	2
46	48	1
215	215	1
190	190	3
76	77	3
178	178	1
231	232	3
221	222	3
214	214	1
94	95	1
120	144	2
64	176	1
9	10	2
6	90	2
65	65	4
77	80	1
7	7	3
33	34	1
78	79	4
114	117	1
189	190	1
242	246	2
244	248	1
171	173	3
169	169	3
97	97	2
244	244	3
102	120	1
243	244	2
62	66	2
145	145	2
80	81	1
32	32	3
65	112	1
57	57	3
112	112	3
154	156	1
227	234	2
69	69	4
69	70	4
199	199	2
161	163	1
101	101	1
153	160	2
195	195	3
154	203	1
97	98	5
184	185	2
64	64	7
193	193	2
75	75	2
40	173	1
181	233	1
159	159	3
152	152	6
187	195	1
210	224	2
79	80	1
42	57	1
167	169	2
170	182	1
163	163	1
224	225	2
180	181	4
58	59	1
21	21	2
50	50	2
163	168	2
165	167	1
184	215	1
106	106	3
79	85	2
37	38	2
182	183	1
9	53	1
56	56	5
92	92	1
109	109	1
58	73	1
44	44	6
61	62	1
193	196	1
202	205	2
223	223	4
39	40	2
186	186	3
26	26	2
63	63	3
229	230	1
105	106	3
20	21	2
37	39	1
149	149	1
38	199	2
233	233	3
23	26	1
202	202	5
28	28	4
172	173	2
175	175	3
23	23	1
168	177	1
155	155	2
234	234	4
145	161	1
173	173	4
189	189	3
191	191	3
31	33	1
48	60	1
38	66	2
67	70	1
167	177	3
65	93	1
71	74	1
183	185	1
157	157	3
241	241	4
71	72	1
206	207	1
2	3	1
11	85	1
114	114	4
168	169	2
6	6	2
234	235	2
205	209	1
50	198	1
56	57	1
177	177	4
5	5	2
71	73	2
47	51	1
108	108	2
227	228	2
156	156	3
215	217	1
48	91	2
54	54	4
173	180	1
235	236	3
53	55	1
49	50	2
104	106	1
115	172	1
216	217	3
187	187	4
66	112	2
184	184	1
90	91	2
182	197	2
163	165	2
160	178	1
62	62	2
87	87	3
8	46	1
22	22	2
233	234	2
150	186	2
194	194	3
4	6	1
175	212	1
43	43	3
16	115	1
181	200	1
41	41	1
89	91	1
203	233	1
24	25	1
29	29	2
153	185	1
47	49	1
165	165	2
229	236	3
171	195	1
10	10	2
48	57	1
113	113	4
180	195	1
183	183	4
54	70	2
181	181	4
102	102	4
203	203	4
246	248	1
162	168	1
35	38	2
34	37	1
48	89	1
1	1	1
220	228	1
10	93	2
19	38	1
111	112	2
45	45	2
27	27	2
33	33	2
217	219	3
200	200	2
12	13	1
187	188	1
85	85	3
158	163	1
243	243	1
220	220	1
210	210	3
13	15	1
189	196	1
30	58	1
23	24	1
70	90	1
175	176	3
152	219	1
227	227	1
24	24	2
16	16	4
237	239	1
115	115	1
220	229	1
35	40	1
42	45	1
169	171	1
203	204	2
240	240	1
170	170	2
159	202	1
20	20	2
150	153	1
162	162	4
62	78	1
232	234	1
212	212	1
150	179	1
212	228	1
218	219	2
8	9	2
49	49	1
45	233	1
72	72	1
181	184	1
111	145	1
34	88	1
160	161	1
231	231	2
100	103	1
154	155	1
153	153	2
39	42	1
208	211	1
212	213	2
116	118	2
144	147	1
32	33	1
68	108	1
103	103	1
118	119	2
205	231	1
31	31	1
219	242	1
214	245	1
223	225	1
225	228	1
70	74	1
34	35	1
51	51	1
92	93	1
199	201	1
150	151	1
213	239	1
217	237	1
170	207	1
82	89	1
109	156	1
81	82	2
173	191	2
182	219	1
94	94	3
158	158	2
69	74	1
230	237	1
166	213	1
153	157	2
15	15	2
150	150	2
232	232	2
226	249	1
60	61	1
217	236	1
75	76	2
28	29	2
112	150	1
205	206	1
110	166	2
4	4	3
80	236	1
238	239	1
110	111	1
15	85	1
71	76	2
80	231	1
175	177	2
47	108	1
193	197	1
15	16	1
24	26	3
30	30	1
27	44	1
18	42	1
201	201	2
64	66	1
19	35	1
214	215	1
157	158	1
12	14	2
224	228	1
0	1	1
98	98	1
238	241	1
61	101	1
159	164	2
202	203	2
74	74	3
207	209	1
21	31	1
80	82	2
187	192	1
225	242	1
180	194	1
189	191	2
217	217	2
223	224	2
202	227	1
174	174	2
67	101	1
64	68	1
228	228	1
26	27	2
62	113	1
180	180	1
30	35	1
144	145	1
72	84	1
213	214	1
95	98	1
217	246	1
189	192	1
210	221	2
218	218	1
162	165	1
192	192	1
12	12	1
230	230	2
179	180	2
48	103	1
70	71	1
240	241	1
57	58	1
152	166	1
164	164	2
110	113	1
187	189	1
166	177	1
59	59	1
158	164	1
238	238	1
102	103	1
209	221	1
180	185	1
82	84	1
220	221	1
55	114	1
169	190	1
209	210	1
201	244	1
225	226	1
197	200	1
34	34	1
4	5	1
111	114	1
15	113	1
204	205	1
246	246	1
201	241	1
11	12	1
172	176	1
236	237	1
239	239	1
27	41	1
240	242	1
212	221	1
27	154	1
72	74	1
242	243	1
203	235	1
63	64	1
194	195	1
75	102	1
176	177	1
219	219	1
225	225	1
34	39	1
115	116	1
36	37	1
35	115	1
99	100	1
54	92	1
48	48	1
56	111	1
51	100	1
214	219	1
170	171	1
120	145	1
190	192	1
154	241	1
181	182	1
164	166	1
53	53	1
42	43	1
63	77	1
63	101	1
205	219	1
