122	123	3
10	10	7
85	85	5
99	99	5
14	15	6
40	42	3
65	65	1
73	79	1
83	84	10
1	2	2
92	92	6
88	88	10
23	33	3
109	109	10
88	89	5
100	101	2
6	6	7
1	1	6
86	99	1
69	69	4
33	39	1
38	39	3
83	85	5
90	90	9
130	132	3
23	25	6
84	84	8
19	21	2
85	103	4
34	85	1
78	81	3
95	96	5
46	46	9
26	27	5
50	50	7
41	43	3
105	123	1
51	52	4
54	54	7
32	56	1
78	90	3
4	4	4
101	101	4
95	95	14
112	112	7
76	77	3
2	4	1
96	96	8
118	118	8
122	122	2
56	56	12
81	81	9
19	19	6
14	18	1
130	130	8
55	56	1
60	61	2
126	126	4
17	32	1
82	83	5
70	71	11
93	93	5
0	116	1
11	11	12
61	61	3
3	4	1
15	17	2
20	21	2
33	33	4
86	86	6
105	105	7
131	132	1
74	82	3
18	18	8
14	14	5
87	88	2
83	83	3
125	131	4
101	102	3
126	127	8
58	58	4
65	66	4
4	63	2
26	26	8
63	63	4
41	41	6
97	98	8
67	68	4
125	125	4
42	43	8
8	49	1
84	127	1
11	28	1
103	103	9
28	28	5
104	104	5
49	49	6
94	94	9
62	64	1
17	17	6
16	16	7
111	111	2
64	109	1
62	102	2
79	79	9
48	77	2
58	60	2
20	120	2
120	120	4
80	80	8
20	110	1
18	21	5
55	55	3
64	64	4
127	128	3
44	45	3
103	127	7
25	26	5
119	119	5
53	54	3
43	43	7
128	129	1
10	112	1
77	77	9
108	117	1
67	67	9
85	88	2
62	62	4
55	80	2
77	106	1
113	122	1
9	9	10
13	13	6
82	84	2
106	107	2
44	65	1
52	52	7
9	17	1
99	101	1
107	124	1
24	24	3
100	100	8
79	80	2
106	106	3
22	26	1
98	99	2
78	79	4
44	44	5
66	66	7
107	107	9
21	21	2
59	61	4
127	127	3
51	64	1
9	90	3
77	78	2
18	19	3
3	21	2
123	123	7
88	90	1
40	41	2
108	108	6
98	100	2
105	107	3
2	6	1
114	114	2
5	13	1
29	62	1
16	44	2
116	116	9
74	74	8
29	106	2
117	117	2
27	28	1
91	95	1
44	85	2
40	75	3
102	102	7
21	75	2
50	51	3
22	22	3
17	19	1
74	83	2
15	15	8
110	110	6
57	57	5
91	91	7
98	98	4
81	82	2
88	91	1
72	72	6
31	92	2
29	29	6
29	32	2
51	51	11
5	7	1
40	40	12
129	130	4
85	87	2
90	96	1
74	76	3
82	82	6
80	89	1
2	29	1
107	119	2
39	124	2
103	130	2
4	22	1
5	17	2
64	114	1
58	59	2
49	51	4
53	53	6
80	81	5
101	103	1
12	12	2
107	110	1
68	69	3
55	67	1
80	82	1
129	129	4
78	80	2
96	109	1
12	13	2
66	77	3
85	86	3
69	80	2
99	100	1
107	128	1
70	70	6
41	42	2
8	9	1
59	59	7
105	106	3
117	118	1
43	53	1
109	110	3
15	16	3
94	95	3
81	124	3
50	52	1
20	20	5
87	87	6
92	93	2
8	8	3
91	92	1
129	131	1
83	87	1
106	121	1
89	89	1
121	121	4
128	128	7
92	118	1
68	68	2
91	133	1
97	99	3
4	6	1
66	67	2
32	88	2
62	63	2
27	29	1
39	41	2
1	27	1
113	113	3
13	14	1
126	128	4
15	25	1
75	75	6
26	64	2
71	72	3
27	27	7
2	2	2
97	97	2
43	88	1
19	20	1
71	71	3
23	42	2
73	75	1
10	27	1
26	46	1
42	42	3
0	0	2
30	31	1
47	47	7
69	70	2
125	132	1
21	27	1
43	72	1
118	119	4
78	78	6
64	100	2
73	73	1
63	64	1
58	61	3
3	3	4
20	27	1
63	106	1
46	133	1
101	118	2
84	85	2
46	47	2
86	88	3
40	94	2
116	117	1
60	60	5
46	48	1
70	104	2
87	117	1
110	120	1
17	26	1
108	118	2
87	91	1
7	32	1
114	116	4
22	23	3
21	73	1
115	116	1
11	15	1
6	12	1
82	126	1
75	76	1
9	10	3
33	85	1
33	38	1
45	46	1
48	49	1
34	34	3
56	65	1
93	94	2
130	131	5
54	55	1
39	39	2
18	22	2
110	111	2
115	115	1
82	108	1
57	58	1
84	104	3
111	113	1
11	120	1
102	130	1
74	75	1
38	41	1
68	91	1
67	75	1
79	103	2
108	127	1
11	13	1
83	127	3
22	58	1
104	105	4
5	5	2
32	32	3
104	108	1
21	43	1
60	63	1
12	15	2
86	87	1
11	12	2
31	32	1
114	115	2
52	53	1
39	40	2
31	31	1
4	32	1
4	16	1
25	25	2
61	100	1
126	130	1
18	20	1
2	27	1
90	127	1
115	131	1
27	69	1
62	103	1
109	124	3
67	99	1
87	93	1
61	101	2
42	94	1
107	130	1
21	22	2
15	55	1
132	132	1
125	127	2
97	132	1
53	120	1
76	83	1
110	121	1
76	76	3
7	8	1
112	113	3
115	118	2
124	125	1
13	15	2
87	92	1
69	76	1
73	95	1
104	122	1
7	28	1
56	66	1
126	129	1
10	11	1
38	38	3
37	42	2
80	126	1
61	62	1
124	124	2
17	23	1
125	126	2
116	119	1
87	89	1
93	95	3
50	117	1
58	108	1
81	108	3
56	124	1
86	91	2
49	50	1
103	129	1
10	20	1
5	31	2
23	23	1
104	111	1
113	114	1
109	125	1
97	119	1
112	123	1
79	81	1
82	124	1
123	124	1
22	30	1
59	73	1
33	47	1
89	91	1
3	22	2
30	30	1
69	85	1
43	44	1
108	109	1
34	74	1
60	66	1
128	130	1
67	78	1
85	90	1
107	108	1
21	112	1
64	65	1
92	94	1
0	57	1
31	130	1
17	18	1
9	47	1
17	42	1
9	30	1
54	113	1
3	16	1
