69	73	1
76	77	4
58	77	1
37	37	1
58	79	2
81	82	1
31	31	2
92	92	4
87	87	1
33	39	1
23	24	2
73	73	2
103	104	1
108	108	1
77	96	1
97	97	1
81	95	1
94	95	3
80	98	2
78	79	4
53	72	1
80	80	2
40	53	1
74	75	3
89	90	1
109	109	1
72	73	1
43	43	2
63	64	2
66	66	3
70	83	1
101	101	5
70	71	1
36	48	1
66	81	1
29	29	2
113	113	4
57	60	3
32	39	1
93	93	1
100	100	2
26	32	1
51	51	2
36	37	1
30	31	1
20	79	1
33	33	4
38	39	2
94	106	1
40	40	6
23	27	2
19	19	1
71	71	3
60	60	3
92	96	1
50	51	1
72	72	1
54	54	1
107	108	1
62	64	1
40	41	1
31	67	1
43	45	2
80	87	1
42	43	2
85	86	3
26	76	1
74	74	2
102	102	2
111	111	3
94	94	4
51	52	1
100	102	1
57	57	2
43	44	2
47	47	2
105	105	2
30	30	2
30	67	1
95	95	2
88	91	1
79	98	1
95	96	1
70	70	1
103	103	2
92	93	1
112	113	1
49	49	1
54	57	1
98	98	2
93	96	1
90	90	1
103	108	2
27	37	1
40	89	2
35	35	1
63	63	1
89	89	2
104	106	3
56	56	1
64	64	1
39	39	2
53	77	2
25	25	1
36	36	2
65	65	1
30	37	1
29	100	1
92	100	2
75	75	4
26	26	2
23	31	1
27	28	2
48	48	1
87	89	1
23	92	1
61	61	2
93	94	2
102	108	1
37	39	2
32	33	1
83	113	1
23	23	1
37	40	1
80	95	2
78	78	1
61	62	1
50	50	2
83	83	1
39	41	1
69	79	1
107	107	1
26	27	2
77	77	2
67	67	2
33	37	1
82	100	1
96	97	1
82	82	2
113	114	1
83	87	1
89	91	1
27	27	2
99	99	1
65	75	1
58	65	1
62	62	1
109	110	1
25	29	1
81	81	1
22	22	2
28	28	1
35	36	1
24	24	1
33	110	1
99	101	1
102	109	1
58	58	1
82	83	2
45	45	1
64	65	1
110	111	2
45	111	1
110	110	1
77	78	1
65	66	1
83	84	1
44	44	1
66	112	1
20	20	1
86	87	2
41	41	1
24	29	1
55	55	1
19	89	1
59	59	1
104	107	1
32	75	1
