1	99	1
24	45	1
35	35	5
76	76	8
162	162	7
120	161	1
170	172	1
177	178	2
121	158	2
122	122	2
2	9	1
41	42	5
154	156	1
14	14	7
66	66	2
93	94	2
96	142	2
119	119	6
22	25	1
131	131	6
98	100	3
11	12	5
109	109	4
134	161	1
5	5	11
84	85	7
121	130	1
140	140	8
166	166	2
104	105	3
160	160	8
68	75	2
128	152	2
160	164	1
179	179	3
124	125	4
13	18	2
26	26	4
160	162	4
17	18	4
52	56	1
145	145	5
64	65	6
15	15	7
167	168	4
153	153	4
150	150	7
143	143	5
61	65	1
30	30	8
55	55	3
132	132	9
148	148	10
19	35	2
4	4	7
93	93	3
50	50	3
21	26	1
32	32	12
11	45	1
83	84	4
3	3	18
59	60	3
149	149	11
148	150	1
102	102	4
29	29	4
65	65	8
27	27	5
19	19	9
85	90	2
3	4	12
139	139	5
28	29	5
44	45	2
126	126	6
83	124	1
16	38	2
126	142	1
87	89	2
4	6	4
130	131	6
169	169	7
36	36	9
135	141	1
12	13	14
70	110	1
10	10	9
131	132	1
170	170	5
19	20	6
18	19	3
82	86	1
49	50	2
12	14	3
135	135	2
98	99	1
113	113	6
36	38	1
129	151	1
37	37	7
23	176	1
144	178	1
127	144	1
121	121	3
154	154	6
102	104	5
136	136	2
39	39	11
24	24	3
2	4	5
28	28	7
107	107	1
134	175	1
128	129	2
85	87	1
1	1	11
24	25	2
123	123	4
117	117	3
81	105	1
36	37	6
29	30	6
94	94	6
115	115	4
96	97	5
25	25	11
151	154	1
51	53	1
43	43	6
91	153	1
90	90	9
116	121	2
163	163	6
68	68	3
110	167	1
120	121	2
129	129	3
75	75	6
38	38	9
164	171	1
108	109	2
65	68	2
167	167	11
145	153	1
11	11	6
168	168	7
44	44	5
165	167	1
25	26	4
133	133	7
158	158	5
164	164	3
31	33	2
121	124	1
101	101	3
154	164	1
85	85	5
106	106	1
53	81	2
87	87	2
100	100	1
2	6	2
6	7	1
33	82	1
9	10	2
35	37	1
9	9	9
20	21	2
13	14	2
98	172	1
141	142	2
40	41	5
11	13	3
72	72	4
135	152	1
112	114	2
6	6	9
8	45	2
107	108	3
27	32	1
46	46	1
51	52	2
56	56	7
50	61	2
6	19	2
64	108	1
84	84	4
110	112	1
149	150	2
42	51	1
165	165	2
16	17	2
140	141	2
117	119	1
31	32	5
15	18	2
82	91	2
141	144	2
118	119	6
52	52	3
58	90	2
4	158	2
159	160	1
65	160	1
17	50	2
140	145	1
15	16	3
172	172	7
54	55	3
26	28	3
104	104	4
2	2	11
92	94	4
64	64	3
106	108	1
22	22	10
12	12	4
72	88	1
82	82	1
18	18	5
126	143	2
111	113	2
152	152	4
119	144	1
178	178	7
61	61	2
142	143	4
138	138	9
67	67	4
129	131	1
43	44	5
12	15	1
56	57	3
26	27	1
31	31	7
13	23	3
142	142	6
130	130	3
42	45	1
1	5	1
138	162	3
141	141	7
147	150	2
2	5	2
100	117	1
86	86	3
124	124	1
34	34	3
156	157	2
39	44	2
147	148	2
27	29	2
8	8	10
140	148	1
171	173	3
66	92	1
99	101	1
9	20	1
11	14	2
11	31	1
134	134	7
34	37	1
0	1	5
154	155	1
17	17	3
73	73	4
1	10	4
83	83	3
91	93	1
91	102	1
16	18	5
109	111	4
21	21	2
118	118	9
108	108	3
23	23	11
180	180	5
63	63	3
54	135	2
22	23	7
78	78	6
10	11	4
62	63	4
161	161	2
73	75	1
35	36	3
35	41	1
29	31	1
57	58	2
147	147	7
16	107	1
143	144	3
90	94	2
110	110	3
0	40	1
11	15	1
111	114	1
4	46	2
88	88	5
161	162	7
135	136	3
80	80	3
0	10	1
4	5	5
153	154	3
5	6	7
40	40	6
91	94	1
22	24	1
33	33	6
148	158	1
170	171	2
71	71	4
41	41	8
14	15	4
33	35	4
118	121	1
125	126	1
67	68	4
81	82	4
9	19	1
91	100	1
151	152	1
81	81	2
12	19	2
5	38	1
77	91	2
112	169	1
61	64	1
76	77	2
89	89	5
142	145	1
102	105	1
96	96	3
157	157	2
17	44	1
45	45	2
1	37	1
125	131	1
95	96	2
38	39	3
32	38	1
77	77	3
54	59	1
57	57	3
137	138	3
20	20	2
175	176	1
148	155	1
13	40	1
146	146	3
83	85	1
159	167	1
22	42	1
177	177	2
15	26	1
120	143	1
105	105	1
58	60	1
77	88	1
39	40	6
113	114	1
113	117	2
133	150	1
92	92	2
17	20	1
11	17	1
8	11	2
91	91	2
158	163	1
16	16	8
11	19	1
78	122	1
111	111	3
42	42	4
87	88	2
53	53	3
32	43	1
127	128	1
2	14	1
46	84	1
0	0	3
26	32	1
21	23	3
3	10	1
64	147	1
175	179	2
127	127	4
139	140	1
31	38	1
95	95	7
116	117	2
10	16	2
56	85	2
116	116	2
172	173	2
90	92	1
60	60	2
136	137	2
129	166	1
34	35	2
5	20	1
153	161	1
85	86	2
111	167	1
157	161	1
178	180	1
25	84	1
92	93	1
42	50	1
6	10	3
8	9	5
18	44	1
165	166	1
38	43	2
14	16	1
72	74	1
162	175	1
7	7	6
13	13	4
74	76	2
120	120	3
114	115	2
27	28	2
1	18	1
37	121	1
43	45	5
60	61	2
81	110	1
65	174	1
42	46	1
85	92	1
7	8	2
71	140	1
39	43	1
173	173	2
23	28	2
138	176	1
171	171	7
30	57	1
18	30	1
58	74	1
62	165	1
3	19	1
162	173	1
54	54	4
155	156	2
109	113	1
32	33	3
107	109	2
108	111	1
55	94	1
34	41	1
51	51	5
150	169	1
31	43	1
125	134	1
176	176	4
141	163	2
22	33	1
59	93	1
74	74	2
78	79	1
163	164	2
100	101	1
4	15	1
174	174	1
2	3	6
7	9	3
8	13	1
79	79	2
114	116	1
8	29	1
144	156	1
105	106	1
60	136	2
122	123	1
156	166	1
102	136	1
33	34	2
132	135	1
40	42	1
52	53	4
9	43	2
66	68	1
23	31	1
168	175	1
171	172	2
85	105	1
126	128	1
25	77	2
98	112	1
73	74	1
94	96	1
114	114	1
4	12	1
23	41	1
166	167	2
159	170	2
150	151	1
71	72	1
18	20	1
41	45	1
95	138	1
7	31	2
36	40	1
44	177	2
148	149	1
88	119	1
91	92	2
75	77	2
96	110	1
15	23	2
23	87	1
103	103	1
112	113	2
99	100	2
155	164	1
26	33	1
102	103	3
5	8	2
21	22	3
61	62	1
170	175	1
169	170	1
19	174	1
128	128	1
42	43	1
134	138	1
164	170	1
7	27	1
16	21	1
82	83	1
8	10	2
135	161	1
24	26	1
49	49	1
9	30	1
131	153	1
99	99	1
0	36	2
1	2	1
125	125	1
1	32	1
22	90	1
90	91	2
28	31	1
133	137	1
68	71	1
16	22	1
117	118	2
110	111	3
115	118	1
86	90	1
91	105	1
75	86	1
123	124	2
86	87	1
5	7	2
30	52	1
57	147	1
106	124	1
112	171	1
13	16	1
96	101	1
56	59	2
62	64	1
9	11	1
101	102	1
17	72	1
97	104	1
50	52	3
152	157	1
84	86	2
131	150	1
13	21	1
24	29	1
151	153	1
6	42	1
98	101	1
83	87	1
65	66	1
59	59	3
28	30	1
67	101	1
146	147	2
125	150	2
131	135	1
150	154	1
2	7	1
55	56	3
80	82	1
132	161	1
54	136	1
104	114	1
97	113	1
41	44	1
49	51	1
81	109	1
106	109	1
36	41	1
13	26	1
24	27	1
44	58	1
151	151	1
4	9	1
178	179	1
114	118	1
13	15	2
2	8	2
5	9	1
144	144	2
126	146	1
8	15	1
15	42	1
17	22	1
102	109	1
158	160	2
13	35	1
91	179	1
14	40	1
139	159	1
134	136	1
157	160	1
72	73	1
29	148	1
21	24	1
72	78	2
102	174	1
9	12	1
119	120	1
127	130	1
58	147	1
23	140	1
16	42	1
116	119	1
62	147	1
30	33	1
94	95	1
134	137	1
103	104	1
110	114	2
121	123	2
9	45	2
160	161	1
23	24	2
104	136	1
143	145	1
114	162	1
133	139	1
7	11	1
63	96	1
164	166	1
25	40	1
128	150	1
125	143	1
155	177	1
4	8	1
24	140	1
17	19	1
67	98	1
63	160	1
155	157	1
175	175	1
91	95	1
145	156	1
16	52	1
166	168	1
76	143	1
41	88	1
158	169	1
41	120	1
115	116	1
106	116	1
105	116	1
126	134	1
4	45	1
123	125	1
26	123	1
65	89	1
108	130	1
121	159	1
78	92	1
1	68	1
10	15	1
26	77	1
139	141	1
4	10	1
75	145	1
152	164	1
135	140	1
