128	128	11
130	130	11
3	3	5
96	129	1
95	115	1
99	99	5
2	3	1
137	137	5
91	91	8
100	100	6
119	122	1
0	0	1
133	133	2
79	107	1
9	12	1
16	18	1
71	71	2
35	35	4
106	124	3
124	124	6
121	122	7
8	10	1
17	19	1
123	125	1
120	123	2
23	23	4
111	126	1
37	38	6
112	113	1
36	126	1
136	136	5
102	102	3
87	108	2
31	31	5
29	30	1
97	97	3
34	35	3
137	138	4
126	126	6
8	12	1
138	138	8
116	124	1
86	86	2
37	37	5
129	129	9
14	16	1
119	119	6
78	105	1
139	139	5
131	131	9
133	134	3
90	96	1
19	23	1
80	87	3
125	125	6
76	77	5
92	92	5
134	135	3
94	95	2
96	96	3
87	88	2
127	127	8
82	90	2
109	109	6
128	129	6
101	117	1
78	78	4
74	75	2
79	79	1
89	89	6
83	87	2
25	26	5
134	134	9
4	4	11
98	98	3
20	20	3
111	112	2
11	11	4
17	17	1
81	98	1
27	29	4
19	20	3
71	80	2
101	104	2
87	87	7
82	83	1
30	30	3
106	106	2
104	106	2
122	122	5
120	121	4
110	110	5
123	123	8
117	124	1
98	103	1
113	113	4
124	125	7
120	122	6
22	83	1
112	112	3
134	138	2
120	120	5
112	116	2
125	129	1
81	82	3
10	11	3
16	32	2
7	8	2
114	114	1
101	101	6
37	78	1
85	85	3
104	108	1
19	19	2
106	107	3
81	85	1
115	115	5
31	32	2
37	130	1
77	77	4
78	108	1
15	15	2
5	6	2
6	8	1
20	108	1
106	110	1
101	102	1
105	107	2
95	114	1
36	36	2
81	81	4
119	120	1
5	5	4
132	132	10
38	79	1
32	33	1
94	94	4
91	92	2
135	135	3
92	114	2
126	128	1
82	82	3
21	21	5
107	108	2
72	72	2
121	121	4
0	6	1
93	93	2
1	1	2
27	30	1
104	109	1
93	126	4
83	83	4
13	13	4
73	75	1
106	108	1
103	103	2
12	14	1
104	104	3
126	127	3
82	85	2
79	81	1
22	25	2
117	118	3
93	121	1
129	130	4
119	124	2
118	119	3
85	88	1
7	7	3
99	102	1
72	73	1
36	37	3
8	9	2
34	34	4
77	86	1
108	108	2
96	131	1
101	103	2
138	139	2
12	17	1
109	122	1
16	16	3
107	107	4
89	90	1
27	27	3
74	100	2
98	116	1
79	80	2
91	93	2
91	94	1
140	140	3
127	128	1
108	109	3
130	131	2
90	128	1
73	74	1
131	137	1
26	26	5
118	118	2
88	90	1
17	18	2
36	140	2
87	104	1
82	104	1
14	14	2
104	107	2
9	9	1
7	9	1
74	112	1
93	94	3
99	114	1
127	129	1
104	119	1
78	85	1
95	124	2
80	80	3
78	104	1
14	15	1
73	73	3
114	124	2
24	24	1
116	117	4
75	75	1
100	124	1
22	37	2
10	10	2
132	134	1
104	121	3
81	103	1
122	123	1
124	126	1
23	87	1
20	21	1
72	119	1
102	123	1
82	84	2
83	116	1
87	102	1
76	76	3
129	131	1
121	123	1
128	138	1
123	124	1
2	6	1
92	93	1
116	116	2
12	13	1
72	112	1
79	109	1
80	119	1
84	84	2
116	123	1
18	19	1
82	86	1
3	5	1
74	133	1
76	78	1
1	9	2
18	25	1
77	79	1
98	99	1
32	32	2
28	28	1
33	33	2
102	103	1
111	118	1
82	100	1
13	23	1
29	29	1
14	101	1
74	89	1
86	88	1
96	98	1
15	16	1
112	125	1
90	90	1
131	132	1
96	101	1
23	24	5
93	95	1
77	78	2
10	15	1
136	139	1
34	38	1
38	89	1
84	129	1
95	98	1
95	95	1
125	126	2
26	27	2
4	6	2
127	140	1
28	29	1
132	133	1
28	135	1
7	103	1
0	3	1
77	80	1
102	104	1
110	111	1
29	31	1
97	98	1
83	85	1
83	84	1
81	86	1
22	22	1
90	102	1
