11	12	5
101	103	1
29	29	7
102	104	7
124	124	9
133	133	5
114	114	10
119	119	5
130	130	13
73	119	1
82	82	13
138	139	5
9	10	9
129	129	12
97	125	2
102	103	7
77	79	2
116	116	17
134	134	17
73	97	1
21	22	3
110	113	2
117	140	1
119	120	2
121	121	11
72	72	13
73	90	3
131	132	2
90	123	2
28	117	4
100	100	7
7	7	2
92	94	3
93	93	2
1	30	3
91	91	9
102	102	7
132	132	14
23	24	2
110	111	3
90	119	4
83	90	1
75	75	3
128	128	7
2	2	6
9	9	1
95	96	3
2	30	4
118	118	9
105	106	4
77	77	12
83	83	4
103	103	8
17	18	5
14	15	3
131	131	8
127	127	9
113	113	13
78	119	4
80	80	10
34	34	5
74	108	7
123	123	11
105	105	11
80	100	2
124	125	2
4	4	2
120	120	12
113	134	2
106	106	8
81	81	6
120	122	5
140	140	5
5	38	3
76	76	9
110	110	11
10	23	4
136	137	2
108	108	7
98	98	5
89	89	2
116	117	10
33	34	2
126	126	9
84	85	7
112	112	15
96	133	5
87	87	8
122	122	6
38	125	3
111	112	1
127	136	3
3	8	2
17	17	6
113	114	4
122	125	3
16	16	4
10	22	4
122	123	2
21	21	5
71	71	8
138	138	10
117	117	5
137	137	6
16	17	1
83	84	4
9	12	2
84	118	2
9	30	3
13	14	4
96	128	4
93	108	3
135	135	8
136	138	8
8	9	2
19	19	2
102	107	2
134	135	2
95	109	1
128	140	2
122	124	1
9	28	2
84	121	4
125	126	2
137	138	1
75	81	3
74	74	4
19	21	2
71	123	2
112	135	1
115	115	9
136	136	4
98	126	4
27	27	5
72	108	2
72	121	1
101	107	2
94	95	4
3	3	7
90	90	3
84	84	3
3	4	3
92	135	5
7	12	4
94	94	8
9	11	4
112	113	2
71	116	2
92	93	2
23	26	1
10	19	4
33	33	3
124	133	2
20	20	5
72	74	2
25	25	1
71	72	1
1	2	2
126	127	2
78	78	3
135	136	1
127	139	1
90	91	2
29	30	1
77	80	3
76	80	1
87	119	2
86	128	1
22	24	2
121	125	2
111	111	9
73	108	2
135	139	1
99	99	2
86	86	5
93	104	2
116	136	1
28	30	2
24	24	5
78	106	3
11	21	3
114	115	2
104	105	3
104	107	2
104	104	4
2	3	1
15	124	1
21	26	7
79	92	2
101	101	4
125	125	1
72	94	3
13	13	2
18	19	1
91	116	4
80	106	2
100	136	3
1	21	1
81	122	1
120	121	2
87	88	2
15	15	1
128	129	2
23	23	1
118	120	1
97	97	2
79	79	4
18	18	1
20	25	2
92	92	1
107	107	3
0	7	4
83	85	1
79	80	2
139	139	1
96	96	1
30	30	1
82	94	1
6	33	1
27	118	2
5	6	1
78	87	1
95	95	1
72	93	4
6	6	1
80	101	1
27	28	1
76	85	1
101	102	1
13	15	3
109	109	1
132	133	2
2	9	1
72	118	1
36	36	1
127	129	1
36	38	2
24	26	1
130	132	1
109	116	1
84	120	1
107	108	1
111	124	1
81	83	1
95	110	1
12	12	1
139	140	1
