108	108	16
41	43	3
25	26	2
193	196	10
220	220	13
39	39	13
40	53	1
153	153	9
105	112	5
90	90	17
240	240	10
66	66	7
155	155	14
197	198	6
226	226	8
27	208	6
247	247	11
105	110	4
14	14	12
70	74	3
213	213	8
12	145	6
25	25	5
164	164	12
198	199	5
118	118	9
45	45	8
198	198	4
230	231	2
193	193	25
239	239	8
172	172	7
53	53	11
11	11	22
115	116	4
16	16	11
175	175	10
163	163	4
1	1	15
115	115	15
157	157	12
90	91	4
239	240	8
243	243	9
206	206	9
152	153	7
56	56	8
184	206	6
34	34	11
97	97	15
229	229	13
44	44	10
118	119	5
57	57	1
77	78	4
149	149	4
156	156	28
204	204	8
194	194	6
76	76	10
92	99	4
46	46	21
91	95	2
7	52	3
40	41	5
192	192	17
162	162	20
5	5	14
41	41	17
158	158	18
35	35	3
152	152	12
109	110	4
245	245	14
168	168	8
92	92	11
246	246	8
93	93	6
242	243	3
102	103	5
210	210	14
111	246	2
67	67	15
49	50	3
80	80	12
68	70	3
243	244	7
102	102	4
185	185	12
203	204	6
167	168	8
201	201	16
179	183	5
213	243	2
20	20	8
94	94	19
213	214	22
208	237	3
12	12	8
8	155	4
221	221	7
27	27	13
70	70	4
167	167	18
69	69	14
161	163	3
174	174	6
31	31	11
150	150	34
154	154	23
40	40	5
101	101	10
198	201	2
212	213	2
22	28	4
113	114	5
98	101	2
8	8	6
103	103	3
159	159	8
28	35	2
232	232	12
233	233	4
63	63	12
223	223	9
92	93	4
120	120	4
81	82	4
93	94	6
76	101	6
173	174	3
112	184	4
211	211	6
54	54	14
208	212	2
195	195	19
160	160	9
112	113	6
41	42	3
100	106	2
110	111	6
31	33	2
68	72	6
244	245	5
91	91	2
6	6	8
84	84	19
81	110	1
220	221	4
84	85	4
10	10	5
38	38	17
227	227	6
221	222	6
236	236	11
151	152	1
146	147	4
58	58	6
59	59	10
98	98	3
33	90	3
79	80	8
173	173	13
105	105	6
164	165	1
77	77	5
238	239	9
218	219	5
47	47	4
28	89	4
225	226	19
30	42	1
15	15	16
49	49	7
185	225	2
224	227	6
2	3	3
176	176	12
199	201	6
218	218	9
228	228	14
32	32	7
82	187	4
238	247	4
234	234	10
2	17	2
30	30	5
235	237	2
73	73	8
170	170	14
19	19	12
217	218	6
208	208	9
247	248	9
88	88	17
216	216	10
231	231	6
110	110	9
88	89	2
242	244	2
36	37	1
75	75	9
9	9	10
36	36	6
219	219	9
99	99	19
186	186	15
46	218	4
228	229	7
6	234	8
218	246	2
98	117	4
156	174	2
221	224	2
66	112	3
146	146	4
180	180	31
75	76	10
87	87	8
8	9	10
151	151	11
234	236	1
144	144	1
119	119	7
111	245	4
65	65	7
104	107	4
30	31	5
238	238	8
152	161	2
96	104	5
197	197	15
211	223	1
46	47	12
182	183	10
55	58	4
22	22	4
29	37	3
17	44	5
58	73	3
26	26	7
207	207	25
79	88	3
34	39	2
176	194	7
55	59	8
178	178	12
72	72	7
188	188	15
113	113	10
5	15	2
179	179	7
17	17	8
44	46	1
81	81	3
166	166	16
61	61	6
150	151	3
194	195	5
145	145	6
206	222	4
71	72	5
230	230	15
63	64	6
176	177	9
181	238	1
167	177	1
210	211	7
241	241	9
21	21	2
110	113	2
112	112	24
202	202	13
80	191	3
23	23	7
85	85	7
24	24	17
80	81	5
212	212	16
3	16	3
214	215	6
236	240	5
235	247	1
214	214	10
67	68	4
36	234	2
41	45	5
111	111	6
89	89	6
52	53	6
215	216	2
205	205	15
50	50	13
169	169	17
196	196	6
155	230	9
46	52	1
231	233	2
168	169	7
196	200	3
165	166	3
201	202	7
39	40	5
76	92	3
240	248	3
60	60	7
208	241	7
64	65	5
114	114	6
190	198	5
76	77	10
190	190	3
158	236	1
15	16	2
172	173	3
191	192	4
48	82	1
29	29	18
38	39	3
237	237	7
74	74	1
38	40	1
196	237	1
165	220	1
99	101	4
114	116	4
151	225	2
43	44	3
205	233	4
18	18	13
215	215	11
168	207	6
37	37	6
74	75	1
157	169	4
171	171	6
186	188	2
28	29	5
185	186	2
121	174	2
222	225	2
78	78	4
43	109	3
209	209	13
71	71	3
14	15	9
248	248	4
48	210	6
200	200	16
52	65	2
219	233	2
117	118	8
86	86	4
235	235	4
107	107	5
168	218	5
2	7	2
145	147	2
52	52	8
165	177	2
5	14	3
203	203	23
35	36	2
238	240	4
62	112	3
31	32	2
12	15	5
89	97	2
43	43	6
2	2	2
4	46	5
193	209	1
165	165	5
28	28	9
181	181	5
110	112	6
193	194	5
106	108	3
82	119	4
48	48	2
116	117	5
95	95	11
47	121	3
244	244	12
181	182	3
173	206	5
187	187	11
90	93	6
192	193	3
180	228	1
26	56	6
153	170	1
45	46	4
195	196	2
62	72	1
29	30	3
157	217	2
94	95	6
69	70	2
162	237	4
229	230	2
33	33	8
4	65	1
82	82	4
55	56	4
30	39	4
115	117	3
221	223	3
178	179	3
151	180	1
189	190	1
16	145	2
68	69	3
54	55	3
7	7	9
24	154	2
63	67	1
10	31	2
101	104	2
187	192	2
50	77	1
179	238	1
229	233	2
222	224	4
57	59	2
189	189	13
208	211	2
109	109	6
19	37	2
170	181	4
103	106	2
94	105	3
184	212	4
36	220	1
152	181	6
116	116	4
32	33	1
3	19	1
72	78	2
196	211	7
170	194	1
3	3	2
200	201	2
154	218	3
225	225	3
217	217	1
91	92	1
30	40	2
153	154	2
112	241	3
182	182	6
236	239	4
42	42	5
71	73	4
3	6	1
100	102	3
160	216	1
48	49	1
6	7	3
191	197	3
192	207	2
13	173	3
55	114	2
152	170	1
199	200	5
152	162	2
96	98	2
215	218	2
97	98	5
95	159	2
158	181	2
19	28	3
161	162	2
216	217	2
51	51	3
186	216	4
154	155	1
183	183	7
199	199	5
38	47	4
243	247	1
160	232	2
88	114	2
158	184	3
224	225	2
186	187	4
240	241	1
117	117	3
104	105	5
85	89	1
195	209	2
86	120	2
202	220	2
153	185	2
144	145	4
2	45	3
4	211	1
27	28	2
159	231	1
184	184	6
64	66	1
14	20	1
57	58	4
21	26	1
187	191	4
75	77	2
111	112	4
49	92	2
16	17	1
222	223	1
208	244	1
100	101	2
30	32	2
150	207	1
86	119	2
167	209	1
243	245	1
68	68	4
158	159	1
187	188	1
20	21	3
19	44	1
96	99	1
182	186	1
157	159	5
46	244	2
117	119	3
209	245	2
53	54	2
202	204	2
169	238	1
4	4	4
151	161	1
95	96	3
158	218	1
227	228	2
200	212	2
48	71	1
91	94	1
234	235	1
208	209	1
236	238	1
51	52	1
33	111	1
106	107	1
218	238	1
242	242	3
53	92	1
224	224	3
189	242	1
170	171	1
151	179	3
86	118	1
169	170	2
180	188	1
160	161	1
90	228	1
198	200	3
86	112	2
55	55	1
247	249	2
189	215	1
150	154	2
219	220	1
116	118	1
191	191	4
0	202	1
95	157	2
55	57	2
5	237	5
4	216	1
12	100	2
171	172	3
100	100	1
37	38	2
223	224	2
177	177	2
163	164	6
89	90	1
206	207	4
40	46	1
179	180	1
86	87	1
156	217	2
78	87	4
48	77	1
159	160	1
65	66	1
56	57	1
151	205	1
110	117	3
220	222	1
34	89	1
107	113	1
119	120	1
75	90	1
209	210	2
165	180	1
10	207	1
151	238	1
114	240	2
44	45	1
0	1	3
226	227	1
158	217	2
149	152	1
236	237	1
147	231	1
69	73	1
63	66	1
34	50	1
55	174	1
238	248	1
67	76	1
166	195	1
11	62	1
169	173	1
114	177	3
105	111	1
203	205	1
158	160	2
236	245	1
183	184	2
183	197	1
220	236	1
64	64	1
47	111	1
18	223	2
161	161	1
163	246	1
48	59	1
237	238	1
15	17	1
159	167	2
13	14	1
36	184	1
241	243	1
2	6	1
214	216	1
155	156	2
162	170	1
106	106	1
104	104	1
156	157	2
49	76	2
208	210	1
184	186	1
82	85	1
147	147	1
33	242	1
175	176	1
4	173	1
50	58	1
54	155	1
5	47	1
183	185	1
171	230	1
