79	79	1
22	52	1
60	60	3
69	70	5
58	58	4
82	82	9
87	87	2
90	101	1
41	41	6
86	101	2
23	72	1
32	32	4
95	95	4
66	66	8
78	78	8
81	96	1
105	105	5
39	39	6
97	97	5
47	95	2
55	55	3
101	101	6
61	62	1
26	51	3
66	107	2
63	64	2
77	77	2
68	68	4
102	103	1
81	83	1
90	90	6
49	75	1
61	61	2
77	82	1
40	40	1
96	96	4
83	83	2
76	76	2
75	76	1
59	62	2
73	76	1
47	47	3
70	70	5
31	31	8
91	91	3
22	23	2
28	41	1
40	41	2
70	104	1
56	56	5
67	84	1
60	61	2
28	33	1
63	63	3
59	59	3
86	89	1
55	79	2
21	24	3
90	99	1
32	51	2
22	36	3
36	56	1
56	102	1
88	95	2
23	100	1
80	81	3
84	85	4
28	28	2
100	100	6
85	107	1
93	94	1
47	57	1
23	23	8
72	89	1
82	87	2
79	81	1
92	93	2
83	84	4
25	26	3
21	21	6
82	83	6
22	81	1
47	48	1
96	97	3
27	27	6
24	24	3
65	65	10
44	44	4
102	102	2
94	94	6
51	54	2
30	46	1
37	50	2
65	72	1
50	50	6
67	68	2
78	94	2
86	93	2
40	82	1
45	46	3
59	83	2
43	43	2
37	37	7
20	21	1
27	28	2
78	86	1
78	93	1
42	43	9
80	80	8
93	93	3
26	27	4
97	98	3
54	55	2
48	57	2
35	36	2
85	85	3
36	45	1
30	30	2
104	104	6
79	80	1
81	81	3
89	89	4
61	88	2
82	94	1
46	50	1
100	101	3
27	41	2
25	37	1
89	106	1
25	25	3
29	107	1
67	71	1
33	33	8
65	66	3
89	90	2
36	36	6
62	62	2
35	35	1
67	67	4
91	101	1
53	54	2
25	27	1
88	90	1
52	90	1
23	65	1
42	42	3
42	80	2
68	72	2
57	58	2
75	75	5
54	54	2
94	105	1
46	46	2
22	22	4
53	53	3
36	51	1
51	51	3
69	69	4
98	98	3
36	38	1
90	107	2
84	84	4
104	105	2
41	42	1
78	79	2
106	106	5
30	31	1
95	96	1
73	91	1
103	103	3
58	59	1
73	74	1
57	57	5
99	99	2
41	43	1
62	63	2
41	44	1
34	34	3
43	44	2
29	29	4
57	93	1
56	58	2
92	92	1
90	91	2
72	72	2
64	64	1
86	88	1
85	86	1
71	71	2
49	50	1
32	64	1
44	45	2
97	106	2
100	102	1
27	29	1
38	46	1
47	62	1
51	55	2
102	104	1
64	104	1
83	87	1
38	40	1
47	77	2
23	50	1
63	99	1
96	106	1
40	45	2
48	48	2
56	80	2
23	57	1
86	86	4
69	74	1
52	98	2
40	43	1
37	39	1
28	63	2
42	78	1
51	89	1
20	20	3
52	54	1
32	44	1
39	59	1
85	87	1
88	97	1
38	38	1
34	74	1
45	59	1
94	96	1
78	82	1
21	58	1
22	102	1
37	38	2
41	81	1
21	45	1
83	98	2
86	87	2
64	94	1
35	38	1
51	52	2
88	88	2
68	69	1
59	60	1
58	94	1
30	41	1
58	73	1
75	84	1
75	102	1
88	99	2
74	75	2
50	95	1
48	83	1
95	99	2
24	25	1
29	32	1
49	49	1
77	85	1
35	37	1
70	73	1
103	104	2
26	29	1
92	95	1
49	65	1
39	42	1
56	96	1
73	73	1
45	51	1
42	45	1
78	80	1
100	104	1
52	83	1
21	32	1
31	60	1
45	62	1
78	85	1
44	60	1
