25	98	1
42	42	5
86	94	1
69	74	2
44	44	3
67	67	2
29	29	2
47	47	2
31	83	1
60	60	11
30	101	1
65	65	1
71	71	2
45	79	1
91	92	3
25	27	3
41	41	3
25	25	6
51	51	3
76	76	3
32	57	1
24	27	2
75	76	1
85	94	1
34	51	1
60	61	2
46	47	4
56	56	4
39	39	3
24	26	1
35	39	1
45	45	5
63	78	1
36	37	3
83	83	1
50	57	1
52	83	2
37	48	1
81	81	5
59	95	2
87	88	3
79	90	1
47	48	1
101	101	4
66	66	1
97	98	1
31	32	1
41	59	1
59	76	1
95	95	2
50	50	5
54	62	1
58	58	3
67	68	2
98	98	1
70	70	4
60	93	1
22	23	1
51	52	1
96	99	1
85	85	3
61	61	5
41	44	1
99	100	1
40	40	3
59	59	3
49	50	2
49	49	3
75	75	3
82	82	5
84	84	1
91	91	2
46	46	3
40	76	2
88	88	5
92	92	2
64	70	2
31	31	4
94	94	6
24	25	1
48	49	1
76	77	4
69	70	3
48	48	2
99	99	3
81	84	1
78	78	1
65	66	1
93	93	3
80	80	4
35	43	1
69	69	2
63	66	1
68	68	1
95	96	2
52	65	1
55	88	2
73	78	1
29	97	2
59	77	1
96	96	2
77	77	2
63	63	1
38	38	4
89	91	1
74	74	3
81	82	2
90	92	1
85	86	3
41	43	1
27	38	1
93	94	3
60	85	1
54	54	4
79	81	1
80	98	1
62	102	1
48	52	1
72	73	1
89	90	2
70	71	2
87	87	2
63	64	1
27	27	2
55	56	1
92	94	1
89	89	2
62	99	1
42	43	2
43	43	2
40	89	1
80	89	1
79	80	2
26	37	1
32	32	1
22	29	1
61	62	3
40	42	1
96	98	1
33	38	1
53	78	3
78	79	1
25	26	2
89	96	1
61	89	1
58	66	1
37	37	3
27	28	1
55	55	1
26	27	1
68	69	2
42	50	1
35	51	1
73	73	2
44	45	1
33	90	1
34	34	2
92	93	1
36	47	1
99	101	1
41	42	1
20	20	1
33	33	1
71	72	1
34	58	1
67	76	1
26	26	1
50	51	1
34	97	2
47	60	1
97	97	1
98	100	1
60	99	1
20	23	1
96	97	1
86	86	1
