42	42	8
54	54	10
0	0	2
34	57	1
5	7	2
6	6	2
45	46	11
22	41	1
2	9	1
9	11	1
48	49	5
50	53	1
57	59	5
36	36	11
35	35	4
39	53	1
15	16	4
25	57	1
36	38	1
59	60	2
59	59	8
43	44	3
17	42	1
39	39	4
50	60	3
32	32	8
61	61	4
44	45	2
60	60	5
53	55	4
43	43	5
6	21	1
40	41	6
7	7	3
44	44	7
36	50	1
6	7	3
11	11	2
56	57	6
19	19	2
40	40	5
50	50	7
58	58	5
35	44	1
57	58	1
9	10	1
14	14	2
0	1	4
8	8	3
2	6	1
4	5	2
10	10	3
36	37	8
38	38	7
49	51	2
47	47	10
10	11	2
9	17	1
41	41	3
48	48	1
41	42	3
4	4	5
0	11	1
55	55	6
45	45	5
56	56	3
33	33	6
30	30	3
60	61	1
24	24	2
35	37	2
31	31	5
52	52	6
43	58	1
48	58	2
20	20	4
5	18	1
45	47	2
45	55	1
46	57	1
39	40	4
57	57	7
12	13	3
25	25	2
51	51	3
7	9	1
35	36	4
23	40	1
45	58	1
46	46	5
4	10	1
7	19	1
46	56	2
6	17	1
16	17	1
29	42	1
15	15	4
24	42	2
53	54	5
2	2	2
39	41	1
34	34	3
12	12	4
34	35	2
48	57	1
51	52	4
17	17	3
16	16	4
10	12	1
59	62	1
53	53	2
58	60	3
5	9	1
18	19	2
10	13	3
19	51	2
5	5	2
42	43	1
47	57	3
1	2	2
3	3	1
19	20	2
54	55	1
3	16	1
20	21	1
51	53	1
24	25	2
8	9	1
18	18	1
13	13	1
58	59	2
50	55	1
9	9	3
14	15	1
55	56	2
46	59	1
38	41	1
1	1	1
3	10	1
21	58	1
50	51	2
47	60	1
52	54	1
31	37	1
40	42	2
62	62	1
37	37	1
23	25	1
49	52	1
39	44	1
32	33	4
43	46	1
7	8	1
43	45	1
52	53	2
31	32	1
49	49	1
10	15	1
36	49	3
22	22	1
49	50	1
37	38	1
37	39	1
43	56	1
34	36	1
4	36	1
33	35	1
37	45	1
17	21	1
47	62	1
45	49	1
3	18	1
30	34	1
47	48	1
26	26	1
4	12	1
