8	8	6
13	14	8
110	111	3
86	86	7
103	144	1
118	120	2
131	132	6
116	117	2
0	0	4
135	135	2
14	15	4
77	144	3
94	94	7
75	75	2
91	91	6
139	139	6
142	143	3
31	31	6
35	65	2
64	66	3
118	118	9
112	112	2
70	83	1
54	66	1
127	127	1
95	110	1
58	58	4
32	33	2
132	133	6
93	94	3
91	105	2
77	78	2
14	14	1
134	135	7
9	9	3
124	124	5
18	49	2
77	79	4
93	93	5
20	20	8
65	65	2
136	138	2
108	126	1
62	62	4
61	62	2
119	120	3
143	144	2
31	33	3
17	17	10
89	132	1
130	131	1
49	49	4
18	20	1
121	123	2
137	137	2
142	142	4
99	99	3
53	54	1
116	131	2
99	101	1
67	67	6
4	5	1
81	97	2
90	90	3
117	143	1
102	119	1
43	47	1
70	87	2
36	48	1
136	136	6
34	76	1
101	101	1
134	136	1
3	36	1
1	8	1
12	38	1
129	129	2
50	51	1
54	54	6
112	113	1
25	26	2
21	21	3
87	88	2
95	100	3
117	117	3
66	85	2
88	102	1
81	81	8
69	69	6
116	116	1
83	83	3
125	125	4
18	18	3
97	104	1
107	109	1
28	28	4
138	139	2
70	70	1
34	34	3
96	96	5
134	138	3
48	48	5
37	39	2
50	50	8
78	145	1
132	132	10
114	115	1
122	123	3
101	116	2
78	80	2
85	86	1
98	98	2
70	78	1
50	52	1
25	25	7
50	96	1
119	119	6
120	120	5
32	32	4
35	35	5
55	55	5
41	41	4
136	139	1
133	133	7
74	74	4
4	4	3
123	129	1
49	51	1
73	74	2
94	95	2
88	90	1
62	91	1
23	23	5
109	109	3
139	140	4
19	19	3
38	38	2
2	36	1
9	11	1
79	79	2
122	122	2
3	4	3
141	146	1
26	26	6
106	120	3
123	124	1
104	104	3
2	142	1
126	144	1
6	6	2
10	13	1
47	47	8
27	27	5
130	134	2
144	144	3
130	130	4
48	80	1
0	27	2
89	90	1
51	51	4
82	82	4
96	110	1
90	103	2
29	29	3
111	111	4
0	1	2
22	22	5
57	57	4
72	74	1
71	72	5
28	29	2
83	84	1
40	43	1
127	128	2
135	138	1
124	130	2
1	28	1
90	91	2
1	25	1
52	52	2
55	70	1
54	55	1
104	105	1
102	102	3
101	102	4
134	134	6
109	110	3
68	68	4
132	138	1
114	114	1
89	89	3
19	25	2
100	101	3
72	85	2
24	24	2
89	118	2
35	106	1
40	41	2
84	85	2
97	98	5
34	62	2
107	107	1
2	3	3
131	131	8
103	106	2
71	86	2
9	63	2
65	76	1
76	76	3
52	121	1
63	63	1
82	89	2
76	77	1
108	108	1
116	118	1
18	19	4
37	40	1
29	103	1
69	84	3
123	123	1
58	99	1
10	10	4
127	135	1
57	60	1
62	63	2
137	138	1
38	40	1
80	85	3
113	114	2
143	143	4
108	109	3
88	88	3
59	60	3
96	97	2
89	126	1
9	13	1
53	62	1
122	124	2
146	146	4
19	21	1
101	131	1
133	140	2
140	140	5
65	66	1
34	35	4
114	126	1
117	140	1
41	43	1
41	42	3
58	59	2
2	2	2
73	73	4
130	142	1
59	59	4
112	120	2
128	128	5
11	34	1
126	128	1
53	53	2
92	105	1
120	141	1
33	34	2
83	85	2
133	134	2
38	39	3
33	33	3
12	20	1
87	87	3
67	109	1
71	71	3
62	95	1
141	141	3
125	127	1
124	125	3
129	130	2
78	79	2
99	100	3
57	110	1
51	72	1
2	67	1
57	61	1
128	129	3
20	25	2
113	113	8
75	79	1
135	137	2
15	15	1
121	122	1
72	73	2
21	50	1
5	11	1
80	80	2
77	83	1
80	81	1
66	89	1
16	16	1
43	108	1
90	92	2
1	18	2
105	105	2
10	24	2
36	36	3
110	110	2
69	70	1
42	58	2
113	117	1
141	142	1
138	138	5
30	31	2
96	100	1
115	115	1
122	127	1
127	129	1
70	86	1
1	1	3
33	58	1
97	97	2
55	69	1
121	127	1
126	134	2
64	64	2
1	10	1
38	48	1
81	89	1
133	139	1
120	121	2
31	60	1
29	30	2
87	99	2
35	38	1
106	106	2
6	8	1
39	40	1
90	125	1
39	59	1
61	64	1
126	126	1
80	96	2
118	119	2
52	54	1
5	5	3
9	10	1
42	55	1
27	28	1
30	40	1
1	2	2
86	87	1
128	143	1
117	126	1
68	84	1
118	124	1
87	89	1
43	55	1
103	127	1
68	72	1
8	9	1
13	31	3
95	95	2
38	41	1
15	16	1
77	110	1
117	131	1
114	116	2
25	27	2
10	30	1
26	57	1
90	121	2
12	12	1
104	107	2
11	11	3
37	37	4
71	75	3
15	92	1
98	125	1
118	134	1
55	57	1
60	60	1
119	121	1
68	85	1
104	106	1
68	74	1
56	56	1
94	100	1
70	99	1
77	108	1
70	71	3
78	78	3
19	22	1
32	36	1
75	89	1
77	77	1
16	17	1
95	98	1
120	140	1
60	61	1
136	141	1
104	109	1
103	104	1
26	104	1
91	139	1
35	53	1
36	37	3
67	68	3
5	66	1
135	139	1
70	73	1
102	127	1
38	97	1
19	53	1
92	141	1
33	35	1
118	126	1
103	103	1
20	21	1
95	99	1
30	42	1
8	70	1
128	130	1
42	49	1
126	127	1
114	120	1
8	38	1
135	136	1
15	38	1
40	40	1
75	83	1
109	111	1
12	13	2
42	42	1
79	80	2
145	145	1
5	52	1
99	108	1
66	73	1
10	26	1
82	97	1
128	142	1
72	72	1
16	30	1
13	13	2
95	96	1
25	30	1
29	32	2
73	86	1
55	58	1
138	140	2
10	15	1
59	93	1
55	56	1
69	83	1
2	4	1
19	28	1
56	57	1
72	75	1
12	37	1
74	80	1
55	92	1
132	141	1
121	121	1
53	73	1
99	131	1
81	137	1
80	123	1
3	3	2
23	24	1
125	143	1
105	107	1
140	141	1
72	92	1
74	83	1
85	85	1
71	89	1
30	41	1
