94	94	5
9	10	2
93	94	2
67	68	1
64	64	3
66	66	3
53	54	1
54	56	1
119	120	2
105	105	3
12	12	3
19	100	1
45	56	2
73	73	4
20	24	2
115	115	6
89	89	3
87	88	2
13	13	3
1	2	1
38	57	1
78	78	4
69	69	8
47	48	2
28	28	5
97	97	1
99	114	1
125	133	1
116	119	2
128	129	2
77	77	4
102	102	1
60	60	4
63	79	3
83	84	2
127	127	2
111	111	1
94	96	1
77	80	3
52	52	2
66	68	4
14	14	3
107	107	3
67	67	3
44	46	1
74	74	4
117	118	3
79	79	7
71	71	8
55	56	3
63	63	3
11	12	1
83	117	1
29	29	1
0	2	3
61	62	1
17	18	1
71	115	1
35	35	3
63	68	1
33	33	1
64	65	3
120	123	3
20	20	2
85	85	1
18	18	4
56	58	1
87	87	2
126	126	2
55	55	2
94	98	1
43	60	1
54	54	4
25	25	1
117	117	5
115	116	1
14	29	2
32	33	2
47	51	3
8	8	2
72	72	3
44	45	1
29	30	2
3	4	2
96	133	2
61	63	2
92	92	3
80	80	2
68	76	2
10	10	4
45	45	5
91	91	1
34	34	1
43	63	1
18	21	1
118	118	2
53	53	5
43	43	7
44	44	1
30	30	3
23	24	2
21	21	2
120	121	1
81	81	3
23	23	5
108	123	1
97	98	3
36	36	4
19	76	1
99	121	1
109	109	1
134	134	2
19	78	1
93	93	4
15	17	1
72	73	1
37	44	1
119	119	2
63	76	1
73	74	1
88	88	3
79	80	3
24	24	4
55	58	1
65	83	2
98	112	1
128	128	1
85	91	1
107	110	1
90	90	3
124	124	2
125	127	1
83	83	3
76	76	4
125	131	1
116	116	1
84	85	2
19	19	3
95	96	2
105	115	2
49	49	1
104	120	1
106	119	1
98	98	4
84	84	2
5	5	2
25	27	1
111	118	1
0	4	1
111	130	1
15	15	1
112	113	1
77	82	1
129	129	3
61	61	2
71	72	3
31	31	2
95	95	3
114	115	1
37	77	1
1	5	1
65	65	2
22	22	1
30	104	1
16	16	1
68	68	4
54	55	2
121	121	2
12	13	2
42	42	1
105	119	2
75	79	1
104	104	3
90	93	3
7	11	1
99	100	3
27	30	1
9	9	4
100	101	1
70	70	2
129	132	1
118	119	2
126	127	1
100	100	1
62	95	1
108	108	2
45	46	1
28	29	2
57	59	1
86	87	4
130	130	2
69	71	1
8	14	1
133	133	1
36	45	2
112	132	1
107	108	4
82	82	3
132	132	1
33	75	1
72	80	1
112	115	1
106	110	1
124	125	2
1	1	3
14	27	1
131	131	1
7	7	3
0	0	2
59	69	1
110	110	4
95	129	1
62	81	1
59	59	3
5	7	1
82	83	1
53	55	2
25	26	1
94	95	1
79	82	1
47	47	1
35	76	1
11	22	1
75	75	1
11	11	1
110	122	2
122	122	1
70	71	1
58	59	2
103	103	1
16	17	1
66	67	2
132	133	1
60	62	1
33	35	2
7	9	1
62	63	1
99	102	1
77	78	2
107	109	1
50	53	2
127	128	1
111	121	1
26	27	2
17	17	2
32	32	1
92	93	2
22	24	2
126	133	1
125	126	1
109	111	1
31	32	3
111	123	1
7	8	2
24	26	1
22	89	1
80	112	1
3	3	2
125	125	1
3	5	1
123	123	1
19	80	2
37	38	1
108	124	1
130	131	1
105	120	1
96	97	1
69	88	1
36	43	1
38	77	1
106	111	1
122	123	1
104	105	1
27	28	1
124	126	1
20	21	1
33	34	1
4	74	1
88	92	1
119	121	1
4	4	1
99	101	1
123	124	1
113	113	1
36	53	1
31	62	1
0	3	1
