5	5	2
82	90	2
123	124	5
78	79	3
115	116	2
83	92	1
27	27	3
134	134	8
59	66	1
113	115	2
37	38	1
68	76	1
102	104	3
90	90	3
72	72	9
80	118	1
53	53	2
10	53	1
23	24	6
94	94	2
16	18	1
122	122	8
59	59	1
93	95	1
76	76	7
15	15	4
26	52	4
67	71	1
116	125	1
131	131	3
132	132	7
64	65	2
106	107	3
82	84	2
133	133	5
102	102	5
112	112	6
62	94	2
87	87	5
128	128	7
20	20	1
96	96	4
8	9	1
7	10	1
84	85	5
22	23	3
51	105	1
3	25	1
90	102	2
45	45	5
87	88	2
65	65	6
11	12	2
127	128	1
115	115	3
0	0	3
129	130	1
91	91	3
29	29	4
24	24	2
61	100	3
79	79	3
22	22	3
66	80	1
17	17	5
80	81	2
119	120	2
10	10	3
8	8	2
68	69	2
51	56	1
104	104	8
127	127	8
88	88	4
63	63	3
98	98	5
49	50	2
43	101	1
101	101	1
123	123	4
56	64	3
99	99	3
83	83	7
78	87	2
94	95	2
112	114	1
26	26	5
59	91	1
57	86	1
12	129	1
57	57	1
67	110	1
62	62	4
126	126	3
71	71	8
102	103	3
0	3	2
73	77	1
5	27	1
80	80	4
65	68	1
61	61	8
6	108	2
55	56	2
53	84	1
75	75	5
22	24	1
90	98	1
42	43	4
81	128	1
111	128	2
89	89	6
86	87	4
106	110	1
70	70	7
34	36	1
100	100	1
43	103	2
116	129	1
49	49	3
83	133	1
78	116	2
86	92	1
69	71	2
98	115	1
32	89	2
22	25	4
82	111	2
65	72	1
73	73	7
130	133	1
6	10	1
18	20	2
43	83	2
25	25	2
68	68	7
35	35	1
54	54	1
98	100	1
82	82	4
114	115	2
52	68	2
97	97	6
36	36	1
68	96	3
5	6	3
67	67	1
60	61	2
83	84	2
110	110	1
123	126	1
72	73	2
79	115	1
8	78	1
111	129	3
0	2	6
120	125	5
21	100	2
51	63	1
25	26	3
77	78	2
33	33	2
95	95	4
64	64	2
116	116	7
105	105	1
33	104	1
34	59	1
114	116	1
93	93	2
92	92	2
81	93	2
91	92	2
130	130	2
103	129	1
118	118	2
134	135	1
59	60	1
65	67	1
77	95	1
43	45	2
19	19	4
4	4	3
68	78	2
31	34	1
78	78	1
3	5	1
64	68	1
78	124	1
125	126	1
11	11	2
43	88	1
55	87	2
95	96	1
49	53	1
86	134	1
74	75	2
120	121	1
92	129	1
63	111	2
74	74	2
89	128	1
99	100	1
30	30	1
35	38	1
52	52	2
113	113	4
69	69	1
103	103	6
87	112	2
120	120	4
74	120	2
6	7	2
35	36	1
109	110	2
107	108	2
95	99	1
124	131	2
20	24	2
9	9	4
18	18	2
132	133	1
72	101	1
66	66	1
43	43	3
64	66	1
12	13	2
121	121	1
86	86	6
78	80	2
15	25	1
61	62	2
71	77	1
49	52	1
66	68	1
105	106	2
31	32	2
85	86	1
54	55	1
106	106	1
18	19	1
105	121	1
108	108	1
88	98	1
18	22	1
24	47	1
70	92	1
38	38	1
28	29	1
79	80	1
10	11	3
73	74	1
47	49	2
9	56	1
9	10	1
6	16	1
92	93	1
119	122	1
18	25	1
54	57	1
109	109	3
107	107	1
44	45	1
48	68	1
47	52	1
106	108	1
50	51	1
111	112	1
107	109	1
22	26	1
48	49	1
51	51	1
77	77	2
91	93	2
12	12	2
60	95	1
86	112	1
112	135	1
110	111	2
14	15	1
117	118	1
13	27	1
111	111	1
116	127	1
114	114	1
71	72	1
125	125	1
108	109	2
65	108	1
123	128	1
67	95	1
55	57	1
84	84	2
61	113	1
42	64	1
1	31	1
60	92	1
57	73	1
128	133	1
88	89	2
104	105	1
55	58	2
70	79	1
13	15	1
10	58	1
19	24	1
45	51	1
71	75	1
22	30	1
22	99	1
117	117	1
121	132	1
2	2	1
1	3	1
14	14	1
87	113	1
12	35	1
124	126	1
124	124	4
3	3	2
44	56	1
56	56	1
24	25	1
89	90	1
16	17	2
86	109	1
101	103	1
75	126	2
114	119	1
2	99	1
129	129	1
75	76	1
97	98	1
61	64	1
89	104	1
102	121	1
27	86	1
82	83	2
1	1	2
6	6	2
98	105	2
96	97	1
59	82	1
86	95	1
51	108	2
113	124	1
58	58	2
89	101	1
55	55	1
9	52	1
50	50	1
70	72	1
9	50	1
7	7	1
110	112	1
125	130	1
3	4	1
13	14	1
62	119	1
88	103	1
107	111	1
49	127	1
83	100	1
112	113	1
77	118	1
85	85	1
21	103	1
101	102	3
118	122	1
21	104	1
2	105	1
126	127	2
21	21	1
108	111	1
13	13	1
9	11	1
21	22	1
90	91	1
100	131	1
27	90	1
9	20	1
53	54	1
95	97	1
69	70	1
2	59	1
16	16	1
54	59	1
127	129	1
89	127	1
128	129	1
9	77	1
106	125	1
32	32	1
