27	27	6
119	119	7
113	113	3
48	48	10
25	26	4
15	15	6
85	85	9
105	111	1
107	107	3
46	46	8
45	45	4
133	133	6
57	57	3
102	102	4
108	110	2
56	56	6
67	80	1
74	75	2
104	105	6
50	50	3
103	103	7
43	44	2
10	11	1
58	61	3
18	18	2
0	0	2
52	52	8
126	129	2
22	22	2
54	54	3
109	114	1
113	116	1
21	22	1
119	126	1
24	24	3
104	104	5
103	116	1
64	64	6
61	62	5
124	131	3
114	114	9
55	55	5
113	114	4
40	40	4
39	39	8
95	96	4
83	90	2
108	108	4
97	97	3
72	75	2
13	14	4
6	6	7
121	122	2
130	130	6
117	118	2
58	59	2
105	106	5
4	12	1
96	97	3
126	126	7
109	110	3
15	18	1
116	117	1
115	116	1
68	68	4
115	115	3
72	73	2
118	118	5
77	87	1
114	133	2
51	51	14
1	2	2
19	26	1
7	7	7
80	80	3
100	100	2
121	121	11
111	111	3
49	50	3
131	131	3
61	61	2
8	79	1
5	5	7
46	68	2
1	1	3
84	85	5
52	53	3
98	100	4
21	21	2
51	52	3
78	78	3
124	124	5
13	13	5
42	42	5
93	93	2
55	72	2
90	91	3
16	16	6
99	130	2
62	62	2
99	99	2
2	2	3
129	129	4
105	105	4
57	70	2
14	14	2
28	30	1
77	79	2
2	86	1
48	64	1
22	23	2
49	57	2
119	129	1
93	98	1
98	102	1
19	20	2
41	42	6
108	109	4
65	65	6
9	10	1
33	54	2
117	117	2
8	78	1
88	88	4
110	110	3
40	41	1
86	86	2
14	122	1
76	76	3
32	32	2
105	109	1
25	25	4
32	33	3
118	119	2
46	48	3
59	59	4
89	118	1
106	117	3
17	17	3
50	51	3
12	13	1
84	84	1
67	79	1
81	82	3
8	9	1
75	84	1
112	112	1
53	53	1
102	115	1
129	130	2
75	75	3
112	113	3
69	70	3
119	120	2
54	58	1
33	33	3
28	29	3
34	34	2
85	86	5
31	33	1
3	3	1
14	15	1
125	126	3
46	57	1
64	65	2
26	26	2
23	24	1
49	49	9
70	71	1
30	30	3
91	92	1
2	55	1
51	53	1
76	84	1
3	118	1
104	117	1
86	87	6
77	77	2
0	2	3
58	60	2
122	123	1
94	94	5
85	88	1
46	66	1
4	13	5
110	122	1
116	116	4
19	19	2
39	71	2
76	77	1
0	5	1
25	27	2
26	27	1
45	46	1
106	107	2
75	87	1
95	103	1
89	89	3
69	69	3
29	48	1
52	59	1
96	119	1
93	94	2
75	83	1
98	99	1
47	47	3
56	77	1
76	80	1
75	76	3
20	20	2
82	87	2
89	90	1
5	8	1
54	55	1
120	120	6
125	129	1
63	80	1
30	31	2
59	66	1
63	64	1
47	48	2
26	56	1
122	122	4
86	125	1
122	125	1
28	28	1
4	5	2
71	71	1
100	101	2
96	104	1
45	48	1
29	29	2
7	77	1
31	43	1
102	116	1
41	41	2
2	3	1
102	103	4
1	10	1
72	125	2
109	111	2
44	47	1
92	123	1
37	37	1
78	79	2
0	20	2
43	43	7
128	128	2
16	59	1
107	108	1
70	85	1
4	6	1
39	56	1
27	29	1
3	105	1
18	52	1
108	115	1
63	63	2
31	32	2
109	109	4
3	117	1
71	72	2
5	7	1
25	42	1
53	59	1
31	31	5
38	45	1
101	108	1
96	96	3
42	43	2
5	6	1
66	66	3
20	55	1
88	125	1
97	98	1
12	20	1
14	18	1
98	98	1
32	55	1
54	88	1
83	83	1
24	25	1
64	123	1
53	54	1
102	104	1
85	89	1
114	115	2
92	93	1
33	42	1
125	125	1
101	102	2
7	10	1
110	111	2
110	132	1
90	90	1
2	6	2
106	111	1
13	18	1
2	7	1
17	18	1
46	47	1
93	102	1
72	72	2
111	114	1
111	112	1
79	87	1
120	121	1
12	12	2
127	128	1
66	74	1
10	56	1
91	91	1
79	80	1
109	131	1
2	84	1
3	7	1
86	88	1
102	119	1
10	10	2
46	53	1
48	66	1
2	5	1
69	73	1
38	53	1
55	66	1
30	64	1
127	130	1
0	1	1
129	133	1
3	5	1
79	79	2
101	103	1
132	132	1
9	117	1
101	101	1
82	83	1
105	116	1
130	131	1
89	92	1
67	67	1
60	61	1
33	34	1
13	19	1
48	103	1
85	90	1
47	56	1
56	57	1
