121	121	8
64	64	6
70	70	7
37	37	6
33	33	4
88	88	6
39	39	4
134	135	1
22	28	1
69	69	4
13	16	1
97	98	3
107	107	6
89	131	2
118	121	1
4	5	1
78	126	1
66	67	3
49	49	3
75	75	5
1	38	1
129	140	2
54	54	7
135	141	1
107	135	1
127	129	2
33	36	3
136	136	10
62	64	3
133	133	7
78	106	2
99	100	2
60	94	2
4	4	4
59	59	1
89	92	1
39	60	1
72	72	2
4	34	2
125	125	4
110	110	2
143	143	4
86	86	3
34	34	5
74	74	4
75	76	1
142	143	3
6	23	1
131	131	2
84	84	1
67	67	6
22	22	4
107	125	1
108	109	3
13	20	1
13	13	3
64	65	2
30	47	2
20	35	1
57	57	8
13	34	2
130	130	4
89	90	1
14	16	4
19	19	3
79	79	5
31	31	9
91	91	3
89	89	4
136	137	4
78	78	4
14	15	1
26	26	3
116	117	6
79	81	1
73	74	3
9	26	3
106	107	1
129	133	1
129	143	2
142	142	3
108	108	9
144	144	4
139	140	3
13	23	2
68	90	3
65	70	1
129	130	4
33	40	2
137	138	3
1	1	1
22	27	1
102	102	2
79	103	1
23	24	3
103	105	1
125	126	4
80	80	6
118	118	4
139	139	3
58	119	1
99	128	1
86	92	1
119	130	1
1	34	1
126	127	3
121	122	1
55	74	1
77	81	1
122	126	3
23	23	6
81	82	7
67	68	5
36	37	1
18	19	2
115	115	2
29	29	5
124	124	5
36	135	2
102	104	2
85	85	2
52	52	2
100	101	3
104	109	1
60	60	4
123	123	8
70	71	2
68	72	1
131	135	1
93	93	3
42	42	2
24	24	3
10	10	3
21	29	1
36	49	1
3	11	1
94	131	1
106	106	2
25	25	9
12	12	1
73	73	3
61	63	3
98	99	3
122	122	5
22	144	1
74	101	1
126	126	6
38	39	4
1	3	1
31	138	3
113	113	3
80	107	1
96	96	4
9	89	1
71	71	3
113	114	5
20	21	2
66	73	1
22	23	1
122	123	3
58	105	1
95	95	5
21	21	5
90	90	2
12	115	1
93	95	2
102	128	1
99	102	1
57	102	2
135	135	8
139	146	1
25	123	3
99	99	3
133	136	1
132	132	9
141	141	5
112	114	4
60	69	1
31	33	1
25	58	2
83	101	1
90	93	3
95	119	1
129	129	3
11	11	5
133	139	1
6	6	2
120	120	4
39	43	1
22	131	1
73	75	2
74	117	1
15	21	1
52	53	1
103	103	2
83	97	1
96	97	2
124	127	1
113	133	1
8	16	1
56	68	2
62	63	5
95	96	2
145	145	5
130	132	1
91	96	1
119	124	2
62	62	5
63	93	2
24	25	2
105	105	2
134	134	8
20	20	5
53	54	4
61	62	2
17	17	3
68	68	6
14	14	3
76	77	1
76	76	1
19	29	1
56	132	1
104	104	3
39	40	3
38	38	4
3	9	1
70	79	1
129	131	1
53	99	1
28	135	2
58	59	2
29	42	1
13	27	1
87	105	2
36	48	2
124	125	4
127	127	5
30	30	3
55	85	2
16	16	5
14	22	1
56	57	3
64	107	4
93	94	5
124	132	1
104	105	1
140	140	4
69	93	3
73	141	1
8	8	2
99	101	1
119	140	1
18	28	1
137	137	2
18	18	3
63	63	6
124	142	1
51	52	2
96	98	1
83	84	1
101	101	7
13	24	1
96	114	1
121	130	1
111	111	3
133	134	2
111	120	2
119	120	2
85	86	1
10	11	3
120	121	2
128	130	2
28	29	1
104	129	1
140	141	3
12	13	1
130	140	1
57	59	1
65	72	1
97	97	1
94	95	5
40	41	2
5	97	1
85	129	1
60	72	2
4	6	2
37	38	1
95	97	1
89	100	1
124	130	2
35	35	3
49	53	2
113	115	1
40	40	5
98	98	5
69	70	1
41	41	1
109	109	3
43	48	1
100	102	2
116	137	1
92	93	2
130	139	1
135	136	1
6	41	2
25	26	3
65	75	1
49	99	2
140	143	1
143	144	3
83	88	1
114	121	1
55	56	2
90	94	2
5	139	1
76	78	1
47	47	3
24	84	1
109	114	1
20	55	1
62	113	1
9	9	1
82	82	1
32	37	1
28	28	3
17	31	1
66	66	2
77	79	2
93	110	2
118	119	2
138	138	1
23	26	1
33	93	1
57	61	1
65	65	3
69	72	1
105	135	1
68	112	3
90	91	1
50	59	1
21	22	3
76	79	3
137	139	1
55	59	1
114	114	3
50	52	2
47	48	1
4	33	1
67	83	2
59	60	1
29	56	1
54	59	1
88	91	1
20	23	1
138	139	1
120	130	2
27	28	1
4	75	1
58	58	3
8	12	1
21	35	1
55	55	5
38	95	1
50	50	2
68	69	2
24	27	1
109	130	2
0	2	2
127	128	3
118	139	1
132	136	1
126	141	2
66	113	1
48	48	2
83	83	3
127	135	1
65	66	1
55	58	2
81	81	4
114	118	2
117	117	3
67	122	1
8	10	1
20	41	1
41	108	1
0	18	1
122	124	1
61	61	1
105	133	1
19	30	3
58	68	1
109	135	1
127	130	3
20	22	1
133	135	2
34	35	2
123	135	1
40	135	1
112	112	1
19	37	1
67	69	1
116	129	1
50	89	1
111	112	2
102	119	1
91	94	1
53	59	1
42	71	1
134	140	2
104	111	1
81	122	1
78	82	1
5	9	1
131	132	2
116	116	1
65	85	1
29	33	2
11	104	1
65	131	3
55	82	2
18	23	1
119	119	2
118	120	1
136	138	1
58	102	2
123	124	4
70	72	1
56	56	1
100	100	2
125	131	1
92	133	1
49	126	1
26	27	1
21	42	1
6	37	1
121	134	1
95	102	2
65	80	1
99	134	1
31	32	2
76	80	1
119	121	1
5	6	2
107	108	3
63	65	2
55	75	1
141	142	1
104	117	1
117	121	1
15	15	1
50	57	1
34	41	1
60	95	2
128	128	3
98	113	1
132	138	2
99	121	1
92	92	1
57	99	1
58	64	1
107	110	1
59	64	1
97	109	1
79	123	1
79	104	1
64	72	1
64	75	2
36	36	1
4	92	1
32	32	1
9	10	1
89	113	1
53	53	4
46	47	1
107	136	1
3	4	2
112	121	1
126	129	1
37	73	1
101	143	1
76	82	1
94	105	1
69	77	1
130	131	2
59	118	1
49	50	1
52	109	1
80	145	1
4	47	1
113	117	1
66	127	1
0	0	2
56	76	1
85	122	1
91	92	1
75	79	1
128	132	2
79	109	1
54	55	1
115	116	1
36	38	1
96	100	1
21	66	1
9	16	1
79	85	1
117	138	1
107	121	1
60	106	1
43	43	1
27	27	3
138	140	2
23	30	1
97	137	1
132	140	1
128	142	1
88	90	1
3	3	1
1	41	1
0	35	1
119	137	1
81	83	1
94	94	1
95	141	1
77	77	1
106	108	1
38	40	1
22	104	1
34	36	1
117	135	1
126	130	1
59	103	1
125	127	1
82	85	1
70	93	1
20	31	1
87	142	1
77	78	1
66	86	1
41	66	1
75	85	1
1	8	1
26	30	1
115	117	1
56	84	1
61	66	1
105	107	1
87	94	1
65	68	1
82	83	1
55	57	1
82	99	1
74	79	1
60	130	1
92	96	1
48	49	1
109	137	1
51	53	1
123	125	1
32	33	1
87	87	1
18	22	1
13	32	1
