6	16	1
51	53	1
154	154	10
99	100	2
198	199	3
88	89	2
69	69	10
4	4	2
191	192	5
181	182	4
228	228	2
226	226	4
77	83	2
177	177	6
85	85	6
8	41	1
109	247	1
7	150	2
182	182	14
119	119	4
232	232	6
204	204	1
35	49	1
152	153	3
118	118	3
202	202	4
151	209	1
152	152	5
169	216	1
217	218	2
194	195	3
19	19	3
39	39	6
53	53	5
203	227	1
195	214	1
213	235	1
68	68	7
33	33	3
199	210	4
149	152	1
201	201	9
60	60	3
241	241	6
203	203	3
87	87	3
52	63	3
230	230	10
187	187	5
92	92	6
54	54	5
192	192	5
209	209	6
217	217	8
93	93	5
110	110	7
48	49	1
58	216	1
226	235	1
13	15	2
158	181	1
179	179	5
158	161	1
81	81	4
198	198	10
72	72	4
237	237	6
175	175	7
111	111	5
158	163	1
231	244	2
82	82	1
62	62	5
99	99	4
1	40	1
46	50	1
26	26	3
19	44	1
93	94	1
168	168	5
55	55	6
108	108	8
231	232	4
170	243	1
57	69	1
173	173	10
245	245	7
95	235	2
190	193	1
184	184	8
216	216	8
32	54	2
185	237	1
109	109	12
192	193	2
208	208	7
161	172	2
39	49	4
30	31	2
47	218	1
178	178	7
37	47	1
179	187	1
81	82	7
167	170	2
5	77	1
1	1	5
240	240	1
61	62	5
29	29	1
241	242	2
79	79	8
203	204	2
114	144	2
48	218	2
185	185	5
205	205	3
73	73	3
172	172	8
77	77	7
61	69	1
216	217	1
80	82	1
45	210	1
223	223	3
17	17	8
232	233	1
233	234	3
59	59	6
190	248	1
103	103	3
242	247	1
156	156	6
159	169	2
96	96	5
113	191	1
33	237	1
15	15	4
65	65	6
68	73	2
199	199	10
44	44	7
197	197	2
188	188	4
11	11	3
69	74	1
177	180	1
1	154	1
184	191	2
239	239	3
110	172	2
88	88	4
49	49	3
160	160	12
62	64	1
176	184	2
64	64	5
166	166	9
90	91	1
23	23	3
38	38	6
156	160	2
152	213	2
114	117	1
36	46	1
197	199	4
187	189	1
231	231	3
189	190	3
5	12	2
30	229	2
169	171	1
193	193	8
224	224	6
118	119	3
6	6	6
88	98	1
233	233	3
41	41	5
224	234	2
163	164	2
190	191	2
191	196	1
61	61	4
37	38	1
116	116	7
84	84	8
112	120	1
74	74	4
161	161	2
73	86	2
109	112	1
104	105	1
200	206	1
213	213	4
7	10	1
113	113	2
247	247	3
186	186	6
229	229	3
7	8	5
155	155	5
155	180	1
71	73	1
210	210	3
37	37	7
47	47	6
46	46	4
33	228	1
194	194	3
63	97	1
212	212	5
209	210	2
89	89	1
174	175	2
106	106	3
153	201	1
211	212	1
219	219	4
72	120	2
195	195	3
110	156	2
56	56	4
10	43	1
227	227	1
196	196	8
170	170	5
57	74	1
169	179	1
27	43	3
11	39	1
78	79	1
204	210	1
203	229	2
99	101	3
98	98	2
60	61	2
174	205	1
95	100	1
208	209	5
209	243	2
183	184	2
113	114	4
176	191	1
230	241	1
52	94	1
147	147	3
3	3	1
66	78	2
115	152	1
31	31	8
225	245	2
214	215	3
87	99	2
162	162	13
112	117	1
206	206	5
2	16	1
25	72	2
102	105	1
218	219	3
200	200	2
225	225	5
39	91	1
28	28	10
238	239	4
59	96	1
112	115	1
96	102	1
162	163	2
14	74	1
220	220	2
37	238	3
117	117	5
213	214	4
225	246	1
94	94	1
75	75	2
240	241	1
32	205	1
9	10	1
8	8	9
165	181	3
246	246	9
0	49	1
89	107	1
48	50	1
190	192	1
89	112	2
145	236	1
108	109	2
88	101	1
114	114	4
184	211	1
244	244	5
241	246	1
41	100	1
234	234	1
236	236	9
17	182	2
6	24	2
176	179	2
18	18	4
12	12	3
167	167	5
145	145	2
49	81	2
149	160	1
27	28	1
28	201	1
172	226	1
165	170	3
213	215	1
28	44	5
175	176	2
112	144	1
187	188	2
49	84	1
121	121	1
76	76	2
244	249	1
245	246	3
178	179	3
101	102	2
186	188	1
84	97	2
211	218	1
13	14	1
97	97	2
80	80	2
51	52	2
7	7	4
48	108	1
164	164	6
48	48	2
207	230	2
214	214	4
201	202	3
7	26	1
22	22	4
47	55	2
220	229	2
45	45	3
181	181	3
221	221	3
244	248	1
153	168	1
248	248	5
108	120	2
62	109	2
166	170	1
90	90	1
75	77	2
38	74	1
238	238	5
62	63	1
105	108	1
237	238	4
88	97	3
185	186	1
9	207	2
218	218	3
6	31	1
163	163	5
56	153	1
115	115	7
36	201	3
166	171	1
211	217	2
174	227	1
83	83	2
245	248	2
40	100	2
193	236	1
105	107	2
107	108	2
195	247	2
32	64	1
215	217	1
159	159	7
66	197	2
54	100	1
219	243	1
236	237	1
43	44	1
205	206	1
4	77	1
189	189	4
80	84	1
144	144	1
84	96	1
176	177	2
9	9	2
37	154	1
31	231	1
27	27	6
15	39	2
198	200	2
8	9	1
239	240	1
15	32	1
207	207	4
25	26	2
24	25	2
174	174	1
112	113	1
192	195	1
236	240	1
66	70	1
214	231	1
37	210	3
165	166	1
158	158	4
78	153	1
94	95	1
233	242	2
51	51	3
95	95	4
78	78	3
8	10	1
72	75	1
212	213	1
231	234	1
211	211	5
29	98	1
24	43	1
169	170	1
157	158	1
197	198	2
77	85	1
150	230	1
169	169	2
90	109	1
4	5	5
113	151	1
25	25	5
98	163	2
3	4	3
214	236	1
18	19	3
100	100	6
36	101	1
165	180	1
222	222	1
32	230	1
30	153	1
2	85	2
16	16	4
180	182	1
80	83	1
228	229	1
172	173	1
60	72	1
169	209	1
237	242	1
2	3	1
92	110	1
42	43	3
180	180	3
1	46	1
207	214	1
17	63	1
106	107	1
59	63	1
61	84	1
184	185	3
170	244	2
59	112	2
32	51	1
244	245	1
102	236	1
12	171	1
67	69	1
59	78	1
5	5	3
64	101	1
38	39	2
110	111	1
176	176	3
154	155	2
70	70	2
173	174	2
194	248	1
164	166	2
170	188	1
243	243	3
201	205	1
12	77	2
86	87	2
175	229	1
109	111	1
113	116	1
226	227	1
30	30	3
171	172	2
56	57	2
201	207	1
22	23	2
171	180	1
191	210	2
36	38	1
157	193	1
197	200	1
8	44	1
171	171	2
232	240	1
0	0	1
157	161	1
47	216	1
14	14	2
171	244	1
20	20	3
199	200	1
58	58	5
86	86	1
14	75	1
145	207	1
157	160	1
191	193	1
62	224	1
7	19	1
40	40	1
84	85	3
6	7	1
11	76	1
32	32	1
83	84	1
21	21	3
80	81	2
57	58	3
75	76	1
101	120	1
28	78	1
184	243	1
104	104	1
170	171	1
177	227	2
112	185	1
36	199	1
28	212	1
83	85	1
175	183	1
21	22	1
193	194	1
206	207	3
98	99	2
96	99	1
168	176	1
223	228	1
151	160	1
186	213	1
165	165	1
24	24	2
174	188	1
57	57	1
86	89	2
91	107	1
68	69	1
28	52	1
229	230	2
173	245	1
116	155	1
76	85	2
48	52	2
120	120	1
5	14	1
198	241	1
149	149	1
163	165	1
66	66	2
26	54	1
102	103	1
166	246	1
10	11	1
185	187	2
214	238	1
112	182	1
102	102	2
72	118	1
224	231	1
9	53	1
60	81	1
10	10	4
187	222	1
181	213	1
242	242	1
86	90	1
217	233	1
31	66	1
53	54	2
30	149	1
207	238	1
36	50	2
7	145	1
204	228	2
198	240	1
91	91	1
9	157	1
151	153	1
194	213	1
191	191	1
6	18	1
238	243	1
34	74	1
235	235	1
179	180	1
99	107	1
169	242	1
65	66	1
1	2	1
115	153	1
10	40	1
232	245	1
16	183	1
217	219	1
51	62	1
51	55	1
84	95	1
24	145	1
227	228	1
109	110	2
214	224	1
91	104	1
36	49	1
52	52	1
63	90	1
162	180	2
42	42	2
37	46	1
84	89	1
103	108	1
247	248	2
158	160	1
17	18	1
216	230	1
214	220	1
242	244	1
67	67	3
169	180	1
66	69	2
199	240	1
185	188	1
5	16	1
35	36	1
188	192	1
89	108	1
154	156	1
68	112	1
167	168	1
162	186	1
47	68	1
30	33	1
239	241	1
60	85	1
224	225	1
62	202	1
48	59	1
206	239	1
74	110	1
32	118	1
105	105	1
177	178	1
184	223	1
105	106	1
185	197	1
15	16	1
49	50	1
165	168	1
153	153	2
39	74	1
63	63	1
50	59	1
186	201	1
36	36	1
195	196	1
194	215	1
152	202	1
45	46	1
14	34	1
42	58	1
215	216	1
154	212	1
107	107	1
199	213	1
67	94	1
60	118	1
177	228	1
146	146	1
33	35	1
95	99	1
97	98	1
14	15	1
93	113	1
115	155	1
93	168	1
210	217	1
28	45	1
182	211	1
6	58	1
186	197	1
2	18	1
78	82	1
88	115	1
40	114	1
21	24	1
157	157	1
157	171	1
150	197	1
34	50	2
31	33	1
78	95	1
27	62	1
91	98	1
35	35	1
36	41	1
197	205	1
205	207	1
164	165	1
53	94	1
64	70	1
222	226	1
92	168	1
180	183	1
182	183	1
211	230	1
32	33	1
215	215	1
100	101	1
87	107	1
66	94	1
2	160	1
156	192	1
205	219	1
170	183	1
193	198	1
