3	3	9
70	70	3
50	51	5
14	14	5
6	6	2
3	7	3
52	53	1
21	23	1
61	61	9
44	45	3
48	51	1
40	41	2
38	39	2
1	1	6
52	52	1
1	8	1
42	43	2
49	50	1
45	47	2
53	56	1
21	22	2
49	63	1
5	5	1
68	68	3
29	32	2
59	59	11
67	67	4
26	27	1
68	70	2
11	11	8
55	55	5
21	21	3
51	53	1
39	40	3
3	4	3
35	36	2
4	5	3
33	33	4
60	60	3
1	2	4
19	19	4
41	42	2
73	73	3
2	60	1
2	3	2
25	25	3
71	71	3
64	64	2
3	5	4
39	39	3
18	26	2
67	71	3
43	67	1
7	7	3
66	66	1
2	2	5
69	70	3
54	55	2
56	65	1
54	54	2
33	34	1
61	72	2
28	30	3
30	31	4
63	63	6
22	28	1
34	60	2
32	33	2
32	32	4
41	75	2
20	21	3
49	52	2
37	37	1
50	50	5
19	20	1
37	43	1
28	36	1
57	76	1
42	42	5
63	64	2
22	22	2
51	51	4
28	29	1
22	24	2
9	9	7
31	32	3
59	61	1
74	74	1
20	63	1
62	62	5
56	56	3
30	52	3
73	74	2
11	43	1
32	47	3
57	58	2
30	30	4
40	40	6
35	35	1
4	10	1
61	76	1
64	65	1
26	26	3
12	14	1
18	18	3
12	12	3
28	28	2
47	51	1
62	63	2
21	56	1
25	26	2
46	46	5
70	73	2
69	69	4
43	44	3
72	72	1
10	10	4
29	31	1
40	42	3
29	58	1
35	63	1
23	23	3
31	33	1
33	55	1
60	61	2
53	53	5
58	58	3
0	0	1
29	46	1
72	75	2
38	38	2
0	2	1
25	27	2
36	37	1
31	34	2
48	48	1
30	32	1
58	59	2
41	41	1
22	23	2
24	24	3
18	19	2
12	32	3
4	4	1
27	27	1
53	54	1
35	57	1
65	66	1
23	29	2
42	65	1
13	14	1
31	31	2
57	57	1
11	12	2
47	47	1
29	33	2
29	29	1
28	54	2
38	40	1
65	65	1
55	60	1
41	51	1
34	35	2
64	67	1
12	20	1
8	8	1
20	20	3
19	23	1
68	69	1
57	63	1
5	30	1
63	67	1
5	8	1
57	71	1
23	24	1
3	9	1
8	9	2
46	47	1
40	73	1
13	13	2
29	43	2
75	77	1
47	49	1
4	13	1
37	71	1
67	68	1
36	36	1
7	8	2
42	58	1
35	64	1
25	51	1
34	34	1
59	76	1
30	47	1
34	48	2
69	73	1
42	57	1
30	64	1
41	52	1
0	12	2
36	70	1
49	49	1
28	31	1
59	60	1
33	36	1
45	45	1
