45	45	3
23	23	6
33	33	6
24	24	6
28	29	6
42	43	1
17	17	3
15	16	6
42	42	9
44	44	4
47	47	2
39	39	4
36	36	10
41	41	8
28	28	6
23	31	1
45	47	2
37	37	11
30	31	7
21	22	1
30	30	5
40	40	1
26	26	3
41	42	3
22	23	3
43	43	9
32	33	9
32	32	11
23	24	7
20	20	4
34	35	3
47	48	3
38	38	3
35	36	3
25	26	3
37	38	3
31	31	4
45	46	2
29	30	3
36	40	3
18	21	1
35	35	9
18	28	2
27	27	8
31	32	5
25	25	4
46	46	6
22	22	4
19	19	2
26	27	3
16	16	4
39	40	2
39	43	5
46	47	1
21	23	3
17	29	1
20	21	1
15	15	2
48	48	1
45	48	1
29	29	6
23	28	2
34	34	2
39	41	1
17	18	1
40	41	1
18	19	1
31	33	1
24	25	1
40	43	1
37	39	1
27	29	1
