45	45	3
70	85	1
114	114	2
47	73	2
34	34	2
56	68	1
48	49	5
64	85	1
37	39	2
20	20	5
71	71	3
38	46	2
53	57	2
109	109	3
65	66	4
41	41	4
48	48	3
27	27	5
62	64	1
41	42	1
53	55	4
100	102	2
98	98	2
40	41	1
92	93	2
87	92	1
73	73	2
44	44	3
94	94	4
56	59	1
106	106	1
84	86	1
31	31	3
38	38	4
103	103	7
39	39	4
28	30	1
54	55	3
74	75	4
87	90	1
79	99	1
102	102	7
56	61	3
66	67	3
109	110	6
62	63	1
88	95	1
82	82	1
74	95	1
43	43	8
86	86	2
60	60	2
58	59	3
83	84	6
113	113	3
100	100	1
55	68	1
63	64	4
36	36	2
56	56	2
47	48	4
53	54	4
81	81	3
23	60	1
72	74	2
61	65	1
28	28	2
70	73	1
67	68	1
69	69	3
103	104	1
28	99	2
41	71	1
96	97	2
88	88	2
33	33	3
89	91	2
52	70	1
68	68	3
40	46	1
37	37	5
70	71	4
50	51	1
64	64	3
28	29	2
42	44	2
95	95	1
34	36	1
90	91	2
30	45	1
35	61	1
85	87	2
84	85	4
83	83	5
107	107	1
60	61	1
107	108	3
99	102	1
87	89	1
34	35	3
49	49	2
75	75	4
99	99	3
76	76	4
93	107	1
104	109	1
51	51	2
38	68	2
90	90	1
47	47	3
100	101	2
26	35	1
42	42	4
79	101	1
93	93	1
104	106	3
60	86	1
27	28	1
26	53	2
40	47	1
30	30	4
76	77	2
61	61	2
85	86	2
72	72	1
58	58	1
64	66	2
22	22	2
46	46	5
93	94	2
67	67	2
75	82	1
65	82	1
36	37	1
53	62	1
79	84	1
97	97	1
43	44	3
61	64	1
68	72	2
63	96	2
84	84	3
30	31	3
101	101	3
75	77	1
32	41	3
25	25	1
104	105	2
91	91	2
111	111	1
112	112	2
97	98	1
104	104	2
69	80	1
73	75	1
23	23	1
24	24	1
68	69	1
59	59	1
102	103	1
42	43	1
72	78	1
65	67	1
39	71	1
72	86	1
55	57	1
87	87	3
105	106	3
72	75	1
108	110	1
77	96	3
63	63	2
92	92	3
96	99	1
74	86	3
56	87	1
101	103	1
32	34	1
26	27	1
81	102	1
106	108	2
66	69	1
47	49	1
69	70	1
82	84	2
37	38	3
95	103	1
32	36	1
36	38	1
78	79	1
91	92	1
26	26	3
45	48	1
20	21	2
75	76	1
108	108	2
37	60	1
39	88	1
80	100	1
27	70	1
89	89	1
23	24	1
88	89	1
112	113	2
19	20	1
35	35	1
99	100	1
44	92	1
59	60	1
92	113	1
40	67	1
34	71	1
77	78	1
73	74	1
55	55	1
80	80	1
60	96	1
66	71	1
35	36	1
25	26	1
33	35	1
84	91	1
27	47	1
74	89	1
36	53	1
74	74	2
62	65	1
57	95	1
58	67	1
96	96	1
32	95	1
36	45	1
90	108	1
34	96	1
80	81	1
