23	23	6
97	97	9
99	99	8
24	55	1
128	128	12
42	42	14
134	139	1
108	108	2
25	27	1
119	119	5
129	129	12
72	72	3
111	111	11
16	16	7
64	65	1
82	85	2
36	37	3
51	51	8
54	54	5
135	135	6
118	118	5
38	38	9
109	113	1
139	140	4
79	79	3
49	81	1
53	54	4
90	109	1
80	80	8
39	40	4
22	22	2
4	4	7
48	48	8
125	126	1
73	73	10
57	61	1
78	78	8
130	130	9
101	101	8
66	68	2
112	112	4
138	138	8
53	55	1
80	124	2
23	24	1
124	124	14
15	30	3
21	28	2
106	106	12
92	94	1
38	39	1
20	33	2
104	106	2
57	76	1
95	96	2
137	137	8
132	133	2
104	104	8
71	72	3
134	134	4
60	60	7
88	90	1
120	120	10
56	65	1
113	116	2
68	68	5
57	62	1
112	137	1
8	10	2
118	127	3
39	39	5
123	126	2
56	57	3
135	141	1
70	71	4
18	18	3
67	67	5
82	92	2
69	70	4
2	138	1
10	10	11
116	134	1
102	102	12
30	30	9
36	36	14
5	5	9
136	136	2
129	130	5
83	83	5
88	88	4
79	80	2
107	107	9
123	133	1
37	39	1
127	134	2
19	19	15
141	141	10
105	106	6
9	9	2
59	61	2
55	55	5
78	79	3
136	137	6
15	95	1
37	37	4
107	127	1
67	68	2
92	95	3
82	83	4
118	119	10
26	26	10
77	78	4
17	17	5
66	66	4
33	34	2
106	132	1
20	20	7
8	8	8
126	130	2
79	81	2
110	110	14
109	111	2
32	32	8
29	30	1
87	87	9
18	19	7
81	90	1
78	100	1
31	32	5
1	1	10
82	90	3
61	95	2
95	95	6
71	74	2
41	41	4
93	94	3
142	142	8
53	53	5
29	29	6
82	82	4
113	117	2
125	135	2
84	84	7
93	93	11
24	119	1
11	11	2
94	94	4
81	81	17
91	91	8
89	136	2
40	42	1
52	56	1
81	82	2
9	144	2
143	144	1
142	144	1
33	33	5
24	24	10
121	122	1
103	123	1
33	79	1
47	47	1
25	76	1
127	129	4
65	92	1
75	75	10
123	124	8
49	71	1
132	140	2
50	51	1
89	89	4
62	62	7
115	140	1
140	141	3
48	90	1
82	95	1
55	86	2
140	140	4
55	56	3
34	35	4
100	100	9
128	129	4
52	52	8
31	34	2
76	78	3
0	0	4
138	139	4
133	136	2
94	95	6
111	134	1
0	2	2
69	76	2
27	27	7
95	118	1
15	37	1
106	107	7
16	17	7
117	126	1
126	127	3
100	119	2
60	126	2
114	114	4
27	42	1
90	91	2
77	77	6
120	125	1
137	138	4
0	16	2
133	133	7
121	121	5
125	125	12
85	85	10
116	117	10
3	4	4
62	63	2
88	110	1
132	134	3
90	96	3
49	80	1
111	130	1
87	107	2
37	38	2
68	81	1
76	76	7
68	71	2
77	79	1
61	86	1
26	42	1
18	28	2
95	97	1
67	74	3
57	136	1
126	126	8
13	13	6
89	92	1
34	106	1
108	127	3
3	6	1
56	67	1
68	104	1
62	88	1
32	33	1
96	134	1
63	98	2
92	117	1
25	55	1
0	27	1
0	1	1
108	109	2
111	112	3
92	131	2
97	107	1
57	57	8
35	64	2
96	96	10
89	90	4
61	61	5
9	40	1
6	138	1
9	10	2
127	127	11
58	59	3
33	39	1
90	90	5
131	132	1
130	135	1
63	64	1
71	105	2
19	39	2
63	63	5
119	120	7
84	85	4
91	128	2
65	72	2
48	52	1
78	81	2
83	84	2
74	75	2
74	74	4
29	101	1
34	34	7
58	58	3
2	4	3
86	99	3
88	92	1
135	139	2
85	86	1
40	49	1
40	40	8
71	71	5
104	120	1
65	67	1
25	25	5
28	28	5
54	56	2
136	141	1
50	52	1
83	86	1
35	139	1
12	20	1
2	2	3
120	122	1
124	134	2
35	43	1
105	105	5
3	33	1
104	105	4
21	24	1
17	30	2
107	110	1
109	128	2
107	108	2
113	134	1
18	41	1
26	34	1
9	24	3
67	84	1
66	83	2
15	15	8
117	117	9
9	14	1
113	113	7
70	70	11
99	102	2
33	36	2
123	123	8
136	138	3
96	114	1
56	104	1
19	21	1
93	111	2
30	69	1
1	3	1
94	144	1
71	131	1
73	74	6
71	98	1
131	131	4
105	107	3
18	122	1
8	20	1
52	53	1
54	55	5
99	101	1
120	121	3
14	14	4
61	62	2
24	25	1
110	132	1
62	64	1
4	5	3
5	138	1
98	98	6
51	52	7
9	95	1
142	143	1
56	69	2
12	14	2
122	123	6
135	140	4
102	103	4
115	115	5
81	118	1
107	117	1
31	31	7
23	56	2
121	135	2
34	46	1
69	75	1
22	23	1
42	85	1
36	53	1
98	99	5
68	96	2
132	132	6
1	2	1
47	66	1
65	83	1
105	121	1
72	82	1
117	118	2
123	128	1
112	113	1
113	115	3
91	92	1
109	109	2
124	125	4
17	18	3
118	120	2
67	109	1
51	76	1
56	56	4
57	87	2
133	134	3
49	49	6
71	90	1
56	141	1
124	135	1
111	113	1
17	38	1
9	17	1
97	98	3
1	26	3
74	94	1
57	63	1
11	19	1
48	49	1
100	141	1
30	32	2
15	16	7
24	30	2
116	116	2
61	63	1
34	41	1
123	136	2
58	62	1
96	97	2
105	126	1
17	60	1
107	126	1
81	98	1
123	131	2
14	16	1
86	109	1
75	76	3
59	60	3
72	73	2
37	89	1
127	128	4
125	139	1
141	144	2
110	130	1
57	58	3
102	129	2
6	6	5
104	107	1
106	141	2
85	115	2
127	130	5
102	124	1
90	94	1
122	122	5
70	72	1
86	92	1
87	101	1
66	75	1
8	21	1
115	126	1
139	139	6
35	39	1
49	54	1
91	94	1
50	50	5
59	59	2
109	114	1
3	19	1
86	90	5
9	28	1
27	28	2
120	124	3
54	60	1
91	95	1
62	74	2
32	94	3
33	55	1
65	65	3
14	40	1
100	101	2
31	33	1
35	51	1
91	98	1
0	10	2
16	24	3
139	141	1
105	112	1
10	24	1
2	3	1
141	142	2
79	100	1
134	135	4
69	69	1
93	126	1
28	29	1
16	19	1
110	112	1
64	94	1
43	43	3
5	6	1
40	46	1
136	140	1
125	129	3
33	47	1
47	48	3
39	57	1
128	131	1
69	118	1
51	53	1
103	103	1
64	64	6
80	81	2
48	67	2
38	52	1
118	125	2
99	135	3
85	113	2
72	76	1
8	9	3
144	145	1
94	96	2
79	89	1
1	6	2
119	128	1
101	120	1
94	115	1
19	61	1
47	113	1
20	118	1
81	84	2
105	113	1
34	36	2
43	54	1
36	105	1
62	103	1
2	64	1
106	113	2
73	81	1
113	114	3
120	133	1
114	115	2
65	66	2
63	67	1
25	30	1
35	70	1
14	15	2
33	35	2
131	136	1
38	120	1
12	12	2
34	48	1
98	125	1
0	31	1
35	35	3
12	13	5
126	128	2
96	110	1
105	120	2
110	128	1
73	87	1
40	41	1
89	91	1
135	137	4
55	69	4
39	52	2
83	113	1
113	118	1
36	39	1
1	52	1
127	138	2
12	36	1
48	61	1
20	32	4
97	104	1
47	51	1
99	124	1
55	64	2
100	129	1
100	110	1
130	139	1
2	14	1
67	98	1
13	14	3
75	80	2
103	121	2
28	30	2
4	96	1
92	100	2
52	68	1
8	118	1
103	119	2
81	95	2
124	142	1
93	128	1
121	124	1
21	22	1
19	20	1
11	105	1
15	80	1
131	140	1
3	137	1
74	82	2
15	17	2
30	129	1
64	67	1
31	63	1
128	143	1
59	86	1
37	58	1
66	67	3
42	47	1
130	143	1
126	131	1
96	99	2
136	144	1
87	88	1
132	136	2
114	116	2
48	80	1
107	141	1
74	87	1
75	110	1
86	86	2
88	89	2
42	95	1
58	60	2
21	21	1
109	110	4
48	59	1
99	140	1
69	90	1
42	52	1
59	101	1
24	73	1
26	89	1
17	106	1
66	79	1
113	128	1
92	92	1
9	12	1
3	3	2
85	135	1
47	68	1
68	76	1
135	136	1
107	113	1
65	69	1
97	110	1
73	92	1
107	133	2
63	83	1
6	11	1
26	101	1
112	116	1
126	132	1
98	111	1
86	104	1
26	28	1
131	141	1
118	128	1
10	21	1
73	76	1
110	122	1
118	140	1
47	50	1
64	72	1
36	107	1
42	86	1
36	43	2
64	70	1
97	136	1
11	42	1
9	81	1
38	100	1
93	119	1
75	77	1
58	81	1
39	95	2
99	100	1
65	68	1
41	61	1
109	124	1
124	128	1
88	129	1
64	73	1
16	51	1
33	38	1
6	21	1
117	127	1
13	17	1
82	131	1
97	120	1
137	139	1
76	77	1
86	87	1
82	116	1
121	137	1
133	141	1
3	34	1
38	61	1
33	37	1
3	32	1
60	61	2
115	125	2
52	77	1
37	81	1
71	115	1
125	131	1
9	59	1
36	106	1
119	122	1
118	138	1
49	70	1
38	40	1
63	124	1
8	17	1
12	15	1
49	50	1
71	73	1
110	111	1
24	77	1
89	107	1
133	142	1
49	52	1
17	23	1
125	134	1
54	63	1
