25	28	1
52	53	1
89	100	1
67	67	6
41	41	4
78	78	5
74	74	5
72	72	6
76	80	1
52	55	1
88	89	1
46	54	3
51	55	2
75	76	1
91	91	4
51	51	1
58	58	2
64	71	1
76	78	1
22	22	1
95	95	2
63	63	4
33	34	1
65	65	5
58	62	1
75	75	7
89	89	4
42	43	1
33	33	7
64	64	11
34	35	1
54	54	7
45	45	5
95	97	2
25	25	3
80	100	1
62	62	7
82	82	1
47	47	2
63	64	7
72	75	1
73	74	1
73	76	3
51	62	1
53	53	4
100	100	6
52	52	7
69	69	7
74	75	2
87	88	6
56	56	3
34	36	1
80	81	2
24	24	1
49	49	2
57	57	6
85	85	3
81	81	6
37	37	2
68	69	4
91	93	2
61	61	2
48	48	3
66	66	2
60	60	3
87	89	4
66	68	2
94	94	2
55	87	2
70	70	4
75	99	1
59	63	3
44	44	5
42	42	6
76	76	1
29	30	1
84	98	1
61	82	1
92	93	3
57	60	1
99	99	7
37	38	3
51	69	1
56	65	2
71	71	3
72	77	1
97	98	1
49	50	1
80	86	3
77	77	7
53	54	3
65	66	2
56	88	2
77	87	1
55	55	2
86	88	2
32	48	1
96	96	3
36	36	4
76	77	4
93	94	3
50	50	6
81	82	2
56	85	1
20	101	1
89	101	1
59	77	2
96	97	4
29	29	7
94	100	2
59	59	8
79	79	2
60	61	3
40	41	3
61	62	2
40	40	4
57	79	2
63	91	1
78	79	2
86	86	3
87	87	7
80	80	5
41	56	1
58	63	1
42	44	2
24	26	2
88	88	2
48	51	1
44	51	1
97	97	3
55	58	1
31	31	2
73	73	4
52	62	1
34	64	1
36	37	1
50	72	1
23	100	2
92	99	2
38	38	2
46	51	1
79	80	2
45	57	1
95	96	2
84	84	3
101	101	4
48	49	2
59	64	1
78	80	1
64	65	1
90	91	3
43	45	1
93	95	1
56	57	2
22	24	2
68	68	4
43	43	6
52	64	1
46	48	2
50	57	2
49	55	1
78	85	1
35	35	4
91	99	1
45	47	1
53	60	1
44	48	2
94	99	1
97	101	2
39	39	2
46	46	3
88	100	1
58	82	1
48	50	1
85	90	1
99	101	3
85	88	1
56	59	1
52	54	1
66	67	1
57	85	1
91	92	4
60	91	1
45	46	1
61	91	2
35	36	1
56	92	1
92	92	1
35	39	1
91	100	1
84	87	1
98	98	1
43	44	1
65	67	1
73	83	1
83	84	1
41	42	1
65	85	1
62	63	1
59	78	1
34	34	1
59	67	1
55	56	1
46	47	1
74	78	1
73	89	1
74	99	1
83	83	1
24	27	1
66	69	1
77	99	1
56	99	1
26	26	1
28	28	1
73	85	1
86	96	1
