42	51	2
77	78	3
99	99	3
94	94	5
68	68	2
80	96	1
78	78	4
67	73	2
29	85	1
58	58	3
25	39	3
30	30	3
57	57	1
81	81	4
36	36	3
52	52	2
40	40	5
19	19	1
53	53	2
85	94	2
42	42	3
83	97	1
101	101	2
54	55	1
88	88	1
49	49	2
33	74	1
103	109	2
56	56	2
20	31	2
114	114	1
50	50	1
102	102	4
21	21	2
38	38	3
103	106	1
24	50	1
25	31	1
88	89	2
98	99	1
31	31	1
89	89	3
74	74	1
20	39	2
85	85	1
56	57	2
24	41	1
58	60	1
113	113	2
54	61	1
63	63	1
32	40	1
46	46	1
97	97	1
50	51	1
33	73	1
101	111	1
55	55	3
57	59	1
55	69	2
57	71	1
92	92	3
96	96	2
49	68	1
55	56	1
69	71	1
98	113	2
59	59	2
64	68	1
69	69	5
45	45	2
23	39	1
61	61	4
28	42	1
53	67	1
41	73	2
34	39	1
108	108	1
76	83	1
87	90	1
83	104	1
80	86	1
72	74	1
91	91	1
95	95	1
99	111	2
48	48	2
79	85	1
75	76	1
39	39	1
51	51	1
41	41	1
28	92	1
105	106	1
83	83	1
43	43	1
110	111	1
91	103	2
73	76	1
75	75	1
29	29	1
105	105	2
107	107	1
73	73	1
93	95	2
109	109	2
102	103	1
44	44	1
36	37	1
77	77	1
37	37	1
21	33	1
81	83	1
111	111	1
67	69	1
44	45	1
93	93	1
36	39	1
37	38	1
73	74	1
113	114	1
51	52	1
58	59	1
74	95	1
98	104	1
63	64	1
86	88	1
32	52	1
99	114	1
75	110	1
22	22	1
111	114	1
22	25	1
