60	60	7
14	15	5
40	41	4
62	62	11
46	46	9
22	23	5
61	61	13
57	58	3
5	6	4
34	34	11
51	51	6
37	38	1
50	51	2
55	55	12
37	37	11
59	59	7
3	4	2
18	18	3
40	51	1
33	33	13
30	30	13
15	15	2
5	5	5
12	13	1
31	31	9
53	53	3
58	58	8
50	50	8
45	46	2
3	13	1
43	43	11
38	38	5
39	40	2
41	53	3
25	25	5
44	44	14
32	34	2
32	32	9
45	55	1
51	57	2
49	49	12
39	41	1
15	20	1
22	22	2
6	6	7
30	31	6
23	24	2
35	35	10
39	42	1
14	14	5
39	39	5
10	10	2
56	56	7
51	58	1
33	34	4
19	20	3
20	22	2
4	52	1
16	16	3
14	22	1
12	15	1
51	52	1
30	36	1
34	35	3
54	54	5
47	48	3
54	55	1
36	43	2
15	16	2
8	9	3
1	2	1
32	33	3
14	16	2
24	59	2
37	39	1
23	23	2
58	60	3
9	9	3
41	41	10
22	25	2
13	21	2
0	0	3
47	47	8
11	11	4
43	48	1
40	40	8
59	60	3
13	13	2
39	45	1
4	4	6
48	49	3
19	33	1
38	54	1
48	48	12
36	36	4
32	44	1
22	43	1
17	17	2
1	32	1
1	1	3
36	37	3
38	51	1
7	8	3
52	52	2
11	15	1
38	41	1
38	45	3
38	40	1
47	55	1
57	57	3
52	55	2
10	12	2
45	45	8
31	47	2
49	60	1
4	25	1
7	21	1
49	50	2
55	57	1
56	57	1
39	51	2
36	49	1
38	39	3
46	49	2
31	45	1
3	12	1
11	13	1
19	21	2
19	22	2
38	52	1
39	58	1
29	29	2
56	61	1
31	33	1
9	11	1
8	8	1
12	20	1
7	50	1
7	7	3
34	36	2
24	24	1
30	35	1
53	55	1
43	46	1
38	59	1
38	46	1
25	40	1
42	43	2
46	56	1
43	44	1
7	13	1
2	3	1
12	12	2
44	50	1
5	43	1
18	19	1
2	30	2
37	54	1
13	14	1
20	20	1
61	62	1
41	52	2
40	56	1
35	36	2
50	52	1
19	19	1
37	45	1
49	61	1
20	60	1
53	54	1
3	14	1
39	47	1
6	37	1
40	44	1
37	59	2
42	42	1
44	45	1
51	53	1
31	44	1
3	3	3
59	61	1
1	31	3
0	62	1
11	44	1
40	57	1
21	21	2
58	59	1
47	49	1
20	21	1
40	43	1
30	47	1
9	24	1
44	48	1
50	54	1
18	20	1
2	2	1
33	62	1
47	54	1
