43	45	1
28	51	2
12	14	4
10	11	7
106	119	1
145	148	2
143	151	1
147	147	9
35	36	2
67	67	6
15	23	3
150	151	2
73	74	5
9	10	2
47	53	1
113	113	3
5	27	3
139	140	2
74	75	2
120	121	1
69	70	1
5	48	2
16	16	7
77	77	4
41	41	6
66	66	4
145	146	2
7	7	1
21	21	11
140	140	3
4	8	1
67	140	1
88	94	2
58	58	1
122	123	6
20	21	2
34	34	4
80	92	1
103	110	1
4	66	1
47	47	9
110	114	1
26	26	7
68	69	3
105	105	3
44	44	4
15	71	2
88	136	1
78	85	2
5	7	1
124	128	1
90	90	1
109	109	10
106	108	2
75	76	3
132	133	1
124	138	1
122	144	1
29	29	9
42	43	2
55	55	5
115	115	1
104	107	1
45	46	3
103	111	1
61	61	1
94	99	2
19	19	2
17	17	12
75	75	5
125	132	1
67	82	1
119	120	2
77	78	3
47	153	1
33	34	3
143	146	4
134	134	1
8	9	8
50	50	5
35	35	11
31	32	3
50	51	4
4	46	2
72	72	5
75	83	2
121	150	1
38	40	3
153	153	9
38	39	1
23	23	5
44	45	5
22	22	10
135	135	3
142	143	1
45	45	6
12	12	4
91	140	1
98	103	2
123	137	2
100	100	3
76	78	2
53	53	7
11	57	1
4	4	4
135	145	2
133	134	1
39	41	1
80	80	13
41	42	2
9	9	4
82	82	4
49	70	2
25	27	1
16	20	1
69	69	2
101	111	2
28	28	3
146	146	8
104	104	5
13	20	1
5	28	3
63	63	3
37	37	4
102	102	4
20	26	3
62	62	3
141	142	2
20	20	5
82	86	1
5	5	5
102	128	1
56	56	8
116	116	3
64	67	1
128	128	3
111	114	2
44	46	4
73	73	9
137	138	2
25	25	5
65	66	4
130	130	2
68	68	7
64	79	1
27	87	1
15	15	3
48	48	5
92	92	1
30	30	1
93	93	6
63	64	1
78	78	9
27	39	1
148	148	2
34	35	3
145	145	3
143	143	2
131	131	4
94	117	2
27	27	3
30	140	1
5	26	1
33	35	1
74	76	1
41	138	1
46	46	8
89	90	2
133	135	1
87	92	1
84	84	1
149	150	2
24	24	7
2	22	2
108	108	3
24	25	1
74	77	1
13	24	1
6	6	3
81	82	3
99	99	3
147	148	2
28	29	3
23	74	1
23	27	1
52	54	2
4	5	1
64	64	5
85	86	1
15	17	2
57	57	7
62	69	2
141	141	2
31	31	6
11	16	1
152	153	1
107	107	5
101	101	1
138	138	5
30	32	1
30	142	2
11	17	1
93	97	2
48	50	1
66	80	1
123	144	1
54	57	1
80	81	3
40	41	2
87	88	1
32	57	1
43	44	2
122	122	5
130	133	1
104	110	1
70	70	4
146	150	1
114	114	2
27	28	4
112	113	2
66	68	1
83	88	2
13	71	1
82	100	2
17	18	7
142	144	1
28	30	3
103	103	1
41	47	1
97	99	3
11	11	8
117	117	3
31	82	1
97	117	3
23	24	3
115	116	2
76	76	5
36	83	2
62	63	5
120	120	1
77	80	1
95	95	6
65	67	2
137	137	2
11	12	1
106	109	1
52	52	2
131	138	1
86	86	4
46	47	2
81	81	4
10	10	4
22	26	1
26	27	1
8	11	2
106	107	1
95	99	2
110	116	1
71	71	6
126	127	2
70	84	2
56	78	2
100	101	1
96	96	5
33	144	3
83	92	1
33	33	4
13	13	7
95	113	1
128	143	1
32	32	1
16	18	1
77	141	1
49	64	1
63	98	1
118	118	1
76	114	1
102	114	1
95	125	1
124	135	1
57	93	1
6	7	4
37	38	2
143	152	2
4	7	1
98	99	1
85	122	1
154	154	2
151	154	1
146	147	1
84	97	1
112	114	1
48	102	2
14	129	1
4	34	2
105	140	1
68	107	1
6	93	1
130	131	2
108	113	2
131	135	1
65	65	2
21	24	1
132	132	6
121	122	1
21	28	1
76	93	1
81	100	1
39	39	5
15	40	1
150	150	3
102	110	2
38	38	2
9	47	1
39	45	1
9	16	1
87	87	1
81	113	1
5	6	1
83	83	4
40	42	1
136	136	1
26	136	4
27	57	1
100	103	1
144	144	4
21	23	1
30	31	1
18	19	2
66	67	2
46	53	1
74	74	3
121	121	5
95	97	1
16	23	2
119	121	1
36	38	1
25	30	1
125	143	1
46	70	1
27	51	1
97	97	2
67	84	1
79	93	1
84	87	2
18	18	2
50	65	1
84	86	1
8	38	1
86	95	1
110	110	3
69	96	1
105	113	1
3	7	2
123	128	1
57	72	1
88	88	1
121	128	1
41	49	1
43	43	1
93	95	3
103	119	1
129	131	1
141	151	1
131	148	1
79	79	1
103	104	4
11	15	1
151	152	1
123	131	1
123	123	1
96	126	1
68	122	1
144	146	3
6	11	1
78	83	1
5	46	1
35	39	1
75	77	1
11	26	1
25	57	1
66	71	1
22	25	1
27	151	1
134	139	1
34	36	1
79	84	1
68	73	1
12	19	1
49	49	1
108	152	1
126	126	1
33	86	1
23	66	2
127	132	1
21	50	1
67	72	1
73	119	1
111	111	5
14	14	3
94	144	1
12	40	1
7	10	1
67	79	2
79	137	1
128	129	4
70	71	1
18	45	1
124	124	1
25	149	1
25	26	2
106	114	1
68	92	1
70	79	1
78	79	1
32	33	1
125	126	2
62	66	1
2	2	1
136	142	1
30	50	1
67	122	1
136	137	2
143	144	2
66	119	1
136	138	1
13	14	1
75	78	2
37	39	2
53	77	1
52	53	1
42	42	3
47	70	1
86	123	1
85	85	1
12	13	4
50	57	1
65	81	1
142	142	1
107	152	2
51	52	1
86	93	1
109	149	1
82	84	1
126	128	2
38	42	1
97	98	1
53	54	2
24	40	1
55	56	1
83	85	4
16	74	1
64	66	1
121	145	1
135	148	1
65	68	1
23	99	1
87	97	1
56	57	1
53	62	2
65	79	1
3	4	1
122	137	1
62	64	1
15	16	7
54	54	2
27	74	1
25	28	1
109	110	2
133	133	5
12	26	1
6	48	1
40	40	2
16	17	1
36	36	1
3	30	1
19	20	1
3	70	1
131	133	1
49	103	1
3	8	1
104	108	1
94	94	3
64	76	1
4	6	2
61	88	1
96	117	1
3	5	1
48	49	1
51	51	2
143	148	1
115	117	1
110	112	1
80	83	1
49	56	1
20	66	2
122	129	1
94	98	2
3	19	2
78	147	1
102	103	1
25	72	2
97	154	1
142	151	2
73	75	1
7	35	1
3	6	1
15	129	1
119	119	1
71	80	1
131	137	1
10	34	1
13	50	1
98	98	1
143	145	1
34	144	1
100	132	2
57	76	1
140	141	1
115	120	1
49	51	1
61	62	2
4	76	1
48	57	1
7	26	2
105	139	1
90	92	1
24	54	1
9	13	1
23	30	1
62	74	1
75	94	1
35	50	1
134	149	1
57	58	1
105	111	1
76	77	1
51	58	1
84	127	1
152	152	2
15	34	1
129	129	1
50	82	1
94	108	2
123	125	1
34	37	1
20	22	1
20	23	1
22	66	1
30	58	1
125	125	1
25	56	1
69	71	1
6	8	1
42	63	1
108	109	1
107	108	1
78	148	1
72	100	1
99	102	1
104	109	1
149	149	1
125	127	1
144	147	1
16	56	1
99	107	1
54	55	1
134	141	1
74	83	1
124	126	1
26	148	1
28	33	1
100	102	1
42	48	1
64	65	1
114	130	1
37	40	1
