68	68	6
10	51	3
59	59	5
10	10	5
50	51	5
50	52	5
67	67	1
14	14	4
7	9	1
5	7	1
19	36	2
70	71	3
0	0	7
60	60	3
46	71	3
79	79	1
49	49	1
69	70	5
6	6	2
14	15	2
54	55	3
56	56	5
8	8	4
11	15	1
46	55	1
58	60	1
61	64	5
37	37	2
13	15	1
71	72	3
45	45	3
55	57	4
10	56	1
42	42	7
58	61	2
47	47	4
38	38	1
49	51	5
51	54	2
52	52	6
7	7	5
5	5	2
57	81	2
57	57	5
54	54	6
9	9	4
67	68	1
39	39	4
35	35	11
46	47	4
34	34	4
4	5	1
9	13	1
64	64	3
63	63	7
4	4	2
13	13	1
72	72	6
27	28	2
77	78	1
73	73	2
2	2	9
9	34	3
19	19	3
20	35	1
68	70	3
30	30	3
32	33	2
48	48	2
12	12	5
60	61	3
57	71	2
46	61	2
4	63	2
40	40	2
12	14	3
26	26	6
50	50	4
60	64	1
45	72	1
10	13	1
50	53	2
8	10	3
76	76	1
19	49	1
35	54	2
29	29	3
31	31	1
51	51	2
56	57	3
55	56	2
11	12	3
37	74	2
73	74	2
14	32	1
51	52	5
47	75	1
28	59	2
53	54	3
21	27	2
10	12	1
44	45	1
5	64	2
38	39	1
16	69	1
53	53	4
14	51	1
11	11	2
16	17	3
7	8	3
5	6	2
26	32	2
61	61	2
8	55	1
74	75	1
35	36	2
49	50	1
41	42	1
3	5	1
40	41	1
65	66	1
74	74	2
70	70	2
11	33	1
20	21	1
48	49	1
72	77	2
30	78	2
69	69	1
1	2	1
80	80	2
36	36	1
75	75	2
38	81	1
26	45	2
46	46	2
9	10	3
65	65	2
27	29	2
72	73	1
68	69	1
67	69	1
45	76	1
27	27	2
20	20	1
55	70	1
19	34	1
54	57	1
2	3	2
77	77	1
73	75	1
61	63	1
41	41	1
14	29	1
71	71	1
59	67	1
1	4	1
47	74	1
61	62	1
28	28	3
10	11	1
68	72	1
76	78	1
48	58	1
2	17	1
32	32	1
10	34	1
57	58	2
59	60	1
20	22	1
57	60	1
34	54	1
31	50	1
29	30	1
0	1	2
45	47	1
36	37	3
16	16	1
26	27	1
30	48	1
63	64	1
13	52	1
4	62	1
12	13	1
13	14	1
21	30	1
15	15	1
