73	74	4
89	89	5
113	131	1
43	44	1
102	103	1
129	132	1
111	111	4
30	30	3
124	124	2
127	127	2
70	71	3
22	41	1
25	28	1
50	50	3
40	40	3
24	24	1
83	98	3
111	112	1
4	24	1
86	91	2
78	80	1
65	65	3
112	112	3
131	131	3
8	8	2
88	90	3
84	85	4
132	132	3
13	28	2
91	91	2
81	81	3
101	103	2
61	62	1
126	126	5
65	66	2
107	107	1
86	86	1
82	82	5
77	133	1
48	52	2
28	28	2
76	76	3
90	91	1
51	51	1
0	24	1
65	69	1
114	115	2
7	7	3
41	55	1
124	129	1
69	87	2
13	40	3
15	73	1
1	1	3
5	5	1
123	124	1
13	13	5
80	81	2
53	85	1
53	53	3
110	111	1
66	66	3
42	42	2
118	119	1
52	52	5
4	4	3
99	99	2
113	113	2
128	128	4
86	87	1
84	84	1
72	116	2
49	49	4
65	116	1
58	60	1
97	98	4
115	115	2
106	107	4
42	43	1
3	32	1
71	72	2
29	30	1
83	99	2
77	78	2
106	113	2
53	56	1
91	92	3
47	47	4
92	92	1
48	49	1
92	94	1
14	15	1
58	61	2
80	98	1
91	106	1
88	88	2
67	99	2
105	107	1
31	31	2
22	28	1
39	39	5
83	83	1
47	56	1
59	59	3
4	6	2
21	21	4
109	109	2
59	61	1
114	114	3
48	48	3
27	27	4
55	111	1
41	43	1
123	123	4
92	93	2
21	22	1
95	95	5
19	19	2
17	17	3
22	22	1
126	128	1
3	131	1
117	118	3
41	41	1
108	109	1
127	131	1
78	79	1
26	27	1
98	98	5
122	122	5
106	106	3
123	133	1
54	54	2
46	47	2
88	89	4
77	77	1
112	127	2
62	63	1
84	86	2
31	38	1
0	1	2
16	16	3
14	40	1
57	94	1
107	108	3
129	131	1
129	129	2
79	81	1
121	121	1
89	111	1
84	100	1
119	120	1
55	55	3
127	130	1
69	72	2
125	127	3
10	10	1
104	105	2
56	56	1
49	52	1
81	115	1
97	97	2
105	105	1
58	58	3
63	63	2
67	67	3
124	125	1
71	71	1
113	114	1
69	69	2
101	101	4
119	119	2
53	54	1
108	108	3
22	29	3
74	74	2
63	65	1
81	82	1
127	128	2
6	101	1
19	23	1
25	132	1
83	120	1
8	9	1
121	122	2
94	94	3
45	45	2
82	104	1
12	13	1
93	93	1
43	56	1
89	90	1
120	121	1
24	28	1
118	118	3
6	6	2
0	0	2
129	130	1
122	123	2
80	121	1
16	18	3
14	16	2
17	26	1
13	14	3
23	40	2
22	23	2
74	90	2
38	38	2
40	123	1
7	8	1
69	71	1
79	106	1
72	73	2
9	9	2
101	108	2
133	133	2
5	12	1
43	54	1
24	40	1
64	64	4
92	106	1
109	112	1
80	80	1
106	111	1
13	17	1
87	87	1
77	97	1
53	110	1
18	48	1
2	4	1
107	112	1
96	115	1
101	129	1
130	130	2
87	100	1
103	108	1
104	122	1
24	29	1
18	26	1
76	84	2
77	98	1
45	46	1
120	122	1
79	79	2
101	130	1
38	39	1
28	31	1
56	108	1
9	11	1
20	49	1
100	101	1
93	94	1
116	117	2
55	56	1
46	46	1
18	25	3
78	78	1
44	44	2
106	124	1
23	28	1
26	45	1
120	120	1
67	68	3
85	85	2
14	19	1
82	87	1
50	51	2
93	105	1
2	5	2
68	68	1
101	102	1
96	96	2
99	100	2
14	14	3
30	32	1
42	44	1
19	21	2
14	96	1
5	127	1
39	43	1
79	86	1
98	99	1
48	53	1
3	4	1
15	40	1
69	89	1
72	72	1
45	47	1
55	72	1
114	126	1
68	117	1
79	80	1
107	109	1
95	105	1
2	2	1
28	33	1
125	125	2
61	61	2
24	41	1
32	33	1
57	57	1
116	118	1
15	15	1
9	48	1
100	100	1
56	70	1
69	90	1
58	59	1
5	6	1
70	70	1
41	44	1
117	117	1
73	77	1
73	79	1
21	24	1
95	96	1
1	2	1
58	62	1
80	107	1
64	69	1
