0	51	2
20	20	7
62	62	2
12	12	10
45	54	1
12	13	2
47	47	7
43	43	7
55	55	4
28	29	2
0	0	8
21	21	9
48	53	1
22	23	1
1	2	1
30	32	1
46	46	7
24	24	4
11	11	6
29	30	3
13	13	8
73	73	4
25	31	1
5	5	7
27	27	3
9	10	6
74	74	2
45	56	1
45	46	3
7	8	4
10	10	10
43	47	1
20	21	7
3	3	6
54	54	5
52	52	6
28	28	6
34	44	1
2	2	6
18	18	2
48	48	4
9	9	6
56	63	1
33	33	6
13	14	1
40	40	2
33	73	1
35	35	5
3	8	1
74	77	2
72	72	2
61	61	2
20	22	3
30	30	3
77	77	3
37	37	5
75	75	2
2	60	2
73	75	1
6	6	4
36	44	2
44	44	3
55	63	2
41	41	6
15	51	1
76	77	1
68	68	1
48	68	2
49	71	1
49	49	4
56	57	3
55	56	1
67	69	1
6	7	7
25	25	3
42	42	2
25	26	1
38	39	3
39	56	2
8	9	4
2	19	1
59	63	1
4	5	1
5	6	5
11	12	3
24	31	1
8	8	8
50	51	2
52	74	1
46	47	2
25	29	2
0	1	2
33	46	1
72	73	3
62	75	1
4	4	4
57	57	3
66	66	2
36	36	4
61	62	1
58	59	4
63	64	3
10	11	1
38	66	1
10	12	1
7	19	2
56	56	7
62	67	3
39	52	3
2	3	2
55	58	1
38	47	1
49	50	1
51	52	3
51	51	2
12	23	1
54	56	1
70	71	2
33	51	3
5	23	1
5	8	1
60	61	1
39	43	1
73	74	1
19	19	3
22	29	1
1	7	2
60	60	3
39	39	2
7	7	5
69	70	1
62	63	1
22	22	5
30	31	3
41	42	1
71	71	3
69	69	1
61	63	2
42	60	1
13	28	3
4	6	4
36	39	1
28	30	1
43	57	1
24	25	2
1	1	4
32	32	2
66	67	1
67	67	3
14	14	2
0	7	1
67	68	1
56	68	1
44	45	6
12	55	1
39	57	1
71	72	2
75	76	2
59	59	2
53	53	4
36	68	1
52	53	1
38	38	1
27	30	1
70	70	2
19	20	1
6	8	2
3	4	2
43	44	1
35	66	1
7	9	1
25	27	2
45	45	2
23	24	3
68	72	1
47	67	1
26	26	5
74	75	1
34	35	1
53	58	1
31	31	2
2	4	1
22	31	1
65	66	2
2	6	1
54	74	1
21	32	1
7	60	1
50	66	1
76	76	1
35	36	2
13	50	1
3	19	1
37	55	1
41	43	1
2	7	1
68	70	1
48	52	1
26	27	2
49	64	1
13	68	1
57	58	1
71	73	1
50	50	2
9	21	1
21	55	1
63	74	1
40	58	1
20	47	1
21	22	1
58	58	2
13	30	1
24	29	1
59	60	2
23	41	2
43	45	1
50	64	1
6	25	1
48	49	1
67	71	1
48	67	2
57	68	1
12	22	1
35	44	1
51	73	1
59	62	1
70	72	1
34	34	1
69	76	1
57	65	1
