29	29	6
124	125	4
109	109	7
134	135	9
25	137	2
121	121	13
7	18	1
129	130	7
99	99	2
138	139	5
25	25	6
21	86	1
0	5	2
19	20	7
137	137	8
138	138	6
128	128	16
33	33	5
80	81	2
30	30	2
82	82	3
110	110	12
102	102	4
108	120	4
133	133	9
15	15	3
104	106	5
72	85	1
139	139	9
2	4	1
9	27	1
2	3	4
126	127	5
9	23	1
28	114	1
76	76	9
138	140	2
126	126	12
94	95	2
92	93	6
72	73	4
33	34	1
120	120	5
16	20	2
123	123	7
34	34	4
119	119	5
129	132	2
122	122	11
118	119	3
131	131	21
23	23	1
134	134	15
124	124	7
87	87	5
3	4	5
2	2	6
16	16	8
27	27	7
15	136	2
84	84	5
93	93	10
112	113	1
112	112	9
7	10	2
136	136	11
116	118	1
27	28	3
32	32	7
130	132	3
113	138	1
79	82	1
22	22	4
24	24	1
135	135	14
106	106	5
93	94	6
35	109	1
82	83	3
21	27	1
132	132	16
78	78	4
13	14	9
88	88	8
132	139	3
7	107	1
75	77	3
98	112	3
105	109	1
124	130	1
104	104	2
85	85	5
72	106	2
114	114	6
111	111	3
28	113	2
83	83	6
18	18	6
83	84	2
137	138	4
119	120	8
103	103	6
72	72	6
85	86	1
7	7	3
12	12	6
87	108	2
107	107	3
109	110	1
107	108	2
117	117	5
120	121	4
97	116	1
107	119	1
1	1	12
22	24	2
74	74	5
101	103	2
36	36	5
136	137	5
101	101	4
128	129	10
104	105	2
91	91	2
24	27	1
112	114	1
30	31	1
117	119	1
125	128	2
79	79	5
118	140	1
9	9	4
25	31	1
140	140	14
3	13	1
73	73	5
27	29	2
35	108	1
94	94	6
108	108	6
26	27	3
108	115	1
92	134	2
121	122	5
96	96	6
73	76	1
97	98	3
14	14	2
0	1	2
115	116	3
92	98	1
84	85	2
117	120	1
10	10	5
25	26	4
26	32	1
28	29	4
100	102	2
1	4	1
4	4	2
71	72	2
113	113	8
84	113	1
73	107	2
28	28	4
77	77	6
81	81	7
108	119	2
34	35	2
19	21	4
127	127	15
35	35	3
75	116	2
78	79	1
19	27	2
116	124	3
14	23	1
86	86	5
80	92	1
99	102	1
14	16	1
88	91	2
123	124	2
125	125	3
5	5	5
7	27	1
3	3	2
106	117	2
100	100	3
71	99	3
119	122	1
95	96	2
15	19	1
7	12	1
95	95	2
31	45	1
78	84	1
77	115	1
89	89	4
3	5	4
9	19	1
71	73	2
20	20	8
5	14	1
128	130	2
96	97	1
73	74	1
95	135	2
12	14	1
8	18	1
72	76	1
113	115	1
81	87	2
83	105	1
118	118	5
97	100	1
90	91	1
84	116	1
101	110	1
71	71	6
101	123	2
90	90	3
86	87	1
131	133	1
129	129	6
75	75	4
105	106	2
110	111	11
16	17	1
8	8	4
7	8	2
130	130	7
97	124	1
104	118	2
114	116	1
26	28	2
84	118	1
74	121	1
72	107	1
98	101	1
124	126	2
104	108	3
80	80	6
36	109	1
24	25	3
108	109	1
86	104	1
13	13	5
33	106	1
132	133	8
35	140	1
96	136	2
0	0	5
121	124	1
79	80	3
78	80	1
31	32	2
72	77	1
84	120	1
20	26	1
131	132	6
20	21	2
38	38	2
88	110	1
98	98	4
105	105	2
26	33	1
89	100	1
30	32	1
37	37	1
127	129	1
105	112	1
109	116	2
73	77	2
24	26	3
113	114	2
6	17	1
35	36	1
92	95	1
28	32	1
135	136	5
119	121	1
71	85	1
115	124	1
135	137	1
31	31	3
32	35	2
2	6	1
16	19	2
114	115	1
22	23	1
108	118	2
88	89	1
115	120	1
74	113	1
108	125	1
18	20	1
120	132	2
95	97	1
15	16	1
139	140	2
101	109	3
100	101	2
9	12	1
21	87	1
26	35	1
77	83	1
109	112	1
127	128	1
133	134	2
34	107	1
82	103	1
37	38	1
22	25	1
6	6	1
131	135	2
126	128	1
105	108	2
19	19	2
74	75	2
9	25	2
85	118	1
10	87	1
114	140	1
17	21	1
24	106	1
34	38	1
36	37	1
75	76	1
98	100	4
112	126	1
17	17	2
8	9	1
88	90	1
86	106	3
74	76	1
122	123	4
11	11	2
92	92	2
110	112	2
125	126	2
81	82	1
117	122	1
34	36	1
8	23	2
96	131	1
22	44	1
90	94	1
9	10	1
102	103	1
108	113	1
110	118	1
130	134	1
135	138	3
99	100	2
3	14	1
26	26	2
86	103	1
11	101	1
28	88	1
21	22	2
101	138	1
10	12	1
111	123	1
21	23	1
1	2	2
127	140	1
115	115	1
110	123	1
76	108	1
75	122	1
12	26	1
95	138	1
16	27	1
89	125	1
30	84	1
107	120	1
9	24	1
19	26	1
95	112	1
112	119	1
87	101	1
111	112	1
4	5	1
7	21	1
83	85	1
33	115	1
123	126	1
89	90	1
1	3	2
13	79	1
137	140	1
123	125	1
130	131	1
111	113	1
75	117	1
84	88	1
73	75	1
135	139	1
38	113	1
101	125	1
75	106	1
110	117	1
103	104	1
82	85	1
