106	141	3
21	94	1
120	120	6
123	123	6
148	148	6
151	152	2
100	100	11
13	48	1
54	55	2
129	129	10
85	88	7
90	91	6
123	131	1
11	11	4
1	1	10
140	142	1
77	77	9
107	134	3
106	106	6
11	12	6
42	50	1
35	35	5
105	105	10
2	3	2
121	121	2
101	130	1
131	133	5
102	104	2
150	151	1
31	31	6
111	112	6
99	106	3
99	99	6
98	98	10
149	149	6
116	116	10
14	14	8
90	90	4
88	88	9
122	122	6
28	28	4
23	24	5
17	18	5
54	54	4
104	104	2
28	31	2
106	111	1
32	32	5
109	112	2
113	115	5
118	119	7
135	135	8
21	21	17
77	88	4
44	44	4
81	81	6
48	66	2
68	69	3
18	18	7
34	34	8
80	80	7
96	97	2
65	65	3
142	142	9
87	87	5
136	138	2
36	40	1
115	115	5
115	145	1
14	15	3
144	145	3
112	112	2
145	145	6
49	56	1
124	124	5
15	15	4
17	17	6
80	81	5
146	149	1
35	40	2
69	69	3
146	147	4
123	153	2
119	120	3
113	142	1
95	95	3
110	139	3
85	86	3
133	148	2
158	158	9
52	52	5
120	132	1
75	120	2
114	116	3
127	127	17
114	117	1
117	119	2
34	40	2
13	13	6
144	144	7
5	5	4
18	144	4
117	117	5
135	137	4
138	141	2
98	111	1
33	33	5
127	135	1
72	72	1
152	152	3
119	119	7
156	156	9
25	25	10
130	130	5
1	2	2
0	0	11
113	114	11
114	114	5
112	136	1
49	52	1
153	153	1
29	33	3
71	71	5
98	108	1
76	76	2
53	54	2
123	155	1
125	126	1
56	56	1
82	87	2
155	156	3
24	24	3
135	138	3
79	84	2
106	143	1
124	125	5
93	95	1
73	73	4
30	31	4
79	81	1
50	51	3
40	40	4
18	20	3
147	147	14
136	137	3
18	19	3
134	134	14
45	48	3
106	113	1
126	127	3
6	141	1
113	117	1
20	21	2
14	44	3
67	67	2
138	139	1
15	16	3
6	6	3
33	34	5
118	133	2
63	63	5
128	154	1
142	150	1
129	130	4
56	64	1
103	119	2
109	110	3
94	96	1
96	153	1
128	129	3
37	39	2
42	42	3
41	41	5
134	152	1
46	46	4
111	142	3
7	141	4
14	45	2
22	47	1
128	133	1
40	51	1
25	150	3
86	86	4
133	133	8
68	68	5
43	43	2
105	106	3
143	147	1
67	69	3
150	150	3
67	93	1
42	43	6
24	25	2
84	84	4
103	103	5
32	82	2
137	137	2
120	131	1
98	99	4
35	36	3
8	8	7
117	118	1
55	55	1
155	157	1
121	126	2
97	97	6
83	86	1
77	78	1
49	49	4
122	153	2
110	132	1
78	97	2
7	20	1
141	141	10
78	79	1
134	137	1
5	141	1
122	146	1
26	28	4
44	45	2
118	121	1
79	82	2
84	132	1
49	53	3
66	101	1
17	22	1
24	89	3
22	24	5
4	5	3
91	91	3
86	87	2
70	71	2
32	54	2
94	98	2
69	71	1
89	90	3
88	89	4
115	136	2
15	32	1
80	87	1
31	51	1
50	50	1
79	79	9
77	80	1
34	35	1
25	28	2
128	128	3
121	122	2
123	124	3
140	140	5
136	136	5
28	32	1
139	140	5
119	146	2
126	126	7
15	33	1
81	88	1
11	22	1
84	86	2
48	67	1
45	51	1
48	48	3
148	149	3
157	157	4
36	38	1
30	47	1
51	53	1
83	84	1
138	138	4
49	51	1
25	29	1
154	154	2
92	97	1
11	14	1
3	45	1
98	151	1
111	113	3
142	148	1
53	53	5
82	88	2
98	106	1
13	14	6
23	23	2
92	93	1
6	83	3
30	41	2
3	4	5
145	150	1
125	150	3
139	139	4
25	31	1
70	70	3
131	132	2
40	47	1
108	140	1
149	154	1
89	91	4
103	104	2
106	107	1
66	66	2
8	11	2
113	143	1
51	54	1
83	83	1
128	151	3
109	111	1
51	51	8
92	96	1
118	118	1
52	57	2
21	42	1
98	101	3
112	143	2
132	135	1
111	111	5
50	52	1
102	102	4
112	114	1
109	109	3
146	146	1
28	47	1
84	85	4
112	132	1
78	88	4
6	7	1
65	102	1
105	109	1
94	94	4
121	143	1
132	132	5
112	113	4
26	26	4
19	19	3
26	27	2
99	116	1
5	24	1
64	64	1
102	110	1
9	9	4
18	124	1
48	49	1
24	29	1
133	156	2
33	35	1
147	153	1
35	54	1
22	22	3
107	107	5
20	20	5
107	112	2
47	129	1
95	105	3
89	89	3
51	55	1
49	67	1
30	30	4
52	53	1
10	10	4
137	138	1
3	3	3
72	98	2
92	152	1
91	96	2
13	21	1
117	120	3
95	96	2
7	142	2
101	101	6
84	112	1
16	21	2
22	29	1
39	102	1
133	153	1
9	19	1
36	52	1
41	42	3
111	115	1
40	41	4
37	48	1
142	147	1
45	45	3
29	30	3
111	129	1
83	114	1
1	44	1
55	56	2
106	110	2
46	48	1
110	110	4
42	48	1
32	34	1
120	133	1
122	126	3
83	131	1
157	158	2
152	156	3
83	139	1
9	44	2
85	87	1
98	102	1
16	16	5
34	54	3
25	26	2
66	67	2
39	39	2
27	27	1
31	37	3
12	35	1
93	93	2
125	125	2
69	70	3
132	134	1
10	11	3
79	80	2
47	47	5
72	141	1
21	34	1
105	130	1
44	65	1
46	47	1
83	85	1
155	155	2
55	65	1
12	41	2
15	22	1
33	36	2
108	142	1
5	6	3
135	136	4
19	31	1
113	113	3
117	131	1
17	125	1
36	37	2
112	135	1
38	40	2
36	39	1
131	131	4
7	11	1
7	21	1
36	36	7
151	151	2
125	154	1
77	87	1
120	126	1
18	42	2
66	72	1
21	22	1
7	7	2
123	148	1
19	45	1
49	71	1
100	151	1
117	151	2
6	44	1
37	103	2
2	2	4
39	48	2
31	38	1
27	28	2
36	102	2
104	131	1
22	28	1
7	8	2
95	116	1
1	3	1
10	55	1
30	45	1
37	49	1
153	154	2
36	44	1
12	15	1
96	120	1
6	22	1
95	97	1
33	37	3
108	115	1
116	138	1
93	94	3
80	99	1
4	4	1
94	95	1
90	96	1
159	159	1
16	18	1
8	13	1
52	67	1
105	119	1
16	32	1
10	23	2
77	96	2
92	92	3
90	92	2
144	148	1
80	110	2
104	142	1
82	82	4
80	95	1
133	136	2
74	74	1
80	94	1
39	40	1
16	46	1
48	64	2
51	67	1
38	38	3
119	130	1
99	102	1
32	33	1
131	134	4
29	29	1
16	124	1
49	61	1
79	88	2
134	138	1
67	68	3
89	117	2
140	151	1
145	147	1
92	95	1
125	128	1
114	115	3
113	120	1
133	137	1
87	92	1
16	17	1
140	141	1
8	9	1
109	131	1
34	41	1
112	119	1
102	103	2
28	128	1
73	99	1
123	151	1
51	52	1
120	122	1
28	29	2
120	143	1
21	47	2
108	108	2
16	47	1
34	50	1
107	108	3
75	75	2
115	121	1
86	110	1
35	41	1
105	133	1
16	126	1
94	97	2
24	55	1
30	55	1
148	154	1
30	34	1
116	117	1
12	38	1
11	55	2
148	151	1
44	46	1
87	93	1
9	10	1
109	133	2
123	126	1
130	132	1
134	136	2
51	71	1
120	146	1
118	120	1
119	129	1
63	70	1
15	21	2
15	18	1
23	25	1
13	41	1
19	42	1
56	57	1
116	151	1
116	146	1
7	9	1
105	116	1
17	21	1
0	2	1
107	116	1
76	80	1
82	129	1
40	48	1
76	133	1
132	154	1
114	133	1
117	155	1
108	112	1
23	35	1
97	105	1
108	111	1
139	148	1
134	149	1
114	136	2
25	30	2
96	96	2
142	157	1
117	121	1
9	41	1
104	119	1
89	92	1
126	147	1
82	130	1
34	38	1
147	150	1
111	144	1
7	135	1
77	131	1
105	139	1
93	157	1
85	151	1
105	107	1
9	11	1
78	78	1
12	13	1
110	111	1
73	75	1
15	19	1
93	155	1
62	63	1
105	111	1
134	141	1
138	140	1
26	45	1
31	35	1
19	20	1
113	137	1
142	151	1
11	41	1
21	46	1
