160	162	2
85	85	6
7	17	2
202	202	6
28	28	11
140	143	2
23	23	7
22	23	4
0	3	2
35	38	4
123	125	2
164	165	3
204	204	3
161	161	5
69	85	1
1	12	1
233	234	2
7	13	1
53	59	1
228	230	1
70	70	14
137	137	3
4	5	4
177	178	2
16	17	3
37	37	3
12	13	5
15	16	2
234	234	6
146	146	3
60	75	1
11	30	3
133	134	3
67	67	5
84	85	2
73	172	1
201	201	5
101	101	2
11	43	2
128	134	2
40	45	1
196	197	5
8	21	1
1	1	9
78	78	5
69	69	7
12	32	3
138	138	9
233	238	1
220	220	8
73	73	4
181	181	7
78	133	1
176	186	2
158	166	3
183	184	3
49	49	2
204	205	2
15	33	1
34	35	3
7	8	1
165	166	2
147	149	1
191	210	1
130	130	3
39	40	1
211	212	2
25	25	6
53	53	3
164	182	1
32	32	1
128	131	1
200	201	1
62	63	2
95	95	1
75	75	6
192	192	1
55	55	4
36	36	1
236	236	3
45	45	6
162	166	2
198	199	3
218	219	3
61	69	2
106	106	1
105	105	3
51	55	1
144	144	6
39	62	5
169	169	4
154	154	3
169	187	2
150	150	4
183	183	5
121	127	1
25	27	1
213	222	1
4	4	4
194	194	2
174	188	1
143	146	2
77	86	1
230	231	2
7	7	6
127	127	5
38	40	1
113	113	2
186	192	1
227	230	1
64	64	6
66	67	4
56	57	2
51	213	1
97	97	4
155	155	2
172	173	6
172	172	5
9	26	2
148	149	2
111	111	1
53	195	2
46	47	6
54	54	4
203	203	1
215	216	3
109	128	1
219	219	2
33	35	2
62	62	1
63	63	2
29	29	6
142	149	1
215	215	2
162	162	3
19	19	6
65	69	2
219	223	2
103	104	1
154	155	2
81	81	3
233	233	5
17	22	1
6	6	2
73	75	2
109	109	3
50	53	2
9	204	1
64	65	6
58	85	2
225	225	3
46	226	1
31	49	2
177	177	2
65	220	1
187	187	2
58	131	1
177	192	1
71	71	2
145	172	1
42	42	7
153	168	3
200	202	3
129	129	3
47	54	1
2	3	10
106	118	1
182	194	1
8	60	1
122	133	3
8	12	3
120	166	1
217	217	3
8	8	3
75	102	1
9	203	2
132	135	1
122	123	2
55	113	1
133	133	4
1	8	1
147	176	1
184	186	1
208	210	1
108	108	2
60	60	8
188	188	4
116	116	3
21	56	1
184	197	1
47	47	2
5	78	1
48	48	2
6	7	2
121	166	1
212	212	4
114	119	3
139	139	7
204	206	2
226	226	3
100	105	1
3	15	1
18	18	3
65	65	4
49	50	4
15	15	7
220	221	3
84	96	2
180	180	4
145	155	1
226	229	1
223	233	1
232	233	1
103	115	1
144	156	1
22	22	3
48	51	1
74	181	1
10	10	5
120	120	8
166	167	1
171	171	3
27	27	7
237	237	2
89	89	1
104	104	4
195	195	5
13	13	1
179	179	6
186	186	5
116	122	1
42	66	2
176	176	5
236	240	1
76	143	3
42	44	2
122	122	2
28	86	1
128	142	1
238	238	4
72	72	1
178	220	1
100	100	3
40	40	5
20	20	9
117	118	1
6	16	1
150	151	1
102	120	2
104	105	2
105	106	2
223	227	1
209	215	1
137	241	1
48	50	2
202	211	1
51	58	1
23	30	1
127	128	2
147	161	1
25	26	1
46	46	6
41	58	1
15	36	1
40	71	1
224	224	1
141	141	2
60	232	1
51	51	1
24	43	1
230	230	2
134	135	2
140	146	1
63	64	3
201	202	1
147	153	1
36	41	1
160	161	2
110	115	1
48	228	1
161	182	1
189	190	1
41	42	3
207	212	1
193	193	3
136	136	5
74	74	4
61	61	4
35	36	2
44	45	4
81	82	5
175	175	1
87	87	1
43	43	4
46	99	1
199	200	1
83	149	1
140	140	1
236	238	1
56	133	1
41	41	2
171	172	4
121	122	3
7	14	1
143	144	1
11	11	3
80	82	5
56	59	1
18	32	1
240	240	3
24	24	4
66	66	3
23	36	2
151	151	3
143	143	4
190	190	6
55	72	1
36	64	2
88	88	2
222	222	2
43	55	1
170	171	5
44	44	2
175	214	1
203	219	1
102	102	5
165	165	3
106	224	1
76	78	3
2	2	3
12	12	2
196	211	1
65	83	1
45	69	1
98	192	1
118	118	2
37	63	1
20	39	2
168	170	2
84	143	1
34	34	5
78	126	1
99	125	1
158	159	1
84	84	4
18	21	1
7	12	2
0	32	1
12	34	1
229	229	8
42	43	2
59	76	1
168	169	4
95	104	1
191	191	3
55	59	1
86	86	5
26	26	2
99	99	1
101	114	1
15	68	1
218	230	1
232	232	4
83	84	3
179	180	2
103	105	2
52	53	1
41	62	1
3	9	2
107	124	1
32	33	2
179	185	1
56	56	3
44	74	1
212	213	1
141	205	2
30	30	3
182	196	2
135	233	1
170	170	1
212	215	1
210	212	2
138	139	1
214	214	1
18	38	1
85	86	2
218	218	3
85	136	2
173	223	1
50	50	4
200	200	5
146	150	1
59	59	3
145	145	4
198	198	1
77	134	1
207	208	4
131	131	2
12	14	1
81	84	1
67	83	1
39	75	1
57	58	1
37	39	1
197	197	5
38	38	2
9	28	3
141	146	2
91	91	1
33	33	3
242	242	2
175	190	3
65	129	1
77	78	1
26	27	3
188	189	2
164	164	2
61	62	2
24	25	1
80	125	1
137	141	1
66	68	1
8	206	1
60	83	3
47	48	1
84	88	1
170	174	1
126	127	1
182	182	1
235	235	3
206	206	3
120	127	1
112	112	2
19	30	1
48	58	1
178	179	1
115	116	1
156	170	1
125	155	2
144	146	2
18	20	1
150	239	1
4	6	3
35	43	1
99	101	2
21	21	4
159	165	2
95	99	1
49	68	1
119	159	3
50	65	2
63	96	2
212	222	1
163	163	1
11	68	1
159	160	2
168	168	1
35	35	3
161	232	2
206	207	3
71	72	2
52	197	1
134	134	3
119	119	1
18	23	1
54	72	2
158	158	2
186	188	2
199	211	1
148	206	1
209	209	1
227	228	1
57	65	1
76	76	1
12	41	1
0	0	3
231	231	1
229	232	2
58	63	1
113	114	1
238	239	2
10	28	1
13	15	1
43	45	2
57	73	1
38	39	2
65	66	2
59	71	1
135	136	2
207	207	2
205	223	1
239	239	1
72	79	1
112	113	1
0	24	1
182	201	1
117	125	1
68	69	2
149	183	1
33	220	1
51	52	3
50	52	1
17	17	1
59	60	3
79	118	2
140	141	1
20	22	1
121	121	3
60	71	1
33	203	1
2	65	1
1	36	1
195	201	1
42	74	1
173	174	1
203	233	1
121	123	1
54	55	2
55	61	1
98	98	1
37	60	1
79	117	1
203	205	1
20	21	3
205	205	4
178	178	2
24	26	1
20	25	1
185	185	1
115	115	1
167	167	2
189	189	2
49	191	1
156	159	1
59	63	1
184	189	2
40	41	2
218	225	1
136	242	1
29	30	1
80	80	1
160	160	3
33	66	1
190	191	2
78	84	1
68	68	3
185	186	2
15	41	1
175	178	1
115	118	1
147	147	1
222	223	1
100	103	1
239	240	1
33	34	2
19	20	1
96	100	1
154	160	1
120	236	1
202	220	1
174	185	1
82	82	2
9	9	3
83	159	1
172	232	1
54	56	1
156	158	1
229	230	1
223	223	1
2	12	2
31	31	2
83	83	1
123	123	1
79	80	2
157	169	2
131	134	1
127	130	1
231	237	1
5	5	2
56	164	1
18	19	1
103	103	2
53	54	1
1	3	1
150	187	1
183	185	1
209	210	2
24	36	1
58	59	1
39	39	2
119	121	1
197	208	1
105	114	1
192	193	1
154	158	1
80	81	1
213	215	3
178	198	1
186	187	1
195	196	1
208	208	1
81	156	1
7	21	1
209	214	1
153	153	1
173	173	1
49	64	1
8	9	2
181	185	1
61	99	1
124	124	3
48	68	1
3	3	1
14	77	1
45	46	1
154	156	1
38	43	1
17	18	1
6	39	1
98	158	1
201	204	1
214	215	2
126	134	1
161	227	1
199	199	1
7	9	2
163	165	2
188	190	1
96	98	1
60	159	1
142	144	1
14	15	1
82	83	1
53	57	1
32	34	2
225	226	1
0	14	1
82	85	1
152	163	1
157	158	1
23	24	1
196	196	1
33	51	1
96	96	2
129	134	2
58	58	2
42	61	1
53	74	1
156	198	2
16	31	1
114	116	1
76	133	1
117	163	1
102	103	1
223	224	1
7	29	1
20	47	1
104	106	1
220	222	1
178	193	2
73	88	1
135	135	1
205	228	1
12	80	1
99	100	1
161	168	1
4	162	1
73	230	1
10	102	1
2	31	1
62	68	1
225	228	1
65	74	1
95	96	1
66	69	1
6	35	1
126	128	2
210	210	1
127	129	1
65	215	1
228	228	1
31	32	1
74	75	1
111	113	1
150	160	1
112	120	1
104	144	1
60	122	1
101	102	1
199	208	1
122	127	1
144	147	1
76	77	1
1	2	1
149	165	1
33	67	1
156	157	1
76	85	1
99	119	1
139	150	1
227	227	1
5	6	1
11	36	1
31	83	1
27	28	1
