20	20	3
41	42	13
13	17	1
97	125	1
62	62	5
63	63	3
11	12	2
40	41	3
99	100	2
107	107	15
44	45	3
10	13	1
5	5	7
31	31	6
8	9	4
60	60	4
67	79	1
34	34	4
60	85	2
48	53	1
74	74	2
51	112	1
72	99	1
57	57	10
6	6	11
83	83	8
52	53	9
73	74	2
121	121	9
95	95	6
120	120	7
72	89	2
59	59	4
18	18	4
52	52	17
64	71	1
49	49	8
10	11	3
92	92	4
77	110	1
50	50	6
68	80	1
12	12	8
19	23	1
72	91	1
99	99	6
41	41	4
85	85	4
77	77	6
22	23	1
56	56	9
75	81	1
10	10	3
17	67	1
59	64	1
26	26	4
13	13	9
122	122	10
80	81	5
107	114	1
44	44	11
108	108	5
65	66	5
29	30	6
111	120	1
93	93	6
119	119	10
130	130	5
96	96	4
3	3	6
54	55	2
104	106	3
45	45	5
132	132	6
48	48	12
98	101	1
131	131	3
23	23	3
126	126	6
73	126	1
125	125	8
72	73	5
129	129	5
26	40	1
90	90	5
15	15	7
76	116	1
92	93	1
81	83	2
115	115	5
46	47	3
43	43	7
53	53	9
56	57	4
98	102	1
13	14	4
68	68	3
16	27	1
101	101	6
38	40	1
67	72	1
67	68	4
86	87	3
127	127	7
107	118	2
56	58	2
42	43	2
113	113	10
124	124	6
69	69	11
117	117	7
58	58	6
64	64	5
59	93	1
85	107	1
14	14	6
61	63	1
21	31	1
55	55	5
91	92	4
106	106	4
95	96	3
71	81	1
123	123	7
21	22	1
47	69	1
76	76	5
20	21	4
128	128	3
1	1	8
49	50	2
98	104	2
51	51	12
110	130	3
44	53	1
93	96	1
110	111	3
13	15	1
108	124	1
90	104	2
84	90	1
72	74	2
62	84	1
75	116	3
46	46	8
126	132	1
26	87	1
104	120	1
103	104	3
82	90	1
42	42	6
47	48	1
8	25	1
119	120	3
77	96	2
72	79	3
82	82	7
2	2	6
6	54	2
102	103	1
9	13	1
47	70	1
8	8	4
131	132	5
120	121	2
98	98	4
21	21	3
97	99	1
114	114	5
68	88	1
27	106	2
51	54	1
68	72	1
9	25	1
38	39	1
28	29	2
66	69	1
3	39	1
16	72	1
54	54	11
16	51	2
6	7	2
116	116	5
51	52	1
17	17	1
118	126	1
127	128	4
75	76	2
83	84	6
24	33	1
71	72	3
7	7	5
89	90	5
90	91	1
20	95	1
50	112	1
64	81	2
105	125	2
68	78	1
67	67	3
59	62	3
99	103	1
2	3	4
54	56	2
110	110	9
45	58	1
27	28	2
80	98	2
104	104	7
70	70	4
94	95	4
73	127	2
73	128	1
78	78	3
72	72	2
12	13	4
48	49	2
66	109	1
27	27	2
83	90	1
105	117	1
74	76	1
118	119	2
105	106	4
67	78	1
47	47	2
41	43	3
114	116	2
21	47	1
41	55	1
7	55	1
116	117	1
17	18	2
82	85	1
121	122	2
97	97	4
68	69	1
29	29	3
100	101	2
126	128	3
1	2	2
112	112	3
88	89	4
102	104	2
24	24	1
6	20	2
71	104	2
71	71	3
16	24	1
25	25	4
98	99	3
124	125	2
108	115	1
113	116	3
81	81	3
98	129	2
22	24	1
45	46	1
9	10	1
81	82	1
128	129	3
86	86	4
123	124	2
25	26	2
78	80	2
15	16	3
0	1	3
109	109	2
71	86	1
53	54	3
100	128	1
69	70	4
59	88	1
53	132	1
117	122	2
96	110	1
60	87	1
126	127	2
38	38	3
7	8	2
102	102	2
13	48	2
99	107	1
103	103	2
6	22	2
107	113	2
40	40	4
75	79	1
25	50	1
17	54	1
13	19	1
18	25	1
1	64	1
19	19	2
67	75	1
2	7	1
68	79	1
111	111	9
80	80	2
58	59	2
26	105	1
61	81	1
2	5	1
88	88	3
2	22	1
87	112	1
39	39	5
87	127	1
76	109	1
70	71	3
107	128	1
61	61	1
119	121	1
33	33	3
21	95	1
118	118	2
75	78	1
110	112	1
102	105	2
27	29	1
79	103	1
113	119	2
87	87	5
65	98	2
65	65	2
14	23	1
43	44	1
31	32	2
78	79	3
113	117	1
63	64	2
84	87	1
92	114	2
109	112	1
62	94	1
32	32	4
74	101	1
40	53	1
80	101	2
94	94	3
28	28	2
65	67	1
79	81	1
45	48	1
120	122	2
0	32	1
117	131	1
41	45	1
128	133	1
65	69	1
26	65	1
4	54	1
12	32	1
5	21	1
3	13	1
3	5	1
91	91	3
0	31	2
59	61	1
6	8	1
55	56	2
13	18	2
16	16	4
66	84	1
75	75	1
3	18	1
4	6	1
58	60	1
47	71	1
30	30	1
121	123	1
9	9	3
100	106	3
34	59	1
10	51	1
50	51	2
108	109	3
113	114	2
19	20	2
73	96	1
64	65	1
0	0	2
78	81	1
62	64	1
97	98	1
1	42	1
62	70	1
19	22	1
122	123	2
78	92	1
95	105	2
12	121	2
27	31	1
111	118	1
5	55	1
4	56	1
97	104	1
103	119	1
22	32	2
115	118	1
65	84	1
85	86	1
16	17	1
125	126	1
130	131	1
40	71	2
75	106	1
87	88	1
114	118	1
58	61	1
21	29	1
15	19	1
22	72	1
14	15	2
49	56	1
31	48	1
0	48	1
9	57	1
116	125	1
3	101	1
2	6	1
63	67	1
129	130	2
100	105	1
125	127	1
80	96	1
6	21	1
85	89	1
58	88	1
96	113	1
82	84	2
51	132	1
79	80	1
50	80	1
4	19	1
53	56	1
30	63	1
67	109	1
3	7	1
15	23	1
102	122	1
31	53	1
74	104	1
16	21	1
110	113	1
66	89	1
48	120	2
26	27	1
64	94	1
4	5	1
4	17	1
14	17	1
11	11	1
92	101	1
10	50	1
101	102	1
5	23	2
100	100	1
50	53	1
21	33	1
11	129	1
69	71	1
4	4	1
112	113	1
58	79	1
66	90	1
73	113	1
95	106	1
16	25	1
39	40	1
101	109	1
40	91	1
2	29	1
72	103	1
34	110	1
111	121	1
62	93	1
28	34	1
86	127	1
97	127	1
17	19	1
17	106	1
65	68	1
24	29	2
5	28	1
57	62	1
109	110	1
18	24	1
73	73	1
23	30	1
27	42	1
85	87	1
14	16	1
103	128	1
103	109	1
62	63	1
5	22	1
73	102	1
11	50	1
63	68	1
32	124	1
22	25	1
104	105	1
