26	27	3
27	29	1
24	28	1
27	27	6
35	35	4
34	35	2
31	31	4
45	46	3
45	45	6
40	40	6
25	25	3
22	23	3
42	45	1
38	38	7
42	42	1
19	24	1
44	46	2
47	47	3
46	46	4
18	19	1
28	29	2
28	41	2
44	44	5
47	48	1
34	34	5
44	45	1
40	46	1
20	20	1
24	24	6
34	48	2
43	43	2
23	23	4
37	37	4
26	50	2
39	39	7
17	17	2
23	26	2
32	32	1
39	40	1
19	19	5
28	28	5
40	41	1
22	22	4
30	30	4
30	31	6
45	47	1
36	36	1
49	49	2
24	50	2
28	47	1
26	26	1
28	31	1
35	47	1
18	18	2
26	31	1
26	28	1
19	51	1
21	21	1
29	29	2
31	32	2
35	36	1
27	50	1
32	33	1
27	33	1
39	50	1
43	45	2
22	46	1
25	26	1
33	35	1
20	21	1
17	26	2
19	20	1
47	50	1
43	49	1
