173	173	2
174	176	1
122	122	3
115	137	1
97	97	1
148	148	3
109	110	2
13	13	1
130	144	3
158	189	1
184	184	4
179	193	1
74	74	1
185	193	1
131	132	1
99	175	2
19	19	3
98	139	2
179	179	2
71	103	4
73	73	4
80	83	1
161	161	6
140	140	2
103	106	1
34	38	2
144	167	1
134	134	4
124	137	1
59	59	2
191	192	1
23	23	4
191	191	5
100	189	2
188	189	2
163	163	4
6	40	2
95	104	2
146	147	1
98	99	2
158	158	1
76	77	1
128	129	3
156	157	2
16	19	1
103	149	2
25	25	5
176	177	6
180	182	1
70	81	2
87	87	1
180	180	2
21	21	3
189	196	1
23	24	5
57	57	6
106	106	1
86	152	1
31	32	2
175	175	8
29	30	1
172	173	2
149	152	1
158	159	4
10	77	4
169	169	8
67	68	3
42	42	5
189	189	5
166	166	8
135	144	2
111	111	4
112	113	1
30	30	7
37	37	2
188	194	4
34	35	3
192	193	4
142	145	1
195	196	1
18	19	1
30	31	5
17	37	1
103	104	6
160	160	4
126	126	3
88	95	2
36	36	4
97	149	1
15	136	1
73	137	2
43	43	4
29	29	4
103	103	1
101	104	1
181	182	2
28	28	1
156	156	1
161	164	3
146	146	9
184	196	2
97	98	3
34	45	2
189	192	1
4	37	1
172	186	1
14	15	2
180	181	2
4	16	1
0	0	1
68	100	4
27	29	1
139	139	1
108	109	1
183	183	5
123	124	4
49	49	3
3	3	1
66	68	2
46	46	1
9	50	1
75	78	2
146	154	2
109	116	1
11	11	2
15	36	3
54	54	2
56	70	1
39	69	1
131	131	1
172	178	2
159	159	5
144	180	1
142	157	2
128	128	3
55	55	4
134	135	2
171	173	1
88	149	3
40	59	1
142	160	1
162	164	1
76	151	3
22	35	1
102	103	5
179	180	2
182	182	3
109	111	2
149	149	4
100	100	4
30	136	2
108	113	3
181	181	4
109	109	6
1	3	2
153	153	1
170	172	4
118	120	1
117	120	1
99	105	2
117	121	1
171	171	3
111	116	1
139	143	1
99	99	3
143	145	1
31	31	4
80	141	1
111	136	1
22	59	1
87	88	1
151	151	1
107	109	2
44	45	2
63	70	3
14	14	4
168	168	2
147	161	1
80	80	2
118	118	4
35	35	2
134	136	1
182	190	1
110	110	2
179	181	1
10	10	2
132	140	1
149	180	1
123	123	6
62	66	1
190	190	2
14	36	2
167	175	2
16	16	1
165	165	4
26	70	1
116	118	1
161	163	1
192	192	2
15	15	1
142	142	2
124	124	2
152	167	1
196	196	3
186	186	5
105	105	6
32	32	2
81	81	3
1	2	3
150	151	2
62	62	2
120	129	1
190	191	1
18	33	1
66	67	2
53	53	4
96	106	1
115	116	3
162	162	5
67	147	1
107	168	2
176	176	2
113	179	3
19	21	3
141	145	1
40	40	1
104	104	3
89	89	1
68	68	1
117	117	3
168	169	2
17	18	2
30	65	2
107	170	1
182	193	3
60	60	4
168	187	2
160	182	3
48	49	1
154	154	2
15	33	1
193	193	3
162	197	1
1	4	1
0	21	2
110	111	1
45	45	2
20	21	1
153	156	2
121	121	2
7	8	2
20	20	3
141	157	1
157	157	6
72	72	1
118	119	1
169	170	2
51	52	1
148	158	2
104	109	3
133	133	1
57	58	4
170	170	3
173	175	2
3	6	1
27	43	1
135	135	1
68	121	1
83	88	1
79	80	1
138	138	5
96	97	1
39	39	1
159	160	1
188	188	1
128	151	2
170	177	3
62	63	1
105	106	2
170	171	3
52	52	3
187	196	1
133	173	1
76	175	1
137	143	1
63	156	1
78	89	1
67	67	3
58	58	3
83	83	2
59	61	1
106	107	1
13	33	1
8	9	1
69	69	2
30	32	1
160	164	1
113	116	1
129	136	1
142	168	1
44	44	1
109	139	1
38	65	1
51	51	2
144	179	2
113	178	1
47	47	4
157	158	4
1	18	3
142	183	1
5	41	1
140	173	1
143	156	2
145	183	2
86	120	1
151	152	2
88	89	1
63	64	1
101	121	1
41	77	1
161	166	1
2	2	4
113	166	1
12	12	1
40	80	1
20	23	1
9	45	1
72	75	1
90	90	1
45	46	1
29	168	1
34	34	3
50	50	1
195	195	1
2	3	1
175	176	1
84	85	1
152	155	1
155	155	1
5	43	1
13	52	1
11	20	1
80	86	1
58	94	1
45	56	1
178	178	2
117	118	1
178	191	2
119	120	2
154	168	1
7	7	1
94	94	3
96	96	2
116	116	1
59	74	1
121	122	1
85	86	1
108	108	1
170	184	1
33	35	1
120	122	2
108	117	1
171	172	1
18	42	1
178	179	1
190	193	2
124	125	2
39	40	1
129	129	1
48	48	1
135	137	2
17	29	1
88	88	1
20	22	1
150	150	1
141	182	4
61	61	1
58	145	1
70	71	1
172	172	2
76	78	1
167	168	2
111	172	1
127	127	1
177	177	2
58	59	1
139	180	1
38	38	1
165	167	1
115	115	3
144	149	1
133	137	2
100	140	1
135	157	1
71	71	1
136	136	1
181	193	1
41	41	1
144	144	2
163	166	1
66	66	1
22	22	1
18	22	1
144	145	1
147	147	1
140	143	2
82	82	1
4	5	1
11	47	1
130	136	1
185	185	2
164	164	1
103	113	1
25	28	1
5	28	1
110	132	2
98	104	1
170	185	2
191	193	1
125	125	1
5	6	1
183	185	1
163	164	2
79	84	1
107	155	1
56	56	2
38	42	1
152	158	1
155	157	2
116	168	1
151	169	1
99	100	1
171	185	1
182	195	1
180	184	1
187	188	1
53	184	1
133	138	1
9	9	1
120	121	1
38	63	1
112	112	1
1	23	1
17	19	1
160	165	1
162	170	1
163	178	1
147	148	1
77	77	1
4	7	1
65	66	1
119	119	1
48	58	1
157	173	1
174	175	1
173	174	1
53	191	1
149	150	1
132	135	1
9	10	1
124	129	1
117	130	1
101	141	1
17	57	1
147	165	1
148	177	1
142	180	1
