33	33	3
53	53	3
15	15	3
2	2	4
44	45	3
23	23	4
4	4	5
16	16	10
21	22	1
39	46	1
32	32	2
54	54	2
38	38	6
14	42	1
36	36	1
42	43	1
30	30	1
49	49	4
3	3	2
9	35	2
6	36	5
18	18	1
23	24	3
51	51	1
28	31	2
5	5	2
20	20	4
48	48	1
58	58	4
50	50	3
39	39	4
45	45	2
56	56	2
14	45	1
14	15	2
46	46	1
55	55	2
28	29	1
11	12	1
22	22	2
13	14	5
24	38	1
0	57	1
48	49	1
51	52	1
57	57	1
9	9	2
41	52	2
21	52	1
19	58	1
37	37	3
40	40	2
31	36	1
21	21	4
17	17	1
42	42	1
35	35	3
11	39	1
47	47	6
52	52	1
34	34	5
56	57	1
20	21	1
31	31	5
34	39	1
10	39	1
2	38	1
7	7	1
40	54	1
44	44	1
14	14	1
10	10	1
16	17	1
18	19	1
12	37	2
15	42	1
35	43	1
29	29	2
6	39	1
4	48	1
43	43	2
57	58	1
28	30	1
13	13	1
6	7	1
45	49	1
23	28	1
0	0	1
12	53	1
10	55	1
32	33	1
