111	112	4
29	29	8
29	30	1
91	92	4
97	97	21
21	22	2
39	40	5
93	93	5
111	111	7
80	100	2
37	38	10
22	55	2
56	56	6
46	46	9
49	49	6
60	60	3
34	67	2
32	32	3
77	78	1
92	93	2
36	36	9
43	44	1
95	96	1
27	27	6
114	114	2
73	73	9
101	101	6
80	95	6
74	93	3
50	50	9
109	109	4
48	49	3
28	28	4
78	78	6
110	113	3
90	91	2
63	89	3
104	105	3
90	100	4
55	55	4
109	110	3
83	88	2
23	24	3
66	109	2
47	48	11
96	97	5
109	111	2
98	98	11
61	62	1
42	73	1
22	23	3
79	79	6
19	19	4
32	33	4
56	57	2
62	103	3
20	22	1
79	80	6
57	70	6
52	53	3
106	106	2
71	71	4
66	66	8
79	98	1
79	81	1
83	83	4
20	48	3
97	100	5
20	21	6
24	100	2
75	75	5
74	76	1
68	68	4
54	54	3
64	65	2
29	31	4
31	31	5
29	33	4
110	110	4
80	80	1
102	103	4
75	87	1
38	64	5
46	49	8
27	28	4
62	62	2
45	45	3
70	70	4
48	52	2
55	56	1
72	72	2
66	67	6
107	107	5
84	84	3
37	50	1
97	98	1
42	42	7
69	69	4
52	52	2
51	51	6
61	61	10
73	74	3
51	97	1
32	42	3
34	34	9
76	76	6
20	20	6
21	21	2
80	102	2
26	26	5
48	48	4
55	60	4
113	113	1
59	59	4
39	39	1
40	51	2
74	74	3
28	52	1
104	104	3
63	109	2
53	66	3
112	112	2
19	22	1
81	82	2
26	27	3
65	65	4
68	69	1
86	101	1
67	67	1
84	108	1
47	47	2
75	80	5
57	58	1
62	65	2
63	63	2
92	92	3
107	108	5
85	90	1
43	43	2
33	34	2
67	112	1
102	102	1
46	47	2
68	70	2
58	58	1
30	47	2
87	105	1
27	34	2
64	94	1
64	66	1
98	101	1
108	113	2
23	23	1
31	51	1
20	25	1
90	90	3
86	88	2
72	75	3
55	65	1
25	112	1
103	103	4
36	40	1
94	98	1
83	85	1
98	104	1
20	24	1
44	44	1
108	110	2
54	57	1
86	87	2
35	35	1
96	96	1
32	34	1
