60	60	5
68	68	4
39	39	6
37	55	2
38	40	2
70	71	5
41	44	1
95	95	6
30	40	1
101	101	6
44	106	1
45	45	7
56	56	7
27	27	1
100	101	3
49	49	9
26	28	2
61	61	8
47	48	1
96	97	2
59	59	3
22	22	9
60	94	2
70	72	1
103	103	6
66	78	1
26	26	12
80	81	7
67	67	6
62	64	2
40	47	1
62	62	3
80	80	6
32	32	5
69	69	5
56	63	1
29	29	2
77	77	10
29	87	1
47	84	1
82	82	4
43	44	4
73	73	4
93	93	5
31	31	3
25	44	2
20	21	3
21	21	9
42	44	2
85	85	4
75	75	4
23	23	5
39	40	2
102	102	5
100	100	10
82	85	1
84	84	4
53	54	1
25	25	3
50	51	3
97	98	2
48	48	3
36	37	5
83	86	1
69	74	1
89	98	1
33	33	10
92	93	1
24	24	3
51	52	2
75	76	3
46	47	4
52	52	4
46	84	1
35	37	3
76	76	6
81	81	9
58	58	3
83	83	5
41	41	7
25	27	1
92	92	8
35	35	3
74	74	9
97	97	6
95	96	5
41	42	3
72	92	2
61	62	2
20	20	2
35	36	3
77	78	4
66	66	1
91	91	9
89	89	3
48	49	1
44	45	2
42	42	2
60	65	1
71	71	3
46	46	5
62	78	1
59	62	2
59	61	2
84	87	2
51	51	5
64	65	1
91	92	4
86	86	4
46	86	1
62	63	4
88	89	2
61	84	2
21	23	1
50	50	6
65	65	4
60	81	2
26	33	1
58	60	3
45	47	1
72	73	2
68	69	3
37	37	3
26	29	2
58	59	7
96	96	4
56	81	1
83	84	1
61	71	2
30	32	1
38	38	7
74	75	3
32	39	1
77	105	1
53	53	9
89	90	4
94	105	1
67	68	1
37	38	2
74	81	1
61	82	1
79	80	1
35	61	1
28	28	3
63	63	3
87	87	2
63	67	2
83	97	2
86	87	1
83	99	3
59	86	1
70	73	2
47	47	5
54	54	5
54	55	1
66	67	5
30	30	4
99	99	3
100	105	1
55	55	2
80	97	3
101	102	1
36	38	1
29	41	1
47	79	2
34	35	2
31	32	2
57	57	6
66	69	2
95	98	2
56	57	1
33	34	2
72	72	3
71	73	1
99	100	1
55	57	1
34	34	2
40	41	2
64	64	5
61	64	1
54	80	2
24	26	1
36	36	3
25	29	3
29	30	2
86	90	1
83	85	2
94	94	3
80	87	1
43	43	2
48	68	1
71	80	3
47	87	1
45	46	2
76	77	5
82	88	1
40	40	3
93	97	1
90	91	2
49	58	1
33	88	1
86	88	2
69	88	1
105	105	2
88	90	1
68	74	1
49	50	2
40	43	1
76	102	1
77	92	1
90	99	1
84	85	1
90	98	1
78	78	2
106	106	2
70	70	4
38	49	1
63	64	1
85	87	1
42	48	1
54	56	1
88	99	1
57	59	2
38	39	2
95	105	1
31	34	1
75	78	1
93	96	2
36	42	1
23	24	1
101	106	1
98	98	3
29	88	1
46	48	1
38	47	1
93	94	1
95	99	1
48	50	1
20	49	2
60	74	1
47	82	1
76	78	1
100	102	1
83	89	1
97	99	1
30	31	1
58	88	1
86	89	1
35	53	1
29	38	1
55	71	1
104	104	3
99	106	1
32	34	1
92	104	1
78	96	1
82	84	2
26	45	1
90	97	1
87	88	2
42	45	1
65	66	3
66	73	1
78	97	1
24	45	1
55	67	2
41	48	1
38	50	1
25	26	1
38	57	1
34	76	1
49	51	1
51	67	1
82	90	1
94	95	1
60	61	2
55	84	1
27	29	1
39	42	1
88	88	1
52	53	1
35	76	1
90	90	1
22	23	1
32	33	1
79	81	1
