204	204	16
100	100	2
7	8	4
160	205	1
219	220	5
47	65	1
172	173	3
154	154	5
175	175	4
4	4	5
164	164	2
198	199	2
26	27	2
159	194	1
205	205	13
107	107	5
192	195	2
93	93	4
32	33	4
17	17	7
184	184	9
23	23	5
50	72	1
214	217	2
39	39	2
106	108	2
5	14	1
113	113	9
27	27	6
48	48	4
18	19	2
40	75	1
212	213	1
172	238	1
176	177	2
174	174	3
201	201	11
119	196	2
210	210	10
58	58	6
41	41	2
159	160	2
4	22	1
208	208	12
118	118	10
46	46	6
247	247	2
47	47	7
74	74	5
95	95	14
85	109	1
28	35	1
158	158	6
54	90	1
222	222	6
18	18	7
217	219	3
106	106	2
115	176	1
68	68	4
6	6	4
37	37	7
220	228	1
93	100	1
26	26	8
9	234	1
209	209	7
222	223	6
99	99	7
109	109	8
178	178	5
82	84	2
170	170	6
31	36	1
16	16	3
38	38	7
117	118	2
215	215	7
218	218	3
91	92	4
96	96	4
167	167	2
162	179	1
2	2	3
190	190	10
61	61	7
146	152	1
226	244	1
89	90	1
183	183	14
202	202	13
72	72	5
174	175	1
118	121	1
151	153	1
53	54	3
48	49	6
31	31	9
168	168	6
206	206	3
152	152	11
104	106	4
21	21	15
31	32	3
165	165	3
197	197	4
191	192	3
78	78	8
224	233	2
180	180	13
220	220	5
24	26	1
22	22	9
76	76	4
188	188	4
71	71	4
235	235	7
35	220	1
102	102	7
194	194	2
224	224	9
163	163	3
81	96	1
163	209	1
56	56	10
73	73	5
91	91	7
36	36	10
222	224	2
112	112	5
45	45	6
223	223	9
86	87	1
17	33	1
64	65	2
116	190	1
156	157	4
156	156	17
114	114	9
173	173	4
243	243	5
32	32	5
225	225	12
52	52	11
181	181	9
43	43	6
228	247	1
237	240	4
218	219	3
196	198	1
192	192	5
224	229	1
145	160	1
157	157	18
34	111	1
42	42	9
117	188	1
228	229	2
62	63	1
14	14	5
54	54	3
70	70	6
44	45	2
151	151	10
240	240	4
5	15	2
86	102	2
38	177	1
184	186	2
9	9	12
179	179	5
194	196	1
201	207	3
173	189	1
159	161	1
71	74	1
160	160	2
17	27	1
80	107	1
66	115	3
151	171	1
161	196	1
217	218	3
60	238	1
77	80	2
49	49	9
219	219	6
60	239	2
212	216	2
25	25	4
163	164	1
12	12	3
173	174	6
200	200	5
187	187	5
119	119	5
244	245	3
46	97	1
114	116	5
29	29	3
24	25	5
1	1	4
92	92	4
28	92	3
203	203	11
237	237	6
65	115	4
119	120	2
248	248	4
90	90	3
115	115	11
208	209	3
87	95	1
201	210	2
35	36	2
40	40	4
84	111	1
54	178	1
88	88	7
71	75	2
207	207	7
245	245	2
114	115	8
69	69	4
15	15	9
233	233	5
88	89	1
89	89	8
97	100	1
219	236	1
155	155	9
60	60	2
69	94	2
38	39	7
43	44	1
212	212	9
187	188	5
151	161	2
59	59	5
20	24	1
230	233	1
156	197	1
172	172	6
116	116	2
145	145	4
111	236	1
28	28	4
76	110	1
235	236	4
154	157	4
205	228	1
193	193	2
99	114	1
177	178	3
165	166	3
86	86	7
85	85	7
161	161	4
108	108	7
163	165	1
166	166	8
84	85	3
246	246	5
81	85	2
199	199	6
191	191	5
62	106	1
57	58	6
221	221	6
227	227	3
168	169	1
21	22	2
66	66	9
28	29	4
37	95	1
163	173	2
82	83	3
176	176	6
177	196	1
157	208	3
197	198	4
223	224	8
96	98	1
10	66	2
179	214	3
20	20	6
46	52	3
241	242	4
35	37	1
198	201	1
182	182	4
200	207	1
145	147	1
155	156	1
62	72	2
193	194	2
84	160	2
62	168	2
39	40	1
193	198	2
214	214	11
68	75	1
81	84	1
234	234	8
115	183	1
84	84	2
19	20	2
110	110	12
203	205	1
159	159	4
179	215	1
228	228	3
178	193	1
179	185	2
171	171	3
195	200	2
162	162	13
21	29	1
95	96	2
63	63	3
230	230	2
47	62	1
23	25	1
201	209	2
118	119	4
234	243	1
1	203	1
8	10	3
191	193	1
44	53	1
175	179	1
179	216	1
240	244	2
65	65	5
232	238	1
5	5	6
60	69	1
205	207	1
19	19	6
101	101	4
195	195	7
46	62	1
175	177	3
153	209	1
160	167	1
53	53	7
213	214	2
177	177	2
237	241	4
104	105	4
146	150	1
189	189	3
193	206	1
23	53	1
64	81	1
169	169	3
11	44	1
115	116	4
10	10	5
109	247	2
150	151	4
76	80	1
210	226	1
164	170	1
150	207	1
38	40	1
94	94	3
69	70	4
67	67	7
42	43	1
40	179	1
173	185	1
67	70	1
34	35	3
166	169	2
70	71	1
62	65	1
97	99	1
41	45	1
28	91	1
113	115	1
171	172	2
70	80	2
206	207	1
103	103	2
73	102	1
51	64	1
33	33	6
226	227	1
40	94	1
120	120	1
231	232	1
201	214	1
158	159	2
146	146	2
101	103	2
205	206	1
209	210	1
162	163	4
174	176	2
177	184	2
225	242	1
244	247	1
119	245	4
20	23	5
153	153	8
61	170	1
218	220	1
30	31	1
86	111	2
103	106	2
99	101	3
117	117	7
33	35	2
225	246	1
44	44	6
8	8	3
71	77	1
75	80	1
57	115	1
51	91	1
79	79	5
110	111	1
13	13	2
75	75	3
35	35	6
23	62	1
240	247	3
87	88	3
2	25	1
12	43	1
77	85	2
225	243	3
76	161	1
13	14	2
201	202	2
21	204	3
156	176	2
210	215	2
23	28	1
83	83	4
75	118	1
45	46	2
232	232	3
238	238	5
6	33	2
155	157	1
154	155	2
95	97	1
61	98	3
4	5	2
236	237	3
238	239	3
237	239	2
82	82	2
24	24	5
176	191	2
90	91	1
55	57	1
178	179	4
51	51	5
7	7	8
47	48	3
26	54	2
183	184	2
150	154	1
87	89	3
75	79	1
214	216	1
37	38	6
46	74	1
190	191	2
97	98	3
185	185	6
165	167	1
52	235	2
52	68	1
72	75	2
72	73	2
34	34	4
147	176	1
11	16	1
48	64	1
186	219	1
183	198	1
226	233	1
85	110	1
182	192	1
236	236	3
193	230	1
73	92	1
164	174	1
163	249	1
176	181	1
150	150	4
153	212	2
55	56	1
220	247	2
238	247	2
16	33	1
7	45	1
120	144	2
213	213	9
87	87	2
10	243	1
242	244	1
22	26	1
152	153	3
217	217	5
70	72	2
52	53	3
196	196	4
222	235	1
157	160	1
216	216	2
4	14	1
229	229	5
17	18	4
216	217	3
194	195	5
154	203	2
7	12	1
103	105	1
184	189	1
41	42	2
36	37	3
174	184	1
2	5	1
212	241	1
231	231	1
104	104	1
5	18	2
89	159	1
153	237	2
70	161	2
3	78	3
43	114	1
80	81	2
241	241	9
88	119	2
176	179	2
210	214	2
46	47	1
185	187	1
173	183	1
157	158	2
64	103	1
86	115	2
18	42	1
94	97	1
19	22	1
229	230	5
10	11	4
117	224	1
12	54	1
48	72	1
0	0	1
111	111	6
244	244	6
98	101	1
216	222	2
55	55	1
81	82	2
182	184	1
55	59	2
99	100	1
228	231	2
69	71	2
27	28	1
193	195	1
233	234	2
167	168	2
202	204	2
64	64	3
96	97	1
166	170	2
159	175	2
11	12	1
25	27	1
239	239	3
160	161	4
215	216	2
10	19	2
73	75	1
18	22	1
243	247	2
32	54	2
238	240	3
185	186	1
11	31	1
7	14	1
175	176	6
162	178	1
220	222	1
73	74	3
44	46	2
181	193	1
80	80	2
28	93	1
194	197	2
152	166	1
169	170	3
29	30	2
113	114	3
211	211	3
58	62	1
71	73	1
89	98	1
100	101	3
19	146	3
54	173	2
50	50	2
177	182	3
112	113	1
214	215	3
30	36	1
198	198	4
10	40	1
41	43	1
224	241	1
237	244	1
164	165	2
213	217	1
79	83	2
230	231	3
105	105	1
54	55	4
111	247	1
190	197	1
47	59	1
57	57	4
115	120	1
37	40	1
4	6	1
20	26	1
60	111	1
101	110	1
242	243	1
161	162	3
78	79	1
183	195	2
56	57	2
19	42	1
207	210	1
46	50	2
76	77	1
151	152	1
113	118	2
71	72	2
47	52	1
86	161	2
54	107	1
202	207	1
31	201	1
157	241	1
61	62	1
234	235	1
163	168	1
24	62	1
98	98	3
94	95	1
57	60	4
107	109	3
61	248	1
163	210	1
164	166	2
82	85	1
196	197	1
188	189	1
30	54	1
105	106	2
86	202	1
193	200	1
105	162	2
63	67	1
175	186	1
31	114	1
11	11	1
213	218	1
188	193	1
223	225	1
1	45	1
31	85	1
51	77	1
226	226	3
30	30	3
202	203	1
83	97	2
76	111	1
220	221	2
240	241	1
241	243	1
197	214	1
236	239	1
212	214	2
62	110	1
6	7	1
61	111	1
170	171	1
51	62	1
149	149	2
5	6	1
62	96	1
56	60	1
168	170	1
66	68	1
198	228	1
62	108	1
224	227	1
177	186	1
242	242	5
23	27	1
69	78	1
97	97	2
42	44	1
0	1	1
20	169	2
79	85	1
101	113	1
88	116	1
178	192	1
2	34	1
16	38	1
166	238	2
66	67	1
33	78	1
176	178	2
153	154	1
65	66	3
42	67	1
33	70	1
189	192	2
182	194	1
62	62	3
147	147	1
153	188	1
52	162	1
232	233	2
7	79	1
51	70	1
85	89	1
1	202	1
34	76	1
77	77	4
87	96	1
106	107	1
45	150	1
158	160	2
30	34	1
192	194	1
18	20	1
70	84	1
152	171	1
219	244	1
36	40	2
34	68	1
186	186	2
108	109	1
104	111	1
227	229	1
90	94	1
203	204	1
180	198	1
167	180	1
101	102	1
2	52	1
65	67	1
3	3	1
241	248	1
155	223	1
150	155	1
181	184	1
74	78	2
116	117	1
44	161	1
152	174	1
8	17	1
149	150	1
6	36	1
172	234	1
208	240	1
102	113	1
47	112	1
210	239	1
17	44	1
181	213	1
184	196	1
212	231	1
224	225	1
48	50	1
179	208	1
41	53	1
16	34	1
189	191	1
104	107	1
117	119	1
160	193	1
88	91	2
34	102	1
169	171	1
2	4	1
208	210	1
45	66	1
207	209	1
4	35	1
172	175	1
51	108	1
160	177	1
199	207	1
20	21	1
157	192	1
223	236	1
157	242	1
159	166	1
200	228	1
7	26	2
211	212	1
75	99	1
180	182	1
87	108	1
111	112	1
37	39	1
30	61	1
168	171	1
63	109	1
165	179	1
247	248	1
50	68	2
152	192	1
36	38	1
189	190	1
69	223	1
161	163	1
179	180	1
177	183	1
190	211	1
181	218	1
64	72	1
67	98	1
31	147	1
208	213	1
75	81	1
25	37	1
98	99	1
216	219	1
2	18	1
176	195	2
172	181	2
25	26	1
51	52	1
20	64	1
10	15	1
175	178	1
188	190	1
51	63	1
188	192	1
115	177	1
210	211	1
247	249	1
65	72	1
