23	26	1
7	7	7
24	69	3
80	80	11
41	147	1
136	136	4
24	24	10
39	41	1
101	102	3
50	50	11
99	121	2
100	100	7
10	32	3
38	38	10
80	83	5
79	80	5
122	150	1
16	16	3
22	23	3
76	76	6
9	9	5
41	41	7
150	151	3
148	148	3
68	75	1
94	94	7
149	149	8
63	63	9
26	125	1
73	76	1
29	34	1
33	33	7
39	40	5
150	150	3
31	31	4
131	142	1
113	113	6
77	77	6
106	108	3
93	93	5
110	110	3
103	122	1
92	93	1
62	87	3
64	66	4
73	73	3
68	69	2
102	102	13
16	21	1
30	32	9
71	72	1
34	46	3
10	13	4
78	78	7
71	71	9
75	78	8
96	96	4
132	132	6
95	96	4
13	19	1
40	40	10
28	31	1
4	22	1
40	41	6
8	8	6
78	79	1
94	95	7
115	116	2
6	6	5
112	112	4
123	123	5
143	143	5
54	54	13
29	41	2
126	126	3
77	133	2
142	143	2
97	97	8
140	147	1
36	36	8
10	10	8
29	30	3
20	85	1
86	86	6
27	28	10
35	35	6
34	37	2
74	82	1
61	62	1
116	116	6
32	33	9
21	22	3
6	7	5
78	81	1
49	67	1
39	39	7
15	129	2
74	98	1
65	67	1
130	152	2
79	79	7
142	142	6
100	108	1
94	102	1
151	151	6
90	92	1
68	78	1
109	109	5
6	8	5
96	143	1
63	80	4
75	81	2
76	78	1
103	103	10
97	98	3
12	84	2
18	19	4
37	38	8
2	10	1
19	35	1
5	33	1
51	51	4
99	99	8
87	88	2
35	140	1
131	132	3
30	30	6
14	15	6
129	136	1
40	43	3
75	76	3
125	125	11
8	50	1
22	22	8
49	49	5
115	115	6
54	70	1
14	14	8
11	12	7
137	150	1
20	20	11
153	153	10
77	80	2
62	62	6
47	48	3
62	63	4
64	73	2
97	121	1
15	15	9
88	88	2
72	77	1
66	87	1
23	23	6
56	56	6
97	113	2
28	28	9
120	121	4
18	18	6
84	85	3
68	77	2
53	62	1
12	12	5
29	29	3
141	141	5
85	85	4
30	64	1
145	146	3
76	77	2
131	135	1
133	133	6
45	45	8
30	38	2
82	82	5
64	67	2
121	121	6
17	17	6
67	74	1
69	69	6
48	48	8
137	148	1
49	51	2
13	13	3
41	42	5
25	25	4
129	130	4
38	39	6
44	44	13
97	110	1
31	145	1
147	147	10
44	45	6
95	99	1
42	80	1
130	130	4
54	96	2
64	123	2
13	150	2
53	54	5
99	114	1
111	114	4
4	4	4
5	5	5
4	6	3
45	115	1
65	65	6
42	56	2
17	144	1
85	86	2
108	109	2
119	119	3
119	123	3
154	154	6
55	56	1
44	117	2
43	43	7
136	137	3
53	53	10
105	112	1
10	11	4
65	68	2
33	99	2
78	83	1
39	123	1
96	125	1
98	103	2
72	72	2
133	141	1
82	83	2
118	118	6
103	107	1
86	98	2
70	70	4
106	106	6
37	39	2
43	45	1
4	5	1
117	153	1
68	68	6
23	25	2
104	105	3
96	100	1
96	98	1
8	9	5
63	66	1
134	135	5
133	134	2
47	47	6
38	40	1
11	11	9
119	120	1
67	68	4
83	93	1
108	108	6
84	84	3
104	119	1
93	96	2
74	76	2
17	18	3
51	52	1
16	22	3
35	36	1
4	37	2
3	3	7
124	125	3
7	9	1
50	51	5
114	115	2
42	146	1
46	47	2
111	111	4
116	127	1
93	103	1
108	110	5
32	32	3
12	21	1
144	145	3
56	71	2
86	87	4
141	142	2
5	92	1
87	98	1
21	23	2
131	144	1
124	146	1
103	104	2
15	137	1
16	17	3
49	114	1
136	150	2
66	66	6
34	35	2
120	122	6
34	34	2
57	57	7
21	24	1
39	55	1
42	50	2
137	138	2
131	131	2
9	10	1
82	94	1
137	137	6
104	104	1
127	132	3
38	46	1
149	150	3
49	96	1
127	134	1
9	11	1
26	26	3
11	79	1
123	124	2
54	55	4
99	101	1
110	111	4
54	57	2
29	35	1
83	99	1
69	74	1
24	54	1
19	55	2
132	134	1
6	42	1
3	85	1
130	132	1
19	20	6
15	16	5
17	19	1
140	145	1
147	148	5
141	143	2
135	135	9
114	127	1
69	129	2
54	56	2
91	138	1
21	21	6
144	144	4
68	94	1
24	26	1
25	58	1
25	27	1
56	57	5
66	75	2
94	100	1
117	117	5
68	72	1
126	127	3
13	20	2
69	70	2
87	87	5
72	75	2
73	74	6
33	34	3
55	62	1
79	81	2
63	67	1
65	66	4
114	114	5
124	144	1
42	44	3
62	86	1
35	101	3
12	34	1
20	21	3
109	110	3
81	81	3
38	118	1
152	153	5
127	151	1
3	5	1
68	73	2
66	77	1
122	122	9
101	132	1
27	29	1
14	16	4
20	22	2
32	58	1
128	128	6
51	55	5
58	97	1
48	49	5
132	143	1
7	22	4
6	27	1
45	46	4
84	87	2
11	18	1
94	108	1
145	145	4
98	98	5
34	99	2
122	123	1
139	143	2
102	103	1
67	125	1
21	140	1
7	8	1
14	20	1
7	16	1
42	43	3
66	68	3
95	95	3
30	33	1
98	99	8
20	23	1
107	107	1
140	140	1
35	52	1
96	146	1
73	77	2
29	63	1
46	46	6
32	34	2
142	144	1
3	8	1
19	19	7
70	110	1
105	108	1
77	79	2
46	48	1
72	78	1
99	102	3
97	99	2
19	22	1
95	98	1
73	78	1
111	112	3
42	42	5
95	123	1
9	14	1
64	64	3
86	94	1
73	82	2
5	6	4
104	125	1
34	98	1
52	52	1
106	114	2
23	41	1
6	46	1
111	113	2
127	144	3
69	78	1
11	13	1
37	43	2
2	3	2
134	141	2
27	53	1
107	108	1
43	44	4
144	148	1
43	51	1
52	57	1
53	70	1
2	38	1
83	87	1
76	85	2
107	114	1
25	31	1
37	49	1
83	83	3
103	105	2
139	141	1
75	77	1
41	118	1
74	77	1
4	25	1
5	125	1
12	13	2
77	78	2
122	133	1
57	58	1
74	74	5
87	93	1
107	109	1
75	75	1
67	89	1
121	122	2
135	136	2
95	110	1
110	112	2
95	97	3
107	117	1
146	147	1
64	69	1
40	42	1
81	84	2
28	29	1
65	71	2
139	139	3
94	98	1
92	92	1
133	152	1
82	85	1
152	152	1
11	17	1
65	125	2
67	67	4
120	120	2
53	55	3
115	117	2
48	51	2
69	112	1
146	146	3
10	12	1
63	64	1
53	57	1
81	110	1
26	35	1
148	149	3
74	112	2
101	101	1
58	58	4
100	101	1
102	112	1
95	147	1
92	118	1
65	78	1
58	98	1
123	128	1
109	113	1
122	135	2
69	71	1
76	80	1
45	52	1
112	113	4
35	47	1
87	147	2
127	137	1
26	50	1
134	136	1
66	78	1
92	110	1
85	93	2
62	85	1
36	48	1
64	72	1
29	36	1
67	106	1
118	154	1
128	133	1
103	118	1
118	119	1
85	127	1
8	22	1
95	114	1
26	64	2
104	109	1
124	126	1
72	138	1
52	55	1
128	129	1
93	94	2
100	117	1
41	43	1
47	67	1
136	151	2
143	144	1
13	17	1
81	82	3
20	27	1
127	128	4
70	71	1
51	56	1
16	23	1
133	136	1
97	102	1
116	117	1
6	19	1
42	114	1
79	84	1
138	145	2
48	53	1
55	57	1
136	144	1
70	103	1
22	48	1
97	116	1
136	139	1
52	54	2
6	9	1
94	111	1
32	37	1
81	111	1
113	140	1
118	121	1
76	82	1
9	43	1
64	80	1
130	138	1
26	145	1
11	20	1
54	69	1
83	84	1
28	30	2
3	17	1
89	109	1
4	38	1
24	29	2
122	143	1
122	130	1
75	84	1
128	136	1
3	24	1
86	137	1
13	14	1
4	69	2
68	74	1
9	49	1
61	124	1
99	108	1
7	49	1
52	53	2
97	111	1
42	46	1
27	33	2
47	57	1
102	104	2
32	39	1
96	108	1
26	28	1
12	18	1
124	124	2
128	130	1
26	30	1
26	40	1
120	123	1
55	55	1
63	78	2
75	82	1
37	44	1
16	28	1
3	86	1
16	20	1
22	26	1
50	58	1
36	144	1
38	43	1
30	40	1
150	152	1
86	128	1
27	30	1
50	104	1
38	56	1
46	70	1
81	87	1
17	21	1
97	134	1
43	63	1
89	89	1
26	31	1
11	22	2
46	90	1
72	74	1
7	19	1
68	79	1
73	75	2
124	136	1
33	100	1
42	45	2
49	85	1
27	63	1
33	47	1
127	136	2
14	148	2
21	29	1
68	103	1
93	124	1
137	139	1
26	27	1
14	17	1
50	56	1
98	114	1
63	75	1
12	14	2
128	137	1
114	116	1
11	151	1
104	106	1
127	127	2
8	10	1
49	56	1
103	114	1
80	81	1
117	119	1
125	128	1
107	112	1
9	13	1
133	135	1
9	15	1
140	141	1
105	106	1
67	128	1
77	81	1
43	117	1
35	38	1
34	36	1
44	119	1
53	102	1
94	99	1
80	85	1
96	115	1
49	84	1
68	105	1
92	144	1
4	32	1
27	27	2
12	73	1
52	71	1
120	124	1
44	46	2
149	151	1
82	115	1
65	88	1
100	102	1
129	129	1
131	133	1
67	79	1
23	64	1
8	11	1
35	39	1
85	106	1
80	84	1
9	21	1
109	112	1
32	35	1
75	99	1
79	128	1
24	31	1
13	23	1
38	45	1
25	26	1
53	98	1
