46	56	1
70	70	2
4	4	3
69	69	1
52	72	1
56	56	1
24	24	2
0	0	4
66	67	4
30	30	5
51	51	3
4	5	3
55	55	2
64	65	1
27	27	3
56	71	1
30	55	2
74	74	1
77	77	2
9	9	1
54	60	2
72	72	2
26	28	2
32	51	2
39	41	2
43	55	1
3	3	2
26	26	1
51	52	2
11	11	5
48	48	1
41	42	1
13	13	2
27	42	1
7	8	2
31	37	1
22	22	2
36	37	1
21	21	2
35	36	1
69	71	3
14	14	1
51	57	1
5	6	3
4	24	1
21	22	2
5	5	2
52	52	2
22	23	1
68	68	2
34	35	1
73	74	1
49	49	2
45	46	2
59	59	1
54	54	2
23	23	3
53	53	1
61	61	2
18	18	1
30	31	1
37	38	1
58	60	1
33	61	2
69	70	2
70	76	1
70	71	2
2	2	2
69	73	1
45	45	2
54	55	1
48	50	2
18	22	1
31	59	1
62	62	4
57	58	1
76	77	1
40	53	1
60	60	1
9	62	1
43	44	1
53	60	1
58	71	1
36	36	1
63	63	1
19	20	1
43	43	2
3	5	1
48	68	2
33	33	1
67	67	1
0	1	2
35	76	1
26	29	1
7	10	1
23	24	1
56	61	1
45	50	2
35	75	1
24	61	1
28	77	1
51	68	1
30	38	2
6	9	1
26	30	1
50	50	1
27	29	1
20	20	1
72	73	1
51	59	1
13	14	1
42	42	1
6	7	1
39	42	1
32	32	1
41	61	1
52	67	1
14	15	1
12	13	1
52	68	1
1	2	2
47	47	1
41	43	1
25	25	2
36	39	1
46	46	1
