14	14	5
65	89	1
30	30	10
70	72	3
57	57	5
134	134	15
58	62	1
72	74	1
122	143	1
87	87	1
13	13	3
137	137	5
110	114	3
104	133	1
92	93	2
71	72	5
2	2	5
71	143	1
101	101	11
22	23	4
99	99	4
69	70	5
34	34	6
101	102	3
125	125	9
97	98	3
77	84	1
64	64	2
54	54	3
60	60	10
62	62	6
104	104	5
39	39	5
62	64	2
77	79	1
22	22	7
94	122	1
19	19	17
105	113	1
19	115	1
75	84	1
106	124	1
133	133	4
107	109	2
66	66	5
144	144	9
109	109	6
69	136	1
84	84	5
122	122	8
96	96	5
118	119	3
4	56	1
61	142	2
51	51	5
66	67	2
126	128	3
124	124	3
116	116	4
111	115	1
52	52	1
30	42	2
10	11	3
17	17	9
115	115	2
30	33	1
3	21	1
35	76	1
58	125	1
76	84	1
61	140	1
58	59	3
56	56	5
121	121	5
106	140	1
26	26	6
85	85	4
75	76	6
87	88	3
107	117	2
23	23	6
120	120	4
109	110	1
61	61	5
71	84	2
145	145	4
120	121	2
17	42	1
106	106	4
67	67	2
94	94	6
68	81	2
66	133	2
102	102	8
136	139	3
92	97	1
133	134	5
53	53	9
100	101	1
76	85	1
117	117	8
3	70	1
32	59	1
2	3	3
135	135	9
36	36	2
61	80	3
128	128	8
50	60	1
34	35	4
16	16	2
78	130	1
0	0	5
71	82	2
116	117	3
53	143	1
112	133	1
89	92	2
118	120	5
93	104	2
129	131	1
99	100	1
86	87	2
93	95	1
122	123	4
24	24	9
27	27	6
52	75	2
13	14	5
90	126	2
75	87	1
112	113	2
79	79	3
89	91	1
123	123	7
11	11	5
42	42	7
73	75	1
107	108	4
143	143	3
78	79	4
63	64	3
4	4	1
33	33	2
70	70	2
129	142	2
0	5	1
32	41	1
35	36	1
0	94	1
18	19	1
17	107	2
110	110	9
128	130	2
88	97	2
88	88	4
10	10	10
35	35	4
5	104	1
69	104	1
29	30	1
12	13	1
25	26	3
138	138	9
47	62	1
117	119	2
9	9	4
139	139	5
77	78	3
130	139	1
12	15	3
109	132	2
64	69	3
74	74	5
18	18	5
81	81	2
96	98	1
28	29	3
134	135	4
87	90	2
103	103	6
29	126	1
132	133	2
29	29	9
19	88	2
55	62	1
95	105	1
134	143	1
53	130	1
38	40	1
102	144	1
41	42	3
35	114	1
1	1	3
43	43	5
102	127	1
136	138	3
40	41	4
126	126	10
68	68	3
99	116	1
70	71	3
3	22	1
142	143	2
117	140	1
50	50	5
132	132	2
116	123	1
53	86	2
61	66	2
93	94	1
38	118	2
2	4	1
104	108	2
118	118	8
137	139	3
63	87	1
28	28	2
32	32	5
127	131	1
113	114	4
71	136	2
140	140	6
89	89	4
51	52	4
14	16	1
94	137	1
102	103	3
15	111	1
123	124	3
49	49	3
6	6	4
72	72	1
93	93	2
38	39	5
90	140	1
83	84	2
112	117	1
48	48	2
31	31	5
129	129	3
97	97	4
85	136	2
95	95	9
78	131	1
91	110	1
98	98	3
65	70	1
88	91	2
122	139	2
113	113	5
20	20	5
89	117	1
140	141	1
100	100	4
139	141	1
139	140	2
38	38	3
92	92	1
65	66	2
110	121	1
141	141	7
65	74	1
98	113	3
106	127	1
37	38	2
74	106	1
67	68	1
76	78	2
39	83	1
8	18	2
123	142	1
79	80	3
61	62	2
127	130	1
73	132	1
74	109	1
128	140	1
12	23	1
104	143	1
8	8	4
58	64	1
118	141	1
53	54	3
37	37	14
122	130	1
60	61	2
32	35	3
9	10	1
59	59	3
26	38	1
100	137	1
12	12	4
23	27	1
127	127	2
141	142	4
119	119	2
24	25	1
65	65	5
40	56	3
64	65	2
88	139	2
43	71	1
63	135	1
5	5	1
2	95	1
136	137	3
105	105	4
37	40	1
87	92	1
77	77	2
111	138	1
42	43	1
96	97	2
103	108	2
80	90	1
3	5	2
39	40	2
1	43	1
121	123	2
130	130	4
81	83	4
30	129	2
138	141	1
13	25	1
13	95	1
15	16	5
118	144	1
2	98	1
1	2	3
124	125	2
50	52	2
16	18	1
75	85	2
142	142	5
89	90	1
91	92	5
130	131	2
71	71	3
95	96	3
89	104	1
101	107	3
133	135	3
139	142	1
30	31	1
135	143	1
14	73	1
110	119	2
136	136	9
122	144	1
90	94	2
68	137	1
105	121	1
125	127	1
55	55	3
93	97	1
130	135	1
115	116	2
17	22	2
49	56	2
58	65	1
58	58	3
126	127	4
98	100	1
49	100	1
26	133	1
2	69	2
82	97	1
75	75	6
25	25	5
71	73	1
91	91	2
59	60	3
2	5	1
62	118	1
83	85	3
83	139	1
47	58	1
62	63	4
131	131	4
49	126	1
88	95	1
114	114	1
134	138	2
135	137	2
54	55	3
123	137	1
33	37	1
78	78	1
105	134	3
20	123	2
116	118	1
68	146	1
35	40	1
33	54	1
105	108	1
140	142	2
112	114	1
72	84	1
69	69	7
64	71	1
112	112	5
131	142	1
104	107	1
0	1	2
103	127	1
132	136	1
52	136	1
18	24	1
18	33	1
12	96	1
36	37	1
53	66	1
24	27	2
17	19	1
88	140	1
86	134	1
52	129	2
43	69	1
51	53	1
131	133	1
119	122	1
102	133	1
129	135	2
39	65	1
115	134	1
23	25	1
59	128	1
55	56	2
35	135	1
93	137	1
40	71	1
111	111	1
4	97	1
87	133	1
50	92	1
58	96	1
121	122	1
106	108	1
40	40	2
23	24	1
86	86	1
32	33	2
52	66	1
8	119	2
32	37	3
27	28	1
38	81	1
109	142	1
39	105	1
3	3	2
90	90	3
28	67	1
135	136	3
71	101	1
17	18	1
83	114	1
73	87	2
92	138	2
82	144	2
9	25	1
105	106	1
53	55	1
72	73	2
118	140	2
94	96	1
84	135	1
36	38	1
13	16	1
5	6	1
33	113	1
81	141	1
20	21	2
108	108	3
110	112	2
31	40	1
63	63	4
43	139	1
72	143	1
131	132	1
8	9	2
30	37	1
25	38	1
128	129	1
71	74	1
125	126	2
85	131	1
76	76	2
135	139	1
26	27	2
83	83	4
42	81	1
16	40	1
123	133	2
15	15	4
105	117	1
53	63	2
124	134	1
3	14	1
137	138	3
80	80	1
87	89	1
106	112	1
82	82	5
119	127	2
15	103	1
80	107	1
101	143	1
104	112	1
42	64	1
68	97	1
123	131	1
73	73	4
145	146	2
41	41	3
108	115	1
11	57	1
40	131	1
107	107	1
116	127	1
132	134	1
64	135	1
84	110	1
16	26	1
117	125	1
37	129	1
31	34	1
94	103	1
83	86	1
114	115	1
66	137	1
47	47	1
3	10	1
128	141	1
57	64	1
141	144	1
68	85	1
1	40	1
107	132	1
65	91	1
33	34	1
146	146	1
109	121	1
32	36	1
32	38	2
33	123	1
112	116	1
88	142	1
140	144	1
31	110	1
128	144	1
49	50	2
48	56	1
132	139	1
52	71	2
15	38	2
86	121	1
52	67	1
102	106	2
38	50	1
129	130	1
55	65	1
60	130	1
27	31	1
48	70	1
93	114	1
14	17	1
123	125	1
73	74	1
3	4	1
111	112	2
123	127	1
130	136	1
126	135	1
59	61	1
52	64	1
34	36	1
75	90	1
63	66	1
119	131	1
38	122	1
132	135	1
89	108	1
75	103	1
48	82	1
120	127	1
42	62	1
11	131	1
19	108	1
70	83	1
3	35	1
105	128	1
121	124	1
109	112	1
86	131	1
84	114	1
4	6	1
49	54	1
61	65	1
25	112	1
117	118	1
128	131	1
49	64	1
108	114	1
77	128	1
138	140	1
2	79	1
27	37	1
10	48	1
20	119	1
21	34	1
57	61	1
68	131	1
66	132	1
134	142	1
119	139	1
83	137	1
73	137	1
28	40	1
80	94	1
76	77	1
74	75	1
