5	246	2
23	44	2
190	195	2
198	200	2
111	111	6
164	164	4
177	178	7
4	5	3
47	47	1
37	39	1
6	7	5
58	60	2
80	102	4
159	159	5
30	30	11
92	93	3
196	196	5
195	196	5
88	114	1
181	213	1
182	231	2
169	182	1
217	237	2
37	37	7
110	110	6
225	226	4
60	61	3
175	175	10
25	25	6
19	34	1
39	39	8
88	88	6
106	108	3
77	77	6
65	65	10
73	73	3
24	41	1
104	107	1
164	165	4
170	171	5
184	213	1
223	223	10
208	218	2
235	235	11
164	187	2
204	205	2
177	213	4
157	157	13
45	159	4
220	225	1
113	150	1
219	236	2
166	166	14
233	233	11
104	104	3
206	206	3
26	27	2
226	226	5
7	8	3
182	182	13
213	214	7
227	227	5
150	150	12
30	31	8
181	181	10
179	233	1
99	99	8
21	21	9
170	199	3
165	166	9
22	27	1
94	95	3
65	230	1
87	87	4
22	23	4
208	208	14
163	164	6
183	183	10
222	222	4
186	186	9
74	75	3
112	112	16
80	81	5
107	107	10
56	56	9
211	212	3
93	94	3
7	7	11
91	95	2
63	63	7
200	200	4
112	113	1
57	58	6
9	9	3
175	177	3
9	191	1
64	64	7
67	91	1
157	160	2
4	18	1
86	86	7
151	151	11
29	67	1
34	34	10
156	179	2
49	49	13
199	228	2
115	116	4
209	209	11
82	83	6
211	211	12
97	98	4
101	115	3
164	180	2
154	154	9
161	164	1
146	158	2
35	35	8
14	35	4
68	87	2
23	53	2
205	208	3
190	190	6
103	103	3
232	232	6
236	239	3
210	231	2
96	96	2
239	239	4
165	168	1
244	246	1
36	57	2
208	209	10
147	158	1
199	199	12
15	34	3
116	116	6
16	33	1
117	146	2
193	194	4
115	115	13
220	220	6
95	95	10
57	186	1
6	22	3
37	50	1
43	116	3
40	54	1
155	201	2
19	165	2
191	191	9
108	239	1
19	35	7
160	161	5
117	117	10
237	237	7
168	217	1
18	18	8
105	105	6
76	224	3
189	190	8
247	247	10
170	170	11
45	51	2
229	229	8
118	119	2
218	218	4
231	239	1
82	85	3
3	12	2
216	218	1
28	32	3
58	58	5
228	228	10
220	235	4
16	16	3
59	59	10
171	197	1
18	19	2
81	82	6
162	162	5
48	48	4
87	89	3
91	92	4
210	210	10
176	176	9
205	222	2
178	219	3
209	246	2
48	49	2
2	36	1
221	221	2
8	8	9
159	227	2
208	210	1
198	199	2
202	202	9
55	55	11
93	93	2
205	205	7
29	30	3
109	109	10
82	84	1
238	246	2
219	219	2
6	206	1
23	154	4
41	43	2
201	228	1
27	33	2
243	243	7
12	12	4
237	240	6
8	204	1
41	67	1
89	222	1
201	204	2
193	193	8
79	79	2
199	200	4
120	120	5
179	182	1
89	179	1
113	113	7
110	118	1
47	64	1
61	72	2
109	113	2
158	202	2
238	239	9
53	53	6
196	197	1
236	236	4
172	172	11
90	91	3
68	68	5
25	27	2
32	36	1
147	147	6
159	160	1
231	232	7
224	225	2
38	40	1
119	120	5
89	93	1
201	202	3
108	236	3
188	188	10
216	216	6
76	76	3
67	67	4
238	240	2
161	173	1
168	241	1
99	100	4
61	61	4
45	46	1
57	57	5
1	1	3
99	114	1
20	164	2
163	163	2
220	244	1
213	213	3
113	114	2
215	215	12
15	19	2
37	95	3
119	157	3
7	180	2
241	243	1
54	54	4
32	207	1
205	228	2
98	98	2
68	77	2
3	5	1
216	233	1
188	190	3
69	69	11
158	183	3
175	176	8
42	63	2
155	155	12
62	62	8
172	173	7
246	246	10
106	106	3
74	74	2
226	227	3
37	68	1
41	52	2
28	54	1
96	101	4
9	10	5
59	77	3
48	68	1
71	74	1
71	71	8
79	80	8
180	198	1
155	156	3
89	89	11
161	161	9
178	178	5
88	180	2
169	174	3
30	62	2
184	208	1
98	100	4
75	75	8
16	35	1
16	234	1
174	174	8
46	69	3
79	81	2
71	75	1
64	66	2
194	195	9
238	248	1
109	111	1
97	97	9
52	55	2
203	203	9
84	84	5
36	47	2
206	219	1
97	206	1
109	114	3
4	4	12
65	66	4
232	233	5
16	17	2
3	3	8
108	108	2
99	180	4
156	202	2
194	194	6
167	168	2
5	5	10
72	74	1
193	200	1
59	60	3
33	55	1
108	111	3
11	53	1
170	175	1
191	192	6
42	42	6
83	84	5
185	185	5
17	35	2
244	244	12
224	224	6
37	38	5
42	48	1
54	110	2
113	115	1
47	48	4
162	182	2
197	198	2
157	183	1
204	207	2
35	36	2
170	177	2
76	101	1
27	27	8
18	165	1
29	33	1
1	32	1
195	197	1
241	241	4
193	195	3
204	223	1
56	65	1
70	70	7
80	87	2
33	34	2
38	38	8
31	31	4
166	167	5
59	223	4
61	62	6
9	180	1
78	78	4
88	179	3
36	183	1
118	243	3
94	121	2
33	35	4
151	168	1
90	206	3
239	242	2
173	185	2
146	147	3
56	59	1
156	156	6
212	212	7
203	220	1
103	104	3
8	226	2
180	184	2
180	195	2
119	119	12
6	6	2
24	167	2
71	73	2
12	19	1
69	70	5
62	235	1
49	50	7
195	198	1
77	78	1
100	100	1
23	23	11
87	95	2
200	201	3
80	80	2
114	114	14
171	204	2
156	160	1
208	234	1
10	183	1
110	113	2
212	230	1
78	79	3
212	249	1
240	240	6
234	241	1
118	118	7
101	213	1
14	34	1
25	26	3
152	166	2
4	34	2
71	91	1
186	194	1
29	31	2
44	44	7
49	58	2
64	89	2
174	201	1
41	70	2
39	41	2
223	230	2
90	90	2
41	65	1
190	223	1
81	84	4
181	183	2
156	159	1
4	12	2
71	90	1
201	223	1
1	21	2
168	180	2
202	226	1
197	236	1
152	152	6
94	94	6
177	177	2
243	244	7
232	241	2
198	198	6
175	178	5
183	208	1
182	189	2
221	222	2
63	69	2
55	56	3
23	110	2
10	10	5
180	231	2
242	242	8
77	88	2
238	238	6
83	85	2
240	241	1
106	115	1
51	64	2
39	92	2
172	175	2
66	66	2
197	197	13
100	101	1
153	153	5
84	102	1
82	87	1
118	244	1
41	46	3
112	243	1
42	71	3
168	168	9
32	32	2
199	219	1
43	43	7
52	52	4
47	49	3
20	21	2
29	29	2
34	35	7
171	171	7
53	54	1
217	217	7
5	12	1
164	168	1
35	242	2
79	118	2
71	72	3
20	20	6
1	180	2
38	39	2
21	32	2
213	233	1
117	118	2
83	83	3
56	113	1
190	191	5
62	65	1
72	72	1
62	63	4
5	34	1
29	38	3
233	241	2
75	89	1
235	236	3
14	33	2
236	237	5
18	34	4
73	74	5
29	49	2
30	37	2
20	46	1
214	215	2
105	106	6
169	169	2
221	234	2
219	220	4
33	33	3
204	212	1
229	230	3
178	179	3
198	235	1
96	112	2
43	45	1
169	170	2
162	163	3
68	119	1
28	28	6
52	87	1
226	231	2
171	177	1
160	226	1
209	212	2
160	160	6
38	43	3
74	88	2
110	115	1
112	114	2
92	92	4
150	151	2
91	91	2
201	229	2
209	225	1
50	50	14
229	236	1
97	112	4
114	115	5
10	172	1
144	151	2
172	197	1
7	23	1
51	53	1
155	205	1
30	33	1
159	239	1
177	226	1
3	4	1
189	189	6
40	40	8
68	96	1
110	111	1
24	24	4
145	145	3
184	184	3
195	195	1
48	96	2
41	66	2
198	230	1
243	245	1
71	96	1
82	82	4
153	154	1
86	87	3
207	236	1
206	207	3
44	45	4
102	102	5
36	39	1
100	116	1
35	233	1
100	239	3
182	183	1
32	53	1
107	108	2
38	47	1
6	163	1
36	36	7
6	180	1
48	60	1
189	192	1
95	98	2
90	95	2
101	101	6
51	74	1
51	52	3
54	154	1
81	88	2
101	114	1
220	221	2
39	69	1
200	204	1
26	26	2
244	245	4
185	231	3
208	248	1
182	186	1
36	68	1
175	184	1
17	43	1
47	223	2
11	21	1
239	249	1
173	174	2
106	107	4
68	97	1
167	169	1
156	198	1
149	149	2
151	155	1
171	172	3
187	187	9
162	233	1
85	85	4
209	213	1
75	115	3
96	97	2
225	225	3
36	38	3
40	43	2
75	102	1
108	115	1
51	51	1
112	146	1
207	207	4
162	164	1
163	181	4
70	222	1
176	182	1
17	17	6
174	230	1
158	160	1
7	11	2
195	206	1
217	231	3
170	178	3
202	204	1
171	175	1
217	218	3
216	237	1
173	173	3
190	232	3
18	22	1
208	225	1
169	233	1
239	240	2
193	206	1
78	88	2
160	200	1
220	239	1
94	98	3
66	68	2
198	214	2
62	240	2
32	40	1
171	184	1
63	64	3
70	89	3
208	211	1
69	89	1
226	234	1
18	166	1
90	92	3
119	144	1
64	109	1
231	235	3
39	62	1
45	52	1
11	11	6
98	204	1
78	222	2
234	234	1
150	153	1
14	15	2
104	106	2
165	167	1
70	85	4
56	57	2
192	192	6
218	219	7
54	55	1
165	165	9
201	201	8
228	229	2
145	176	1
82	98	2
14	243	1
149	150	2
163	180	1
198	239	1
39	40	1
81	81	3
248	248	2
163	192	2
61	224	1
181	191	2
213	231	2
96	181	1
74	89	1
210	213	1
163	223	1
197	248	2
239	246	3
99	182	1
168	169	6
80	84	3
245	245	7
163	168	2
26	53	1
49	57	1
233	234	1
146	157	1
116	117	2
247	248	3
197	211	1
9	35	1
99	193	1
29	51	1
42	70	1
208	232	1
65	151	1
70	90	1
93	212	1
37	69	2
27	28	2
90	174	1
21	41	1
32	45	1
76	77	3
184	193	1
175	196	1
228	246	1
173	246	1
165	189	1
46	93	1
38	42	2
171	176	3
163	214	1
63	219	2
187	188	8
242	245	3
84	86	2
211	214	1
73	84	1
181	182	3
208	215	1
37	61	2
16	36	2
24	26	2
231	231	3
109	245	1
157	179	1
167	167	4
157	161	1
170	172	2
55	57	1
88	89	2
189	191	1
62	64	1
245	246	4
13	35	2
0	0	2
101	212	1
87	88	2
90	93	3
206	220	1
71	119	2
50	223	3
20	36	1
159	229	1
209	211	3
213	220	1
65	93	1
101	196	1
76	183	2
64	65	2
204	204	3
211	235	1
186	199	2
27	53	1
55	63	1
39	47	1
63	234	1
4	19	2
166	197	1
184	199	1
89	98	2
180	180	4
199	205	1
158	158	2
2	3	1
209	242	1
20	23	1
22	22	5
165	192	1
218	226	1
5	18	2
62	225	1
40	91	1
115	147	2
225	234	2
224	245	2
111	118	1
105	111	1
13	14	4
76	245	5
236	240	2
177	181	2
171	188	1
219	225	1
23	43	1
40	67	1
199	204	1
13	13	1
24	32	1
7	193	1
182	185	1
214	214	3
108	113	1
20	40	1
208	239	1
213	218	1
204	221	1
161	200	1
32	39	2
165	190	1
8	202	1
73	97	2
157	158	2
87	100	1
86	95	1
14	14	4
63	72	1
19	245	1
242	243	4
170	196	2
19	19	3
227	228	2
158	159	3
35	235	1
16	235	1
234	236	1
105	107	1
63	230	1
153	173	1
234	235	2
110	162	1
60	71	2
81	85	1
205	209	1
111	146	3
97	100	1
164	185	1
40	66	1
173	186	1
1	56	1
224	238	1
6	11	1
164	179	1
15	15	3
22	42	1
83	115	2
104	105	1
112	117	1
168	198	1
26	52	1
220	248	1
115	161	1
210	218	3
34	37	1
85	86	3
45	45	6
12	61	1
198	225	1
217	248	1
62	223	1
177	180	1
117	121	1
216	217	3
91	97	1
69	71	1
37	87	1
216	231	1
41	41	2
14	19	4
207	220	1
46	46	3
210	211	2
54	64	3
54	63	1
70	71	1
70	92	1
19	33	1
203	236	1
225	247	1
24	25	2
106	159	1
41	69	2
43	44	4
65	67	1
161	230	1
205	206	1
93	98	1
116	119	1
213	215	1
150	217	1
161	221	1
112	118	1
28	191	1
6	10	1
18	38	1
26	165	1
6	9	2
104	245	1
162	165	1
32	109	1
11	22	2
48	64	1
19	163	2
10	26	1
7	17	2
184	191	1
77	118	1
115	117	1
213	232	1
176	177	1
67	68	2
77	105	2
180	190	1
15	160	1
169	190	1
145	150	1
8	9	2
46	47	1
171	200	1
246	247	3
51	89	1
51	59	2
111	117	1
180	185	1
9	223	1
60	60	2
36	56	1
193	197	2
62	233	1
89	91	1
111	119	1
19	97	2
222	229	1
156	196	1
18	244	1
75	78	1
4	35	1
222	236	4
43	69	1
205	218	1
57	59	1
112	160	1
20	35	1
11	17	1
66	100	1
60	65	1
2	9	1
151	152	2
221	223	1
17	36	1
209	210	6
73	82	1
170	184	1
42	46	1
201	227	1
167	214	1
169	179	1
199	215	1
10	159	1
240	246	1
77	224	1
163	165	1
111	112	3
196	203	1
58	59	2
65	179	1
215	216	2
224	235	1
18	43	1
20	38	1
200	222	1
35	58	1
121	173	1
219	234	2
214	216	1
92	98	1
230	230	5
163	169	1
84	85	1
55	64	1
185	246	1
22	40	1
119	240	2
170	220	1
66	67	2
176	181	2
236	245	1
46	96	1
212	221	1
183	184	1
23	27	1
64	68	1
6	17	1
236	241	1
34	43	1
54	162	1
73	75	3
34	38	1
12	34	1
69	95	1
78	182	1
41	95	1
90	97	3
194	233	3
152	153	1
89	97	1
235	242	1
110	245	1
249	249	1
81	92	2
180	181	2
157	189	1
111	120	1
68	95	1
16	32	1
25	52	1
177	198	1
211	215	1
243	248	1
10	21	1
51	88	1
67	99	1
73	98	1
147	196	1
72	73	1
1	31	1
198	219	1
17	41	1
242	248	2
39	59	1
75	101	2
52	65	1
50	63	1
17	39	1
77	108	2
10	32	2
197	200	1
60	223	1
207	243	1
30	47	2
162	231	1
199	203	1
75	90	3
60	224	1
208	219	1
2	2	1
181	214	1
4	17	1
108	241	1
38	50	1
78	90	1
206	234	1
74	100	1
111	113	1
59	162	1
65	221	1
219	233	1
7	186	1
37	42	2
219	222	1
184	215	1
10	191	1
19	54	1
68	223	1
225	238	1
233	235	1
99	115	1
146	146	1
77	82	2
10	37	1
31	34	2
168	186	1
84	96	1
85	92	1
12	52	1
74	82	1
184	185	1
109	239	1
56	63	1
207	233	1
169	246	1
205	221	1
152	165	1
209	238	1
144	150	1
102	200	1
174	175	1
211	213	1
191	240	1
71	89	2
28	38	1
181	192	1
53	88	1
211	236	1
164	190	1
16	22	1
117	241	1
197	207	1
170	190	2
36	37	1
162	180	1
61	97	1
89	90	1
75	116	1
39	58	1
120	158	1
177	184	2
7	9	1
185	212	1
223	229	1
79	103	2
172	205	1
8	22	1
163	194	1
71	97	1
217	246	1
1	185	1
185	186	2
150	174	1
213	216	1
169	181	1
187	209	1
165	187	1
27	172	2
48	50	1
89	96	1
39	71	1
23	71	1
119	158	2
171	205	1
107	119	1
192	195	1
200	223	1
193	196	1
192	198	1
9	184	1
154	156	1
108	118	1
64	221	1
224	230	1
149	155	1
108	112	1
195	203	1
237	238	1
108	238	1
190	224	1
18	20	1
37	47	1
225	240	1
120	174	1
121	158	1
46	74	1
10	27	1
43	54	1
28	46	1
60	88	1
98	99	1
18	36	1
164	192	1
85	96	1
232	240	1
13	243	1
41	45	1
171	195	1
85	98	1
85	97	1
30	39	1
180	213	1
92	95	1
200	202	1
77	114	1
76	89	1
163	193	1
39	221	1
102	227	1
196	199	1
