21	23	2
17	18	4
70	71	2
21	52	4
153	155	2
50	51	1
179	179	3
157	158	3
2	9	1
63	64	3
65	65	3
33	33	9
149	152	1
140	140	2
120	120	2
10	22	1
14	80	1
7	9	7
31	33	1
17	17	9
153	159	2
26	28	4
141	141	3
59	59	4
114	133	1
12	14	3
114	115	4
0	43	1
127	128	4
31	34	1
125	125	2
159	159	4
87	87	6
178	178	4
99	100	5
156	157	2
28	28	5
87	89	2
115	115	5
55	55	4
29	29	7
110	112	1
18	22	1
154	154	3
128	128	4
14	15	3
2	2	6
90	91	1
152	152	6
3	3	10
110	111	2
21	21	5
28	30	4
36	36	7
6	122	1
105	106	2
92	92	2
107	107	3
38	38	5
39	39	2
147	148	2
120	131	1
77	137	1
78	78	1
113	115	4
16	18	3
8	8	7
15	16	5
123	154	1
101	101	4
111	111	4
8	9	5
74	75	1
50	50	3
55	56	2
91	91	1
159	160	1
85	85	4
134	134	6
139	154	1
89	92	2
32	33	5
156	159	1
76	77	3
8	10	1
71	71	2
3	4	4
14	17	3
94	96	2
160	160	7
79	80	1
13	15	1
26	27	3
123	125	3
98	98	6
106	106	4
20	22	5
170	170	4
132	133	5
128	131	4
5	16	1
166	166	9
0	0	5
76	93	2
15	15	8
18	41	1
158	160	1
122	124	1
165	166	3
42	42	7
74	74	4
38	40	2
12	17	1
147	149	1
71	72	6
130	130	1
7	8	3
34	35	2
161	162	5
61	64	2
133	142	1
62	62	2
132	132	2
15	32	1
101	102	3
92	98	1
1	2	2
27	30	1
124	124	7
164	164	5
28	31	1
18	33	1
33	44	1
137	137	7
91	92	2
122	122	2
29	30	5
0	10	1
88	89	2
90	92	2
175	175	2
65	72	1
104	105	2
16	16	7
3	15	1
129	131	1
28	32	1
78	82	2
37	39	1
17	32	1
113	114	4
10	18	1
4	23	2
139	139	2
24	122	1
72	72	3
117	117	5
104	104	4
136	162	1
3	5	2
19	20	3
30	30	14
23	26	2
21	22	2
14	18	1
62	63	3
82	84	2
35	36	2
8	15	3
71	74	1
25	25	3
9	40	2
45	45	7
119	120	3
63	63	4
20	21	2
25	26	4
6	6	5
20	20	5
19	19	3
31	31	8
105	109	1
96	97	4
32	32	6
91	93	2
109	109	4
175	176	1
76	76	4
135	135	2
37	44	2
118	119	1
54	56	2
97	114	1
35	35	9
6	7	1
77	78	3
5	5	7
61	61	4
142	147	1
142	145	1
8	11	3
14	59	1
155	155	8
102	103	4
40	40	6
24	62	2
107	112	2
44	44	1
9	9	9
68	74	1
151	161	1
138	138	3
9	10	3
91	110	1
14	14	3
2	5	1
5	6	5
72	76	2
81	81	4
120	123	2
111	112	3
73	73	2
125	126	4
25	43	1
37	37	4
9	12	1
86	86	4
77	94	1
169	169	2
105	105	6
177	177	2
123	124	4
153	154	3
72	73	2
90	93	2
1	1	5
123	123	4
38	39	3
64	64	2
123	127	1
129	150	1
142	142	2
157	160	2
64	73	1
12	12	6
12	15	1
28	29	2
141	176	1
161	161	5
157	167	1
135	136	1
11	12	5
67	102	1
16	17	2
13	14	2
28	37	1
166	167	1
101	106	1
60	61	1
14	20	1
52	53	5
27	28	2
42	45	2
27	57	3
94	95	2
22	22	7
10	10	6
167	169	2
65	66	4
119	144	1
73	74	1
54	55	1
170	171	2
123	126	1
137	139	3
56	56	5
150	151	2
165	165	1
4	4	7
2	13	1
145	170	2
112	112	2
31	32	2
18	18	6
169	170	1
167	167	2
14	16	1
27	29	1
157	164	1
42	43	3
94	97	1
34	37	2
120	150	1
15	18	1
154	168	2
91	115	2
111	146	2
18	19	4
75	93	1
5	7	2
87	88	1
41	42	4
171	171	10
102	102	1
113	113	2
157	157	4
30	31	2
25	27	1
9	14	1
168	168	5
57	57	4
78	80	1
79	79	4
173	175	2
52	68	2
2	12	1
57	59	1
68	68	1
167	171	1
13	13	3
32	34	3
7	15	3
76	78	2
8	34	1
130	148	1
143	146	1
146	157	2
109	112	1
5	9	1
23	23	5
151	155	1
26	26	3
108	137	1
27	27	2
158	158	1
83	84	1
121	124	1
108	142	2
125	129	1
154	155	2
60	60	4
22	23	1
171	173	1
52	52	5
65	102	1
26	36	1
36	37	3
10	11	2
156	156	2
56	57	3
81	89	1
136	136	4
147	147	2
136	152	1
145	145	4
15	22	1
40	41	1
127	129	2
79	116	1
96	102	1
7	127	1
129	129	1
16	32	1
118	118	3
62	79	1
77	93	1
154	169	3
93	93	1
98	99	4
81	131	1
59	61	1
63	100	1
121	123	2
159	162	1
2	8	1
9	11	1
2	3	6
138	139	2
67	67	4
151	152	1
10	175	1
24	25	5
98	101	1
4	5	1
171	172	1
90	94	2
100	100	2
80	83	1
84	84	1
126	128	1
153	153	3
151	153	1
143	143	1
151	159	1
88	88	2
81	82	1
94	110	1
110	110	3
109	110	3
73	83	3
148	149	1
53	53	2
126	127	2
68	72	2
24	24	1
39	40	5
11	33	1
168	169	1
164	166	2
5	68	1
78	79	1
149	150	2
6	9	1
11	11	3
134	150	1
16	49	1
1	39	1
72	140	1
4	25	1
72	74	1
143	144	1
135	166	1
76	79	1
92	94	2
11	19	1
150	152	1
116	116	2
41	44	1
162	162	2
10	40	1
11	35	1
148	148	3
66	85	1
13	19	1
75	75	4
60	64	2
103	105	1
6	13	1
100	102	1
115	117	1
80	96	1
133	134	2
7	7	3
126	152	1
12	13	2
10	12	1
20	52	2
142	143	1
19	21	2
43	43	2
66	66	3
80	81	4
129	130	4
120	121	1
25	151	1
3	7	2
62	76	2
122	150	2
132	161	2
11	13	1
83	83	2
103	104	1
90	98	1
147	167	1
22	33	1
88	90	1
95	101	1
54	54	1
16	35	1
93	107	1
41	41	2
172	173	1
176	177	2
139	141	1
42	44	2
178	179	1
79	119	2
85	95	1
23	31	2
66	68	3
105	107	1
133	136	1
108	109	2
96	99	1
61	176	1
5	65	1
50	52	1
147	153	1
82	82	3
180	180	2
139	163	1
113	126	1
97	97	1
122	153	1
1	29	1
52	56	2
77	81	1
29	66	2
172	172	2
1	3	1
80	82	2
64	65	1
117	119	1
10	14	2
89	90	1
25	132	1
25	54	1
43	44	3
37	38	1
89	89	2
90	90	2
4	7	1
7	122	1
88	97	2
91	106	1
156	158	1
95	137	1
152	161	1
102	105	1
94	94	3
166	170	1
97	145	1
114	116	1
59	60	1
150	150	1
118	144	1
0	6	3
6	24	1
44	45	1
155	156	1
11	14	1
163	164	1
151	162	1
12	18	1
142	144	2
24	26	1
104	112	1
134	170	1
126	126	2
11	36	1
66	67	4
75	83	1
32	36	1
130	133	1
134	176	1
96	96	1
82	115	1
140	141	1
112	113	2
2	7	1
104	113	1
119	119	3
123	152	1
24	27	2
63	87	1
167	168	2
83	85	1
43	50	1
24	150	1
110	113	1
35	38	1
131	132	1
24	30	1
82	85	1
104	106	1
44	60	1
158	159	1
64	66	1
53	54	1
43	45	2
26	33	1
116	118	1
95	97	1
95	96	1
100	112	1
155	162	1
18	20	1
167	174	1
27	100	1
173	179	1
138	172	1
118	132	1
146	146	1
132	134	1
111	133	1
136	164	1
65	86	1
78	81	1
4	142	1
141	142	1
79	102	1
8	41	1
113	116	1
19	33	1
25	53	1
99	99	1
103	109	1
150	160	1
119	156	1
114	114	1
6	25	1
172	174	1
10	34	1
122	123	1
111	113	1
163	163	1
0	2	2
2	144	1
93	94	1
152	154	2
118	124	1
137	138	1
168	170	1
144	145	1
115	123	1
79	81	1
81	84	1
71	78	1
30	32	1
2	4	1
149	149	1
