65	65	5
62	63	15
7	7	7
48	48	9
23	70	4
61	67	2
25	27	5
6	6	5
13	13	9
39	39	2
56	56	10
32	33	6
37	37	9
54	54	2
36	40	2
32	32	3
35	38	5
24	24	11
36	38	4
1	2	8
68	68	10
75	76	2
30	31	3
66	77	5
8	9	4
58	58	9
2	2	7
74	75	7
34	65	1
37	38	2
33	33	13
46	46	14
53	54	4
62	64	7
35	36	1
44	46	8
32	53	1
22	22	2
23	23	5
25	25	8
61	64	4
73	73	1
47	47	5
63	64	2
72	72	3
31	31	4
59	72	5
57	57	10
45	45	14
6	9	3
54	72	4
30	39	5
61	61	9
35	39	10
67	68	9
22	23	9
10	10	12
1	1	10
27	27	2
59	59	14
26	26	14
39	67	1
76	76	2
49	49	4
57	59	6
49	50	3
64	64	14
66	67	2
12	12	4
22	75	2
4	4	9
20	20	2
40	41	4
71	71	6
11	11	2
25	29	5
38	39	4
30	30	3
42	42	6
40	40	1
64	66	6
8	8	9
70	70	12
5	6	1
29	42	3
67	69	5
51	51	1
34	60	2
45	55	1
19	20	2
55	55	4
51	52	4
10	11	2
44	51	2
34	39	7
71	72	3
70	71	2
30	32	1
21	22	11
0	1	7
5	5	3
41	41	2
9	9	2
71	73	7
25	26	1
41	42	1
65	77	4
25	37	1
36	36	4
69	70	4
29	75	3
27	28	2
13	22	3
65	66	1
33	44	1
24	25	5
6	7	1
66	66	1
60	60	3
0	0	1
67	67	3
75	75	4
49	71	1
51	53	5
36	37	2
34	34	1
60	64	1
21	21	7
18	18	3
69	69	2
12	13	1
72	73	1
52	52	1
43	43	5
34	38	1
0	11	4
23	24	1
30	37	1
54	55	3
14	20	1
62	68	1
51	55	1
28	28	2
57	58	1
40	73	2
35	35	1
39	73	2
77	77	1
52	65	1
46	47	1
29	29	1
42	56	2
33	46	1
53	53	2
26	27	2
44	75	1
