108	108	15
39	39	11
51	52	4
37	37	3
113	120	1
95	96	1
41	41	3
100	101	2
87	87	5
23	23	3
41	44	2
36	38	2
106	111	1
118	119	5
127	138	1
24	24	2
115	116	4
83	84	3
141	142	1
36	106	1
121	122	2
75	75	5
121	140	1
22	23	2
73	73	4
103	104	1
43	43	6
112	147	2
120	129	2
27	27	6
140	140	9
23	24	3
136	159	2
150	151	1
42	42	4
81	81	4
16	16	6
137	137	10
98	98	3
117	145	1
91	131	2
111	111	5
141	141	6
32	32	2
156	156	6
107	111	1
150	150	5
99	99	4
85	85	4
12	12	4
2	15	3
128	128	6
50	50	5
65	65	4
100	100	10
112	113	3
34	35	2
152	153	3
20	20	6
117	140	2
0	0	7
49	51	1
113	115	3
135	135	7
109	110	3
67	71	3
47	50	1
17	17	2
95	100	1
1	2	1
101	101	5
141	154	3
155	155	4
137	138	2
154	155	2
57	57	3
129	129	11
46	46	9
143	143	5
13	21	1
37	49	1
33	38	1
134	136	2
113	114	2
86	86	3
2	2	10
116	117	3
21	21	8
51	51	6
126	140	2
104	152	2
105	109	1
104	105	1
29	107	3
48	50	1
43	73	1
1	1	12
65	66	3
115	115	4
13	14	1
87	88	2
31	95	2
144	144	2
102	103	2
14	14	2
96	97	2
117	132	2
17	18	2
40	40	4
142	142	6
123	151	1
133	134	4
120	148	1
29	39	1
130	130	12
118	152	1
17	24	1
9	9	5
146	151	1
157	157	4
109	109	4
138	138	4
75	83	1
3	149	1
151	151	5
25	34	1
36	40	1
81	87	3
2	3	3
12	17	1
43	67	1
6	7	3
123	123	3
127	127	4
19	21	1
97	98	2
18	18	6
122	135	3
68	68	1
132	132	2
127	157	2
9	10	3
144	145	4
116	120	1
33	33	11
112	112	7
140	141	6
69	70	3
134	134	6
31	40	2
35	35	4
49	49	2
50	53	2
8	8	6
152	152	2
36	36	3
83	83	6
110	115	1
124	124	6
78	82	1
106	106	6
147	147	4
55	55	9
107	107	3
31	31	3
114	114	2
71	71	1
77	77	5
131	158	1
7	7	7
13	13	4
22	22	5
37	41	5
136	136	7
112	127	1
153	153	5
34	34	5
116	130	1
90	92	1
48	49	1
84	84	3
39	40	1
102	102	2
79	79	6
6	6	11
93	93	9
7	11	1
118	120	4
8	12	1
0	1	1
7	8	3
3	3	8
65	81	1
26	27	2
72	72	3
78	78	3
147	148	2
28	28	3
119	119	3
89	89	6
78	85	1
13	27	2
120	155	2
155	156	1
44	46	1
90	90	1
85	108	2
33	51	3
97	97	4
82	82	4
110	123	1
56	70	1
154	154	3
117	135	2
19	19	4
127	152	3
113	119	1
26	42	1
82	102	1
125	128	2
29	29	4
82	83	2
114	144	1
31	32	2
40	41	2
122	122	4
142	149	2
88	89	3
14	25	1
99	100	2
95	97	3
50	51	3
137	140	3
48	52	2
15	15	5
133	133	3
45	45	3
13	16	1
95	95	2
25	26	1
110	111	1
121	121	3
82	89	1
3	151	1
85	122	1
141	157	1
76	76	1
105	107	2
25	25	6
93	94	3
112	122	1
117	120	1
41	73	1
91	96	1
41	43	1
12	30	2
90	98	1
79	80	2
88	88	1
125	125	2
141	148	1
5	5	5
65	71	1
126	126	4
92	98	1
120	120	5
94	94	2
43	44	4
15	16	3
88	90	1
38	42	1
9	11	4
111	114	1
85	86	1
47	47	5
90	91	2
123	124	1
138	139	4
116	116	5
147	149	1
131	133	1
7	10	3
131	131	2
130	131	2
124	125	1
89	90	5
2	80	1
67	67	4
136	158	1
69	71	3
3	4	2
145	147	1
10	10	3
139	139	6
7	9	1
8	95	2
8	87	1
119	120	4
112	114	1
110	121	1
146	146	3
63	64	1
26	26	2
0	91	1
106	107	3
92	96	1
56	57	1
15	39	1
110	110	5
67	70	2
30	96	2
128	129	2
10	11	2
4	5	1
91	126	1
120	151	1
117	118	2
87	110	1
83	106	1
86	103	1
40	132	1
135	136	3
77	78	3
80	80	1
107	120	1
92	93	5
41	138	1
28	30	2
96	96	1
44	44	4
90	95	1
119	134	1
125	126	2
54	54	4
54	56	1
62	62	3
121	142	2
146	149	1
151	158	1
146	147	2
8	53	1
70	70	2
145	146	1
32	51	1
18	19	2
24	101	2
66	66	1
7	13	1
152	157	4
49	50	2
148	148	3
148	149	2
35	36	1
52	53	1
136	137	1
115	129	1
91	93	1
125	127	3
119	121	1
42	45	1
93	102	1
30	33	1
13	24	1
117	123	1
41	87	2
43	91	1
131	134	1
111	137	1
34	43	2
108	112	1
5	6	1
30	30	3
113	113	1
72	105	1
108	134	1
14	29	2
93	97	1
38	39	2
15	102	1
84	85	1
114	130	1
29	30	3
98	99	2
51	53	1
70	71	2
27	28	2
105	106	2
30	31	3
81	105	2
56	56	3
21	23	2
129	130	3
16	28	1
87	91	1
14	15	3
72	73	3
47	64	1
26	28	1
123	136	1
63	67	1
135	137	1
105	120	1
29	42	1
120	121	1
17	32	1
78	79	2
8	10	3
43	70	1
119	123	1
152	155	2
116	145	1
67	68	3
33	34	1
105	105	2
25	41	1
4	41	1
115	117	1
93	99	1
7	29	1
74	92	1
105	111	1
133	143	1
29	109	1
92	130	1
12	102	2
127	145	1
118	118	2
8	42	1
81	82	3
28	29	1
83	85	1
115	118	1
114	115	2
26	52	1
39	56	1
116	118	1
65	129	1
153	154	2
13	98	1
6	14	1
74	98	1
11	32	1
46	47	1
142	143	1
89	139	1
156	157	1
63	63	1
90	125	1
23	41	1
93	127	1
134	137	3
66	67	1
27	129	1
103	103	1
63	65	1
91	91	1
85	90	1
111	112	1
32	46	1
109	111	1
152	154	1
110	137	1
88	127	1
94	95	1
4	4	1
29	49	1
91	129	1
6	8	1
76	85	1
137	158	1
138	150	1
14	53	2
115	128	1
30	41	1
92	131	1
10	49	1
116	158	1
73	74	1
0	4	1
135	158	1
36	37	2
132	134	1
104	104	1
115	123	1
65	67	1
67	69	1
99	113	1
20	53	1
8	33	1
80	81	1
43	53	1
1	130	1
111	113	1
123	134	1
92	92	2
16	17	1
108	120	1
37	42	1
137	139	1
49	54	1
48	48	1
127	139	1
108	133	1
149	150	1
144	147	1
75	80	1
75	77	1
15	23	1
66	68	1
43	46	1
90	94	1
134	135	1
83	125	1
126	127	1
16	29	1
7	12	1
