7	8	1
51	51	11
19	20	9
38	39	5
20	20	4
16	16	9
18	39	1
15	20	4
31	32	2
49	49	6
50	51	2
13	13	6
39	44	3
40	40	6
10	10	10
42	42	8
0	14	4
51	52	4
33	34	3
8	15	3
12	12	5
33	33	5
30	30	6
55	55	10
56	56	8
46	53	1
32	32	20
28	29	2
58	59	4
30	35	2
31	31	13
27	30	2
15	15	10
48	48	3
43	43	2
23	23	2
14	20	5
18	38	2
21	22	2
0	0	3
29	36	3
57	57	7
24	24	1
50	50	4
30	34	2
44	44	5
11	11	5
29	29	5
50	53	1
21	23	2
40	41	1
38	38	3
22	23	4
9	9	5
12	29	4
2	2	4
19	22	3
40	55	3
34	34	3
46	48	3
28	28	1
41	41	11
3	3	4
19	19	7
36	36	4
31	35	2
18	20	1
56	57	2
29	30	1
50	58	3
12	28	2
6	6	3
56	58	2
4	4	6
21	50	2
8	9	1
37	39	1
55	56	4
22	22	1
13	15	2
16	17	1
8	8	2
37	38	1
20	22	4
35	35	9
7	7	2
17	17	3
27	31	2
4	6	1
15	29	1
35	36	1
22	24	3
41	42	4
46	46	2
58	58	1
21	21	2
17	20	1
46	47	1
13	14	2
44	45	1
39	39	3
18	18	1
24	51	1
20	23	3
11	12	2
29	35	1
30	32	1
53	53	1
15	16	1
33	35	1
24	49	1
15	39	1
32	34	1
29	31	1
27	36	1
18	29	1
17	18	1
28	31	1
14	36	1
