26	26	6
8	15	1
205	222	2
169	169	4
137	137	3
41	50	1
49	50	2
214	214	1
163	163	1
29	31	1
140	140	3
21	21	5
220	228	2
110	133	2
220	241	1
18	18	2
74	75	2
44	44	3
154	171	1
86	88	1
50	50	3
136	208	1
237	238	2
234	234	3
82	83	1
42	42	4
146	146	4
43	43	6
38	38	8
7	7	4
59	60	3
15	15	6
60	60	2
7	17	2
79	90	1
52	52	2
118	119	4
197	197	2
136	160	2
159	159	4
65	68	1
111	111	5
55	55	6
152	152	3
107	107	1
151	151	4
23	23	5
160	164	1
3	135	3
12	12	4
228	228	1
17	145	1
99	101	1
147	151	2
29	29	5
89	89	2
186	186	3
40	236	2
164	164	6
54	55	1
115	115	1
199	214	1
85	85	2
226	226	4
74	74	8
121	121	7
116	118	1
133	133	5
63	63	7
75	75	3
84	84	3
161	237	1
111	113	1
48	48	3
144	144	3
57	57	5
86	86	5
232	240	2
96	97	2
230	230	2
113	113	5
201	201	1
80	80	3
173	227	1
219	219	4
11	11	6
13	17	1
148	148	2
220	220	4
181	181	4
171	171	5
66	66	5
207	216	1
19	19	9
234	235	2
25	25	3
218	218	3
30	30	4
37	46	1
54	56	1
65	65	2
81	81	1
121	124	2
72	101	2
46	46	2
10	10	6
104	104	2
51	51	2
77	100	2
138	139	3
193	193	4
76	76	1
132	133	2
102	103	2
56	125	1
190	202	1
147	147	2
180	183	2
237	237	1
53	54	1
28	28	10
195	195	1
122	122	2
233	233	3
163	165	2
136	136	4
39	41	1
159	173	1
59	59	4
236	236	3
194	211	2
224	224	4
12	14	1
204	206	1
82	82	2
187	187	4
14	15	3
167	167	1
11	32	2
214	215	3
199	199	1
100	100	2
53	53	3
123	123	8
192	192	1
197	198	2
3	7	1
39	39	6
20	55	2
137	138	1
228	229	2
33	33	12
162	162	4
9	9	5
224	228	3
221	222	2
3	3	5
27	27	5
173	173	2
181	183	3
164	165	1
206	206	5
183	183	1
235	235	8
220	222	3
207	207	2
179	179	1
118	118	1
73	74	2
0	2	2
51	52	1
7	8	4
21	22	3
0	0	7
180	180	1
157	158	1
220	221	4
62	63	1
21	24	2
182	187	1
215	216	1
8	8	5
213	214	2
97	97	3
46	55	2
208	208	4
14	14	1
177	178	1
218	224	1
76	77	1
103	105	1
204	204	1
77	99	1
2	7	1
213	228	2
1	34	1
160	161	4
72	72	4
61	65	2
22	23	2
42	232	1
129	168	1
231	232	4
126	126	2
156	164	1
30	50	2
5	5	2
20	23	3
98	106	1
124	125	2
129	130	2
15	213	1
241	241	2
66	67	2
61	61	3
192	194	2
56	56	7
99	99	7
102	102	6
83	86	1
47	48	1
212	228	2
131	131	3
225	225	1
151	152	3
9	11	1
99	105	2
8	9	2
144	148	2
101	101	4
26	27	6
63	64	3
46	47	1
191	196	1
221	224	2
125	126	4
184	185	3
43	238	1
77	78	2
63	65	1
121	122	1
34	34	3
61	62	4
229	229	3
188	188	1
13	13	1
47	121	3
106	107	1
215	215	2
55	83	1
39	126	5
1	12	1
211	229	1
230	231	1
207	214	1
40	41	3
112	113	1
217	218	2
79	104	1
57	58	2
32	32	3
17	17	2
178	178	3
156	156	1
45	120	1
25	26	2
154	155	2
141	145	1
182	182	4
222	223	1
45	45	4
23	24	5
88	88	2
119	119	3
37	38	1
79	80	1
224	225	2
198	198	2
177	182	1
200	200	5
184	199	3
73	82	1
44	70	1
69	71	2
211	213	1
29	30	3
8	34	1
171	172	2
66	68	1
27	42	1
144	145	1
120	123	1
22	226	1
174	175	2
136	225	1
44	45	2
133	144	2
6	6	1
40	62	2
45	46	2
175	175	2
2	2	5
183	214	2
174	197	2
210	210	2
65	66	1
78	80	1
146	147	3
223	223	2
209	209	1
106	115	2
27	53	1
178	179	2
236	240	1
221	221	1
23	53	1
88	100	1
161	164	2
1	2	2
58	60	2
133	134	2
188	189	1
148	149	2
145	145	2
146	150	1
97	221	2
219	220	4
45	55	1
224	227	1
49	49	1
135	135	1
30	32	3
69	136	1
3	223	1
12	18	1
140	141	1
173	174	1
158	159	3
68	69	1
212	214	1
221	223	2
131	171	1
165	166	2
36	36	2
20	20	8
147	148	1
84	85	1
192	198	2
191	191	1
69	73	1
100	101	1
22	22	1
80	83	1
10	11	2
210	223	1
85	86	2
43	44	1
192	193	2
160	160	3
23	29	2
9	50	2
73	73	1
105	119	1
135	136	3
167	168	3
80	100	1
223	224	2
84	86	1
99	106	1
231	240	1
214	217	1
189	189	1
106	106	1
128	159	1
236	237	2
168	168	1
18	33	1
47	119	1
203	203	2
0	23	1
4	5	1
65	149	1
110	110	1
65	67	1
5	16	1
83	84	2
123	124	3
6	17	2
14	21	1
37	37	1
103	103	2
141	142	2
34	35	1
174	174	2
20	44	2
31	33	1
70	70	3
221	230	1
3	9	1
72	74	2
239	239	2
134	136	1
144	146	1
62	62	1
77	81	1
141	141	3
51	123	1
240	241	1
232	232	2
1	3	1
183	210	2
68	68	1
106	109	1
231	231	3
213	215	1
3	21	1
123	127	1
171	179	1
31	39	1
6	7	2
139	199	1
16	16	3
64	64	2
91	91	2
67	135	1
148	150	1
206	208	1
27	28	1
9	73	1
70	72	2
179	233	1
167	169	1
67	69	1
31	31	2
217	221	1
186	188	1
213	213	1
3	219	1
40	64	1
95	96	1
11	21	1
163	180	1
194	196	1
168	172	1
240	240	1
129	179	1
11	25	1
165	172	1
135	154	1
47	47	2
80	81	1
84	132	1
71	127	1
138	138	2
175	189	1
175	202	1
237	240	1
136	137	1
161	161	1
7	9	1
176	213	1
235	236	3
102	106	1
170	175	1
226	227	1
22	29	1
45	70	1
124	127	1
175	176	1
152	199	1
81	130	1
190	190	1
36	38	3
43	64	1
120	121	2
156	157	1
181	184	1
46	48	1
210	228	1
158	158	2
187	198	1
143	143	1
108	108	1
57	241	1
196	196	1
157	167	1
124	124	2
217	217	2
17	19	1
77	79	2
157	157	1
35	37	1
142	143	1
232	239	1
19	51	1
209	210	1
153	153	1
10	31	1
68	74	1
1	1	1
96	108	1
211	212	1
171	174	1
182	183	1
5	6	1
127	146	1
44	172	1
227	227	2
166	167	1
153	154	1
145	161	1
64	68	1
129	129	1
129	170	2
77	123	1
106	130	1
235	238	1
184	184	2
239	241	1
168	194	1
82	102	1
203	205	1
54	54	1
120	120	1
57	126	1
194	194	1
172	174	1
227	228	1
96	96	1
20	21	1
155	164	1
149	149	1
78	79	1
85	163	1
69	149	1
186	200	1
105	105	1
20	22	1
2	5	1
165	165	1
106	113	1
202	202	1
31	32	1
44	227	1
105	106	1
166	166	1
164	201	1
15	177	1
19	39	1
50	51	1
125	125	1
172	172	1
