82	82	8
58	58	4
11	11	8
75	80	1
17	34	1
6	7	3
89	89	6
7	7	11
17	21	1
14	14	12
34	34	4
81	81	8
60	62	1
55	72	1
69	69	11
59	60	6
56	56	7
15	15	6
13	13	14
17	18	1
54	54	6
50	50	4
70	70	5
47	62	1
22	22	3
70	81	2
9	10	2
50	51	1
73	74	1
72	72	6
59	59	5
71	71	4
80	80	8
26	26	3
64	64	4
75	78	1
12	12	7
26	27	4
9	9	5
1	2	3
35	66	1
79	79	3
79	80	2
51	52	2
57	57	4
62	62	6
78	82	1
55	56	4
64	65	3
48	48	5
30	50	1
86	87	1
25	26	6
84	84	6
24	24	11
69	71	1
20	21	2
65	65	6
29	29	2
68	68	3
63	63	6
53	54	2
74	76	2
63	64	3
13	57	1
49	50	5
31	31	3
48	51	2
3	3	7
30	30	4
19	20	2
20	34	2
62	64	1
57	58	1
13	48	1
60	64	1
27	27	3
53	53	6
9	13	3
27	85	5
2	2	5
5	8	2
63	65	4
9	11	1
53	56	1
72	84	1
57	67	2
49	66	2
16	17	1
30	57	1
5	5	1
23	78	1
48	49	1
20	20	2
54	56	1
26	48	1
88	89	2
80	81	2
86	86	7
74	74	6
46	46	2
73	73	5
18	18	1
8	8	4
53	57	2
81	82	1
4	4	2
22	23	3
10	10	4
58	68	1
23	23	7
51	51	8
47	47	4
25	83	1
73	79	1
66	66	5
67	67	4
60	60	4
87	87	6
57	87	1
81	83	2
1	1	2
23	24	5
34	64	1
21	21	5
9	20	1
50	52	1
3	4	4
27	28	2
7	12	2
60	61	1
85	85	6
83	83	7
8	11	3
61	62	4
19	28	3
25	25	10
10	14	1
78	78	7
79	87	2
83	84	1
75	76	2
61	61	3
46	66	1
71	72	1
4	87	1
49	49	3
0	0	2
19	19	6
53	66	1
76	76	4
20	23	1
61	63	1
19	21	1
52	56	2
19	25	1
72	73	3
16	16	5
70	71	1
75	75	3
77	79	1
26	78	1
76	83	1
66	67	2
11	14	1
10	13	1
76	79	1
6	6	1
19	23	1
84	85	1
27	30	1
62	63	1
50	66	1
52	54	2
7	8	4
64	66	1
53	58	2
77	77	1
30	68	1
11	80	1
22	31	2
25	49	1
47	59	1
46	51	2
74	75	1
65	66	2
4	27	1
7	18	1
49	78	2
47	63	1
7	51	1
12	26	2
67	68	2
19	27	1
58	59	3
25	30	1
13	14	1
8	10	1
55	55	2
90	90	1
22	24	1
12	13	1
71	77	1
31	48	2
76	82	1
47	66	1
76	77	1
0	1	1
46	79	1
4	57	3
25	82	1
77	78	2
14	57	1
48	76	1
1	4	1
46	48	1
24	25	1
25	78	1
78	79	1
54	59	1
77	80	1
15	23	1
28	28	1
