0	2	2
0	0	23
25	25	22
79	103	4
55	55	28
90	90	34
65	65	9
68	88	6
117	117	24
94	95	17
100	100	9
41	55	5
6	6	32
43	45	4
96	97	7
106	114	3
115	115	14
118	119	5
18	19	6
23	23	12
66	68	10
91	91	10
57	57	14
10	87	5
40	40	14
64	64	27
83	83	5
31	32	6
9	29	2
3	29	5
7	7	15
65	66	2
29	30	35
69	77	2
62	100	2
2	3	14
103	103	22
114	114	27
71	76	5
76	76	21
126	126	18
69	102	7
122	122	13
46	69	2
10	11	12
11	11	11
117	118	5
13	34	6
52	52	39
18	18	17
75	75	19
97	98	4
26	26	28
70	70	31
26	33	3
101	101	21
39	76	1
132	132	9
130	132	4
111	111	23
5	5	27
105	105	19
12	12	26
67	67	3
88	88	15
42	42	24
39	39	31
63	63	18
26	27	16
123	125	1
66	72	4
97	97	19
107	107	22
28	29	2
29	29	17
56	56	48
50	50	23
84	84	23
46	71	5
79	86	8
99	99	24
125	125	28
69	71	15
94	94	15
47	47	24
112	112	27
71	72	6
38	38	17
104	120	3
121	122	19
88	89	10
61	61	19
109	109	20
5	6	5
113	113	24
106	106	17
41	41	20
54	54	30
73	79	3
48	48	28
77	77	47
86	86	15
9	9	15
98	108	5
64	65	8
80	80	27
60	60	15
76	103	4
27	27	25
93	116	2
111	112	13
39	73	2
120	120	17
61	83	4
107	108	11
90	91	17
84	85	22
114	116	9
51	51	35
61	62	6
53	53	22
119	119	34
83	84	8
92	92	27
70	71	18
0	1	13
115	116	13
43	43	28
108	111	5
46	47	11
120	130	2
116	116	34
11	85	3
108	113	10
98	99	25
118	118	10
85	85	24
130	130	17
78	78	8
45	45	16
44	46	1
65	72	5
30	55	2
93	93	16
3	3	24
76	102	11
41	42	8
52	53	20
59	59	13
19	57	2
50	120	3
17	17	18
58	58	18
20	121	1
16	17	7
89	90	10
71	71	22
108	109	10
102	102	33
44	44	26
63	67	5
32	32	22
43	72	3
72	73	11
119	124	3
53	55	3
46	90	6
131	131	20
23	24	3
8	9	17
31	80	2
1	2	3
62	83	5
89	89	10
91	92	6
46	48	5
12	93	6
124	124	22
2	5	3
89	92	4
92	94	5
2	6	3
8	27	2
1	1	16
56	84	11
38	40	4
62	67	1
5	7	3
74	74	20
46	46	18
67	70	3
87	92	4
131	133	8
122	123	4
51	53	2
14	14	17
22	90	3
120	125	4
39	74	5
104	104	25
55	56	1
22	25	2
23	32	2
94	120	9
82	82	3
19	20	6
96	100	3
49	112	4
85	86	10
16	16	17
50	51	14
99	101	2
68	72	2
79	79	15
129	130	6
123	123	13
72	75	3
79	100	4
60	62	2
3	5	9
31	110	3
86	90	2
98	98	20
26	54	6
71	94	1
95	98	7
14	91	8
85	87	2
92	93	4
33	33	32
45	46	9
123	124	10
106	107	6
19	19	12
22	23	4
27	28	7
66	127	3
15	15	18
38	57	1
111	114	4
39	40	5
21	21	10
34	34	5
110	110	17
59	61	2
99	108	2
20	27	1
83	93	1
101	103	6
129	129	9
13	13	8
91	127	4
79	80	8
64	85	3
65	73	4
48	49	4
51	52	6
127	128	10
19	22	2
96	96	20
86	87	9
20	21	5
43	44	5
72	72	11
44	45	16
49	49	10
33	88	1
105	107	2
13	88	10
20	20	11
2	2	19
69	69	12
23	25	4
95	96	8
97	104	1
57	70	6
12	13	1
108	112	2
116	117	5
31	31	16
127	129	5
13	26	5
19	130	1
105	117	2
121	123	2
13	21	3
102	103	4
40	42	3
109	110	15
107	109	4
19	54	2
30	30	6
128	129	3
14	15	1
24	24	10
59	60	2
49	50	8
85	88	3
75	76	11
75	78	7
87	87	6
124	125	21
75	77	2
11	12	8
124	132	6
130	131	3
38	39	8
20	123	2
121	121	18
118	130	8
120	122	2
73	73	6
127	127	10
114	115	6
108	120	4
19	26	3
26	30	3
66	67	5
41	74	1
58	59	6
13	14	8
28	28	19
69	70	2
107	119	3
13	18	2
125	130	1
8	8	9
95	95	12
100	101	3
68	68	3
45	47	8
100	113	3
42	90	3
107	111	4
30	59	4
63	83	3
48	71	7
126	131	2
70	72	6
65	96	3
14	89	2
105	106	7
3	31	3
28	30	3
80	81	5
53	54	4
74	75	3
102	119	2
6	28	2
46	49	1
20	51	1
97	107	2
24	25	4
12	89	3
62	62	13
125	126	8
93	96	1
87	88	7
70	86	3
63	66	5
82	83	3
107	116	2
25	26	2
128	128	7
57	76	5
86	88	4
71	75	3
108	117	1
109	111	2
66	66	10
97	99	1
97	105	2
133	133	6
64	74	2
110	111	6
76	77	9
108	108	16
59	63	4
39	85	1
62	63	7
74	77	3
126	127	3
84	110	2
40	41	4
42	43	2
81	81	10
39	57	7
6	7	3
122	124	2
85	89	2
93	94	9
93	115	4
97	100	4
111	117	4
19	21	7
30	54	4
65	102	3
6	50	1
43	58	1
65	68	2
42	80	2
97	106	3
9	10	7
68	87	2
38	85	7
69	88	1
31	33	1
10	10	5
15	64	2
47	48	6
57	115	2
119	120	3
132	133	3
106	108	3
11	93	1
101	102	5
32	55	5
71	88	1
18	21	3
9	12	5
43	55	1
66	97	3
120	121	4
12	25	3
17	20	6
108	116	1
113	114	6
12	88	2
9	11	1
43	59	1
49	119	3
33	34	5
19	91	4
12	21	3
73	74	2
46	53	1
124	130	2
39	52	2
13	16	2
7	111	2
58	79	1
98	117	1
13	22	2
63	65	3
60	81	5
34	55	2
3	6	1
109	112	2
69	101	5
39	88	1
30	43	3
58	74	3
86	94	1
101	109	3
131	132	2
104	119	3
78	79	5
4	4	6
94	96	2
58	99	1
44	54	1
57	133	1
120	123	1
68	101	3
126	128	4
22	22	1
107	114	1
54	55	1
38	127	1
46	56	2
129	131	1
125	131	1
77	78	2
64	67	3
94	118	1
3	7	1
86	93	1
3	4	4
109	115	2
7	8	3
34	127	4
10	12	1
47	49	2
76	78	1
56	57	1
81	82	2
15	89	1
125	128	2
68	99	3
75	83	1
104	105	4
60	61	4
110	113	2
64	66	1
68	89	3
99	100	2
112	113	3
21	33	3
124	131	1
106	113	1
72	89	1
63	107	1
76	83	2
80	133	1
72	88	1
77	80	1
31	54	1
30	32	1
7	49	1
84	87	1
29	32	1
4	5	3
96	114	1
119	129	1
22	32	1
110	112	1
71	85	2
62	64	1
33	127	2
114	117	1
9	70	2
56	102	1
96	105	1
72	81	1
62	92	3
75	85	1
104	114	1
79	99	1
4	6	1
79	81	2
53	132	2
85	93	1
70	76	1
60	69	1
92	117	1
58	69	1
2	30	1
50	52	1
12	28	1
77	79	1
1	12	2
15	18	1
