92	102	1
133	133	5
76	86	3
60	60	2
121	121	4
61	61	3
129	129	3
12	30	1
15	61	1
59	59	2
98	99	1
64	67	1
44	44	1
108	109	5
44	45	4
85	108	1
75	76	1
82	83	2
48	50	1
116	117	2
13	13	2
66	67	3
20	20	2
52	62	1
55	56	2
68	68	4
83	83	1
50	50	3
14	14	1
2	2	5
114	121	1
112	113	3
102	106	1
79	96	1
13	14	1
92	108	1
119	128	1
94	105	1
94	95	3
121	129	2
114	114	2
79	99	3
99	99	1
108	108	2
90	90	1
132	135	2
104	104	2
55	55	5
25	26	2
64	103	1
119	119	3
43	43	2
59	62	1
37	38	2
122	122	5
86	113	1
77	77	6
73	73	7
45	112	1
56	58	2
75	90	1
84	84	4
118	118	2
52	52	3
109	130	1
120	124	1
97	98	3
129	131	2
130	130	4
72	73	2
127	130	1
92	92	2
33	34	3
6	6	6
43	54	1
110	111	1
107	107	7
130	132	2
53	53	5
102	102	4
95	105	1
77	78	3
64	64	2
0	2	2
77	80	1
82	82	3
119	120	2
3	4	3
72	80	1
89	90	2
15	23	2
130	131	2
26	26	1
81	81	1
124	125	4
106	111	2
79	80	1
35	35	2
100	100	6
49	49	3
134	135	2
111	111	4
19	19	1
85	107	1
49	117	1
98	98	4
5	6	1
31	31	3
109	111	1
106	107	2
56	59	1
96	96	4
16	17	1
9	24	1
80	80	1
45	120	2
45	45	6
18	42	1
94	99	1
124	128	1
47	48	3
117	117	3
118	124	1
69	69	1
108	113	2
12	12	5
34	35	1
35	36	2
78	78	1
89	92	1
73	74	2
3	3	2
58	58	6
123	123	2
74	116	1
60	61	1
95	95	1
85	85	2
99	100	1
54	54	3
10	110	1
103	103	3
98	101	1
127	128	3
44	53	1
2	3	1
75	75	5
52	53	2
29	56	1
120	120	1
36	53	1
107	110	1
15	16	1
113	114	2
82	86	1
131	133	3
135	135	1
30	34	1
116	116	4
9	10	4
125	125	3
86	106	1
128	128	1
126	126	3
106	120	1
28	28	1
65	65	2
10	11	1
43	85	1
47	51	1
63	65	2
67	67	3
101	101	1
74	109	1
50	55	1
86	87	2
102	103	2
112	112	3
133	134	1
132	132	1
10	66	1
87	87	2
66	66	3
117	124	1
38	38	2
22	24	2
21	26	2
52	120	1
123	124	1
79	81	1
79	97	1
122	125	2
127	127	1
127	129	1
70	70	1
10	14	1
72	72	1
107	113	1
76	76	2
83	92	1
70	95	1
113	113	1
89	89	3
105	105	3
110	110	3
97	97	2
62	62	4
129	130	2
5	119	1
74	74	2
110	117	1
88	88	1
9	86	1
96	97	2
71	72	1
19	21	1
85	97	2
129	133	1
48	61	1
29	29	1
99	101	1
119	130	2
9	87	1
23	24	3
19	20	1
18	19	1
23	23	1
54	64	1
100	113	1
12	28	1
74	114	1
7	7	2
131	131	2
53	55	1
81	83	1
16	16	2
16	109	1
109	116	1
94	96	1
115	115	3
61	70	1
56	66	1
85	118	2
88	89	2
36	36	2
90	116	1
7	8	1
16	38	1
43	74	1
74	75	1
11	44	1
56	56	2
86	86	2
124	126	1
17	20	1
89	128	1
75	82	1
95	106	1
78	79	3
122	123	1
10	10	1
58	59	1
79	79	1
91	119	1
106	106	1
114	116	1
8	10	1
17	109	1
115	116	3
47	98	1
84	92	1
11	12	1
32	32	2
4	120	1
63	63	1
73	99	1
66	111	1
24	25	1
69	97	1
21	23	2
31	32	1
21	21	1
107	111	1
54	56	1
9	108	1
93	93	1
9	23	1
108	110	1
82	106	2
8	117	1
4	4	1
56	115	1
108	133	1
61	115	1
90	91	1
29	30	1
60	94	1
95	96	1
0	0	1
125	130	1
53	54	1
48	48	1
84	106	1
52	115	1
116	118	1
89	115	1
76	94	1
121	122	1
83	84	1
9	15	1
80	83	1
96	107	1
33	33	1
20	36	1
62	63	1
79	83	1
94	94	1
59	63	1
18	21	1
109	113	1
16	20	1
56	96	1
68	97	1
