56	56	5
96	97	4
33	33	5
92	98	2
47	48	2
90	90	5
61	61	13
56	62	1
46	47	4
55	55	4
92	96	2
99	99	8
62	63	6
75	75	6
52	53	1
20	22	3
86	86	4
87	89	2
98	98	9
37	46	1
78	98	1
39	39	6
84	88	2
86	88	2
95	95	3
23	24	1
28	89	1
50	56	5
61	68	2
95	98	5
89	89	6
55	56	4
68	68	5
44	44	9
80	91	1
50	50	6
42	57	1
80	81	1
71	72	2
76	76	6
53	53	8
41	41	7
48	48	7
59	59	3
84	84	4
42	43	3
63	63	6
38	39	3
77	77	3
82	82	2
96	96	3
47	55	1
94	98	1
58	58	3
40	40	3
81	82	1
38	40	2
35	37	2
27	27	2
47	47	5
84	86	2
71	74	1
61	62	3
29	29	2
51	54	2
93	93	3
35	52	1
80	80	3
100	101	1
49	54	1
54	54	3
79	92	2
48	49	1
36	37	2
94	95	1
93	94	1
45	45	5
43	57	1
49	49	5
59	60	3
72	76	2
97	98	4
42	67	2
64	64	7
35	46	2
88	89	1
87	97	1
42	51	1
94	94	3
57	57	3
65	65	3
79	79	2
36	36	3
37	48	1
69	69	2
92	92	1
98	99	2
63	64	3
51	51	2
89	90	2
91	91	2
31	31	1
71	73	2
69	70	1
79	81	2
81	81	4
67	68	2
101	101	2
43	43	3
54	55	2
52	52	4
89	92	1
51	52	3
65	66	1
80	98	1
60	60	2
72	72	2
73	73	1
80	90	2
88	99	2
53	54	3
77	95	2
100	100	1
72	73	1
29	33	1
26	26	1
64	65	1
101	102	1
92	93	1
88	88	1
96	98	1
38	38	3
87	88	2
49	81	1
50	51	1
31	100	1
87	87	1
45	48	1
80	99	1
75	76	1
26	30	1
59	78	1
43	44	2
31	32	1
34	61	1
86	87	1
102	102	1
80	83	1
42	42	1
49	50	1
95	99	1
58	59	1
43	58	1
70	70	1
56	59	1
37	38	1
85	85	1
45	46	1
81	84	1
71	71	1
99	100	1
67	67	1
36	40	1
22	25	2
83	84	1
85	100	1
50	59	1
35	36	1
79	97	1
35	40	1
