132	136	2
69	80	3
80	80	6
27	27	7
83	85	1
40	42	2
93	93	2
103	128	1
104	104	6
13	14	3
117	117	6
53	54	2
62	62	11
136	137	4
61	61	2
103	103	7
128	129	2
49	52	1
122	122	6
126	126	9
11	11	4
120	120	6
13	16	1
42	43	4
51	52	2
33	35	1
76	77	1
70	70	1
86	89	2
134	144	2
122	123	5
141	142	2
48	48	5
105	106	2
5	5	2
24	27	3
135	139	3
39	107	2
67	70	1
10	13	1
38	48	2
14	15	4
128	128	13
120	121	3
137	138	2
73	90	4
1	1	3
131	131	9
59	59	6
25	27	1
30	30	5
93	94	3
114	115	2
2	3	2
16	37	2
140	142	2
50	110	2
53	53	6
3	3	5
73	73	1
112	114	2
129	129	5
118	118	3
109	109	3
61	62	4
115	115	4
111	112	2
9	9	4
5	9	1
66	66	3
101	101	8
82	88	1
68	69	1
22	23	6
79	85	1
107	134	1
14	65	2
138	139	1
130	130	6
38	38	8
134	138	2
24	24	7
13	15	1
102	103	2
10	10	2
39	40	4
75	75	3
54	109	1
33	57	1
93	96	1
52	54	3
136	136	5
64	64	5
101	102	1
64	110	1
117	118	1
4	58	1
8	29	1
108	109	1
112	113	4
135	136	4
133	133	7
131	133	2
95	96	5
50	51	3
113	116	1
4	10	1
16	82	1
43	110	1
52	53	5
54	54	2
17	17	7
81	81	10
35	37	2
51	117	1
16	17	6
54	67	3
43	43	3
42	42	8
131	137	3
29	29	3
92	92	1
78	80	2
105	105	1
58	59	3
131	144	2
108	108	2
137	137	8
28	28	8
72	73	2
3	5	4
143	143	3
55	58	2
124	139	3
35	36	4
76	80	1
68	95	2
121	121	7
124	131	1
35	93	1
105	140	1
19	19	3
87	87	4
37	79	1
28	29	1
124	125	2
125	125	1
81	85	2
52	118	2
54	73	1
61	104	1
132	132	2
85	85	2
67	68	4
24	25	5
55	56	8
34	34	2
5	6	1
38	39	4
91	91	2
37	37	2
141	141	8
22	22	6
43	48	2
4	4	3
8	8	1
18	19	3
135	135	3
102	102	4
40	41	2
127	127	4
142	142	1
76	76	2
112	123	1
50	50	4
91	94	1
77	77	5
65	65	5
94	94	2
107	107	4
2	2	2
132	137	1
32	32	3
120	126	3
0	0	3
69	71	1
126	128	1
23	24	1
125	127	1
98	99	1
89	89	5
50	52	1
119	119	7
64	107	1
73	81	1
96	97	3
122	127	1
60	64	1
96	96	2
77	90	2
0	17	2
72	75	1
97	97	1
146	146	1
1	6	1
85	92	1
119	120	3
114	117	2
16	16	3
67	67	2
113	113	2
139	140	1
31	31	3
119	127	1
34	36	1
6	6	2
134	134	2
111	111	1
94	96	1
66	67	2
58	58	2
116	117	1
138	138	7
32	76	1
18	87	1
124	124	2
54	55	4
35	35	6
23	23	1
110	111	2
125	126	3
39	39	2
121	131	2
17	18	1
16	84	1
78	103	2
73	74	3
72	72	3
123	123	3
127	128	2
30	31	1
97	129	1
17	68	1
3	4	1
99	129	1
90	90	1
60	60	2
32	38	1
26	26	3
118	131	1
55	55	5
97	98	1
18	18	2
97	141	1
99	99	3
15	17	1
52	52	1
33	33	1
25	25	2
63	63	1
88	88	1
69	69	2
25	26	3
80	82	1
36	36	3
71	86	1
129	130	2
52	111	1
31	32	3
111	131	2
57	91	1
107	108	1
2	5	2
127	129	3
122	124	1
79	90	2
55	57	1
50	118	1
63	65	1
29	30	3
40	40	2
68	96	1
78	78	1
74	74	2
13	13	1
20	20	2
96	108	1
11	83	1
130	138	1
41	41	2
84	86	1
115	130	2
64	65	1
126	129	1
13	52	1
56	56	1
111	113	1
139	139	2
83	87	1
82	84	1
2	4	2
123	124	1
60	62	1
84	85	1
20	21	1
36	51	1
89	90	1
62	63	1
78	79	1
68	68	1
104	129	1
131	135	1
51	51	1
54	69	1
79	79	1
132	133	1
140	140	2
37	38	1
81	83	1
86	105	1
87	88	1
104	105	1
77	79	1
6	21	1
57	141	1
74	75	1
126	138	1
2	81	1
134	135	1
33	34	1
119	126	1
64	74	1
114	114	2
64	66	2
76	78	2
86	87	2
58	60	1
67	75	1
91	92	1
110	110	1
118	132	1
95	97	1
47	47	1
118	121	1
