0	0	1
21	22	1
36	37	1
51	56	1
37	37	2
47	48	2
15	15	4
50	50	5
56	58	1
1	3	1
23	23	4
29	30	1
33	33	2
19	30	1
24	24	3
35	35	4
39	45	1
54	56	1
2	2	4
53	53	3
5	5	4
15	35	1
44	57	1
44	44	6
45	45	4
15	16	2
46	46	1
9	9	4
16	17	2
29	29	2
21	21	3
34	34	3
22	28	1
11	11	3
30	30	3
35	44	1
55	55	1
36	42	3
14	15	1
31	32	1
39	41	1
31	33	1
36	36	3
38	38	4
28	28	2
5	33	1
12	13	1
40	40	2
9	11	1
11	12	2
35	37	1
39	39	3
48	55	1
31	31	4
9	15	1
17	17	3
8	28	1
30	31	1
10	10	1
19	21	1
44	56	1
4	12	1
49	49	1
1	1	3
52	58	1
49	50	1
17	41	1
49	56	1
48	48	3
2	3	1
18	18	1
3	4	1
4	4	2
21	33	1
56	56	2
4	14	2
20	20	1
48	49	1
41	42	1
54	54	1
8	34	1
14	14	3
13	14	1
9	19	1
7	7	1
17	18	2
6	6	1
29	32	1
38	39	1
0	1	1
31	37	1
1	2	1
15	31	1
53	55	1
23	24	2
47	47	2
35	36	1
44	51	1
28	30	2
41	56	1
52	52	1
37	39	1
13	16	1
12	12	2
3	5	1
35	58	1
15	17	1
56	57	1
20	23	1
24	58	1
23	57	1
43	43	1
53	54	1
4	40	1
14	47	1
13	15	1
58	58	1
53	58	1
0	36	1
16	16	1
47	49	1
