38	38	10
37	37	7
47	47	6
33	33	5
49	50	1
19	19	9
27	40	1
22	22	3
31	31	8
45	45	2
30	30	10
29	29	8
27	27	6
35	35	6
27	32	1
49	49	3
50	50	7
42	42	5
27	28	2
40	40	5
24	24	3
36	36	3
29	47	1
39	39	7
37	42	2
32	37	2
19	32	1
18	21	2
41	41	3
37	39	2
43	44	2
47	48	1
28	28	4
42	43	1
26	26	6
50	51	4
20	21	1
20	20	2
22	23	3
30	31	1
32	43	1
25	28	1
41	45	2
18	18	1
51	51	2
34	44	1
45	46	1
24	25	1
20	45	1
43	43	5
48	48	1
44	45	2
44	44	3
47	49	2
23	23	2
32	32	5
32	35	1
25	27	1
32	33	2
49	51	1
21	22	1
34	34	2
21	21	4
25	25	2
26	38	1
26	27	1
36	40	1
17	17	1
35	36	1
46	47	1
29	30	1
19	26	1
39	40	1
46	46	3
33	34	1
