69	70	9
57	57	13
78	78	13
247	247	9
197	209	8
190	195	4
157	158	9
220	220	10
246	246	12
157	157	16
215	240	3
184	210	5
119	120	7
58	58	9
184	184	15
72	74	3
174	196	3
207	208	6
238	238	18
102	102	6
199	200	9
211	211	13
74	74	6
12	12	2
171	172	11
186	186	21
3	3	8
200	212	2
229	230	8
237	239	2
8	8	6
195	211	5
187	187	23
193	193	20
164	164	26
145	145	3
42	43	3
11	224	1
197	228	1
170	170	28
108	195	3
73	73	8
175	175	18
192	192	21
33	33	20
217	218	14
4	4	8
209	209	24
199	209	1
191	195	7
52	52	2
78	103	1
241	241	33
2	10	3
14	15	7
49	49	2
169	209	2
235	235	7
217	219	2
153	153	13
189	190	12
28	29	3
90	91	8
62	62	15
170	171	10
88	88	5
212	213	11
168	169	3
218	219	11
244	246	1
201	226	4
63	63	12
217	217	18
61	63	2
245	246	6
188	190	19
14	244	1
196	197	3
197	198	20
182	210	5
162	163	6
20	20	7
216	216	21
232	232	10
79	79	8
199	212	4
93	93	11
223	223	2
208	238	3
144	147	3
173	173	19
241	243	6
199	199	17
55	55	3
86	109	3
117	118	11
236	239	2
6	6	12
176	209	4
160	160	38
215	244	2
18	18	4
32	33	10
65	65	17
147	147	6
100	100	6
210	210	27
181	209	5
28	28	13
194	200	3
59	60	3
32	32	15
52	54	3
64	64	4
89	89	8
64	115	3
59	59	6
190	190	17
239	240	9
36	46	2
166	181	2
82	83	6
116	116	8
215	219	6
224	224	6
167	170	1
29	39	3
33	34	5
38	38	10
92	92	4
91	92	9
233	234	11
187	189	9
181	181	21
34	35	8
175	176	6
216	217	5
178	198	3
70	70	15
120	120	3
174	174	13
237	237	34
36	36	11
220	221	6
191	191	18
69	69	2
219	245	2
215	218	9
57	58	6
64	65	2
52	53	1
14	14	16
17	17	8
231	232	6
236	236	12
242	242	13
105	105	2
245	245	14
6	7	1
98	100	1
74	75	11
3	6	4
238	239	20
152	152	13
91	91	18
202	202	7
194	195	3
195	195	12
187	188	8
179	201	3
19	19	4
159	159	13
31	31	14
196	196	13
35	36	2
179	181	3
37	37	13
54	55	2
15	176	1
41	41	18
90	90	7
175	208	1
231	231	5
54	54	6
77	77	13
2	2	2
208	210	1
10	11	4
208	208	5
162	162	11
210	237	1
167	168	2
163	165	9
99	99	15
173	177	1
60	60	8
230	246	6
98	98	14
11	32	2
206	208	3
233	247	4
77	78	5
200	200	16
78	89	1
169	169	4
188	188	27
188	189	10
33	51	5
32	35	5
15	15	14
213	214	4
177	177	9
213	213	34
150	150	14
10	10	9
16	16	7
99	101	6
182	182	23
249	249	3
66	66	5
171	171	20
114	114	6
197	197	10
18	20	4
198	199	14
158	164	7
39	39	13
1	1	2
165	166	6
79	98	2
9	9	6
108	238	2
15	174	1
195	198	6
209	210	1
118	119	5
204	205	7
154	154	5
6	244	2
73	74	1
143	143	2
7	7	8
188	214	5
214	214	25
220	234	3
66	71	5
160	194	1
194	194	10
101	102	2
114	115	3
56	57	2
248	248	27
39	40	3
172	173	2
173	193	1
10	202	5
27	44	4
49	106	3
213	216	3
205	205	14
202	212	2
77	79	1
115	115	3
60	61	6
185	202	3
241	242	6
189	189	4
186	189	7
214	218	4
26	93	1
170	173	8
67	68	5
195	196	2
84	84	9
34	50	3
78	110	6
59	75	6
36	69	1
35	35	13
234	234	7
163	164	14
8	9	3
51	51	9
212	212	20
180	189	3
181	182	8
193	194	6
77	80	2
149	162	4
11	199	1
7	145	3
80	80	10
180	180	20
38	199	4
240	240	12
79	80	3
174	210	2
177	181	14
119	199	3
208	239	3
208	211	3
208	209	14
109	109	8
117	117	9
76	76	9
113	113	6
45	45	8
14	173	2
190	245	10
190	192	2
158	158	17
247	248	2
156	156	10
164	177	3
27	27	2
237	242	3
160	164	4
25	25	4
91	98	6
243	244	4
119	119	1
82	85	5
76	77	7
190	191	3
28	31	2
218	218	10
43	43	6
156	162	4
63	64	2
198	198	13
199	235	5
191	192	7
244	244	15
167	169	12
34	34	13
184	192	5
110	110	3
167	167	9
99	112	3
169	197	1
179	179	8
89	91	1
72	73	1
36	37	3
163	163	14
56	68	3
162	194	1
95	95	4
172	172	2
81	86	2
201	201	8
111	244	3
55	57	6
80	85	4
25	26	3
19	22	1
5	15	1
101	101	2
46	55	1
171	173	1
11	200	2
185	185	19
166	167	8
112	113	4
169	172	6
23	23	2
60	62	2
149	149	11
20	115	1
242	243	3
155	155	3
53	53	1
155	207	4
187	232	3
48	48	7
229	229	5
211	215	7
89	98	9
185	241	3
183	183	4
176	176	2
203	226	5
244	247	5
195	238	4
178	178	5
182	183	3
191	247	1
44	44	3
219	246	2
207	207	11
202	204	2
76	100	3
165	181	4
218	243	2
36	39	4
162	166	2
40	245	5
159	166	5
48	92	1
86	110	2
221	221	7
30	31	5
108	108	4
174	211	1
95	97	2
4	176	2
21	21	10
169	183	1
11	35	3
156	159	4
215	215	7
227	227	4
61	62	2
199	211	2
26	26	5
152	247	4
202	203	5
175	177	4
166	177	5
221	222	6
236	237	7
111	112	4
192	197	1
165	165	14
159	163	2
75	75	10
22	22	5
215	246	1
3	8	2
152	186	2
175	182	1
166	172	1
200	235	1
5	5	8
168	192	1
176	191	2
197	240	2
111	245	1
5	244	2
196	209	1
214	232	1
218	236	4
230	230	5
15	16	3
97	99	1
152	153	2
166	218	1
152	190	3
62	119	2
201	207	1
157	159	9
151	151	16
81	84	3
99	100	2
218	223	2
68	68	6
15	172	1
68	70	1
240	241	7
86	86	1
71	71	5
206	207	7
219	219	2
150	151	3
223	225	4
69	71	2
47	47	4
40	40	7
27	112	2
179	180	2
168	168	18
69	101	4
213	237	2
195	208	2
98	102	3
207	241	3
72	77	1
197	210	5
222	223	5
235	236	3
46	151	2
204	204	2
193	211	1
38	39	3
203	203	1
214	215	6
16	17	1
112	112	6
30	30	2
192	193	3
179	189	2
48	62	1
153	190	2
246	247	4
50	50	5
202	205	7
97	98	3
246	248	2
53	54	2
96	96	8
66	68	3
65	74	5
24	29	1
38	207	1
32	36	2
212	214	2
221	237	2
193	196	1
237	240	1
146	147	2
108	119	2
42	42	6
91	111	2
192	196	5
185	186	4
201	208	2
201	205	2
121	247	1
61	156	1
222	222	2
218	220	3
197	199	3
83	84	2
93	100	1
24	95	1
193	197	1
55	59	1
151	184	4
33	47	2
107	107	7
172	176	3
243	243	3
111	111	1
13	14	1
166	166	10
24	24	1
190	247	1
203	204	4
195	212	2
226	226	4
81	81	9
221	225	3
11	11	5
239	239	13
48	49	3
38	92	1
220	247	1
95	99	5
173	184	5
198	200	3
79	82	2
34	49	1
97	97	3
169	171	5
206	206	3
29	31	1
94	94	2
17	18	4
45	153	1
169	170	1
204	207	1
11	30	2
27	28	1
63	93	2
48	58	1
183	184	12
234	236	2
115	116	2
93	94	2
231	234	3
84	105	3
159	162	1
149	161	1
184	185	1
161	162	4
161	161	5
0	1	1
49	50	2
81	83	1
231	235	2
234	235	4
209	238	1
4	5	6
232	233	2
169	196	1
72	75	3
193	200	4
64	66	3
65	66	1
62	151	1
29	30	2
120	246	2
204	219	7
161	178	1
118	118	2
153	154	1
213	230	1
87	87	1
171	192	3
29	29	4
180	212	1
186	247	2
56	112	2
175	210	5
38	91	1
65	91	3
209	243	2
106	106	2
108	111	1
46	114	1
32	45	2
158	160	1
193	195	3
88	90	2
237	238	3
165	167	3
176	177	5
155	156	2
196	199	2
66	74	2
121	121	3
201	202	2
26	27	1
95	98	3
167	175	1
103	103	1
75	77	2
216	247	1
146	146	2
12	193	2
177	195	1
83	83	2
11	12	2
50	58	2
56	56	2
248	249	2
72	72	2
212	217	2
8	10	2
96	99	2
67	67	2
197	200	1
188	191	1
4	34	1
56	60	2
159	160	2
104	105	4
9	202	1
58	61	2
192	200	1
41	155	1
195	210	1
116	117	1
24	25	1
211	212	1
153	186	2
13	13	2
172	182	3
88	91	1
87	99	2
177	194	1
65	72	1
181	234	1
96	98	3
217	241	1
105	106	2
221	227	2
239	242	3
65	73	2
215	242	3
45	46	2
154	155	1
198	243	1
245	247	2
181	208	1
61	167	2
82	82	1
174	184	1
152	165	3
165	175	1
217	243	2
177	208	1
119	239	1
220	230	1
8	11	1
183	211	3
213	219	2
176	179	1
6	178	1
173	174	1
38	114	1
195	239	1
211	213	1
28	30	1
62	192	1
164	181	3
183	210	1
182	192	1
220	222	1
189	191	1
40	164	1
201	206	1
107	108	1
165	169	1
40	202	1
44	45	1
176	190	1
8	205	1
203	205	1
207	212	1
90	92	2
46	63	1
225	226	1
230	232	1
86	88	1
88	109	1
10	33	1
61	61	1
185	190	1
56	58	1
228	228	1
189	245	1
85	85	1
