55	61	1
97	97	6
60	97	1
129	134	1
49	123	1
87	111	2
59	60	3
92	92	4
88	88	6
113	113	7
93	102	2
49	127	1
112	112	7
72	72	9
115	118	1
66	67	1
45	50	1
47	73	1
21	25	2
49	49	4
4	5	1
94	94	4
8	8	4
50	127	2
56	56	4
72	79	1
80	111	1
50	67	1
99	99	2
60	92	1
59	59	9
5	50	1
108	109	4
77	84	1
15	15	3
109	118	1
133	133	10
61	61	6
65	65	4
17	24	1
110	111	4
20	53	2
82	83	1
85	110	1
74	89	2
125	127	1
105	105	9
127	127	6
3	33	2
118	123	2
122	122	5
126	127	4
93	93	9
58	109	1
2	3	1
96	96	3
125	125	5
29	29	1
68	132	1
100	101	4
92	95	2
92	99	2
98	98	11
67	72	1
105	111	1
30	30	5
67	96	1
80	80	6
19	34	1
11	11	4
111	111	2
68	134	1
70	75	1
129	129	4
10	10	2
37	38	4
77	78	4
68	118	1
61	84	2
56	116	1
38	43	2
71	76	2
90	90	9
47	131	1
78	90	1
124	124	8
64	64	2
78	78	4
95	95	2
56	111	2
83	134	1
108	108	6
42	92	1
66	68	6
7	10	1
91	106	1
21	26	1
68	68	10
103	103	4
21	21	1
71	132	2
63	63	7
106	110	2
18	80	1
8	50	1
16	17	3
62	63	5
45	55	1
53	61	2
66	92	1
29	46	1
106	122	1
123	123	6
32	32	2
115	119	1
120	131	1
63	99	1
18	23	2
80	108	1
100	100	6
84	84	2
117	119	4
14	14	6
118	118	2
75	75	9
97	102	2
79	79	11
53	53	3
49	54	1
116	116	5
102	102	7
106	109	1
115	115	5
19	21	1
57	116	1
71	87	1
68	97	1
56	57	4
111	112	6
131	131	5
117	117	4
42	117	1
78	122	1
54	61	3
60	94	1
101	101	1
130	131	3
83	106	1
57	57	7
9	10	1
123	133	1
8	14	1
11	124	2
82	82	6
58	58	4
93	115	1
47	47	1
68	69	1
23	35	1
69	69	3
107	107	3
12	12	2
107	110	1
85	85	2
108	117	1
118	119	4
121	130	1
131	132	3
62	62	5
55	86	3
24	24	2
125	126	2
68	88	1
83	83	4
76	90	2
55	55	6
106	117	1
33	85	4
111	115	2
97	99	3
98	99	3
72	100	1
89	89	2
132	132	5
65	73	2
21	28	2
66	107	1
120	123	3
26	27	1
122	128	1
44	44	4
99	100	2
2	2	4
83	86	4
74	74	6
66	78	2
66	84	1
7	11	1
16	61	1
34	34	5
4	4	6
95	97	2
69	110	2
104	116	2
58	59	3
130	133	2
76	93	2
86	88	1
116	117	2
26	34	1
16	16	2
122	125	2
7	54	1
119	119	3
54	56	2
5	8	1
73	100	2
75	94	2
92	103	2
50	50	4
73	132	1
68	100	1
123	130	1
55	109	1
19	19	1
19	20	1
120	125	2
115	126	2
119	120	2
80	118	1
106	106	5
87	132	3
27	28	2
117	123	1
125	129	2
49	122	1
120	127	1
43	123	1
88	98	1
87	115	2
106	114	2
89	126	1
14	45	2
29	50	1
52	52	3
113	119	1
120	135	1
44	45	2
134	135	1
59	67	1
33	34	1
13	14	2
72	132	1
54	111	3
77	77	6
56	125	2
0	0	3
30	32	2
82	87	1
85	86	1
114	114	4
87	100	1
111	121	1
121	121	4
79	84	2
24	25	2
73	89	1
57	58	1
45	110	1
31	31	6
94	102	1
106	107	2
53	111	1
81	81	1
35	43	1
68	83	1
71	71	1
132	134	3
69	101	2
20	23	1
80	81	1
118	120	1
60	63	2
11	15	1
71	73	1
35	37	1
22	22	1
108	122	1
6	43	2
109	113	1
104	104	4
116	118	1
133	134	1
13	13	1
55	82	1
44	85	2
128	131	1
55	96	2
64	65	1
114	115	1
23	24	2
3	14	3
122	130	1
66	66	1
71	74	1
128	128	3
127	128	4
45	45	1
109	110	1
54	96	1
71	123	1
67	67	1
65	67	1
87	87	2
105	106	2
92	131	1
123	124	2
95	123	1
78	108	1
123	134	1
61	92	2
9	11	3
76	76	1
67	97	1
55	119	1
54	110	2
23	23	2
35	35	3
67	98	2
69	79	1
34	35	1
67	78	1
84	86	2
39	45	1
71	72	1
73	94	1
89	90	3
53	55	1
43	44	1
119	130	2
1	2	2
56	58	1
55	78	1
116	124	3
33	33	2
1	1	2
134	134	3
126	126	3
70	71	1
33	78	3
43	43	4
54	55	1
72	73	2
53	57	1
61	62	1
47	85	2
36	36	2
120	120	4
76	115	2
15	16	1
60	60	2
69	93	2
78	79	1
54	83	2
8	9	1
10	11	1
55	57	2
78	84	1
52	53	1
53	113	1
30	34	2
107	108	2
80	107	2
104	105	1
75	76	1
17	67	1
18	24	3
63	65	2
122	123	2
97	98	1
109	109	3
5	14	1
82	84	1
28	28	3
64	69	2
0	2	2
108	118	1
5	29	1
6	65	4
119	124	1
87	101	2
91	92	2
64	83	2
119	132	2
24	26	1
86	86	2
8	10	1
7	7	2
19	25	1
127	129	2
77	83	1
44	87	2
26	28	1
29	31	1
77	81	1
4	13	2
35	45	1
79	81	1
71	94	1
93	94	1
67	118	4
79	110	1
124	130	1
70	70	1
80	133	1
76	114	1
47	130	1
86	111	1
53	54	1
3	3	1
61	78	1
47	90	1
26	26	1
83	116	1
76	123	1
31	32	1
44	65	1
11	16	2
10	54	1
60	106	1
69	86	1
114	124	1
105	127	1
85	135	1
79	120	1
76	130	1
20	20	2
121	133	1
60	79	1
62	65	1
65	70	1
12	13	1
55	97	1
5	5	4
105	112	1
82	85	2
34	37	1
81	88	1
6	7	1
49	50	1
96	102	1
79	108	1
1	72	1
7	65	1
95	96	1
73	73	1
8	20	1
98	110	2
55	58	1
95	103	1
120	122	3
17	21	1
48	48	1
95	100	1
7	86	1
90	123	1
78	107	1
57	59	1
106	124	1
93	101	1
83	107	1
105	128	1
117	118	2
43	113	1
38	38	1
91	91	2
91	99	1
27	27	1
37	37	2
4	62	1
43	87	1
55	60	1
83	100	1
64	78	1
17	17	2
64	84	1
46	49	1
56	117	1
53	93	1
0	1	1
91	129	1
60	99	1
132	133	1
81	86	1
78	86	1
8	16	1
8	18	1
110	110	2
73	74	1
7	18	1
6	6	1
64	85	1
113	117	1
128	129	1
53	70	1
