43	43	10
86	101	2
29	101	3
66	67	2
38	79	1
35	36	4
55	69	1
94	95	2
85	85	2
32	102	1
38	38	3
56	57	6
28	85	2
53	53	5
49	49	6
86	89	1
46	54	2
91	91	2
55	55	4
34	40	5
40	40	3
62	62	7
59	62	1
54	54	6
58	58	1
96	100	1
63	64	3
42	45	1
56	56	8
63	63	9
31	31	6
61	62	1
66	77	1
81	99	1
52	52	5
45	85	1
84	84	3
90	90	6
80	81	2
78	78	2
75	75	5
99	99	6
23	24	3
25	27	3
98	98	7
40	41	2
27	27	1
96	97	5
61	61	4
73	73	3
48	48	2
94	94	5
74	75	4
24	24	3
77	77	7
83	83	4
56	64	1
47	47	2
79	79	7
72	72	11
54	87	2
94	99	1
87	89	2
97	97	4
44	44	3
57	57	3
71	72	2
66	66	4
34	45	1
62	64	1
32	33	5
52	53	2
81	81	3
100	100	3
59	59	3
60	88	2
95	95	9
49	50	4
101	101	4
82	99	1
48	86	1
33	33	4
22	90	1
60	60	1
44	45	2
45	45	6
54	55	2
62	74	1
51	51	8
41	74	2
99	102	1
46	47	2
59	60	1
50	50	5
61	93	1
95	96	10
79	91	2
32	32	3
93	93	2
80	80	2
67	75	2
37	38	6
41	42	1
20	45	1
36	93	1
76	77	1
44	59	1
29	29	3
47	77	2
36	56	1
95	97	2
34	34	1
23	54	1
43	49	1
64	64	6
23	23	1
79	87	1
71	71	4
68	68	6
79	100	1
82	82	1
82	83	1
39	39	1
88	89	3
52	56	1
56	60	2
48	74	2
26	27	1
68	69	1
88	96	1
53	81	1
51	52	1
46	83	1
37	37	3
99	101	1
41	41	4
43	75	1
86	97	1
52	85	2
79	80	1
58	63	1
86	87	5
70	70	2
68	74	2
59	75	1
42	74	1
36	36	4
44	77	3
39	40	1
28	28	1
52	77	1
52	60	3
88	88	5
55	59	1
96	96	5
43	72	1
89	90	2
54	57	2
46	46	3
47	83	1
79	92	1
33	34	1
83	84	2
25	25	3
48	49	1
35	92	1
95	100	2
89	99	2
93	99	1
20	25	1
67	68	1
29	90	2
46	84	1
62	65	1
86	86	1
85	99	1
34	49	2
47	49	3
52	55	2
43	44	1
95	101	1
66	101	2
38	99	1
76	76	3
36	37	1
39	76	1
81	91	1
50	78	1
81	102	1
86	88	1
42	42	3
22	27	1
95	98	1
53	98	2
61	89	1
94	97	1
87	88	1
77	78	1
35	50	1
61	81	1
64	71	1
67	67	3
66	68	1
87	96	1
21	21	1
44	68	1
22	23	1
93	97	1
45	46	1
31	44	1
46	91	1
89	89	1
72	73	1
90	91	1
81	82	1
37	93	1
45	79	1
77	85	2
94	98	1
