39	41	3
7	7	14
139	139	2
38	40	1
112	112	4
87	87	4
63	65	4
71	87	2
36	36	9
119	119	4
62	63	3
12	12	7
48	49	3
140	145	2
8	9	2
27	117	2
8	8	2
38	38	5
37	37	11
114	114	3
109	111	2
43	43	13
86	86	5
93	104	1
16	16	7
12	13	2
141	143	2
63	64	2
121	122	4
21	21	5
166	166	6
151	157	1
149	149	4
91	93	3
5	8	2
113	113	7
35	35	3
74	74	5
43	44	3
52	52	6
55	55	7
110	114	4
13	13	3
54	55	3
35	42	1
83	83	6
66	66	3
113	114	2
64	64	5
101	101	7
167	169	1
98	98	6
146	146	2
106	106	4
36	37	2
11	11	4
3	3	3
155	156	2
125	125	7
47	47	6
52	54	1
63	63	5
17	17	7
166	167	2
42	43	2
129	129	4
125	126	5
162	163	2
132	132	2
162	167	1
145	145	5
1	1	6
45	45	2
58	62	1
148	157	1
109	110	5
154	154	1
19	19	9
102	102	3
21	22	4
41	41	16
67	68	2
24	24	1
79	80	3
84	84	1
112	133	2
148	148	4
167	168	1
50	50	8
142	153	1
123	124	1
42	42	7
141	142	2
0	0	8
158	158	5
102	124	1
131	133	1
99	99	5
144	144	3
104	105	1
170	170	4
63	70	2
11	147	1
127	127	1
156	156	2
8	10	2
150	150	8
2	3	2
10	10	8
118	133	1
20	24	5
51	64	1
131	131	3
78	78	1
17	50	1
149	158	1
137	137	2
144	145	4
136	139	2
55	64	3
40	40	7
125	127	2
132	133	2
130	130	2
105	105	1
134	134	5
110	111	3
90	90	3
55	56	3
5	7	2
35	36	3
117	117	5
21	65	2
63	85	2
41	42	2
34	42	1
50	53	4
6	7	3
22	23	5
114	122	2
33	33	2
15	16	2
138	139	1
93	93	2
105	107	1
153	154	1
26	26	5
13	23	1
128	128	6
79	79	5
23	23	10
150	151	4
151	151	4
6	6	9
34	36	2
133	133	2
101	102	2
72	72	4
136	142	2
58	58	3
81	81	3
17	18	4
123	123	2
53	54	6
96	96	8
15	18	2
1	27	1
115	134	1
12	16	2
40	41	1
25	25	7
105	106	4
85	85	1
87	88	2
160	160	5
84	115	1
40	44	1
153	153	4
121	121	2
83	86	3
34	34	5
9	10	2
140	144	2
67	93	1
54	54	3
69	69	1
139	140	1
126	126	3
118	118	2
27	27	1
46	46	9
91	92	4
27	49	1
79	86	1
100	100	2
5	5	4
9	9	5
167	167	5
130	157	1
57	57	5
8	11	1
5	55	1
151	152	1
20	21	1
152	152	6
57	64	3
64	74	2
40	52	2
85	86	3
148	158	1
47	48	5
84	85	3
92	93	3
70	71	2
68	123	2
103	104	3
129	130	1
110	129	1
16	17	1
16	19	2
108	108	3
10	11	2
77	78	1
155	155	2
168	170	1
91	147	2
76	81	1
132	169	2
18	18	5
100	104	2
66	67	1
111	111	2
2	2	3
33	34	2
37	134	1
141	146	2
51	51	4
109	109	3
108	109	3
90	91	1
165	165	2
86	89	1
122	122	2
102	104	1
38	113	1
74	77	1
108	116	1
56	56	3
57	63	2
135	135	8
4	5	4
112	113	1
64	77	2
160	164	1
64	67	1
107	107	3
11	13	1
117	137	1
138	141	1
124	124	1
71	71	6
27	28	1
80	80	4
159	161	1
143	144	1
134	135	2
103	103	1
7	8	1
163	164	1
0	1	3
6	22	1
163	163	2
85	149	1
40	71	2
89	90	2
82	82	5
95	95	2
158	159	2
26	44	1
135	136	1
6	8	1
99	100	2
22	22	2
20	121	2
71	73	3
39	40	6
138	143	1
108	118	1
38	151	1
138	138	3
70	73	1
157	157	2
110	110	6
94	95	2
68	69	1
57	62	1
6	11	3
9	16	1
15	15	2
86	97	1
20	126	1
18	23	1
44	45	7
80	124	1
70	77	1
0	79	1
140	161	1
33	47	1
150	162	1
11	12	3
129	165	2
98	101	2
3	54	1
146	162	2
26	27	2
126	157	1
147	148	1
122	165	1
8	107	1
115	115	2
159	160	2
44	44	4
157	158	1
143	143	1
43	143	1
69	81	1
110	120	1
69	70	1
20	20	1
72	87	1
161	162	1
154	156	1
127	130	1
64	92	1
121	125	2
63	98	2
100	113	1
42	45	1
65	66	1
69	114	1
56	57	2
39	39	3
144	149	1
107	108	2
18	19	2
90	96	1
89	89	4
62	62	2
96	99	1
92	92	1
98	104	1
157	167	1
168	168	1
18	22	1
118	143	1
45	49	1
13	92	1
106	107	2
164	164	3
146	147	1
139	141	1
124	125	1
136	138	1
91	94	1
136	136	3
14	14	1
104	104	1
80	81	2
114	115	1
1	2	4
140	141	1
155	158	1
115	121	1
24	26	1
34	35	3
169	169	1
116	135	1
39	46	2
48	55	1
27	112	1
5	6	1
106	152	2
40	112	1
162	165	1
80	85	1
147	147	1
83	152	1
97	98	2
65	69	1
89	101	1
2	27	2
13	14	1
24	100	2
130	131	2
142	142	2
131	132	1
104	162	1
67	69	1
4	4	2
18	20	1
40	43	1
73	73	1
22	100	1
19	21	1
90	106	1
63	125	1
25	27	1
39	115	1
70	70	1
71	72	1
164	165	1
20	22	2
27	114	1
140	140	3
94	107	1
91	91	2
44	154	1
100	106	2
37	157	1
81	82	1
76	80	1
45	141	1
26	117	1
113	165	1
70	72	2
37	135	1
25	37	1
74	107	1
13	19	1
143	151	2
14	16	1
157	166	2
120	120	1
81	83	1
39	63	1
156	157	2
49	79	1
97	99	1
7	37	1
13	16	2
21	121	1
125	153	1
127	168	1
43	56	1
106	163	1
162	162	1
75	75	1
54	168	1
100	105	1
68	70	1
156	168	1
58	61	1
124	131	1
77	77	1
49	49	1
64	107	1
80	82	1
100	127	1
20	23	1
0	9	1
70	87	1
78	106	1
28	119	1
83	98	1
83	111	1
71	74	1
90	167	1
139	142	1
66	68	1
147	158	1
126	127	1
28	28	1
125	151	1
165	166	1
38	46	1
9	18	1
64	71	1
6	58	1
86	117	1
41	44	1
98	99	1
5	169	1
15	24	1
6	10	1
110	112	1
3	5	1
154	157	1
57	61	1
35	157	1
129	153	1
