138	138	5
5	54	1
122	122	5
117	117	8
29	62	1
3	3	5
150	151	3
27	28	4
111	112	1
91	117	3
110	115	1
52	52	16
93	95	2
21	22	2
7	7	8
127	131	1
120	120	10
83	92	1
54	55	7
83	83	2
19	147	1
127	128	2
84	85	7
141	141	7
103	103	5
149	149	3
124	126	4
15	15	4
132	134	5
135	135	7
45	47	1
22	44	2
107	107	6
154	154	4
12	13	1
42	43	2
33	33	5
112	113	3
92	92	4
104	105	5
29	31	1
108	108	5
51	55	1
4	5	3
97	97	7
116	117	3
22	22	11
6	6	4
2	3	2
36	36	7
137	137	4
12	115	3
137	138	3
30	30	8
157	157	4
82	82	1
71	72	2
14	14	3
26	26	5
28	28	4
134	137	1
24	29	1
11	11	5
97	99	1
132	132	6
45	45	1
43	43	6
47	47	5
9	9	4
30	42	2
114	114	5
100	101	3
25	27	1
100	100	7
135	136	3
78	78	4
134	134	8
13	13	6
102	102	5
130	132	2
94	95	1
134	135	4
25	29	2
70	70	4
97	103	1
16	18	1
51	54	3
149	150	3
77	77	10
38	48	3
19	20	3
21	21	6
144	144	4
95	96	6
107	108	5
81	81	9
145	145	2
122	123	2
108	112	2
104	104	11
40	41	4
129	129	2
75	89	1
8	9	3
88	90	2
4	4	3
132	139	1
40	66	1
5	5	6
52	54	1
158	158	7
1	1	11
94	101	3
152	153	6
36	37	2
72	72	3
94	94	5
141	158	1
62	63	1
105	107	2
56	56	4
101	101	4
22	23	2
54	56	2
39	39	4
116	116	5
78	79	3
146	147	2
124	125	2
103	104	5
155	156	2
103	112	2
147	147	7
0	1	3
153	154	5
87	93	1
17	18	2
96	96	4
152	152	5
18	18	2
133	133	7
30	31	3
84	84	3
33	34	3
23	24	4
93	93	4
6	91	1
41	42	3
113	117	2
103	113	1
34	35	2
128	129	4
110	112	1
67	67	1
53	53	4
12	86	2
123	124	5
143	148	4
140	141	1
151	151	6
140	140	3
90	90	8
91	91	2
38	38	6
11	99	2
73	76	1
142	142	8
69	69	8
143	143	2
139	140	3
115	117	1
86	86	5
46	51	1
24	25	7
108	109	1
89	97	2
16	17	2
3	15	1
136	136	3
145	148	1
85	85	3
95	118	2
81	82	2
105	105	5
2	52	2
94	105	6
115	115	1
72	73	3
22	26	3
35	35	6
43	51	1
115	116	2
26	29	2
134	136	3
82	84	1
133	134	3
17	17	2
12	12	3
145	146	2
76	97	1
112	112	4
148	148	7
46	46	2
127	127	5
8	24	1
138	152	1
64	69	1
109	122	1
31	55	1
19	21	2
30	36	1
135	142	1
68	69	2
127	136	1
115	150	1
156	158	2
16	19	1
131	131	4
46	47	4
103	148	1
129	130	3
32	32	2
53	54	3
68	71	1
76	76	3
40	40	2
21	45	3
75	75	5
73	73	3
49	49	2
147	153	1
65	65	1
121	121	7
42	42	3
123	123	5
51	51	4
44	44	10
85	86	1
135	137	1
83	88	1
127	138	1
51	56	1
51	52	5
98	99	4
39	48	2
146	146	2
41	46	2
79	80	1
115	118	1
80	80	4
3	4	2
48	48	4
79	79	5
96	97	4
26	155	1
80	82	1
46	52	1
120	121	5
26	28	1
2	2	4
0	0	3
126	142	2
117	118	2
32	33	2
117	127	1
35	36	3
153	153	1
120	139	1
34	34	4
2	123	1
128	128	1
11	22	2
119	120	2
136	137	3
124	124	1
29	29	9
105	123	1
113	122	1
114	115	2
25	26	1
92	116	1
28	29	2
155	155	4
69	70	2
28	158	1
17	20	1
92	101	1
79	89	1
18	19	4
151	153	1
110	110	4
19	54	2
87	92	1
113	114	1
90	96	1
21	152	2
88	89	1
27	27	3
156	156	5
111	111	3
37	37	5
65	67	1
89	91	2
50	50	1
139	157	1
69	138	1
23	26	2
13	15	1
142	144	1
150	150	4
98	98	2
71	71	2
95	107	1
14	139	2
19	53	2
1	2	3
44	45	1
86	117	1
28	43	1
21	23	1
17	25	1
76	120	1
149	152	1
64	66	2
52	53	4
111	114	1
48	49	1
41	41	3
75	121	1
43	45	1
9	10	2
95	97	2
17	54	1
104	156	1
42	54	1
151	152	2
39	40	1
121	122	1
14	15	2
11	12	1
23	23	1
56	57	1
4	43	1
44	46	1
92	95	1
88	88	1
119	119	2
16	21	2
102	121	1
106	107	3
8	10	1
141	142	1
93	96	1
99	101	1
44	102	1
7	90	2
2	4	1
147	148	2
94	102	2
64	65	1
11	33	1
62	62	1
20	22	2
30	156	2
37	48	1
47	48	1
20	23	1
118	123	1
142	143	1
78	88	1
20	20	1
79	81	1
68	78	1
66	71	1
89	89	3
92	97	1
144	146	2
47	56	1
31	31	4
99	99	4
13	18	1
66	66	1
19	19	3
148	149	2
67	138	1
79	82	1
70	71	3
12	98	1
137	139	2
132	133	3
109	110	2
138	139	1
121	123	1
67	71	1
4	6	1
14	16	2
118	119	3
33	36	2
23	25	1
126	126	1
87	88	2
95	95	1
93	100	1
95	105	1
126	127	2
130	148	1
24	39	1
118	118	2
8	8	1
130	131	1
9	90	1
9	43	1
121	124	1
106	122	1
127	140	1
39	41	1
131	157	1
158	159	1
21	143	1
67	70	1
112	117	1
54	80	1
143	147	1
157	159	1
33	35	1
38	39	1
12	116	1
6	98	2
101	102	1
138	155	1
87	89	1
86	90	1
116	127	1
84	92	1
142	155	1
97	107	1
66	67	2
108	111	1
17	19	2
14	20	1
97	104	1
43	73	1
135	140	1
107	111	1
31	32	1
6	7	1
10	11	2
31	63	1
85	88	2
12	85	1
20	45	1
57	57	1
24	24	1
150	153	1
90	92	1
114	119	1
44	47	1
37	38	1
84	90	1
116	129	1
11	121	1
64	67	1
129	131	1
7	52	1
93	104	1
96	101	1
38	140	1
50	52	1
92	93	1
129	156	1
49	50	1
131	132	1
9	28	1
157	158	1
83	84	1
33	37	1
113	115	1
34	66	1
29	30	1
50	54	1
112	114	1
84	89	1
3	53	1
54	54	1
113	123	1
21	153	1
72	130	1
143	144	1
10	10	1
120	123	1
66	72	1
87	87	1
134	148	1
19	30	1
55	55	1
1	127	1
