54	54	31
65	66	5
19	22	2
16	18	3
48	104	4
73	73	22
60	62	1
90	90	21
60	86	3
11	11	11
18	18	10
127	127	26
92	92	14
118	118	36
130	130	14
126	131	1
42	43	6
72	72	32
119	120	16
134	134	6
134	135	6
64	64	22
82	82	22
37	38	3
56	56	11
94	121	3
123	123	21
76	77	4
124	124	27
43	59	1
44	45	15
7	7	8
126	126	6
77	78	6
2	2	11
132	132	30
70	70	32
125	126	8
44	44	26
27	28	9
89	90	5
79	112	8
110	111	14
45	45	37
45	46	4
29	30	4
16	16	26
58	58	28
22	22	8
26	28	9
8	16	5
94	94	16
77	111	4
113	115	4
25	26	15
88	88	13
61	66	3
3	5	7
127	128	1
49	50	9
131	131	14
45	47	6
80	80	32
121	121	23
79	79	10
44	66	3
44	68	2
78	78	15
91	91	17
55	57	5
16	20	5
43	43	16
114	117	9
120	120	15
74	74	16
8	8	7
110	112	4
95	97	2
1	2	16
101	102	4
102	102	12
27	27	17
95	95	24
57	57	8
47	76	1
93	93	8
110	110	11
125	125	35
133	133	20
43	44	2
122	122	13
83	84	3
81	81	19
84	85	18
28	28	35
62	62	25
31	31	20
97	98	4
42	42	7
119	119	31
65	65	21
64	67	2
26	27	9
131	132	5
87	87	21
9	9	5
104	105	17
13	15	6
44	76	1
101	101	21
35	36	10
115	115	22
37	37	12
62	64	7
16	17	5
102	130	4
79	80	7
112	112	19
98	98	16
6	7	3
52	52	15
93	108	4
86	87	7
96	96	14
86	100	7
116	116	29
25	25	14
112	115	7
60	60	9
106	106	24
52	53	8
63	63	9
105	106	14
36	36	17
52	55	7
59	59	12
48	48	6
95	100	8
124	129	5
130	131	3
4	6	15
104	121	1
50	50	11
122	123	6
85	85	22
89	89	13
49	77	5
135	135	11
105	105	16
66	67	5
50	107	2
3	3	4
85	86	6
114	114	42
114	115	13
24	24	3
120	121	17
125	129	8
71	71	20
118	119	8
117	117	14
112	114	6
43	63	3
93	94	6
107	108	3
97	97	34
49	104	11
27	30	3
72	73	13
47	49	4
53	53	14
128	129	8
99	100	7
104	104	46
68	68	15
75	75	13
14	14	15
66	66	17
34	34	15
26	26	17
5	5	14
126	127	13
77	77	21
124	133	2
20	20	4
56	57	7
6	13	2
61	61	28
62	63	20
124	125	3
30	31	4
13	13	9
19	19	16
29	29	6
49	49	6
91	92	10
31	32	6
23	23	4
103	103	19
93	115	6
63	65	7
6	6	7
84	90	6
99	101	1
86	86	17
20	67	4
128	128	8
126	133	2
15	15	9
132	133	9
121	123	3
96	108	2
111	111	18
108	108	11
117	118	8
58	59	7
85	106	5
9	13	1
63	68	1
12	25	4
101	121	6
60	61	13
115	116	8
4	4	9
29	31	2
33	33	14
121	122	6
106	108	3
76	76	13
1	1	12
103	122	3
94	95	6
95	96	14
8	12	4
121	124	2
53	97	1
82	83	7
111	112	10
84	84	13
69	69	19
131	133	3
59	61	1
113	113	13
54	58	3
102	103	10
100	101	1
84	106	2
7	75	2
49	106	9
55	55	9
24	25	7
102	104	4
46	51	1
81	82	9
87	88	5
107	107	16
80	99	5
30	30	18
14	15	1
36	37	14
60	65	5
56	58	2
58	61	4
24	36	6
43	65	5
83	83	5
23	24	1
29	34	1
18	19	9
67	67	8
47	47	8
50	52	3
83	89	2
100	100	12
64	65	4
74	76	1
20	21	4
99	99	10
87	110	3
53	58	4
87	100	4
128	131	3
113	114	6
12	12	5
113	117	5
70	71	9
115	117	2
0	0	6
34	35	9
32	33	5
24	35	3
11	12	1
12	27	4
127	129	5
47	60	3
129	129	6
2	3	3
98	99	4
94	96	2
71	72	7
94	119	1
21	24	1
71	73	1
50	79	4
86	111	6
119	121	2
17	17	6
96	97	2
96	101	3
2	75	4
8	10	2
81	83	3
10	11	4
101	103	3
87	111	1
62	76	4
94	107	2
44	65	3
90	91	6
63	64	3
131	135	1
109	109	9
101	129	4
95	108	1
49	52	8
10	10	8
6	32	3
63	67	2
97	99	1
133	134	11
59	95	4
27	29	4
101	130	5
129	130	4
68	70	1
78	79	4
119	133	4
50	77	3
52	77	3
61	62	3
80	98	2
73	74	10
124	126	3
19	23	2
57	59	1
78	111	1
82	85	3
106	117	7
28	29	8
21	29	1
116	117	6
118	121	4
61	86	1
112	113	10
45	87	3
45	78	3
12	13	5
38	38	5
5	12	7
103	104	7
62	69	3
15	16	2
8	13	1
22	23	4
46	46	6
32	32	3
86	106	1
69	70	2
91	96	3
92	107	2
28	30	2
21	21	2
125	128	1
69	71	2
50	98	1
13	31	1
92	94	3
102	131	3
7	20	1
105	124	1
44	63	4
44	59	2
90	93	2
103	131	1
35	35	6
54	105	2
55	56	1
114	116	4
82	86	1
52	74	4
24	34	3
63	69	2
0	1	2
119	128	2
84	87	1
13	14	3
101	114	1
6	10	2
70	72	1
3	4	1
55	70	3
60	68	2
31	74	2
126	134	1
87	106	1
92	93	1
60	88	1
14	76	1
100	129	3
53	96	1
14	26	2
87	96	1
28	33	2
54	55	2
23	25	2
49	51	2
47	109	3
48	49	2
82	84	1
57	58	3
49	64	2
47	53	2
111	113	4
54	56	2
133	135	2
125	133	1
99	123	3
74	75	1
61	81	2
91	93	3
20	24	1
8	9	1
32	80	2
107	109	1
86	97	1
26	69	1
85	90	1
7	14	1
49	78	1
98	111	1
92	105	1
80	81	1
87	108	1
113	118	5
45	57	1
50	99	1
7	29	1
80	97	1
75	76	1
4	11	1
126	130	1
46	47	1
0	2	1
