72	72	4
85	85	2
130	130	7
113	113	1
87	88	3
81	110	2
128	130	1
3	3	1
120	122	6
98	123	1
92	92	3
136	136	2
29	94	1
13	15	1
34	34	4
6	7	4
87	87	5
6	9	1
123	123	5
88	88	8
14	16	2
22	31	1
36	36	3
3	4	4
21	21	7
103	104	1
106	106	3
127	136	1
7	7	7
28	32	2
27	27	4
128	128	4
14	15	2
112	119	1
121	122	4
121	121	3
23	23	7
0	0	3
73	77	1
20	20	6
114	119	1
95	96	1
81	82	5
25	25	2
13	13	3
93	93	5
92	94	1
71	71	2
102	103	2
35	36	2
16	16	6
8	8	6
113	114	2
107	108	2
99	100	1
99	99	3
27	82	1
90	92	1
5	32	2
89	89	11
12	13	1
91	91	5
88	106	1
112	116	1
38	76	2
120	121	3
100	100	5
130	131	1
93	100	4
125	126	4
35	37	1
33	33	3
117	117	2
92	111	2
123	124	2
28	30	1
83	102	1
107	107	2
4	4	3
2	3	3
22	24	1
110	111	2
133	137	2
77	77	3
37	37	6
106	108	2
77	79	1
108	115	1
127	130	3
122	122	2
115	115	3
137	138	1
32	33	1
101	116	1
129	129	7
127	127	4
131	132	1
35	35	4
97	99	1
109	109	3
114	114	3
20	21	3
16	21	2
132	133	1
5	7	2
15	16	1
112	112	1
103	108	1
5	6	2
74	74	2
128	136	2
81	84	3
18	18	4
1	7	1
29	31	7
114	115	2
135	135	6
134	137	1
25	26	6
28	28	3
30	31	3
92	114	1
126	126	2
47	77	1
85	110	2
17	24	4
28	29	2
75	76	2
118	120	1
102	102	2
83	103	1
10	12	2
111	111	2
92	93	1
75	75	12
79	80	3
137	137	2
115	119	4
86	86	2
104	107	3
99	111	1
25	27	2
77	83	1
3	13	1
74	92	1
129	130	2
132	132	2
14	14	2
31	31	1
111	130	1
82	84	2
10	10	2
92	95	1
114	116	1
134	134	2
122	123	1
106	107	1
124	126	1
126	130	1
120	120	3
72	116	3
84	85	2
106	120	2
2	31	1
24	25	1
74	112	1
113	119	1
140	140	1
123	125	1
90	91	1
116	117	5
84	84	1
80	84	1
73	73	5
17	19	1
95	100	1
88	90	2
104	108	1
116	116	1
1	22	1
79	79	1
134	136	1
110	110	3
7	32	1
80	81	2
138	139	1
23	24	2
22	26	2
26	26	3
116	124	1
73	74	1
1	10	1
105	115	1
79	81	2
2	22	3
94	94	1
29	29	1
30	30	3
1	1	2
2	2	2
130	132	1
0	1	1
5	13	1
91	97	1
76	76	2
78	85	2
119	119	2
104	111	1
78	103	1
3	16	2
104	105	3
103	103	3
8	30	1
27	97	1
15	15	3
2	6	3
16	31	1
3	8	2
71	95	1
44	104	1
108	109	3
93	95	1
4	5	1
119	121	2
22	23	1
10	13	1
124	124	4
11	11	3
128	129	1
78	102	1
34	35	1
14	27	1
138	138	2
117	118	1
13	25	1
83	83	2
127	129	1
101	103	2
17	17	4
105	105	1
112	115	1
126	127	1
71	72	1
7	8	1
4	6	2
27	28	1
78	79	1
78	78	2
73	103	1
0	4	1
2	32	1
73	104	1
1	3	1
24	24	1
81	81	1
127	128	1
119	120	1
75	112	1
128	134	1
119	123	1
105	120	1
75	110	1
98	98	2
5	24	2
8	10	1
79	86	1
118	119	1
33	34	1
19	19	1
82	82	1
100	101	1
117	119	1
101	101	1
89	90	1
125	128	2
83	84	1
88	91	1
109	111	1
96	96	1
133	133	1
115	116	1
86	88	1
131	131	1
8	9	1
7	11	1
35	118	1
118	118	1
2	30	1
72	115	1
12	26	1
97	97	1
94	96	1
6	12	1
10	11	1
98	99	1
19	20	1
