77	78	2
85	86	2
93	103	1
82	82	2
98	98	3
35	35	3
68	68	2
94	95	4
23	23	7
75	75	5
55	55	2
103	104	5
44	48	1
100	101	2
92	93	2
42	42	1
95	96	4
61	61	4
31	60	1
26	27	2
69	69	4
56	56	2
27	29	2
79	98	1
101	101	7
72	79	3
65	94	1
91	91	1
55	57	2
89	99	2
60	67	1
92	92	1
78	78	2
52	52	7
36	56	1
68	74	1
50	50	4
32	33	1
67	67	3
53	54	2
76	94	1
24	25	1
21	21	4
36	43	1
55	56	2
90	90	6
104	105	1
70	75	1
67	68	2
71	103	1
27	28	4
74	104	3
38	38	4
21	24	1
60	60	3
105	105	4
33	36	1
81	81	2
41	42	4
73	74	2
67	75	1
53	53	3
75	76	3
70	70	3
51	51	2
50	51	2
54	54	4
24	24	3
95	95	5
54	56	1
62	63	4
78	91	1
82	87	1
45	45	4
22	22	2
76	77	2
96	96	3
80	100	1
23	24	2
34	34	4
39	40	3
25	32	2
100	100	8
73	73	4
91	98	1
106	106	3
22	23	1
89	89	2
62	64	1
98	99	2
59	60	2
41	44	1
90	96	1
41	46	1
80	85	1
69	95	1
76	91	2
39	41	2
65	65	5
52	65	2
79	88	1
89	96	2
81	90	1
101	102	3
41	41	2
90	94	1
59	59	4
77	77	1
48	62	2
99	99	4
42	44	2
104	104	3
68	91	1
44	44	1
31	31	2
82	96	1
32	48	1
53	59	1
34	35	1
51	61	1
103	103	7
25	25	4
71	73	1
48	49	4
24	39	1
62	62	2
76	76	3
91	96	1
84	92	1
36	39	1
71	71	2
63	101	1
95	97	1
78	81	1
91	92	1
84	87	1
94	94	1
81	82	3
102	102	4
82	83	1
75	103	2
63	66	1
25	33	1
93	96	3
63	63	1
49	49	2
36	37	2
83	87	1
47	49	2
36	36	4
37	39	1
58	67	2
64	64	1
45	60	1
97	97	2
66	85	3
84	85	1
59	61	1
69	76	1
65	82	1
68	70	2
43	43	1
83	84	1
80	81	2
43	50	1
30	30	2
87	89	1
90	93	1
72	99	2
76	79	1
32	73	2
85	88	1
62	83	1
87	87	1
48	55	1
81	85	1
59	81	1
85	87	3
65	66	1
71	72	1
80	80	1
87	88	3
67	85	1
39	45	3
57	57	1
28	28	2
21	31	1
93	94	2
72	72	2
29	29	2
24	34	1
26	29	2
41	43	1
39	39	1
74	74	4
42	45	1
69	70	1
25	36	1
33	33	2
32	32	2
21	22	1
89	90	1
74	78	1
88	88	2
84	86	1
46	49	1
88	97	1
33	38	1
37	37	1
86	86	1
37	54	1
43	45	1
68	69	1
78	79	1
79	79	1
47	67	1
82	86	1
93	97	2
56	60	1
66	66	1
85	85	1
75	93	1
63	72	1
44	49	1
22	62	1
50	53	1
58	81	1
20	20	1
66	67	1
91	93	1
