37	37	7
33	33	5
45	45	4
27	27	4
22	22	5
28	29	1
28	41	1
28	28	6
20	20	1
48	48	2
44	44	6
21	21	2
41	41	7
30	31	1
23	23	12
49	49	4
32	33	3
18	18	5
22	23	1
47	47	6
47	50	1
26	27	3
20	21	1
42	42	2
26	44	1
25	29	1
40	40	4
30	30	9
17	18	2
43	43	3
49	50	1
33	34	2
18	21	1
19	19	2
39	39	4
44	45	2
37	39	1
50	50	4
31	32	2
40	41	3
35	36	1
29	29	9
35	35	2
25	25	2
36	37	2
41	42	1
36	36	7
34	34	1
31	31	2
32	32	4
26	26	3
24	24	1
47	48	1
46	47	2
39	50	1
51	51	1
21	45	1
38	38	1
46	46	2
22	33	2
45	46	1
37	42	1
32	46	1
43	44	1
30	32	1
17	17	1
39	41	1
41	46	1
28	44	1
38	39	1
