130	130	9
90	90	4
126	140	1
27	27	7
23	23	5
16	16	2
87	88	1
103	103	2
87	87	9
93	99	2
127	128	2
19	19	5
129	129	7
72	73	4
90	91	5
116	117	2
16	21	2
112	112	8
128	128	7
22	22	7
75	75	4
110	110	4
35	90	1
119	120	2
134	137	1
89	89	9
76	81	1
114	114	7
11	12	2
19	20	1
31	97	1
115	120	1
83	85	2
139	140	2
117	122	2
38	38	6
33	33	8
117	117	4
135	135	4
120	120	6
102	114	1
17	17	4
88	89	2
122	122	9
136	138	3
82	82	4
4	24	2
18	18	3
89	91	2
75	80	1
94	97	1
100	100	8
123	123	2
18	33	1
104	106	1
108	109	6
4	4	4
36	36	2
28	29	3
95	123	2
107	108	2
3	4	3
79	79	3
108	108	5
11	11	7
132	132	13
76	76	3
133	133	9
100	103	2
33	34	3
21	21	8
84	84	4
1	102	2
131	131	14
19	27	1
118	118	5
120	121	2
101	101	12
8	10	1
30	31	3
98	100	2
74	74	2
111	112	1
137	137	9
115	115	2
29	33	1
99	100	2
34	34	6
8	8	5
124	125	4
84	86	1
116	123	1
74	96	1
10	11	4
83	83	4
36	37	1
7	107	1
121	123	4
82	83	1
20	100	1
92	92	4
30	32	2
27	28	6
73	74	2
25	26	6
106	108	1
140	140	11
138	139	3
10	10	5
6	103	2
125	125	7
77	77	6
17	18	3
80	85	2
116	116	5
9	9	4
14	15	4
128	130	1
126	127	5
81	85	1
26	27	2
129	130	1
72	112	2
96	96	6
102	106	1
17	33	1
115	123	1
81	81	3
2	4	1
5	102	2
35	35	3
13	109	2
74	101	3
123	132	1
125	126	3
93	93	3
118	119	4
82	84	3
84	85	5
6	6	3
18	19	1
111	111	1
20	21	1
12	13	6
124	124	8
115	118	2
127	127	9
13	14	1
98	99	2
6	7	3
79	117	1
25	25	6
108	112	1
102	103	3
8	9	1
98	98	5
136	136	6
21	25	1
27	30	1
0	0	3
12	15	1
17	21	1
104	104	5
104	105	3
95	95	3
119	119	3
126	129	4
14	14	3
34	35	1
7	8	1
134	134	5
73	93	2
86	88	4
74	117	1
75	77	1
4	26	1
78	78	1
21	37	1
7	7	5
105	106	2
121	122	8
126	126	8
0	1	1
1	4	1
94	95	3
22	24	3
132	133	1
20	20	5
134	135	1
85	90	1
86	87	2
81	83	1
13	13	7
22	37	3
1	2	3
75	76	1
24	25	1
2	8	1
91	130	1
101	103	1
25	32	1
7	12	2
26	26	3
29	30	5
5	100	2
23	25	2
95	129	1
20	38	1
18	20	3
12	19	2
103	104	3
135	136	6
103	118	2
13	108	2
88	90	1
29	31	1
29	29	1
22	27	2
15	15	2
110	111	2
3	17	2
121	121	1
137	138	5
29	97	1
100	101	2
20	36	1
97	97	4
10	12	4
117	124	1
32	32	1
5	11	1
31	32	1
139	139	6
28	30	1
5	5	1
34	110	1
12	12	4
22	25	1
28	28	6
108	110	1
37	37	3
0	102	1
11	14	1
91	96	1
120	123	1
23	24	3
126	128	1
96	138	1
126	135	2
92	95	1
109	113	1
88	112	2
99	99	2
120	122	3
125	133	1
20	27	1
80	124	2
2	20	1
97	98	1
134	136	2
76	132	1
31	31	3
133	134	3
114	119	1
92	93	2
0	24	2
2	2	5
90	105	1
29	32	3
88	114	1
131	139	1
113	113	1
93	94	2
6	99	2
21	22	2
87	119	1
80	80	3
12	21	1
32	36	1
81	107	1
131	132	1
2	3	3
26	37	1
110	112	1
2	23	1
80	81	1
6	104	1
79	80	1
78	116	1
128	137	1
83	84	1
10	13	1
23	37	2
71	71	3
19	30	1
3	3	1
89	129	1
128	129	2
104	109	1
122	123	1
86	94	1
95	97	2
71	72	1
72	72	2
81	86	2
75	95	1
87	110	2
124	126	1
79	119	1
95	125	1
34	131	1
90	92	2
138	138	2
106	106	1
106	107	2
102	104	1
76	77	1
22	100	1
73	73	3
119	122	1
16	17	1
3	26	1
12	14	2
15	20	1
88	88	1
108	116	1
24	24	1
16	33	1
74	75	1
11	16	2
1	1	3
109	111	1
6	20	1
8	104	1
32	35	1
125	127	1
1	24	1
16	37	1
91	92	1
3	5	1
37	38	2
7	13	1
124	140	1
74	116	1
1	23	1
13	20	1
24	101	1
7	9	1
5	20	1
94	94	1
102	102	1
81	84	1
123	125	1
109	117	1
15	16	1
99	110	1
1	9	1
117	126	1
72	101	1
104	108	1
132	139	1
24	26	1
105	107	1
114	115	1
18	34	1
12	25	1
4	5	1
9	10	1
112	114	1
91	91	1
26	36	1
