174	175	7
99	99	7
9	31	2
66	66	12
74	74	29
181	181	20
148	148	7
86	86	25
87	88	1
5	12	2
67	67	5
114	114	6
54	54	19
127	127	10
229	230	11
171	171	12
25	64	1
54	91	2
241	241	2
221	221	2
9	9	21
37	38	5
25	25	14
165	177	2
178	178	17
60	62	5
85	86	2
13	23	3
73	73	12
20	20	24
8	17	2
12	12	22
83	85	4
47	47	30
45	45	28
143	143	11
3	17	8
74	84	2
37	75	1
136	136	5
79	102	5
226	227	5
157	158	3
44	44	12
7	13	2
61	62	10
46	46	25
88	89	7
238	238	10
11	11	53
36	36	19
14	15	8
58	59	10
64	64	9
140	140	11
201	201	9
142	143	7
109	110	10
134	154	2
0	0	4
242	242	11
240	241	3
131	132	9
191	192	13
232	233	4
17	17	5
189	191	2
26	27	3
156	157	4
50	95	3
109	109	20
139	139	4
101	101	13
43	43	34
7	49	1
7	9	6
129	129	11
134	134	18
32	36	3
5	5	12
236	236	4
209	209	14
102	102	18
165	174	1
120	120	3
169	169	8
119	119	7
103	104	4
161	161	17
51	51	5
30	53	5
166	167	2
114	118	2
228	228	20
239	239	14
68	68	10
108	116	3
182	220	2
4	4	9
205	205	8
26	26	17
234	234	18
1	1	9
70	70	11
26	191	2
45	73	3
215	215	16
96	96	3
53	53	10
104	108	6
81	82	5
1	172	2
10	10	19
7	31	6
71	71	11
85	85	25
168	168	14
104	105	9
156	156	4
105	108	2
154	154	4
233	233	9
174	174	12
183	183	9
191	191	6
52	53	8
164	164	17
150	150	15
29	30	4
36	37	5
116	116	3
32	32	10
55	88	2
198	198	10
62	62	27
26	232	2
217	217	8
233	234	7
27	28	14
63	63	11
24	24	16
106	106	11
22	22	3
31	31	12
113	113	7
38	38	16
202	202	21
171	172	11
40	40	4
193	195	1
50	51	4
7	7	8
46	55	8
69	69	15
75	75	8
195	197	5
4	9	2
190	190	13
27	27	21
53	54	3
41	41	4
157	157	3
227	227	22
28	29	9
140	142	4
65	66	6
13	13	6
170	170	8
225	225	3
239	240	10
141	141	5
59	59	13
16	16	12
186	211	5
52	52	7
14	16	2
125	125	13
28	28	14
124	125	5
144	145	2
21	21	11
103	103	12
35	35	2
84	84	8
195	198	3
196	197	4
61	67	2
115	117	13
72	76	4
193	194	6
4	7	6
39	40	6
128	128	11
9	19	2
227	228	7
163	163	1
124	127	2
117	123	3
240	240	4
15	23	3
41	42	5
71	79	3
216	219	5
19	19	22
56	56	16
147	171	7
7	8	3
102	109	4
203	204	4
60	60	11
11	12	2
124	124	5
21	22	14
137	137	6
186	187	5
231	231	15
147	148	3
161	163	2
160	161	7
25	36	1
121	124	6
201	204	2
48	48	8
194	195	4
31	49	3
42	42	19
97	97	6
84	85	9
210	210	3
33	34	8
18	18	7
72	151	3
176	176	4
118	119	6
55	55	8
234	236	9
223	223	3
23	23	8
36	225	2
37	44	4
128	129	5
123	125	1
149	149	7
155	157	1
105	105	3
74	148	1
59	60	3
166	166	7
218	218	3
61	61	6
153	158	3
202	203	3
159	160	6
79	80	8
27	69	1
32	38	2
99	195	3
37	37	9
42	48	1
50	68	3
1	36	1
125	127	2
83	83	3
203	203	17
215	216	5
15	20	5
15	15	12
213	213	2
82	82	6
135	136	4
49	49	9
133	133	4
224	226	2
23	25	6
29	29	17
170	171	11
52	57	3
98	98	4
36	224	1
204	204	12
190	192	5
25	26	4
158	158	7
40	41	3
32	49	1
38	40	4
130	130	7
12	17	5
107	113	1
167	176	3
66	67	6
54	84	2
58	67	2
11	36	6
79	79	14
156	158	2
17	57	3
14	14	4
158	162	2
211	211	5
188	190	3
76	76	3
63	64	4
172	173	6
216	216	4
177	177	4
162	163	3
30	31	1
213	219	5
159	162	9
45	46	9
98	175	2
72	72	6
219	219	6
132	132	3
143	144	3
111	112	1
208	209	2
160	160	7
57	62	1
108	108	8
162	178	2
144	144	5
27	63	4
27	64	1
80	82	1
65	65	12
66	69	3
9	10	8
236	237	11
147	149	4
190	191	8
146	146	1
131	131	6
20	21	4
192	192	9
151	152	3
199	199	4
39	39	10
210	211	2
34	225	1
96	97	5
138	138	2
187	187	5
122	123	5
62	63	3
30	58	7
48	76	3
20	60	5
6	50	5
35	76	2
120	121	5
115	116	10
121	121	5
37	71	2
116	117	1
87	87	2
51	52	4
219	220	5
159	169	3
4	6	2
189	197	3
31	32	5
51	53	2
37	131	3
151	170	1
176	177	5
43	226	8
34	34	2
1	2	4
111	111	1
133	134	2
230	230	5
2	22	1
136	137	3
167	169	1
15	33	6
55	56	6
42	46	2
91	91	1
142	142	8
200	201	7
27	233	4
135	135	5
12	19	1
224	225	1
184	184	1
36	204	4
162	162	6
177	178	3
199	206	6
167	168	2
184	188	6
198	218	3
132	133	4
33	33	13
36	38	2
15	16	2
231	232	7
200	200	4
125	126	5
77	77	1
79	81	1
44	45	3
237	237	12
197	198	6
41	54	3
2	3	6
224	224	6
153	153	1
143	170	2
1	52	5
118	118	5
228	229	5
105	107	4
27	29	2
48	49	3
141	146	2
210	213	2
207	207	4
212	214	4
63	79	2
88	88	2
229	229	8
196	196	2
58	62	2
232	232	5
211	212	5
122	122	6
140	141	2
20	61	1
38	39	1
108	130	3
29	106	2
172	172	5
220	220	8
43	44	2
189	190	2
3	5	1
72	73	7
112	128	4
195	196	3
7	16	2
217	218	3
204	205	6
215	221	5
182	184	3
99	101	1
1	16	1
222	223	8
33	72	1
24	25	4
126	126	3
29	31	2
57	58	4
115	115	3
46	53	3
207	209	1
235	235	3
69	70	4
78	79	3
215	220	2
160	191	4
119	129	2
57	57	4
122	127	2
209	224	2
208	208	2
163	179	1
65	67	2
60	82	1
3	20	1
3	3	3
8	19	4
141	142	3
159	159	2
187	211	5
9	11	2
29	33	1
182	182	2
180	196	2
127	128	4
139	141	1
9	54	2
60	61	3
159	161	2
121	125	1
83	84	2
8	33	2
58	60	1
200	202	2
152	178	2
117	117	4
201	203	2
184	185	5
215	217	1
107	107	2
71	81	1
212	212	1
115	118	2
197	197	5
175	175	4
28	37	1
151	166	1
222	222	4
3	15	2
60	65	1
48	74	2
189	196	3
173	173	2
175	178	5
50	50	3
137	139	1
29	54	2
169	170	3
151	151	1
100	100	4
189	194	4
10	11	5
198	199	2
24	200	3
28	40	1
195	195	2
167	167	2
34	49	2
221	227	1
3	101	1
8	31	3
13	16	2
241	242	4
103	109	1
160	177	3
8	8	6
46	47	1
2	2	3
37	42	2
56	65	1
216	217	1
165	165	1
184	187	2
213	214	3
185	186	1
2	17	2
58	58	1
139	142	1
77	84	1
196	199	1
75	85	1
239	242	1
237	238	3
75	76	2
14	17	1
9	36	1
51	55	1
70	75	1
9	32	1
134	135	1
231	235	1
57	59	1
29	32	2
2	50	2
190	201	1
13	14	1
112	142	1
152	152	1
108	123	1
51	72	2
12	23	2
225	226	4
193	193	1
150	175	2
0	1	2
66	68	2
13	17	1
53	79	1
61	66	1
101	152	1
34	36	1
212	213	2
147	147	1
38	42	1
199	200	2
111	133	1
203	217	1
99	100	1
214	214	1
196	198	1
128	131	1
102	134	1
15	55	2
78	78	1
42	45	1
5	30	1
49	50	1
153	154	1
203	223	1
188	189	1
189	195	1
70	71	1
205	206	1
85	87	1
