33	35	1
46	46	7
15	16	1
34	34	3
22	23	3
33	34	2
47	47	1
29	31	2
20	21	3
23	23	2
28	28	2
40	42	3
4	4	3
8	41	1
38	39	1
14	14	2
42	42	1
4	7	1
17	17	3
13	14	3
44	44	2
12	12	2
33	33	3
40	41	4
20	22	1
15	15	2
9	9	5
10	10	3
0	11	1
39	39	5
29	30	2
35	35	1
18	19	2
7	8	3
37	37	2
53	53	2
16	50	2
41	41	1
9	18	1
3	3	3
7	28	1
14	16	2
19	19	1
20	20	2
11	50	1
23	56	1
38	38	4
40	40	2
6	6	2
29	51	1
11	35	2
30	30	4
45	45	2
19	34	2
13	13	2
14	15	1
15	51	3
56	58	1
32	32	2
52	54	1
0	49	1
27	28	1
29	53	1
18	38	1
55	55	1
19	33	1
8	11	1
16	18	1
0	7	1
21	38	1
50	50	1
4	6	1
57	57	1
16	16	2
54	56	1
41	42	1
12	15	1
0	0	1
50	51	1
35	36	1
34	57	1
49	49	1
7	7	1
18	18	1
