103	107	1
101	101	7
45	84	4
10	10	5
23	82	3
47	47	10
39	85	1
86	87	3
40	117	1
45	45	5
115	115	4
112	112	4
10	48	1
24	26	1
12	13	3
63	63	5
0	1	2
107	108	4
7	20	4
25	120	1
74	74	4
58	99	2
76	76	5
73	74	3
91	92	7
124	124	5
13	13	10
101	102	1
43	43	5
96	96	12
23	29	3
102	103	1
131	131	2
111	111	7
102	102	6
32	32	12
40	41	2
48	48	5
52	52	5
94	94	2
111	112	2
119	119	3
82	130	1
87	88	1
89	92	1
82	82	3
122	122	2
11	12	2
110	131	1
44	44	2
50	50	12
93	94	3
71	72	2
86	86	4
59	59	3
95	96	2
125	133	1
110	110	8
9	27	2
48	49	2
51	51	5
44	47	1
1	87	2
108	108	5
22	22	3
85	96	1
93	93	5
14	14	4
8	9	4
83	87	1
65	65	8
4	4	4
106	106	4
38	38	6
127	127	3
120	120	6
42	42	2
84	85	2
85	89	1
84	100	2
39	42	2
19	19	6
26	111	1
53	54	1
2	4	1
96	97	3
70	76	1
94	105	2
16	18	1
88	89	3
60	60	2
2	9	1
61	61	5
104	104	6
49	51	2
128	128	2
73	78	3
73	84	2
6	25	1
1	1	2
71	71	7
84	84	5
39	130	1
16	17	5
7	7	3
123	123	6
98	104	4
81	82	2
67	67	4
70	124	1
46	125	1
126	126	4
25	25	4
9	59	2
54	99	3
41	45	2
95	95	3
33	43	1
5	5	5
0	0	3
105	105	3
68	85	3
20	20	2
79	79	2
113	113	4
13	108	1
77	80	1
62	97	1
126	127	2
99	101	5
56	57	2
133	133	3
68	68	5
83	83	8
26	65	2
90	91	1
75	75	1
69	126	1
72	97	1
92	92	9
24	25	3
19	20	2
77	77	4
49	70	1
129	129	3
79	118	1
5	11	1
2	2	4
57	58	2
47	48	2
50	51	2
102	126	1
23	23	4
72	73	4
114	114	4
62	68	2
45	85	3
110	111	1
7	22	1
114	116	3
9	20	1
83	84	3
64	64	4
98	98	3
59	98	1
74	83	1
11	11	5
91	93	2
55	86	1
65	66	3
88	96	2
60	96	1
121	121	6
95	116	1
29	29	1
85	86	1
60	87	2
33	33	6
62	62	3
51	52	1
53	110	1
27	56	2
18	19	3
75	86	1
31	69	1
26	26	6
40	40	5
59	70	3
88	88	3
48	90	1
60	61	1
127	128	1
106	111	1
46	46	3
39	41	1
69	69	3
90	116	2
32	40	1
97	101	2
100	129	1
54	56	2
69	73	1
18	18	4
39	39	6
50	52	4
87	87	3
85	85	7
43	44	1
79	86	1
103	103	3
15	18	2
69	124	1
6	7	1
115	116	4
106	109	3
80	80	2
76	79	1
112	122	1
69	78	1
16	34	1
12	12	3
97	127	1
115	117	2
70	70	3
59	61	2
96	98	2
73	73	3
70	71	2
44	106	1
116	117	2
98	102	1
83	86	1
39	43	1
65	76	2
92	93	2
31	31	2
90	115	1
89	102	1
4	5	2
39	48	1
32	33	1
76	100	1
42	43	2
54	70	3
80	81	3
41	42	2
67	68	1
3	4	1
43	80	2
23	28	1
33	34	2
52	111	1
8	26	2
44	45	1
61	97	1
69	77	1
89	89	3
30	31	2
79	80	1
72	75	1
61	72	1
99	128	3
82	84	1
130	130	2
86	88	1
49	56	1
106	114	1
17	18	1
20	30	1
71	80	2
21	23	2
105	125	1
89	120	1
24	24	2
103	126	2
95	120	1
85	97	1
39	75	2
44	97	2
58	60	1
105	115	2
47	89	1
5	21	1
9	9	4
132	132	1
21	32	1
41	41	1
39	40	1
59	89	1
53	53	3
15	15	1
72	72	2
89	100	2
9	11	1
99	100	2
85	95	2
78	78	2
7	38	1
103	108	1
128	129	1
28	29	2
0	52	1
68	69	1
57	57	1
97	97	2
118	118	1
89	116	1
30	30	3
83	95	2
26	49	2
116	116	1
58	59	1
18	21	2
15	19	1
90	90	1
19	66	1
38	71	2
46	48	1
17	17	2
91	115	1
56	105	1
99	104	1
99	103	1
39	116	1
52	53	1
46	47	2
75	77	1
44	69	1
105	106	1
58	58	3
65	79	1
55	74	1
27	27	1
54	55	2
24	33	1
41	43	2
64	78	1
91	91	2
57	132	1
49	49	1
28	28	2
55	55	4
24	41	2
100	100	1
82	120	1
105	109	1
10	12	1
10	11	2
86	89	1
106	117	1
26	27	1
127	131	1
16	24	1
125	127	1
21	22	1
21	21	2
26	85	1
61	62	2
38	39	1
4	18	1
68	79	1
59	63	1
39	97	1
89	90	1
6	8	1
38	45	1
64	80	1
58	70	1
93	95	1
72	74	1
37	37	1
5	7	1
7	26	3
82	86	1
124	125	1
127	130	1
10	60	1
57	76	1
55	108	1
78	100	1
99	99	1
83	85	1
113	118	1
45	89	1
14	16	1
93	111	2
78	79	1
23	85	1
69	95	1
49	58	1
88	107	1
9	10	1
66	66	1
