91	92	6
175	192	2
212	212	19
169	169	13
95	95	10
43	43	11
32	32	8
65	65	9
37	37	13
212	213	7
211	211	7
90	241	2
34	34	13
40	40	5
58	58	6
179	179	18
233	233	8
45	46	2
197	197	16
150	150	19
119	119	11
244	244	11
161	161	7
152	171	2
51	52	3
108	109	2
145	155	1
175	175	15
67	68	7
186	198	2
90	90	9
244	247	3
171	198	2
77	77	8
30	30	6
235	236	5
172	172	18
226	240	1
150	152	2
160	161	2
42	42	8
204	204	12
191	191	3
98	239	2
91	91	6
234	235	3
176	176	6
168	169	13
73	73	9
210	210	11
59	60	3
241	242	9
26	27	4
171	171	15
173	173	9
51	55	2
20	20	16
110	144	1
50	50	7
70	71	7
153	153	9
103	197	1
45	45	8
74	75	6
47	47	11
203	203	11
98	98	3
89	89	10
157	158	2
115	115	10
174	175	6
162	164	4
5	5	6
51	54	3
220	246	1
60	60	9
109	109	12
183	183	14
171	175	8
172	201	2
100	101	3
117	117	6
52	154	3
169	170	9
232	232	7
6	7	7
108	108	5
200	200	12
166	169	1
23	23	4
209	209	11
229	244	2
167	169	1
168	173	4
70	70	16
167	167	10
195	195	6
201	201	8
111	111	13
186	187	6
227	227	10
181	181	7
18	18	6
180	181	7
190	191	5
214	214	8
181	182	5
226	226	4
12	34	2
155	155	8
57	57	6
188	189	6
226	234	2
49	49	7
218	219	6
110	113	2
166	166	10
22	22	4
199	240	1
64	64	17
74	74	10
82	82	6
61	62	12
246	246	10
152	153	11
82	83	6
98	240	3
156	161	4
104	104	7
172	173	6
165	178	2
199	200	2
39	39	5
177	177	13
94	94	11
65	66	10
206	206	6
230	230	16
54	54	6
7	7	5
178	178	18
51	51	6
240	242	5
55	55	8
223	223	8
114	114	14
190	190	6
184	185	6
25	25	5
170	170	7
182	182	6
231	238	1
188	190	9
170	171	7
207	207	13
201	203	2
209	215	3
149	157	1
179	187	1
96	97	3
210	211	8
64	65	5
229	229	16
51	246	1
156	209	1
222	225	1
160	160	8
172	178	4
92	92	11
179	186	3
101	185	1
118	118	7
178	179	4
78	78	4
244	245	6
26	26	5
196	196	9
232	235	1
175	176	4
206	207	4
42	43	6
63	63	10
209	210	4
88	89	5
162	162	13
194	196	3
71	71	5
184	184	13
208	209	15
203	235	2
81	82	6
238	240	8
154	154	8
214	215	7
93	93	12
243	243	9
219	242	1
62	62	7
219	220	2
53	53	4
110	110	8
40	58	2
31	31	10
152	152	8
213	213	9
99	99	14
156	185	1
4	4	7
34	35	4
221	222	3
102	103	7
237	237	18
170	176	1
120	120	7
164	164	7
56	57	5
180	180	15
28	226	3
155	156	3
177	196	1
98	100	3
159	160	8
90	91	4
22	23	1
22	110	1
156	156	7
118	119	5
52	52	9
173	174	6
73	75	1
36	36	3
242	243	2
106	106	9
43	44	2
215	231	2
20	182	1
61	61	5
174	176	4
72	74	2
94	206	1
59	59	7
172	191	2
194	195	5
180	195	3
237	242	3
171	172	8
55	58	1
243	244	5
97	241	1
54	55	2
232	233	5
185	185	14
194	198	2
213	241	3
113	114	5
17	17	5
83	84	4
245	245	12
14	215	1
42	241	2
207	230	1
158	194	1
97	98	8
77	79	1
239	239	10
66	66	10
15	173	2
107	107	9
216	216	9
246	249	1
203	229	3
3	3	2
239	241	2
79	79	7
106	190	1
164	166	3
67	191	1
84	85	4
242	242	5
157	162	2
169	200	1
9	9	7
238	239	2
78	79	2
200	231	1
191	192	6
90	92	1
63	64	2
88	88	9
193	195	1
80	91	1
29	29	10
153	154	4
10	10	8
70	72	2
197	198	5
162	163	5
176	199	1
52	229	1
77	113	2
112	112	12
187	189	3
40	41	5
59	86	1
241	241	8
36	38	4
110	245	1
147	147	5
210	215	2
18	32	2
111	112	4
75	79	2
248	249	4
224	225	6
60	63	1
161	162	2
66	99	2
75	76	5
71	73	3
39	63	1
55	56	7
72	72	7
173	177	1
12	12	3
101	107	1
96	96	19
187	190	3
218	218	14
248	248	7
197	214	2
60	61	2
97	97	7
236	237	6
244	246	3
98	99	5
33	33	6
56	88	1
163	163	8
48	48	12
224	247	2
8	10	4
84	86	2
223	247	1
221	221	11
44	46	4
75	77	1
225	226	4
197	200	2
93	94	4
151	202	1
154	201	1
167	229	1
159	159	5
240	240	3
240	246	1
15	15	4
44	200	2
153	200	1
226	227	2
163	164	10
55	64	2
44	177	1
104	105	5
113	113	8
19	19	3
165	165	5
37	39	1
189	189	7
68	69	3
19	20	3
193	193	6
225	245	1
8	55	3
217	218	3
213	214	17
187	188	4
23	24	2
27	27	7
61	182	1
44	44	10
172	188	1
79	87	1
100	109	4
94	95	8
204	212	3
69	69	3
4	5	4
234	234	3
231	232	2
185	187	5
38	38	8
115	116	2
200	212	1
221	226	1
44	45	5
236	236	10
11	16	1
5	6	1
168	174	2
99	100	1
228	228	4
196	197	5
207	237	1
157	157	6
225	225	7
14	15	5
224	224	6
4	23	1
211	215	1
242	244	3
6	19	2
83	83	3
119	120	9
11	11	10
202	202	4
68	68	5
78	197	1
210	213	1
223	224	4
86	87	2
101	245	2
183	185	3
169	185	1
150	151	5
211	245	2
230	231	2
56	220	1
217	217	12
13	13	3
100	108	3
171	197	2
158	159	3
198	198	4
8	8	8
172	199	2
192	192	5
9	112	1
86	89	1
78	80	1
168	168	6
169	226	1
116	117	2
207	221	1
73	74	4
173	185	1
15	16	5
62	63	5
22	32	2
210	243	2
168	192	1
57	59	3
16	16	5
184	208	1
85	85	8
51	219	3
110	114	6
182	183	4
223	232	2
108	119	1
185	186	5
35	35	5
172	196	2
100	119	2
202	203	4
180	200	1
6	52	2
66	67	1
233	235	4
187	187	9
208	246	4
232	238	1
157	159	1
215	217	2
216	246	2
191	195	2
171	195	1
187	213	1
43	198	1
2	6	1
150	160	2
72	73	4
192	193	3
53	54	4
205	207	2
208	208	4
85	86	2
192	196	2
151	151	5
216	219	1
93	230	1
40	207	1
173	192	1
239	249	1
52	53	5
41	41	5
157	160	2
37	64	3
174	174	6
230	244	2
170	211	1
214	242	2
27	66	1
96	98	3
56	92	2
14	14	5
218	240	2
16	45	3
200	201	8
5	234	3
60	65	1
15	115	1
175	178	4
41	42	1
247	248	4
101	101	6
71	74	4
35	54	1
21	22	4
240	241	5
163	176	2
174	185	1
39	218	1
116	116	4
174	189	1
227	229	1
235	237	1
105	235	1
19	42	2
145	145	2
144	144	2
155	171	2
76	86	1
118	164	2
81	83	1
4	208	1
66	71	2
174	200	3
188	188	5
210	247	2
184	191	3
169	196	1
192	194	2
76	76	7
181	184	3
53	62	1
233	236	1
163	165	4
106	107	2
219	219	8
184	197	2
6	32	1
107	108	4
215	215	7
238	238	8
46	60	1
53	61	1
208	210	1
186	186	9
184	209	1
64	66	2
76	77	3
215	218	3
199	199	2
146	147	2
158	158	3
17	26	3
24	24	4
71	72	2
79	100	2
26	28	2
107	110	1
220	228	2
237	239	2
228	230	2
22	204	1
21	21	3
224	237	1
53	90	1
157	178	1
105	198	1
174	184	1
233	237	2
95	96	2
178	200	1
65	97	2
231	231	3
100	100	7
102	102	4
3	36	1
114	115	6
190	209	1
149	173	1
87	87	5
45	48	1
215	243	1
90	96	1
101	175	1
55	90	2
8	117	2
165	193	1
151	168	1
9	32	2
40	218	1
222	222	5
43	226	1
31	82	1
50	51	3
42	91	1
246	247	3
7	32	2
72	92	1
49	64	1
169	174	1
103	107	1
205	205	4
222	223	6
7	20	1
245	246	6
211	224	1
207	208	3
239	240	5
42	45	2
180	203	1
21	142	3
98	109	1
118	213	1
150	171	1
30	34	1
2	2	2
76	78	1
172	180	1
42	66	1
56	56	7
24	25	4
218	236	1
95	98	1
113	236	3
28	28	1
193	194	4
119	164	1
32	55	1
174	219	1
217	242	1
235	235	5
8	222	2
205	225	1
149	162	1
220	220	10
62	64	1
17	18	3
33	51	2
194	194	8
48	49	4
220	221	2
195	197	1
80	82	2
215	216	2
103	105	2
109	110	3
16	17	1
178	246	1
173	197	3
99	105	1
42	96	1
57	81	1
161	164	2
160	162	4
73	76	1
39	40	2
117	118	1
154	155	1
220	225	1
69	246	1
104	234	1
84	84	3
216	217	4
210	214	3
240	248	1
19	207	1
69	70	1
237	240	1
176	177	3
107	182	1
25	27	1
71	82	1
46	46	8
208	211	3
113	116	1
112	150	2
86	86	5
103	103	2
161	166	1
52	92	1
112	113	1
117	162	2
6	230	1
75	244	2
184	186	1
161	199	1
145	162	1
53	219	1
247	247	2
175	177	1
151	152	2
92	93	8
193	199	1
185	189	1
164	169	1
160	180	1
226	247	1
47	48	1
246	248	1
80	81	3
87	88	1
13	14	2
219	234	1
78	102	1
189	190	2
165	166	6
213	240	2
151	172	1
155	172	1
7	11	2
8	16	2
57	58	2
67	67	9
207	209	2
197	199	2
198	212	1
214	241	2
67	88	1
180	183	1
105	105	1
100	246	1
29	31	2
181	211	2
234	236	1
3	5	1
41	53	1
6	6	1
159	243	1
49	65	2
166	167	2
202	229	1
32	33	5
72	77	1
217	244	2
221	233	1
62	67	2
50	246	1
244	248	1
94	160	3
172	179	1
168	184	1
69	71	3
216	248	1
163	173	1
20	21	1
179	180	2
36	37	1
157	236	1
3	178	1
5	30	1
158	160	1
54	198	1
146	153	1
54	147	1
19	21	3
168	170	1
101	108	2
80	80	2
229	230	3
5	22	1
76	101	1
11	12	2
16	44	1
183	184	3
89	209	2
195	220	1
193	197	2
234	246	1
104	248	1
33	34	2
151	153	1
56	64	2
49	50	5
220	222	2
1	1	2
237	238	4
97	118	2
83	86	1
110	118	1
56	84	2
191	196	1
6	225	1
204	205	1
171	173	3
66	110	2
7	19	4
25	26	1
109	169	1
64	78	1
108	116	1
17	43	1
217	238	1
9	23	2
186	196	2
115	118	1
167	197	1
115	120	1
238	245	3
108	151	1
61	63	2
165	167	3
63	66	1
3	33	2
85	95	1
157	174	2
98	117	1
34	37	1
211	213	2
170	172	2
205	218	2
76	158	1
105	106	1
54	221	1
6	246	1
211	244	1
21	155	1
38	39	2
82	86	1
219	236	1
211	214	1
67	84	1
78	91	1
170	183	1
88	102	1
6	15	1
227	235	1
31	32	1
100	110	1
75	75	4
168	190	2
47	80	2
179	181	1
10	53	2
18	19	2
67	114	1
228	229	6
75	80	1
156	171	1
102	149	1
177	178	2
238	241	2
182	237	1
60	66	1
198	199	4
230	236	1
236	247	2
81	93	1
77	87	2
197	237	2
108	245	1
5	20	1
163	175	1
111	113	1
208	223	1
82	84	2
85	92	1
230	232	1
233	234	1
152	154	1
43	227	1
169	192	1
172	177	1
238	246	2
167	168	3
77	78	1
29	30	1
24	245	1
169	191	1
2	43	1
1	166	2
4	17	1
243	245	1
78	115	1
34	74	1
206	230	1
6	10	1
29	46	2
189	201	1
51	58	1
212	249	2
6	24	1
21	227	2
175	197	1
48	85	1
4	225	1
68	70	1
109	150	1
178	187	1
237	243	1
41	44	1
26	150	1
193	216	1
150	217	2
50	219	1
220	240	1
175	180	1
97	119	1
195	196	1
186	189	1
4	18	1
189	192	3
112	119	1
174	178	1
237	241	1
211	212	2
99	114	1
40	52	1
95	238	1
164	175	1
3	41	1
67	76	1
97	201	1
201	202	1
84	92	1
102	104	1
183	197	1
59	64	1
164	165	2
203	230	1
239	248	1
156	180	1
226	228	2
25	42	1
11	38	1
222	227	1
92	95	1
56	78	1
52	82	1
58	60	2
213	229	1
113	115	1
236	240	1
48	60	1
166	170	1
220	223	1
225	233	1
33	45	1
166	178	2
109	162	2
215	241	1
7	33	1
172	184	1
35	64	1
212	244	1
69	72	1
109	192	1
57	244	1
101	169	2
183	186	1
40	221	1
101	104	2
8	9	1
114	242	1
4	183	1
45	226	1
146	146	1
168	246	1
226	241	1
86	186	1
243	249	1
169	171	1
27	41	1
105	173	1
89	94	1
177	180	2
28	41	1
106	165	1
28	29	2
12	13	1
200	227	1
165	195	1
223	225	1
167	173	1
52	78	1
25	56	2
92	96	1
69	83	2
70	77	1
157	177	1
58	59	1
71	90	1
154	162	1
233	240	1
107	109	1
157	161	1
52	64	1
160	179	1
90	93	1
101	246	1
152	157	1
95	100	1
235	243	1
27	52	2
51	67	1
3	20	1
166	191	1
43	78	1
188	191	1
241	243	1
2	41	1
170	173	1
165	172	1
42	183	1
20	51	1
9	10	1
81	81	1
