130	130	7
16	36	1
50	50	3
124	124	12
106	106	6
108	110	3
51	51	9
20	21	6
60	60	8
71	71	4
131	134	2
81	99	1
42	42	6
110	115	1
133	133	2
62	124	1
67	67	8
135	137	2
14	41	1
15	15	7
66	79	4
28	28	1
31	59	1
118	118	9
136	136	5
23	23	5
137	137	2
78	78	1
26	27	2
16	16	7
141	141	10
42	99	2
48	49	1
104	107	1
99	100	8
56	56	5
1	1	3
91	92	4
127	127	2
70	70	2
138	138	6
103	134	1
28	30	4
77	78	2
74	74	11
136	137	8
4	5	2
72	72	3
93	93	1
58	127	1
99	99	4
61	134	5
67	71	1
133	134	4
101	120	2
82	83	1
104	132	2
4	10	1
62	62	6
35	36	4
55	55	3
17	126	3
25	25	4
71	72	4
101	101	2
3	3	4
26	38	1
115	118	2
115	117	7
26	28	1
21	34	3
126	126	6
30	30	2
38	39	1
16	17	1
64	64	5
89	89	3
19	22	1
13	30	1
69	74	1
102	102	2
24	24	2
31	33	1
136	139	3
58	59	3
109	109	3
119	120	5
121	121	2
39	40	3
77	77	1
15	16	2
10	40	2
83	84	1
140	140	4
62	135	1
35	39	1
41	42	1
131	131	3
84	126	1
129	129	1
49	49	4
31	31	3
118	119	3
5	5	8
19	21	2
106	118	2
80	80	2
103	109	2
56	86	1
36	41	2
76	77	1
136	138	1
61	84	1
80	81	5
103	103	3
53	53	4
120	120	8
66	66	4
6	6	4
139	140	3
66	67	4
83	83	2
51	54	2
13	13	4
3	4	2
22	22	4
139	139	4
19	19	3
59	60	4
27	27	5
10	11	3
43	43	1
112	114	1
80	98	4
96	110	1
127	128	1
95	96	2
56	57	1
113	113	3
100	100	5
122	123	6
123	124	2
53	54	1
66	80	3
120	121	1
59	59	3
69	72	2
50	55	2
125	125	2
110	117	3
21	22	1
54	56	2
132	132	2
37	40	2
140	141	1
18	30	1
62	65	2
65	65	2
126	127	1
70	93	1
60	61	1
53	124	1
121	122	4
135	135	2
76	76	2
104	134	1
42	67	2
18	18	2
23	26	1
26	26	1
73	74	1
4	6	2
52	52	3
14	15	3
104	133	1
14	14	5
20	20	2
105	105	2
16	42	2
52	53	2
128	128	3
131	133	2
104	104	4
108	135	1
29	30	1
114	115	1
85	97	1
129	130	1
80	83	1
132	135	3
128	129	4
95	95	2
38	38	1
65	98	1
92	92	1
118	136	1
107	107	1
116	116	3
134	134	5
63	63	2
23	25	1
74	75	1
32	32	1
82	82	2
138	139	3
57	58	1
71	79	2
88	94	1
94	95	1
93	94	1
27	38	1
90	92	1
130	142	1
109	117	1
82	84	1
67	68	2
90	91	1
29	29	2
2	2	1
61	62	1
123	123	1
75	76	1
59	122	1
124	125	1
105	106	1
108	109	2
96	96	2
127	130	1
81	81	1
63	66	1
88	88	1
84	84	2
6	24	1
145	146	2
111	135	1
103	107	1
84	86	2
111	111	1
83	96	1
64	85	1
87	87	1
3	9	2
57	122	1
98	98	1
89	90	1
120	141	1
33	39	1
69	92	1
112	112	1
39	39	3
117	118	1
68	70	1
112	118	1
2	3	1
76	78	1
90	106	2
8	8	1
51	52	1
59	120	1
17	17	2
54	54	1
58	123	1
115	116	1
98	99	1
58	58	1
119	119	1
87	88	1
91	91	1
67	78	1
28	29	1
23	24	1
65	66	1
57	57	1
123	132	1
67	70	1
16	31	1
62	64	1
55	124	1
25	29	1
120	122	1
56	123	1
132	133	1
90	90	1
29	97	1
17	24	1
110	110	1
118	139	1
50	51	1
104	108	1
