48	55	3
61	61	4
22	24	1
70	70	4
37	37	2
73	73	7
41	41	5
24	27	1
62	63	1
18	19	4
38	38	7
54	56	1
68	69	3
26	27	1
0	0	2
21	21	3
37	38	4
28	28	5
22	22	5
32	48	1
9	9	5
29	46	2
30	30	9
1	2	1
47	47	6
3	44	1
56	56	6
26	43	1
49	50	2
27	28	4
58	58	3
53	53	6
68	68	3
6	39	2
50	50	6
61	62	5
59	59	6
75	75	7
3	3	3
51	51	4
6	7	2
20	20	5
30	31	2
39	39	7
19	72	1
22	23	2
63	63	3
18	22	1
27	27	2
32	73	1
31	35	2
66	66	3
76	76	3
65	66	2
32	52	1
51	52	3
54	77	1
42	42	8
43	43	2
70	71	6
67	68	2
54	55	1
35	38	2
12	23	1
39	42	2
9	10	1
7	8	2
72	73	1
33	33	4
62	62	2
29	74	1
50	51	3
62	67	3
39	40	4
60	64	1
53	54	4
56	57	2
2	2	4
69	69	3
8	8	4
64	67	1
55	55	1
30	32	1
35	37	2
57	69	1
72	72	3
5	6	1
71	71	2
60	61	2
62	68	2
48	48	1
3	13	2
49	52	2
52	52	1
41	42	2
24	24	2
7	7	3
77	77	2
74	77	1
4	4	6
36	38	1
35	35	3
45	58	1
11	11	3
74	74	3
60	60	3
53	74	2
52	53	3
65	65	1
37	39	2
1	1	2
47	48	1
29	29	4
26	26	2
71	72	3
34	34	1
36	36	3
1	69	1
72	76	1
65	69	1
8	9	2
21	29	1
72	74	1
19	19	8
44	44	2
34	36	1
25	25	1
10	10	2
45	45	2
3	20	1
26	28	1
5	5	3
43	44	1
58	77	1
12	12	1
6	40	1
20	26	1
40	40	1
6	6	3
13	13	2
63	68	1
63	64	3
34	74	1
23	59	2
39	41	1
38	39	1
49	49	3
69	70	1
25	26	1
75	76	1
50	52	2
22	52	1
10	11	2
4	13	1
18	33	1
33	69	1
29	70	1
4	53	1
42	43	1
34	35	1
25	28	1
71	73	1
24	56	1
43	58	1
23	23	1
76	77	1
0	1	1
72	75	1
5	25	1
32	70	1
13	32	1
0	2	1
73	74	1
3	4	1
3	27	1
12	32	1
54	54	1
64	64	1
39	50	1
77	78	1
38	72	1
28	32	2
6	70	1
46	46	1
32	45	1
30	59	1
48	64	1
32	46	1
54	70	1
8	76	1
2	28	1
31	31	1
21	56	1
28	69	1
32	34	1
4	5	1
5	45	1
