81	81	4
80	80	4
94	94	5
30	30	3
31	31	5
75	75	3
23	67	2
61	61	2
46	106	1
91	91	5
74	74	4
38	39	6
98	99	3
20	50	1
50	50	7
100	100	4
77	77	3
32	32	6
97	97	2
101	102	1
84	84	3
27	27	1
85	86	1
76	79	1
55	55	3
87	87	4
95	95	4
86	88	3
101	101	8
68	69	3
89	89	3
82	82	3
94	96	2
56	92	1
57	58	2
45	89	2
76	100	1
94	98	1
31	32	4
39	39	5
52	52	3
80	81	1
30	45	2
68	68	2
58	106	2
44	44	2
85	105	2
104	105	1
95	96	1
41	42	2
56	60	2
85	85	6
96	106	3
36	38	3
67	67	5
68	75	1
33	35	1
20	21	1
96	98	3
35	37	1
50	63	1
88	89	1
54	54	2
78	78	6
72	72	2
48	48	3
65	65	6
40	40	5
72	81	1
70	71	2
54	62	2
70	70	4
63	64	3
38	38	2
35	35	3
96	96	2
42	43	1
97	98	1
60	60	3
84	85	3
22	37	1
32	34	2
34	35	2
81	82	2
80	99	1
102	103	2
63	63	3
46	46	1
58	63	1
24	24	4
45	105	1
75	76	2
38	51	1
76	76	3
45	45	1
33	33	2
103	103	3
31	55	1
21	21	4
93	93	5
71	71	6
23	23	2
88	91	2
53	54	3
77	105	1
49	49	2
54	56	3
77	78	2
28	28	1
39	40	1
24	30	5
53	53	3
83	83	2
60	61	1
100	101	2
73	73	4
48	49	1
40	49	1
34	85	2
88	88	3
64	64	2
49	50	1
66	67	2
57	96	1
54	57	1
22	22	3
92	92	2
37	37	1
54	55	2
42	42	1
56	61	1
47	49	1
79	81	3
55	56	1
27	28	1
93	94	1
53	61	1
43	43	2
25	30	1
91	99	1
56	58	1
90	91	1
26	26	2
78	87	1
36	37	1
33	34	2
76	88	1
76	77	2
83	84	1
59	59	2
26	28	1
31	70	1
42	48	1
91	92	1
58	58	2
97	106	1
24	25	1
49	65	1
26	27	2
60	62	1
31	35	2
100	102	1
56	56	3
96	97	2
78	98	1
69	71	1
78	83	3
47	47	1
57	57	2
55	66	1
69	69	2
30	32	1
25	25	1
20	41	1
88	94	1
61	63	1
37	64	1
32	33	1
40	41	2
55	68	1
62	62	1
66	66	3
42	44	1
105	105	1
63	67	1
45	47	1
58	67	1
92	101	1
34	34	1
57	59	1
84	86	1
62	63	1
55	91	1
93	104	1
63	65	1
29	32	1
