95	95	14
54	54	18
123	131	5
80	80	12
127	131	2
121	121	24
74	74	37
95	96	8
99	99	8
111	112	5
36	36	8
5	5	17
83	85	5
51	51	10
88	89	17
33	34	7
0	1	8
13	15	12
73	82	1
94	96	4
2	5	3
143	143	24
0	26	5
34	34	14
116	116	3
49	49	20
101	102	4
71	72	16
69	98	1
97	98	12
4	4	19
141	141	16
102	103	3
136	136	15
31	31	13
86	86	18
71	91	5
105	105	15
98	98	20
50	51	15
119	120	7
11	27	2
65	65	25
115	117	4
89	90	10
103	103	19
81	113	3
141	142	5
10	13	4
78	78	21
77	77	9
106	108	3
10	27	4
90	90	4
81	83	1
133	136	7
31	69	3
73	74	6
140	140	33
52	53	6
102	102	25
60	61	12
101	101	18
10	10	12
36	65	3
123	124	16
70	117	3
1	1	12
33	33	23
19	20	6
87	88	1
136	139	17
75	75	20
104	105	13
24	24	18
121	123	12
48	48	11
111	120	3
109	109	8
24	70	11
14	14	15
56	56	17
96	107	2
84	85	7
21	42	5
32	32	21
18	19	5
141	143	2
22	22	11
90	92	3
138	139	6
60	60	16
69	69	13
28	28	26
142	143	16
91	91	15
142	142	14
111	116	5
64	69	3
21	26	3
37	37	15
79	80	2
6	6	19
8	8	20
120	120	19
105	109	10
28	54	6
29	30	8
1	2	2
21	21	9
104	104	15
114	115	16
125	130	8
126	131	2
122	122	26
130	130	18
9	11	3
26	26	15
38	38	10
41	41	14
94	100	6
71	83	3
117	117	45
132	133	22
123	123	17
131	131	23
136	137	18
81	82	8
134	136	3
81	129	1
135	135	22
115	115	6
128	130	4
83	97	6
117	135	5
64	64	18
51	53	1
80	86	7
140	143	2
134	138	4
89	89	14
118	118	18
70	70	19
111	111	14
81	81	15
2	127	1
88	90	9
105	108	4
16	16	15
3	30	2
102	104	1
62	62	9
0	0	29
129	129	15
62	63	5
66	68	7
59	59	10
87	124	4
72	72	12
26	127	2
76	79	2
61	61	16
27	29	2
19	19	30
91	92	7
79	130	1
113	115	5
105	106	14
122	123	10
113	114	12
140	141	5
131	132	8
39	39	5
128	128	21
55	55	4
139	142	2
76	76	8
137	138	9
21	89	6
133	143	1
98	109	1
114	114	19
4	5	9
25	25	14
32	37	10
115	116	1
124	124	8
6	29	4
61	67	2
99	101	5
87	87	19
32	36	2
64	97	5
42	43	4
54	70	4
15	16	8
67	68	2
71	132	2
19	21	4
93	93	12
92	96	6
139	143	2
2	2	8
39	43	3
106	107	14
132	135	5
71	71	18
137	137	15
100	101	3
53	54	4
60	66	1
139	139	16
20	24	2
77	79	13
24	130	2
87	91	4
113	113	11
106	106	22
125	143	2
78	101	3
10	14	1
96	96	9
27	27	20
83	83	8
78	87	1
126	126	16
18	20	4
82	112	2
100	100	20
58	58	8
133	133	15
28	29	4
61	64	4
132	134	3
125	126	9
13	14	5
110	110	13
52	52	16
20	20	21
88	88	14
146	146	5
125	125	15
131	133	5
37	38	2
107	107	9
30	53	2
20	21	15
134	134	30
17	17	11
70	84	8
144	144	20
127	127	6
143	144	9
46	47	4
63	63	21
40	40	5
15	15	10
112	112	15
35	35	2
124	141	4
95	99	11
42	42	1
31	32	2
29	29	13
63	64	10
69	72	3
132	132	10
24	129	3
124	125	12
126	142	2
89	91	2
33	52	4
96	97	14
9	9	9
97	109	3
136	138	7
93	94	12
98	108	7
97	108	4
96	99	1
77	100	3
108	109	3
5	6	5
116	118	4
47	47	6
114	117	5
23	24	4
77	101	1
13	13	18
79	111	5
54	98	3
84	84	10
51	52	7
62	64	4
120	121	8
73	76	3
35	91	4
138	140	5
34	36	9
100	102	4
3	3	18
85	86	4
73	73	14
11	57	8
6	37	3
118	133	3
41	42	2
24	25	7
49	51	2
74	80	3
32	33	13
58	59	4
69	70	8
67	133	2
139	140	15
111	114	3
29	61	2
12	13	4
31	33	4
32	70	2
80	126	5
128	129	3
135	140	3
18	18	11
35	36	4
8	9	13
138	138	10
72	78	7
58	63	2
56	70	3
105	132	5
74	75	5
83	84	8
127	132	1
90	93	6
87	90	9
145	145	5
34	35	7
14	15	6
82	85	3
108	108	8
21	22	4
121	122	5
57	57	6
19	68	1
103	109	6
124	126	3
134	142	4
113	116	2
25	28	5
56	69	1
68	68	3
126	144	2
11	47	2
135	138	4
92	92	8
38	39	3
96	129	2
94	94	13
49	50	14
66	67	8
132	136	1
90	105	2
116	117	7
64	65	5
145	146	7
38	51	2
90	91	4
79	79	9
104	128	6
62	98	2
30	31	5
72	73	1
112	113	5
38	91	2
92	104	1
10	58	2
50	85	1
59	64	1
30	69	2
134	135	6
82	111	3
109	110	3
80	116	1
112	114	3
86	87	2
112	118	2
99	100	4
25	26	5
3	80	1
65	66	7
118	119	7
22	84	2
24	31	4
97	97	5
94	97	3
58	94	3
18	26	9
80	109	3
63	65	4
78	91	1
16	62	2
129	130	13
73	81	3
137	139	4
58	60	4
71	73	4
90	124	5
80	81	1
70	71	1
82	83	4
0	27	3
134	137	2
30	30	9
89	119	3
92	93	3
64	66	3
39	49	1
66	69	2
133	134	7
85	107	3
58	64	1
68	69	3
40	41	6
19	27	1
76	77	4
125	127	9
122	124	2
104	108	2
80	111	2
118	131	1
101	103	2
56	57	5
90	95	2
102	105	4
59	62	2
6	34	3
52	55	2
78	99	2
103	110	3
60	96	2
35	65	3
49	78	2
16	28	4
17	18	2
35	88	1
136	140	3
10	11	5
82	84	4
32	34	5
99	108	2
99	111	5
67	97	4
76	129	7
48	79	2
116	120	1
92	109	6
18	67	3
12	12	16
15	17	4
53	142	1
98	111	1
80	82	2
20	40	2
67	74	1
20	22	2
54	55	3
66	66	11
119	125	1
50	53	2
62	97	2
104	107	1
117	118	4
118	120	2
31	36	1
6	28	1
134	143	3
20	43	3
58	73	1
117	144	3
103	104	1
98	107	4
104	129	1
126	127	3
132	139	2
74	128	3
57	64	3
56	125	9
118	137	2
117	136	1
123	125	3
35	87	1
57	72	2
98	99	2
21	40	5
30	70	1
49	77	2
19	67	1
55	127	2
82	82	6
65	96	2
36	37	1
135	143	6
85	85	4
71	102	2
50	50	1
11	11	7
134	139	3
82	103	2
144	145	2
22	89	1
59	96	2
13	16	1
75	77	3
6	83	3
76	78	2
39	42	1
59	60	2
120	123	3
48	49	1
59	93	1
114	116	1
135	136	5
3	48	1
95	100	1
21	25	2
75	76	4
23	35	3
53	53	3
26	27	2
104	106	1
119	121	2
127	129	1
89	93	2
120	124	2
2	126	1
97	107	1
23	23	4
79	86	2
119	119	6
87	89	1
130	131	3
3	5	3
36	39	1
61	63	1
32	38	1
69	120	1
33	37	2
78	88	1
72	74	2
26	54	1
72	129	1
100	112	1
95	98	1
9	10	5
31	53	1
127	130	7
23	70	1
67	131	1
75	80	3
107	108	3
43	43	1
86	89	2
39	41	1
106	109	1
77	80	2
40	47	1
31	50	1
94	113	1
76	92	2
120	125	1
78	79	1
119	131	1
19	25	1
26	63	1
113	126	2
70	87	1
30	54	1
18	66	1
115	120	1
39	64	1
48	50	2
34	58	1
24	41	1
51	94	1
56	64	1
98	106	1
74	101	1
18	60	1
35	66	2
133	139	1
23	89	1
78	80	1
77	78	3
82	86	2
73	75	1
86	104	2
57	65	2
35	42	1
24	122	1
112	116	1
74	103	1
11	33	1
80	110	1
94	95	2
43	49	1
32	62	1
