18	19	5
36	36	14
173	178	1
19	19	21
104	104	2
29	29	18
67	67	2
172	172	1
167	167	12
35	36	2
29	55	1
32	32	8
20	21	4
38	38	12
24	24	7
62	62	7
148	169	1
39	40	17
26	29	2
105	105	4
44	45	1
60	60	5
24	39	2
129	130	1
30	30	14
55	56	6
36	37	5
123	123	3
28	28	12
11	18	1
15	31	2
76	76	2
8	10	2
141	141	7
20	26	1
27	27	22
161	161	5
21	35	3
146	168	2
76	103	2
94	94	7
87	99	1
64	65	2
27	30	2
7	7	11
8	19	4
25	25	8
11	12	10
165	167	3
38	39	4
2	15	9
41	41	4
26	26	25
98	98	7
26	28	10
121	121	4
150	150	3
111	111	11
97	98	3
144	145	1
37	37	14
5	5	6
148	171	2
59	60	4
77	134	2
12	13	9
17	24	1
111	116	4
34	34	7
21	43	1
15	15	15
101	102	1
141	143	1
92	93	4
66	120	3
140	140	8
3	3	6
165	165	6
136	167	1
42	46	1
109	109	9
22	22	13
13	94	1
153	153	3
35	35	7
29	42	4
67	82	3
89	89	6
24	25	11
103	106	3
11	11	9
83	85	1
21	24	1
14	14	16
40	40	4
152	153	3
134	134	3
100	100	7
13	14	1
131	131	4
87	88	5
164	166	2
65	66	7
42	42	2
25	27	2
108	108	6
147	148	4
165	166	4
19	23	2
17	17	4
164	164	6
96	96	8
119	121	4
42	43	5
102	102	3
53	53	4
99	99	4
76	77	8
149	167	1
124	131	3
10	13	6
134	135	1
83	84	1
66	66	7
6	7	1
135	136	3
46	46	1
101	101	5
3	8	2
24	27	3
4	4	5
156	156	5
51	67	1
0	0	5
25	28	2
123	124	3
25	38	1
9	9	8
44	44	5
94	95	1
115	119	3
41	42	11
26	27	12
147	166	3
84	84	3
128	128	6
10	41	2
10	11	8
113	113	5
130	152	2
63	63	3
4	14	1
155	155	3
32	33	9
45	46	3
168	170	2
112	112	5
19	22	4
157	157	2
78	79	3
139	139	6
90	90	7
163	163	3
27	28	12
13	13	15
7	38	2
11	13	3
138	151	1
21	21	11
21	22	6
143	155	1
84	85	3
82	84	1
87	89	4
10	10	6
24	28	2
7	9	8
110	128	1
16	16	3
66	67	1
118	130	3
101	165	1
11	79	1
22	29	3
170	170	3
169	170	4
16	17	13
21	41	2
9	10	5
31	31	17
94	96	3
159	159	10
27	41	2
161	162	2
10	44	2
162	162	6
131	132	1
156	157	1
145	146	4
5	6	8
2	7	1
33	33	3
7	19	1
119	122	2
88	98	2
112	116	2
62	63	1
15	17	1
55	59	1
37	38	6
45	45	7
59	59	8
168	168	5
86	86	1
169	169	3
58	58	6
64	64	6
137	140	3
115	118	2
31	43	5
71	71	4
27	33	1
90	94	1
158	172	3
55	55	2
95	95	6
19	20	12
63	115	2
67	68	1
12	12	6
131	133	1
5	15	1
82	85	1
152	152	5
18	18	9
143	143	5
164	165	1
77	77	2
23	25	4
126	127	2
175	175	5
110	110	3
43	44	8
79	176	2
90	174	2
139	140	1
29	31	5
99	113	3
2	10	3
115	115	3
118	119	2
111	113	1
102	118	2
66	102	2
2	2	11
116	161	1
65	102	1
82	83	1
117	118	2
97	97	3
103	104	3
25	29	1
31	32	7
22	23	7
176	176	3
87	87	3
20	20	12
90	91	3
4	6	4
76	95	1
140	164	2
31	42	2
167	170	2
174	174	6
116	116	3
66	84	2
121	130	1
118	120	1
30	31	7
91	94	4
52	53	5
104	120	1
71	72	5
2	18	1
54	54	1
152	157	1
65	104	1
78	78	1
91	93	1
146	163	4
75	81	1
135	135	9
171	173	3
114	118	1
16	18	5
149	150	1
93	93	5
5	16	1
8	8	11
27	40	1
65	65	3
2	3	1
171	171	4
7	18	1
149	171	1
90	118	2
61	72	3
147	147	3
10	39	2
114	114	3
25	26	5
63	117	6
75	76	1
56	57	7
29	30	11
95	96	1
144	146	1
96	97	5
103	103	3
140	141	2
72	72	3
21	27	2
5	10	2
8	41	5
109	110	3
98	99	1
111	112	2
163	168	3
15	19	1
138	138	8
72	73	1
74	74	3
35	37	3
133	133	4
25	30	1
132	132	1
24	26	3
20	22	2
33	36	1
79	79	7
11	33	3
119	126	1
115	117	1
38	44	1
147	170	2
99	102	1
163	164	3
122	122	2
110	111	2
127	127	3
21	32	1
6	10	1
81	86	1
112	114	3
11	41	1
104	106	1
130	131	1
115	170	1
160	160	4
100	101	1
5	34	1
74	75	2
148	148	3
50	50	2
154	155	1
15	16	6
24	29	1
11	14	1
146	146	2
70	71	6
175	177	1
14	17	3
57	57	1
85	96	2
85	85	1
155	156	3
77	78	2
141	170	2
52	57	1
53	57	1
34	36	1
119	119	4
124	124	2
101	104	3
158	170	1
140	165	2
14	15	3
139	161	2
120	120	3
53	68	2
132	133	1
86	96	1
125	125	5
171	178	1
23	24	2
49	50	1
67	101	2
108	109	4
116	118	2
126	170	1
128	144	1
31	33	4
125	147	1
34	35	2
66	82	2
114	156	1
81	175	1
112	119	1
142	142	6
63	156	2
60	61	1
125	173	2
80	80	2
157	159	1
127	157	2
68	82	1
50	51	1
58	88	1
148	170	1
39	39	7
28	30	2
11	42	1
179	179	1
115	157	1
21	33	2
4	10	1
23	23	7
32	44	3
123	158	3
49	51	1
12	36	1
102	103	1
50	67	1
116	117	4
55	57	1
22	26	3
37	44	1
62	155	1
22	45	1
34	37	2
18	20	2
75	75	1
40	41	7
129	131	1
173	173	5
8	16	2
151	152	1
68	68	1
1	1	1
3	46	2
102	112	4
160	162	3
8	22	1
113	117	2
76	104	1
130	130	7
3	4	3
110	112	1
12	14	2
114	157	1
83	83	4
150	151	2
60	96	1
83	87	1
107	107	1
5	9	1
4	5	3
154	154	1
80	178	1
28	41	2
86	87	3
147	168	1
6	38	2
16	33	1
113	115	1
124	128	1
129	129	4
33	42	1
63	78	1
157	169	1
18	38	1
81	93	2
81	82	1
10	14	1
12	15	1
88	89	2
9	16	2
109	163	3
18	36	2
15	44	1
23	27	1
61	62	1
159	178	2
17	18	3
150	152	1
15	45	2
140	155	2
77	101	1
118	121	1
148	173	1
170	172	1
6	6	4
32	43	2
77	79	1
80	81	1
81	81	2
35	45	2
8	9	4
40	45	1
107	130	2
42	44	1
123	125	1
114	116	2
15	33	1
66	118	1
138	140	1
162	164	3
74	108	1
22	38	1
100	112	1
7	10	1
112	135	3
108	125	1
81	83	1
112	113	1
71	97	2
5	7	1
72	97	1
23	26	1
0	55	3
68	101	1
166	167	3
56	56	1
26	105	1
2	4	1
92	154	1
0	44	2
68	71	1
117	161	1
31	44	1
127	142	1
55	68	1
125	169	2
38	40	3
16	38	2
63	66	1
51	51	2
130	132	1
174	175	2
6	36	2
83	94	1
33	35	2
29	146	1
117	156	1
123	134	2
127	150	3
74	76	1
174	178	1
150	176	1
23	29	1
173	177	1
33	34	1
180	180	1
166	166	1
58	59	1
49	52	1
142	154	1
35	41	1
22	42	2
5	151	1
24	37	2
59	61	1
115	168	1
6	8	1
163	167	2
49	49	2
88	95	1
92	132	1
175	176	1
84	96	1
160	161	1
37	46	2
177	178	2
151	151	2
37	39	2
179	180	1
145	145	1
43	43	1
123	132	1
124	130	1
35	44	1
2	13	2
146	150	2
3	9	1
4	65	1
85	86	1
6	28	1
63	64	1
66	72	1
28	88	1
66	103	1
117	117	1
101	116	2
161	169	1
19	53	1
52	52	1
138	177	1
11	15	1
4	7	1
71	113	1
105	107	1
102	107	1
106	120	1
61	61	1
121	122	1
16	36	1
158	171	1
58	95	1
72	84	2
163	165	2
106	166	1
56	95	1
112	120	1
161	165	1
9	11	1
12	17	1
146	148	1
27	29	1
139	180	1
121	126	1
5	31	1
30	43	1
6	31	1
124	125	1
101	114	1
82	174	1
144	144	1
141	142	1
61	90	1
11	19	1
144	148	1
125	153	1
136	136	1
8	37	1
5	11	1
15	18	1
126	158	1
91	122	1
