117	117	22
134	134	9
6	10	3
40	40	42
27	28	7
5	5	12
10	71	1
48	48	15
26	27	6
67	71	5
39	52	3
62	127	7
42	44	7
93	93	13
79	79	19
47	47	34
50	50	19
80	81	3
104	104	7
56	63	2
137	137	7
14	14	19
129	129	8
115	116	3
29	30	13
21	21	14
142	142	15
42	42	17
83	85	13
27	27	8
33	33	23
36	115	4
46	46	13
18	21	6
10	10	9
55	55	7
93	97	3
17	17	25
131	131	2
24	39	4
56	56	8
137	138	12
154	154	9
71	71	11
70	70	27
68	68	11
66	66	4
64	64	7
44	44	10
30	56	3
108	109	11
71	151	4
96	101	3
20	20	9
135	135	12
133	134	14
108	108	12
94	95	2
68	69	5
15	16	7
98	99	9
110	111	8
75	76	8
107	107	23
152	152	7
86	88	3
109	109	12
49	49	21
76	77	10
24	24	24
16	21	4
83	84	1
123	123	22
132	132	10
45	45	13
9	9	17
81	82	4
32	34	5
76	76	11
11	11	43
16	16	18
101	102	1
41	41	33
21	22	6
69	69	9
32	99	4
43	99	4
111	112	6
66	90	1
108	115	2
6	6	12
70	124	5
30	99	3
63	63	24
4	5	19
9	10	6
5	15	1
15	15	17
61	62	5
126	127	13
101	101	6
13	16	10
87	88	4
85	86	10
109	114	5
92	92	4
38	39	9
147	148	7
5	11	2
147	147	7
122	123	4
106	106	20
12	12	23
67	67	20
65	85	5
124	126	3
113	113	7
94	101	5
67	68	13
77	77	12
53	53	26
21	23	5
131	133	6
144	145	6
69	106	6
19	20	1
136	145	8
74	74	16
145	145	9
136	138	8
43	43	24
57	57	23
22	23	9
149	149	6
41	48	4
22	22	6
36	36	11
103	103	8
153	153	8
85	85	18
20	39	4
39	43	3
116	128	6
65	67	1
26	51	6
122	122	8
139	148	6
112	112	11
76	96	5
13	13	27
112	113	3
90	95	1
105	105	15
24	25	4
54	54	10
78	78	12
130	130	11
16	38	5
69	70	2
19	24	12
18	93	2
19	19	16
94	94	10
75	92	4
63	94	5
42	43	3
35	130	2
127	127	7
140	142	6
80	80	10
119	119	9
25	25	15
7	7	11
27	57	3
67	69	2
72	72	7
18	19	6
26	32	6
13	14	10
136	143	1
63	64	5
23	23	15
74	75	5
49	64	4
113	125	4
111	111	5
76	92	2
44	45	11
114	114	13
46	48	5
66	84	5
107	108	2
148	148	6
139	147	5
67	77	3
38	40	4
66	71	2
11	73	9
97	97	6
78	79	3
30	31	1
84	84	11
138	139	5
87	87	13
48	123	4
54	55	7
109	115	3
41	42	7
139	139	13
31	39	6
12	13	9
7	21	6
15	153	8
119	120	2
31	40	5
74	128	3
75	75	5
125	127	2
5	6	3
150	150	9
95	95	8
78	104	2
118	119	4
102	103	7
28	30	5
68	72	2
140	141	3
20	21	8
96	96	18
110	110	3
133	133	10
100	101	7
96	133	1
144	147	5
62	63	3
118	118	14
39	109	1
63	71	2
98	98	2
129	130	5
51	51	3
80	121	5
151	151	15
115	115	3
47	48	8
34	36	5
25	31	1
13	80	2
3	4	4
141	141	4
103	114	2
43	44	6
81	81	8
47	50	6
17	18	6
46	47	3
64	67	1
116	116	9
34	129	6
7	19	2
77	78	2
46	70	1
31	98	4
4	6	2
120	120	13
65	65	12
110	114	3
135	136	8
116	117	2
31	31	13
71	72	5
18	18	20
113	114	12
49	122	1
83	83	6
63	85	4
55	127	4
11	20	2
64	117	3
61	79	2
119	152	6
99	100	1
128	128	4
136	136	5
80	82	2
55	56	6
86	102	3
24	31	5
117	118	6
25	26	4
73	74	3
89	89	2
129	150	2
22	33	4
70	116	1
55	128	5
6	19	2
123	124	3
37	37	8
62	72	6
86	87	7
99	99	9
147	150	1
66	67	4
144	144	6
23	24	3
45	46	5
143	145	1
30	30	5
133	148	3
100	100	2
31	32	6
32	36	4
10	11	3
11	71	4
13	101	3
53	55	1
38	38	14
76	91	4
8	8	3
70	125	2
51	56	3
124	124	5
14	15	3
84	93	2
73	73	4
121	123	3
133	135	1
137	141	1
4	4	17
45	119	1
28	29	6
64	65	9
102	106	4
78	105	1
11	46	6
73	149	4
3	3	10
72	73	6
50	51	10
75	77	2
144	146	5
92	103	5
41	43	1
39	39	5
63	68	2
35	129	3
147	151	2
57	71	4
125	126	3
138	149	4
121	121	3
138	138	9
13	24	1
15	17	6
138	148	2
106	107	2
34	34	16
147	149	2
28	28	9
26	28	1
57	58	5
17	112	5
32	37	1
86	112	1
137	146	1
39	47	2
100	102	4
104	105	2
63	67	2
138	147	7
8	9	9
12	108	4
52	122	2
32	72	1
47	70	1
81	114	1
111	113	1
109	110	1
123	132	3
13	98	2
125	125	1
67	116	1
76	94	1
82	82	7
86	86	9
62	62	5
15	84	4
34	37	2
29	29	7
99	101	2
35	36	5
24	57	4
35	35	4
97	98	4
40	47	1
67	73	2
89	90	1
14	16	6
36	128	3
7	15	1
78	95	3
150	151	2
64	102	2
40	109	2
130	131	5
41	119	2
49	50	2
145	146	5
106	112	1
43	45	1
4	10	2
68	81	4
58	58	1
68	95	5
6	7	5
36	116	2
2	3	2
41	107	2
25	28	2
139	141	1
102	105	5
40	41	1
61	63	1
95	97	1
71	123	2
4	12	4
100	110	1
79	80	1
124	133	2
44	95	1
5	7	1
52	58	1
143	152	3
101	103	1
101	108	1
153	154	3
75	126	2
45	49	1
48	68	2
55	65	1
52	54	3
24	53	1
90	92	4
111	115	1
19	116	1
40	54	1
58	127	1
114	118	1
67	72	1
73	147	1
7	23	2
63	78	1
12	25	1
104	107	1
146	147	2
70	76	1
20	91	2
19	21	1
141	144	1
120	135	1
148	149	2
27	56	1
62	64	1
128	131	1
79	105	1
90	90	1
74	130	1
65	90	1
75	130	1
114	133	1
32	33	1
74	98	1
100	117	1
34	35	1
81	84	1
18	24	2
74	76	1
92	93	1
16	18	1
