37	37	9
46	46	11
48	48	3
34	35	4
35	35	4
35	36	5
27	29	3
47	47	8
23	23	5
31	31	14
40	40	5
17	17	2
41	41	5
21	45	2
39	39	6
33	33	13
42	42	8
22	22	9
34	37	2
22	23	2
19	19	8
33	34	2
19	24	2
44	44	8
20	20	2
36	36	12
30	30	9
43	44	9
24	24	4
45	45	8
23	24	1
25	25	6
25	27	2
19	20	3
28	29	10
26	26	2
27	28	2
17	36	1
18	18	5
21	21	3
44	45	2
30	31	4
25	26	3
30	42	1
31	32	1
50	50	4
26	31	1
36	37	1
34	34	2
30	41	1
49	49	8
38	39	2
48	49	4
43	43	6
28	30	1
46	47	2
22	45	1
26	28	1
27	27	7
50	51	4
23	43	1
29	32	1
26	27	1
30	40	1
28	31	3
25	43	1
51	51	1
38	38	7
31	51	1
26	29	1
17	18	1
40	41	7
32	32	6
29	29	2
39	40	2
32	37	1
33	35	2
43	45	1
23	45	3
47	50	1
29	30	1
29	33	2
47	49	1
18	19	1
29	42	1
35	40	2
20	21	1
21	22	2
32	33	1
29	41	1
20	43	1
37	42	1
24	25	1
29	35	1
29	44	1
38	40	1
23	25	1
39	41	1
32	34	1
19	46	1
