27	28	3
55	55	11
3	3	11
11	11	5
34	34	5
68	72	4
13	13	4
56	59	2
88	88	5
51	81	1
30	30	14
48	48	6
57	57	11
8	10	2
85	87	2
1	2	6
23	25	3
2	2	8
46	48	3
84	89	2
58	75	1
46	61	1
23	49	4
47	48	2
5	5	3
11	19	1
4	15	1
10	21	2
46	77	3
19	19	7
47	52	2
6	7	5
60	62	4
29	30	1
27	27	2
75	78	3
71	71	11
79	79	3
20	20	5
31	48	1
88	89	1
54	54	10
85	85	7
58	60	3
47	54	4
63	63	3
23	86	2
50	50	13
60	60	5
50	77	2
20	86	1
74	74	9
58	61	1
46	47	4
25	25	3
0	0	5
7	8	2
26	26	5
84	90	1
54	55	3
81	81	14
20	84	1
64	64	2
1	1	7
70	72	1
24	75	2
73	73	3
2	3	3
4	12	1
53	71	3
80	80	5
62	64	1
6	18	1
22	22	3
82	83	3
49	66	3
11	15	1
69	73	1
9	9	7
75	88	1
67	89	1
25	27	3
6	15	2
69	70	1
47	47	5
60	64	1
48	89	2
27	31	1
1	68	3
21	22	3
29	29	4
76	76	5
61	61	7
69	69	5
67	67	10
48	49	2
5	6	1
53	54	4
86	86	9
18	30	2
46	50	1
63	64	2
76	77	2
15	16	3
4	58	2
12	22	1
12	14	3
26	27	3
64	75	1
7	7	8
68	69	4
5	10	2
71	81	1
75	75	3
78	78	2
23	23	5
50	51	1
31	80	1
52	52	2
6	9	1
49	73	1
6	8	3
3	4	3
24	24	3
0	1	3
27	72	3
58	58	2
67	68	2
31	31	3
66	66	9
72	73	4
50	53	1
70	70	5
49	49	2
78	83	2
64	65	6
5	12	1
59	81	1
25	26	2
22	27	1
89	89	6
4	4	6
19	20	2
4	5	1
69	81	2
62	63	1
10	11	7
74	79	1
49	71	2
8	12	1
84	84	4
53	55	4
11	17	1
9	20	2
56	56	4
12	65	1
53	53	1
30	31	1
28	69	1
4	30	2
9	11	1
5	14	1
52	61	1
77	77	3
51	52	4
53	84	2
49	55	4
14	69	1
22	23	2
24	25	1
59	59	3
8	20	1
83	83	4
0	15	1
78	79	3
73	74	1
77	82	2
87	87	11
53	85	1
65	65	1
65	83	1
66	77	1
63	65	3
33	33	1
8	17	1
30	57	1
6	31	1
17	66	2
52	53	3
7	49	2
62	66	1
10	19	1
51	83	1
54	64	1
62	65	2
14	15	1
13	17	2
21	24	1
68	73	2
47	58	2
16	17	1
28	28	5
18	20	1
80	83	1
87	88	1
8	19	1
21	21	1
49	74	1
59	62	1
17	22	2
68	68	4
20	23	2
47	59	1
14	14	3
12	12	3
5	89	1
62	62	3
2	67	1
74	75	2
9	17	1
28	29	3
20	21	1
51	51	5
72	72	1
52	89	1
83	84	5
7	10	1
31	47	1
82	87	1
68	80	1
17	17	3
84	85	1
47	61	1
78	82	1
24	27	2
20	22	1
16	18	1
22	86	1
72	80	1
79	80	2
56	76	1
13	18	1
49	50	2
28	50	1
76	79	1
51	65	1
50	55	1
15	53	1
8	8	2
51	53	1
25	50	1
31	84	1
9	31	1
85	86	2
31	49	1
11	16	1
10	14	1
60	66	1
77	78	2
82	82	2
30	48	1
50	75	1
58	70	1
80	81	2
52	63	1
30	56	1
22	28	1
4	46	1
66	67	3
8	9	1
48	51	1
8	30	1
26	48	2
5	46	2
10	10	2
55	56	2
9	65	1
75	89	1
15	15	1
71	72	1
47	53	2
65	66	2
28	87	1
81	84	1
13	79	1
9	19	2
25	28	1
13	19	1
13	84	1
66	74	1
20	31	1
4	49	1
78	85	1
10	25	1
13	20	1
57	66	1
12	66	1
75	79	1
6	17	1
5	13	1
23	48	1
86	87	1
57	70	1
6	23	1
81	83	1
7	63	1
63	78	1
6	6	1
78	80	1
89	90	1
50	66	1
4	56	1
22	25	1
13	85	1
31	61	1
3	11	1
12	13	1
9	22	1
