71	71	3
67	67	2
131	131	4
195	196	5
97	97	3
106	106	3
197	197	4
117	137	1
186	186	7
143	143	8
48	48	9
104	104	4
157	158	2
111	111	2
160	161	4
171	171	2
135	135	1
47	47	3
0	118	1
62	81	1
120	120	1
152	152	2
149	196	1
52	54	2
15	15	5
196	196	7
43	43	2
115	149	2
18	21	1
4	4	2
182	182	6
185	185	4
125	129	1
144	144	6
140	140	4
8	39	1
111	112	2
39	39	8
35	58	1
175	175	5
187	187	3
23	37	1
161	163	1
56	56	5
118	120	1
88	90	1
29	67	2
165	165	5
129	129	3
176	176	7
134	134	4
28	31	2
57	57	4
51	113	1
42	43	1
69	69	7
7	24	2
62	62	1
88	88	3
45	181	1
40	40	4
107	108	2
82	82	5
113	113	5
106	111	1
158	182	1
160	163	1
162	162	4
123	163	2
23	23	3
157	157	5
15	17	1
115	118	1
26	27	3
192	192	3
50	50	5
10	10	5
185	186	2
17	17	3
160	160	6
153	153	1
4	35	1
16	16	2
14	33	1
163	172	1
119	119	2
9	12	1
77	79	1
105	106	4
64	64	2
51	51	1
25	25	4
171	191	1
122	122	4
27	28	2
9	9	3
22	22	4
196	197	1
103	104	1
179	180	2
78	79	3
59	59	4
188	191	1
157	183	1
119	120	3
45	45	3
191	192	1
115	115	3
79	80	6
40	41	1
179	182	1
160	177	1
84	84	5
171	194	1
172	173	1
136	136	6
174	177	1
34	35	1
161	161	4
170	170	2
20	21	1
37	57	1
155	155	7
167	168	3
30	30	5
195	195	4
50	99	1
166	167	3
29	30	1
18	18	3
20	20	1
16	23	2
146	147	3
155	166	2
78	78	4
49	49	6
150	150	7
162	163	2
19	19	2
146	146	5
190	191	2
178	178	4
24	25	1
87	89	3
5	5	2
179	179	1
10	13	1
159	160	3
151	152	2
183	183	6
163	187	1
136	167	1
193	193	2
127	127	2
109	111	1
43	44	2
21	21	2
168	169	1
44	44	4
150	152	1
75	76	3
8	99	1
36	36	4
147	147	5
125	126	4
139	139	3
37	89	1
172	172	4
112	123	1
62	63	1
6	8	1
169	169	2
94	95	1
36	67	2
138	195	1
67	68	3
15	16	2
26	26	1
3	3	2
105	105	1
120	121	1
117	118	1
166	166	4
17	34	2
1	1	2
59	62	2
101	101	2
76	76	2
108	110	1
182	189	1
194	197	1
163	167	3
149	149	7
11	127	1
13	13	4
192	193	9
125	125	7
159	163	3
3	152	1
110	110	2
146	148	2
52	52	3
121	122	1
39	191	1
49	50	1
132	132	4
1	42	1
31	31	2
118	131	2
56	70	3
39	66	1
164	164	5
34	34	6
175	177	1
140	141	2
155	156	1
106	148	1
41	41	5
76	158	1
156	157	4
4	5	2
24	27	1
143	145	1
128	171	2
0	0	2
2	2	4
54	54	3
25	40	1
29	29	5
113	114	1
117	117	5
118	118	5
164	192	1
153	196	1
144	145	1
102	127	1
70	70	4
161	162	1
173	173	4
60	61	1
9	117	3
138	139	3
141	141	4
95	95	3
181	181	3
98	103	1
178	179	2
144	173	1
126	127	1
180	180	2
47	48	3
94	126	2
177	177	5
39	40	2
154	154	4
33	37	1
85	85	2
105	107	1
83	84	4
79	82	2
163	185	1
184	185	1
26	30	1
188	188	3
166	168	1
32	32	2
55	55	3
177	178	2
147	148	2
3	7	1
86	86	2
102	104	1
88	89	1
14	14	5
190	190	3
150	171	1
139	140	1
183	185	3
41	42	1
74	74	1
194	194	5
108	108	2
106	129	1
133	133	3
180	181	1
27	27	4
7	7	3
190	193	2
128	128	4
191	193	1
55	56	1
5	184	1
31	32	1
109	109	4
159	159	5
163	163	4
82	84	1
23	24	1
83	83	1
157	177	1
142	197	2
156	161	1
193	194	2
130	131	1
5	6	4
130	130	2
18	19	1
157	182	1
58	72	1
148	148	3
70	72	1
79	79	4
16	17	2
13	14	1
168	168	5
182	187	1
6	107	1
148	168	2
95	117	1
144	152	1
33	33	2
143	152	1
169	170	1
169	178	1
127	156	1
46	46	1
38	38	2
58	59	3
156	191	2
53	53	7
138	145	1
35	35	2
17	19	1
94	94	4
115	153	1
116	116	5
77	78	2
138	193	1
94	96	2
6	7	1
114	115	3
99	100	2
95	96	1
163	164	1
137	138	1
168	187	1
130	153	1
189	190	3
82	83	1
165	166	2
102	102	3
161	164	3
138	138	4
39	187	1
142	143	2
106	107	1
50	52	1
149	150	1
166	190	1
3	4	1
116	117	2
3	26	1
0	1	1
69	184	1
100	110	3
35	39	1
48	49	1
86	87	1
8	9	1
159	164	1
117	132	1
173	190	1
68	68	2
169	188	1
170	171	1
184	184	5
36	85	2
62	67	1
131	158	1
155	182	1
156	156	2
98	99	2
171	189	1
90	90	1
99	99	2
176	179	1
103	103	2
158	158	6
7	19	1
115	116	1
132	133	2
53	54	1
36	37	1
189	189	1
124	125	3
145	145	4
124	124	2
61	78	1
170	195	1
76	82	2
60	60	1
18	20	1
77	77	2
17	21	2
173	177	1
100	112	1
30	32	2
82	87	1
89	90	2
127	128	2
11	11	2
110	134	1
42	42	7
114	151	2
131	191	1
172	177	3
172	184	1
167	167	4
188	189	1
32	35	1
1	2	1
72	93	1
6	42	3
49	101	1
101	150	1
186	190	1
109	150	2
150	151	1
163	169	1
100	102	1
112	112	2
153	154	1
46	54	1
141	144	1
33	34	1
98	98	4
159	179	1
87	88	1
95	97	1
194	195	2
174	174	1
42	44	1
30	58	1
123	123	3
183	194	1
18	22	1
139	143	1
157	160	2
3	140	1
58	58	3
121	165	1
3	17	1
12	12	2
8	8	1
162	164	1
102	107	1
0	2	3
93	93	1
112	126	2
45	58	1
142	179	1
115	144	2
188	190	1
141	145	1
38	73	1
31	33	1
173	174	3
18	152	1
97	98	1
23	40	1
65	66	1
63	75	1
37	55	1
179	187	1
174	175	1
79	83	1
168	170	2
109	110	1
86	181	1
151	151	2
134	135	2
158	159	1
1	50	1
11	47	1
36	38	1
107	107	2
14	48	2
122	124	1
133	167	1
129	130	1
164	165	2
38	39	2
154	155	2
113	152	1
0	24	1
105	186	1
174	176	1
162	166	1
147	172	1
176	185	1
9	10	1
52	53	1
66	94	1
14	43	1
172	179	1
137	153	1
48	50	1
76	157	1
111	141	1
123	154	1
39	189	1
149	168	1
11	13	1
159	183	1
30	31	1
160	165	1
72	72	3
132	135	1
171	172	1
104	106	1
78	154	1
27	30	1
3	5	1
126	126	2
164	186	1
49	120	1
172	178	1
21	40	1
114	157	1
156	190	1
143	146	1
101	149	1
154	163	1
37	37	1
164	166	1
80	81	1
10	11	1
137	168	1
32	42	1
129	133	1
82	180	1
163	166	1
16	19	1
107	109	1
5	7	1
38	42	1
100	100	1
180	184	1
73	73	1
8	20	1
23	34	1
38	55	1
50	51	1
170	172	1
58	61	1
148	151	1
48	51	1
156	194	1
186	194	1
38	40	1
86	179	1
