65	65	4
82	83	5
176	177	3
213	213	6
222	223	2
151	151	7
201	214	2
164	198	1
199	216	2
150	150	10
225	226	4
204	205	5
171	171	10
54	94	1
220	220	6
164	184	3
199	199	5
161	172	3
247	247	5
198	198	7
54	54	5
184	184	7
208	241	2
180	180	4
179	182	1
195	215	1
74	106	2
168	243	1
191	192	3
103	103	4
67	67	7
208	208	5
200	204	3
90	90	13
183	196	1
102	103	4
66	66	6
33	33	2
242	242	5
39	39	4
24	24	3
192	198	6
151	152	1
92	119	2
176	214	3
185	185	6
202	203	2
6	174	1
72	82	6
117	118	3
64	65	1
5	5	3
160	213	2
96	97	5
154	156	1
245	245	4
89	89	3
113	113	11
78	78	8
85	85	1
179	179	11
18	18	1
177	182	2
98	98	4
168	193	3
166	194	3
47	118	2
111	112	2
42	43	4
97	97	5
192	193	3
242	244	3
213	214	6
163	165	1
7	8	4
236	236	5
215	215	11
200	200	7
76	81	1
90	91	3
184	185	5
15	15	2
229	231	1
248	248	5
24	224	1
196	196	5
164	164	12
48	118	1
192	211	2
110	110	7
203	203	7
182	182	4
109	109	11
238	239	7
201	201	8
169	170	3
29	29	2
193	193	11
108	108	3
101	104	1
185	198	3
24	59	1
172	172	6
61	61	2
165	166	2
107	107	5
183	184	2
8	8	8
166	166	9
113	118	1
192	218	2
199	239	1
211	237	2
243	243	8
111	111	5
68	68	10
145	145	1
101	111	2
10	10	3
32	32	3
178	178	7
158	166	2
69	69	8
26	27	2
229	230	1
57	58	4
100	208	1
25	25	4
42	42	5
111	246	3
94	98	1
174	181	2
28	28	3
57	57	5
72	73	2
76	90	1
164	165	3
99	105	2
180	196	1
155	155	10
242	243	2
185	186	4
108	241	1
244	244	6
174	174	5
183	186	1
110	156	3
102	102	3
192	192	6
241	242	3
5	177	2
212	212	4
77	77	4
70	73	2
80	81	3
209	214	2
11	11	5
215	217	3
237	238	8
21	21	3
154	154	4
159	159	1
246	247	1
45	46	2
215	216	2
3	18	1
197	201	1
7	36	1
160	160	7
157	167	4
233	233	6
235	240	1
30	37	2
59	60	5
224	224	2
3	4	3
118	118	5
70	79	3
194	196	1
177	177	6
4	36	1
65	66	3
186	198	2
32	36	2
40	40	6
146	150	1
202	202	5
48	50	1
152	166	2
105	106	2
202	225	1
231	231	10
114	114	12
91	97	2
117	237	1
239	240	1
24	25	2
189	190	2
61	62	3
11	222	1
237	237	2
238	246	1
152	230	2
228	228	1
151	161	1
220	225	1
184	190	3
19	19	5
48	48	5
218	241	2
230	231	2
183	183	6
47	52	1
14	181	1
116	116	9
216	217	5
19	20	3
158	191	2
53	53	3
147	204	1
156	156	8
214	214	3
106	106	4
27	28	2
55	56	2
101	101	3
210	211	2
217	240	2
116	154	1
244	246	1
177	178	2
220	221	2
85	231	1
45	45	7
152	153	3
30	31	3
216	216	8
86	158	1
27	27	4
175	176	2
170	170	9
162	162	7
168	192	3
189	189	6
60	80	1
36	36	4
46	166	1
5	19	3
209	211	2
98	106	1
64	64	3
79	79	4
106	108	4
102	107	1
95	95	5
165	165	8
60	62	3
181	195	2
65	69	2
195	195	10
178	207	1
7	7	1
7	20	1
99	99	3
239	239	5
56	79	4
60	183	2
197	197	5
240	240	7
208	245	3
39	57	1
180	182	4
187	189	8
174	178	4
161	179	1
93	93	4
32	33	3
102	105	1
74	74	2
204	204	6
159	171	1
47	85	1
44	44	3
75	243	1
108	244	3
181	181	12
207	207	4
241	241	4
41	41	6
80	147	1
236	249	1
220	247	2
94	95	5
22	25	1
38	38	1
149	149	2
221	223	1
36	38	1
144	145	1
153	153	4
152	152	5
170	171	6
107	108	2
82	82	3
245	247	2
24	26	1
209	209	6
22	22	1
87	88	2
6	15	1
15	180	2
151	204	1
55	55	2
21	22	1
173	181	1
225	231	1
17	18	5
101	102	2
119	120	3
100	100	11
210	210	6
81	81	3
117	117	4
67	109	2
217	218	1
196	216	2
157	157	2
173	173	9
197	198	4
97	116	1
208	210	4
63	74	1
51	51	2
94	94	5
221	222	1
144	144	4
190	192	1
83	83	2
189	236	2
168	168	9
153	154	1
115	181	1
190	190	8
205	226	1
23	23	1
49	49	2
169	199	1
70	70	5
166	196	1
13	14	1
27	41	1
178	179	6
230	230	3
168	169	6
157	160	3
167	194	1
68	70	3
9	9	4
95	96	4
157	158	3
33	36	1
71	71	4
194	195	3
62	70	1
113	114	2
183	194	1
87	89	3
205	207	2
6	36	1
96	99	1
27	33	3
14	14	4
217	217	1
195	196	3
169	169	3
181	182	2
54	55	2
94	236	1
79	81	1
115	145	1
79	80	1
100	101	4
151	153	1
72	103	3
26	26	5
99	100	1
164	199	2
58	62	2
103	214	1
203	235	1
92	92	5
24	150	3
147	147	4
17	224	1
226	227	1
84	91	1
49	68	2
154	178	3
163	213	1
58	81	2
2	3	1
186	190	1
205	205	2
83	84	4
203	204	4
160	168	1
87	208	1
3	3	2
203	231	1
72	72	7
175	177	2
57	83	2
116	117	3
4	37	1
191	191	3
37	37	2
12	15	2
249	249	1
175	175	3
69	104	1
76	78	1
219	239	2
186	186	4
84	85	4
190	191	3
4	5	1
76	77	3
167	215	2
38	57	1
164	214	1
201	204	2
192	216	1
194	194	3
246	246	7
176	176	2
58	71	1
86	86	3
52	52	3
196	197	1
118	119	2
5	14	1
47	160	1
35	39	1
49	50	2
20	38	2
85	158	2
219	220	4
212	214	1
50	75	1
188	189	3
147	155	1
70	81	1
60	78	1
112	113	1
25	150	1
110	111	1
77	78	1
9	33	1
112	114	1
57	60	2
85	147	1
75	77	1
82	85	1
171	185	3
211	211	4
190	242	1
180	183	2
198	214	3
226	226	3
212	213	5
31	32	2
204	226	2
238	238	1
164	185	2
84	84	1
98	111	2
58	203	1
232	232	4
203	225	1
115	118	1
206	208	1
20	23	1
31	39	2
244	245	2
167	169	1
63	63	4
157	181	2
171	205	2
174	175	2
111	245	1
198	200	1
20	20	3
62	63	1
71	78	2
201	202	1
2	19	1
152	157	1
115	115	3
51	65	1
201	207	1
104	106	1
198	215	1
32	55	1
94	151	1
79	84	2
62	62	3
59	61	4
245	246	2
160	169	2
162	164	2
56	56	3
190	209	1
166	167	2
96	96	3
75	242	1
227	227	4
208	209	2
231	237	1
94	96	1
160	161	2
60	61	2
63	68	1
93	203	2
99	101	1
88	246	1
216	218	1
12	12	4
240	246	2
18	19	1
19	26	1
193	195	1
52	57	1
61	63	2
205	209	1
103	104	1
48	65	1
84	86	2
154	155	2
108	109	1
10	19	1
188	188	1
186	199	1
16	32	1
87	87	1
33	34	2
40	41	2
66	71	2
12	173	1
14	15	1
233	235	1
237	246	1
34	34	3
200	201	1
163	163	2
160	174	2
205	241	1
114	115	2
234	234	1
187	192	1
44	150	1
9	16	2
35	35	3
190	196	1
243	246	1
150	155	1
91	91	1
179	181	1
159	165	2
13	50	2
158	159	3
25	26	2
184	186	1
179	180	3
203	244	1
3	34	1
43	45	2
52	228	2
46	53	1
197	224	2
104	104	1
187	187	2
88	93	1
17	109	1
20	21	2
8	9	1
161	161	6
206	210	1
169	242	1
235	235	2
235	242	1
176	191	1
146	146	1
59	79	1
60	60	1
55	62	1
186	191	1
51	55	1
8	31	2
50	66	1
223	223	1
193	208	1
165	167	1
79	85	1
172	173	4
188	190	2
14	78	1
161	198	1
203	213	1
42	197	1
144	149	1
152	158	1
152	163	3
85	86	1
53	54	1
33	171	1
206	206	2
100	153	1
8	44	1
180	181	2
211	215	1
30	62	1
213	241	1
195	209	1
52	112	1
91	95	1
85	238	1
185	197	1
62	88	1
36	39	1
74	75	1
172	193	1
73	73	1
15	183	1
160	162	1
199	215	1
174	182	1
39	228	1
166	171	1
229	229	3
14	27	1
40	114	1
5	167	1
106	107	1
227	230	1
78	85	2
97	98	1
188	191	1
58	58	5
27	66	1
191	193	1
44	45	1
2	2	1
64	67	2
221	221	4
34	41	2
199	200	1
50	51	2
44	112	2
35	159	1
169	181	1
111	229	1
98	101	2
43	43	3
73	74	1
207	211	2
50	50	1
222	222	5
11	12	2
30	90	1
181	214	1
109	116	1
90	98	1
185	216	1
198	201	1
167	245	1
194	215	1
38	39	2
154	219	1
20	53	1
106	120	1
152	177	1
59	59	1
18	22	2
171	172	1
244	248	2
211	240	1
161	213	1
36	170	1
48	112	1
117	120	2
241	243	1
30	30	2
29	36	1
38	227	2
158	181	1
199	217	1
144	243	1
19	39	1
173	174	1
245	248	1
69	70	1
221	247	1
16	28	1
23	110	1
15	17	1
5	54	1
17	43	1
111	115	1
152	159	1
165	171	1
166	168	1
185	190	1
52	59	1
247	248	1
43	44	1
65	67	1
47	47	1
159	185	1
64	108	1
178	200	1
157	169	1
196	198	1
157	245	1
167	171	1
193	194	2
70	83	1
184	220	1
232	233	1
112	116	1
203	212	1
18	20	1
235	236	1
81	85	1
227	234	1
220	222	1
10	16	1
7	46	1
163	192	1
222	224	1
28	35	1
98	100	1
173	192	1
168	170	1
46	51	1
80	83	1
39	59	1
19	223	1
68	89	1
7	108	1
6	43	1
9	10	1
33	35	1
223	224	1
109	223	1
6	7	1
155	156	1
163	164	2
47	68	1
219	219	1
159	188	1
214	215	1
48	67	1
166	193	1
117	145	1
51	52	1
157	166	1
101	210	1
111	113	1
189	192	1
71	72	1
214	216	1
193	211	1
20	22	1
91	98	1
98	99	1
1	1	1
105	105	1
60	93	1
