104	105	5
131	131	5
101	101	4
21	32	1
38	38	3
106	112	1
121	122	6
7	20	2
30	30	4
12	14	1
140	140	9
97	98	2
18	20	1
118	119	4
137	137	12
125	125	6
92	96	1
4	15	1
10	22	3
91	93	2
123	124	6
28	30	1
95	101	3
37	133	1
96	96	5
78	104	1
74	125	1
132	132	9
83	120	1
128	129	6
25	30	2
113	114	3
126	126	5
9	9	5
89	89	5
119	123	2
91	94	2
120	120	6
77	95	1
110	110	1
134	134	8
113	113	2
121	121	3
20	20	4
72	72	6
100	132	1
91	92	2
87	91	3
125	126	3
136	138	2
134	138	1
84	122	1
16	16	7
108	108	2
2	2	3
19	20	3
102	103	1
131	137	1
129	129	12
97	103	1
119	119	6
92	97	1
98	98	4
103	103	9
139	139	11
3	4	3
80	80	4
108	112	1
15	16	1
87	87	5
36	37	2
2	11	1
83	84	4
102	102	4
106	106	3
22	22	2
117	118	1
31	32	4
104	107	1
133	134	1
129	130	2
21	21	9
15	20	2
12	30	2
86	87	4
36	36	3
13	13	6
94	94	3
123	123	5
127	127	12
19	27	2
76	76	2
26	33	2
71	72	2
140	141	1
83	83	4
75	117	1
79	79	3
15	18	1
29	29	1
17	19	1
77	97	1
21	22	2
101	102	3
73	80	1
91	91	3
102	107	1
27	32	2
33	34	1
118	118	5
90	90	2
82	82	4
78	83	4
6	6	5
109	112	2
99	120	1
132	133	3
20	27	2
100	100	3
23	25	2
37	37	3
111	112	2
3	104	1
127	128	3
28	29	1
12	12	7
75	75	4
74	74	9
13	14	5
122	122	7
5	6	2
126	129	3
87	88	3
77	80	1
130	130	7
0	3	2
0	1	4
71	77	1
26	26	4
138	138	6
83	85	2
4	4	2
128	128	12
7	7	2
97	97	2
93	93	2
130	131	1
22	32	1
94	95	1
1	122	1
71	71	1
35	35	6
77	115	2
72	73	1
133	135	1
33	33	5
118	124	3
32	32	3
135	136	2
0	2	3
133	136	1
34	34	5
124	127	2
110	111	2
81	81	3
136	136	4
10	17	2
86	86	4
1	1	1
79	80	3
3	3	2
124	126	1
94	96	2
22	24	1
93	94	5
77	77	3
90	91	3
135	135	4
101	109	1
23	26	1
124	124	6
131	133	1
95	95	3
8	9	2
92	92	2
81	82	2
85	85	3
137	138	4
88	89	3
88	88	3
105	105	1
2	3	1
133	133	4
13	18	1
109	117	1
4	5	1
20	26	1
8	15	1
5	5	3
21	29	2
111	111	2
121	123	2
13	20	1
98	100	2
7	8	4
117	122	1
10	14	2
28	91	1
103	123	1
81	118	1
26	32	1
128	130	1
78	78	4
72	118	1
82	93	1
4	107	1
88	97	1
72	88	2
13	15	2
117	119	2
23	24	1
101	140	1
107	108	1
19	31	1
119	122	3
76	77	1
27	27	4
116	116	1
72	103	1
19	19	2
18	26	1
1	109	1
112	112	1
114	115	1
16	17	2
71	73	1
91	95	1
100	125	1
98	99	3
82	107	1
104	106	1
74	75	2
92	128	2
14	15	1
0	17	1
95	97	2
21	75	1
83	105	1
14	32	1
18	19	2
24	78	1
120	121	1
18	18	3
77	91	1
72	74	1
118	121	1
100	114	1
78	96	1
10	28	1
139	140	1
120	122	1
77	78	1
71	107	1
105	107	1
18	21	2
25	26	1
106	107	1
94	121	1
85	88	1
138	139	1
99	123	1
10	10	3
75	109	1
108	109	1
14	19	1
94	114	1
115	115	3
127	129	1
81	84	1
14	20	1
28	28	1
34	35	1
92	100	1
105	106	2
71	123	1
127	140	1
92	129	1
103	116	1
122	123	2
86	93	1
115	131	1
126	127	1
116	117	2
17	37	2
15	34	1
96	98	1
4	84	1
126	133	1
80	83	1
23	90	1
123	125	1
124	128	1
94	100	1
45	72	1
114	114	2
31	31	1
10	25	1
109	109	1
135	138	1
111	113	1
86	120	1
17	17	1
22	23	1
92	123	1
84	84	2
89	90	1
90	93	1
37	38	1
75	77	1
98	110	2
110	113	1
25	25	1
73	73	1
97	99	1
17	18	1
14	14	1
35	36	1
4	27	1
30	31	1
5	7	1
11	18	1
21	24	1
73	92	1
1	2	1
109	110	1
8	8	1
