172	172	10
48	84	1
18	33	1
196	197	5
136	137	3
32	171	1
196	196	6
103	106	1
189	189	10
40	41	4
21	59	3
43	43	3
4	7	1
160	184	3
57	168	1
194	194	6
134	135	4
34	36	4
185	187	2
85	85	1
168	168	12
156	180	1
147	147	8
170	172	1
105	194	2
173	173	9
100	101	1
161	163	2
164	181	1
54	54	8
0	3	1
186	186	9
149	149	4
163	164	6
7	7	9
119	120	5
115	116	3
143	143	4
112	147	1
107	107	7
156	156	10
72	78	1
149	161	1
190	191	1
190	190	5
17	40	1
51	53	1
166	166	7
142	150	1
30	32	1
167	180	1
103	103	12
41	43	1
129	129	6
114	114	2
66	76	1
123	141	1
96	97	3
154	154	5
45	45	8
83	83	2
139	154	3
101	104	1
96	96	4
185	185	5
140	153	2
33	62	2
38	190	1
112	112	10
193	193	8
138	138	4
1	1	4
12	13	4
37	37	6
168	169	4
26	26	5
47	48	7
58	58	6
161	166	1
171	171	5
34	35	3
4	5	2
16	44	4
104	107	1
33	84	1
146	146	2
7	18	2
22	22	4
84	84	2
132	138	1
2	2	4
143	144	3
110	110	5
102	103	2
159	159	10
21	21	3
88	88	7
18	18	2
144	166	1
33	33	6
173	177	1
9	9	8
93	176	1
51	65	1
39	40	2
136	179	1
146	148	2
127	127	3
3	185	3
172	189	3
178	178	8
99	100	3
43	50	1
133	133	13
119	121	1
95	95	3
103	175	1
80	80	2
30	30	9
152	152	4
8	18	1
81	153	1
139	142	3
46	46	4
59	59	10
165	165	5
85	88	1
166	167	3
33	36	1
191	192	3
152	154	2
158	172	1
136	143	1
141	141	8
25	27	2
153	155	2
109	110	5
35	35	7
96	99	2
122	122	3
81	81	3
38	42	2
193	194	5
167	168	3
116	118	3
66	68	3
146	165	1
188	188	2
13	13	7
130	130	9
2	27	2
82	82	4
145	145	6
104	104	9
90	121	1
136	164	1
70	71	2
148	148	4
152	177	1
15	16	1
176	176	6
12	39	1
155	157	1
7	43	1
9	12	1
68	68	7
182	184	1
179	180	3
132	132	7
124	128	1
34	40	1
70	70	2
55	55	3
40	40	4
49	49	3
101	101	3
114	115	2
52	112	1
111	111	5
140	140	4
187	188	9
22	28	1
53	53	4
41	44	1
116	180	1
64	64	3
136	136	10
126	126	3
164	164	7
101	106	1
51	51	3
8	41	2
138	193	1
57	57	9
94	157	1
175	175	6
135	135	9
63	63	2
2	3	2
151	154	4
122	195	1
28	28	2
79	79	3
118	120	1
6	6	5
188	193	1
181	188	1
169	169	4
191	191	7
63	64	2
182	183	2
85	86	1
132	133	4
103	104	2
6	17	1
20	34	3
160	160	11
155	155	5
77	78	3
74	74	3
158	159	4
32	49	1
157	157	16
176	193	1
161	161	4
27	32	1
108	108	5
192	194	3
99	107	2
155	174	1
171	172	3
181	182	4
34	34	5
118	119	2
9	15	1
195	195	3
129	138	2
0	0	7
137	138	1
27	31	1
131	133	1
109	109	5
67	67	5
105	106	3
126	127	3
181	181	7
27	27	3
170	171	6
47	51	1
174	176	3
31	32	3
113	143	1
156	159	1
68	73	2
5	17	1
22	84	1
94	94	5
83	90	1
122	171	2
172	173	3
122	124	1
187	187	7
167	193	1
173	175	3
53	55	2
10	10	4
119	119	6
158	158	4
123	124	2
142	142	4
62	62	3
11	11	7
111	119	1
120	120	6
99	99	10
116	146	1
71	71	2
131	131	6
151	152	6
161	194	1
117	117	3
139	140	3
165	167	1
179	179	8
174	174	1
139	139	3
89	90	1
29	29	4
11	12	3
23	32	1
172	178	1
0	1	1
182	182	2
121	121	6
56	56	7
125	125	4
144	144	3
146	147	5
20	20	8
130	137	2
3	77	1
172	182	1
73	73	3
126	185	3
47	56	1
10	12	2
66	84	1
4	6	1
176	177	5
161	181	1
8	192	2
10	14	2
167	172	1
16	16	5
161	165	2
32	32	2
18	34	2
109	111	3
164	165	3
108	143	1
123	123	4
171	177	1
134	134	3
195	196	3
153	173	1
192	193	5
87	87	1
72	72	2
102	105	1
123	149	1
56	57	2
82	84	1
128	129	1
131	135	1
111	117	2
128	128	2
1	16	1
145	146	2
23	23	4
62	63	1
139	150	2
42	42	11
116	116	3
5	5	3
76	76	2
35	36	1
25	25	3
135	137	1
38	72	1
117	118	3
24	25	4
32	33	1
8	179	1
122	148	1
158	190	3
147	168	1
121	127	1
54	56	2
169	170	3
157	169	1
50	52	1
19	20	2
12	12	7
8	42	1
27	28	1
141	166	1
21	32	1
46	47	3
93	93	2
179	190	3
174	175	1
8	8	8
14	14	3
47	47	6
185	192	1
9	22	1
153	154	1
180	180	2
93	107	1
61	61	3
50	50	1
25	149	1
0	2	1
149	150	1
10	165	1
181	184	1
174	190	1
24	27	1
160	165	1
29	31	1
15	15	6
173	174	5
175	191	1
28	29	6
32	61	4
112	140	1
63	66	2
157	158	5
154	155	4
187	190	1
16	37	1
118	118	9
138	140	1
110	111	4
17	156	2
184	184	5
167	167	6
189	190	1
5	6	1
140	143	1
44	54	1
160	162	1
54	55	1
184	187	2
130	131	3
53	58	2
43	44	2
98	99	1
94	95	2
143	148	3
53	54	3
41	41	3
102	104	2
150	151	1
61	64	1
154	166	2
141	142	3
37	43	1
152	153	5
81	82	1
154	158	2
58	59	2
16	17	1
44	50	1
183	183	5
26	30	1
182	193	2
148	149	4
21	24	1
172	174	2
3	3	4
197	197	2
125	139	2
81	88	1
106	187	2
39	39	6
115	115	6
116	152	1
93	94	1
151	174	1
88	89	1
18	59	1
36	39	1
181	192	2
78	95	1
177	178	2
116	119	2
150	175	1
168	175	1
86	86	1
102	102	9
8	23	1
104	106	2
86	113	1
37	172	1
140	149	1
9	13	1
97	144	1
135	142	2
131	132	1
124	158	1
24	24	4
163	194	1
10	32	1
36	36	3
177	177	1
9	47	1
83	87	1
155	156	6
36	40	1
36	38	1
162	163	4
99	101	1
24	26	1
11	14	1
157	173	1
184	190	1
192	192	3
19	84	1
42	43	1
120	121	2
130	132	1
52	55	1
41	42	3
49	50	5
124	124	5
31	31	5
23	44	1
7	11	1
144	180	1
12	14	1
142	146	1
150	150	6
55	56	1
10	13	2
120	122	2
162	164	3
79	85	2
107	108	3
102	160	1
60	72	1
161	164	2
133	176	1
81	84	2
46	55	1
19	19	2
94	97	2
184	186	1
99	117	1
170	185	1
22	23	3
3	4	1
112	113	2
25	26	1
129	130	1
163	163	4
185	194	1
99	116	2
102	133	1
48	48	2
106	109	1
4	4	1
76	77	1
12	42	1
2	43	1
146	177	1
30	75	1
65	66	4
5	40	1
19	36	1
163	165	1
153	153	2
97	97	3
135	136	2
157	187	2
17	18	4
126	187	2
195	197	1
8	9	1
53	63	2
106	106	3
44	44	3
182	190	1
144	168	1
4	71	1
13	47	1
174	177	1
9	31	1
45	46	2
108	144	1
45	70	1
45	52	1
95	97	2
4	23	2
149	165	1
26	27	4
112	141	1
145	165	1
142	169	1
150	154	1
4	75	1
124	184	1
69	69	1
62	64	1
63	105	1
21	22	2
7	22	1
169	177	1
40	42	2
17	36	1
151	151	4
6	72	2
13	14	3
137	140	2
3	18	1
96	165	2
180	181	1
52	52	2
58	67	1
181	190	1
38	38	1
45	47	1
159	160	1
151	153	1
194	196	1
170	177	1
111	112	1
125	126	1
26	143	2
175	190	1
38	39	1
76	88	2
71	72	1
15	52	1
101	151	1
143	169	1
48	50	1
37	69	1
163	188	1
96	102	1
164	188	1
65	65	1
90	90	2
2	7	2
168	172	1
7	14	2
69	70	1
165	168	2
23	24	1
5	188	1
3	20	2
121	123	5
143	145	2
137	144	1
66	66	3
20	36	1
14	15	2
147	148	2
33	63	1
137	137	1
29	30	1
165	169	1
49	99	1
95	96	2
7	21	1
170	170	1
111	141	1
170	187	1
46	49	1
97	107	1
83	86	2
99	115	1
133	137	1
51	57	1
176	192	1
51	87	1
108	109	1
31	169	1
11	18	1
179	181	2
67	68	1
104	105	3
50	142	1
3	5	1
113	122	1
61	62	2
143	147	1
113	114	1
170	181	1
27	50	1
162	162	1
139	148	1
39	86	1
23	34	1
64	72	1
86	88	1
188	189	1
132	153	1
161	167	1
161	162	1
18	21	1
69	71	1
125	127	1
16	43	1
129	140	1
109	129	1
33	88	1
134	140	1
55	58	1
124	125	1
164	166	1
44	45	1
174	180	1
84	86	1
63	74	1
136	175	1
158	177	1
22	24	1
116	117	1
9	11	1
23	25	1
24	32	1
168	170	1
1	2	1
167	178	1
176	178	2
117	131	1
42	67	1
99	113	1
70	194	1
42	81	1
17	17	1
161	186	1
155	173	2
9	10	1
31	61	1
100	103	1
129	134	1
52	53	1
113	142	1
113	116	1
87	120	1
97	165	1
124	129	1
163	178	1
72	182	1
79	80	1
25	144	1
129	171	1
19	21	1
165	172	1
37	42	1
143	168	1
10	11	1
