20	20	3
47	47	5
38	39	3
23	23	1
56	56	1
54	54	9
59	59	5
23	24	4
57	60	1
5	5	4
53	53	7
0	0	3
51	51	7
42	42	4
34	49	2
6	10	1
2	2	4
43	43	1
31	31	1
38	41	4
51	52	1
22	22	3
50	50	6
14	15	3
40	40	5
33	34	1
30	30	8
44	59	1
45	46	3
22	47	1
36	36	3
45	45	2
33	48	2
33	33	6
8	9	1
19	62	1
12	12	3
19	19	4
35	35	7
38	38	6
12	13	2
39	46	3
47	50	2
0	3	1
31	62	1
42	51	2
50	57	2
53	54	6
2	3	3
13	13	2
2	30	2
9	9	7
32	48	3
29	30	2
40	52	1
22	43	1
58	58	2
44	44	3
16	16	1
6	6	3
47	48	6
14	14	1
10	11	3
48	48	1
35	36	1
1	30	1
55	55	2
33	37	1
15	37	2
34	61	1
40	41	1
14	38	2
20	21	2
10	12	3
57	57	1
32	32	4
5	14	2
32	62	3
39	50	1
42	59	2
5	6	1
31	32	1
13	17	2
40	58	1
23	44	1
37	37	1
48	62	1
21	47	1
37	38	2
34	34	3
56	57	1
22	23	1
7	12	1
56	60	2
45	47	4
12	45	1
50	60	1
1	2	2
24	25	2
49	49	1
39	39	3
52	52	1
32	33	1
39	47	2
5	9	1
39	43	2
11	12	1
40	59	1
3	32	1
29	59	2
7	8	1
4	4	1
21	22	1
46	46	1
54	59	1
30	33	2
8	8	1
50	52	1
20	45	1
42	43	1
1	3	1
60	60	1
6	46	1
31	42	1
12	51	1
7	46	1
38	58	1
47	49	1
17	17	1
7	47	1
