19	47	1
62	62	3
27	27	4
33	33	4
68	68	3
54	54	5
21	49	2
58	58	2
9	13	3
61	63	2
9	10	3
59	59	3
27	28	2
26	27	2
42	44	2
31	32	5
0	0	1
63	68	1
25	25	4
49	50	1
21	21	5
10	11	2
58	59	2
41	42	2
53	53	3
48	48	4
38	54	1
1	1	6
0	4	4
13	14	2
41	41	4
12	12	6
5	5	5
4	4	5
23	23	5
26	26	5
37	37	3
29	30	1
53	54	1
71	71	3
76	76	2
6	6	3
32	34	1
75	75	3
22	22	4
61	61	4
3	3	5
73	75	2
71	73	1
54	55	2
34	34	6
46	46	2
10	10	6
69	70	2
42	43	1
24	29	2
0	1	2
43	43	8
32	32	2
64	65	1
7	11	1
47	47	1
59	69	1
74	74	3
48	49	1
57	61	3
24	24	2
52	52	2
30	30	5
13	13	2
73	73	5
18	18	1
3	9	1
38	38	6
35	36	2
66	66	2
22	23	1
55	55	6
7	13	1
63	66	3
39	39	7
19	20	2
62	67	4
3	4	3
20	20	6
68	69	1
48	72	1
60	60	3
25	48	2
2	3	6
44	44	5
7	8	4
33	34	1
49	49	3
59	63	1
8	8	5
10	43	1
56	57	2
36	67	2
67	67	2
70	74	2
28	28	1
1	2	4
7	12	1
69	69	4
39	42	1
29	29	10
31	31	2
28	29	5
11	12	1
5	6	7
32	37	1
23	29	2
11	11	5
45	65	1
63	65	1
5	13	1
12	13	3
47	78	1
40	40	1
32	33	1
45	45	3
57	60	1
34	42	1
62	63	1
21	33	1
70	71	2
62	64	1
38	39	4
5	8	1
60	68	2
65	65	1
70	70	2
47	56	1
31	48	1
35	35	3
6	18	1
42	42	2
56	56	5
51	51	4
24	25	3
58	62	1
39	43	1
56	61	1
19	19	1
67	75	1
64	64	3
24	26	1
72	73	1
59	60	1
57	57	2
36	37	3
28	40	1
20	22	1
31	73	1
24	42	1
55	56	2
35	67	1
76	77	1
21	34	1
25	26	1
54	61	1
15	42	1
45	76	1
75	76	1
28	32	1
8	9	2
2	33	1
20	21	1
47	60	1
58	61	1
35	52	1
34	44	1
40	42	1
25	65	1
62	66	1
40	41	2
46	47	1
35	51	1
64	66	1
24	36	1
50	50	1
19	23	1
22	44	1
15	15	1
43	45	1
63	63	1
73	74	1
