58	58	3
199	206	2
115	220	1
140	141	1
79	101	1
79	82	2
48	52	2
131	150	1
234	235	3
42	42	4
81	81	5
4	121	1
144	145	5
208	208	9
184	185	5
156	156	4
68	78	2
88	177	3
107	108	2
14	15	3
16	16	3
70	70	5
5	6	2
140	143	4
131	131	5
38	38	9
218	226	3
183	185	2
31	31	3
10	10	4
198	199	6
0	14	2
128	128	9
178	236	3
155	222	1
53	135	1
102	103	4
57	68	1
82	82	1
192	192	2
157	157	5
22	50	1
167	229	2
15	15	8
226	227	3
61	61	6
66	67	2
161	161	8
221	221	6
67	67	7
196	196	5
120	135	1
223	230	4
144	146	2
117	117	5
3	6	2
45	45	2
242	242	4
48	48	7
114	116	4
3	86	2
23	23	6
30	35	1
86	86	8
22	22	4
0	3	1
105	105	6
88	88	2
62	62	9
77	81	1
115	178	5
54	55	5
109	110	6
117	123	1
74	74	8
186	191	1
53	137	1
99	99	4
136	216	4
240	240	3
74	113	3
113	113	6
221	224	1
157	159	1
77	127	1
56	56	5
126	169	2
78	81	4
205	205	3
75	76	1
78	84	1
155	158	1
56	196	1
103	126	1
139	219	1
66	66	10
223	223	3
40	41	4
113	174	1
83	84	5
103	103	6
54	56	2
126	126	2
153	153	6
143	143	4
157	173	1
197	214	2
26	27	2
225	225	1
66	108	1
96	113	1
11	17	1
51	58	2
44	225	1
203	228	1
46	47	2
191	191	6
214	217	1
204	204	8
139	142	1
98	104	3
109	109	3
11	11	4
46	231	2
198	200	2
173	175	2
142	142	2
42	140	1
116	122	3
33	36	2
136	136	7
235	236	2
134	138	1
70	73	1
77	77	5
212	213	7
100	100	2
207	208	5
14	14	5
81	82	3
78	78	7
228	231	1
57	59	1
123	137	1
228	228	2
237	237	3
8	8	4
132	134	1
190	197	2
145	145	3
35	225	1
139	162	2
157	158	1
195	196	8
112	152	1
27	27	9
4	18	1
31	153	1
215	216	3
101	102	4
150	150	2
17	77	3
55	55	2
197	197	5
7	7	8
142	159	2
27	63	3
133	170	1
18	18	8
209	218	2
233	234	2
182	183	1
188	188	1
168	169	5
7	9	3
148	149	2
1	11	2
104	104	14
22	23	2
50	50	5
218	218	3
122	126	2
230	232	3
175	175	7
33	33	5
28	28	11
52	52	3
239	239	6
53	54	3
175	178	1
61	64	2
193	193	1
65	65	3
182	182	4
7	8	5
13	13	2
171	171	2
122	210	1
8	9	3
193	196	1
213	213	4
229	238	1
79	83	3
19	19	5
64	64	3
107	188	3
58	68	1
51	52	7
201	202	1
102	107	1
116	170	2
209	213	2
149	152	2
13	14	3
59	59	8
153	162	1
232	233	2
30	31	3
137	138	3
0	0	2
25	25	6
141	143	3
88	209	1
31	56	1
39	39	9
39	44	3
167	197	1
35	35	8
57	57	10
112	120	2
144	151	2
163	166	3
21	23	3
62	74	1
55	66	1
160	161	5
103	123	1
36	141	1
108	108	2
226	226	4
149	231	5
135	222	1
235	235	1
184	187	1
123	124	2
227	227	1
112	112	2
41	126	1
158	172	1
62	221	2
185	185	3
116	118	2
10	58	1
45	62	1
144	144	1
209	212	1
153	177	1
53	53	5
181	234	1
17	18	2
104	167	2
25	26	1
139	140	3
32	66	1
18	84	3
17	17	8
184	184	5
198	201	2
207	207	4
110	161	1
48	60	1
18	64	1
236	238	1
10	11	3
98	98	5
193	195	2
127	127	3
119	119	3
182	224	2
71	71	4
107	183	1
136	137	3
149	230	1
32	32	8
202	212	2
188	210	2
229	229	4
179	179	4
135	153	1
195	197	2
58	61	1
95	96	3
4	4	3
39	54	2
29	29	3
215	215	8
13	17	1
15	74	1
80	80	3
158	158	4
205	206	3
2	96	3
84	104	1
106	133	3
126	127	6
211	211	7
32	33	3
27	73	2
112	113	1
103	104	1
57	122	1
42	48	1
52	54	1
6	6	4
123	123	4
41	41	7
118	118	4
199	200	4
168	168	8
133	202	1
31	106	1
40	61	1
42	46	1
106	107	3
27	170	1
219	219	3
84	85	1
150	152	1
192	208	1
194	195	4
191	192	1
21	66	3
3	49	2
53	103	1
22	46	3
212	225	1
36	36	6
20	23	1
208	242	1
7	79	1
115	116	4
236	237	3
182	187	1
62	63	2
85	85	4
79	79	3
154	154	3
51	53	3
83	83	6
181	181	3
33	63	1
73	73	2
91	101	1
36	40	2
56	85	2
71	206	5
34	34	7
152	153	2
79	130	2
161	162	1
48	143	2
16	106	1
200	201	1
4	5	1
84	102	1
30	32	1
162	162	7
65	69	1
70	85	1
209	210	2
193	222	1
34	39	2
66	205	2
71	181	1
70	71	2
173	173	7
199	199	3
43	45	2
124	130	2
140	142	4
101	101	3
49	80	1
176	176	4
5	5	2
20	38	1
78	107	1
161	201	1
197	198	5
187	195	3
138	142	2
162	209	2
221	223	2
129	198	3
232	237	3
26	65	1
129	129	1
59	154	1
206	238	1
191	216	1
17	56	1
167	168	3
62	102	3
58	69	1
210	210	6
190	217	2
55	208	1
154	228	1
77	104	1
234	234	1
137	139	1
25	43	2
115	119	1
10	24	1
220	220	1
159	160	1
236	236	3
122	129	2
160	160	4
0	50	2
183	187	1
153	156	1
187	191	1
45	219	1
206	206	2
8	20	2
56	178	2
24	24	2
11	31	1
201	201	9
80	81	4
165	183	1
114	136	1
122	122	2
106	106	3
65	68	2
5	80	1
201	225	3
198	229	1
75	75	1
166	230	1
159	159	2
72	73	3
17	40	1
223	224	1
158	192	2
225	227	1
13	106	1
156	157	3
11	21	1
0	150	1
142	143	1
100	102	2
138	143	1
202	202	11
1	14	1
40	40	2
69	105	1
117	122	1
145	151	1
186	187	5
198	198	5
85	88	1
31	96	2
11	15	2
47	61	2
66	69	2
137	156	2
104	105	1
18	158	2
137	159	2
165	165	2
146	208	1
183	183	2
102	102	2
74	167	4
187	187	1
64	66	1
117	148	1
39	182	1
121	121	1
123	155	1
59	74	2
169	197	1
3	17	1
21	22	1
44	44	3
69	69	12
20	20	9
34	77	1
158	159	6
15	20	1
197	200	1
189	190	2
183	208	1
76	113	1
55	57	3
214	214	2
33	139	1
63	64	2
120	122	2
80	82	1
43	43	9
26	241	2
198	214	1
44	218	1
174	175	2
24	25	2
230	230	3
115	117	1
53	134	1
81	151	1
208	224	1
115	176	2
123	170	2
200	200	3
8	49	1
169	169	2
113	118	3
72	75	1
213	214	3
137	137	2
46	46	3
134	184	1
192	193	4
203	204	4
31	76	1
151	165	1
76	76	4
131	133	2
124	124	2
14	77	1
52	224	1
49	60	1
125	127	2
125	125	3
25	32	1
214	215	3
72	72	6
103	105	1
63	69	3
227	236	1
192	205	1
210	211	3
127	128	3
177	177	1
55	64	1
179	186	2
22	37	1
144	150	1
143	152	1
128	173	1
172	172	4
79	80	2
75	98	1
16	17	1
13	31	1
49	49	2
222	228	1
37	37	3
111	111	4
153	220	1
107	107	2
15	75	1
152	154	2
20	21	1
203	203	3
224	224	3
31	57	1
229	232	2
12	13	1
9	9	2
178	181	1
80	88	1
190	190	4
22	67	1
113	185	2
72	85	3
115	115	4
133	134	3
18	22	1
4	16	1
27	28	2
69	70	2
24	31	1
29	30	2
115	185	1
175	192	1
124	126	1
5	7	2
71	72	3
59	86	2
13	34	1
42	100	1
12	12	4
116	116	2
163	163	4
177	186	1
76	131	1
166	167	4
209	209	2
179	180	2
55	185	2
45	46	2
17	24	2
233	237	1
72	101	1
32	35	2
227	228	1
140	140	1
74	214	2
195	195	1
149	157	1
77	78	1
126	128	1
2	35	1
123	125	1
30	30	6
71	73	1
102	119	2
151	152	1
3	5	2
117	119	1
18	19	1
104	124	1
162	186	1
38	143	1
59	60	2
167	167	1
40	42	2
34	38	3
60	61	1
84	100	1
6	12	1
5	18	1
41	44	1
141	147	1
29	31	1
124	125	1
157	162	1
155	220	1
88	185	1
34	56	1
22	65	1
49	50	1
35	180	1
148	214	3
51	56	3
177	206	2
59	84	2
39	190	1
220	225	1
89	102	1
147	147	2
179	204	1
58	60	1
186	186	5
9	10	1
64	75	1
183	189	1
39	181	1
197	230	1
68	69	2
3	218	1
136	190	1
223	225	1
75	101	1
212	218	1
194	194	2
205	207	2
147	148	2
220	224	1
2	30	2
15	17	2
51	51	2
11	74	1
133	133	1
6	80	2
84	84	1
114	208	1
47	48	3
39	43	1
56	198	1
4	8	2
198	215	1
104	188	1
89	89	2
197	229	3
38	216	1
41	84	4
43	211	1
28	29	1
47	47	2
148	162	1
53	83	1
72	110	1
21	51	1
7	22	2
166	185	1
127	134	1
54	206	1
231	231	1
109	209	2
60	60	3
171	172	1
134	134	3
140	166	1
62	64	1
99	100	1
122	144	1
37	106	1
6	64	1
95	179	1
7	13	1
82	85	1
41	45	2
13	105	1
4	80	1
16	35	2
121	128	1
107	114	1
29	63	2
68	68	3
26	26	7
155	155	1
151	191	1
166	166	2
154	170	1
233	233	1
193	194	1
75	226	1
10	97	1
187	205	1
117	179	2
47	76	1
120	216	2
238	238	1
77	107	2
39	84	1
134	154	1
98	161	2
95	95	2
233	236	1
151	151	1
46	170	1
34	35	1
180	180	1
83	172	2
107	116	1
127	132	1
175	201	1
183	184	1
174	179	1
100	208	2
78	79	1
92	109	1
203	206	1
4	13	1
123	188	1
182	203	1
81	84	2
54	54	1
3	19	1
13	32	1
55	56	1
42	75	2
182	228	2
73	85	1
118	120	1
36	37	1
51	131	1
47	88	1
82	84	1
35	50	2
2	2	1
19	20	1
15	16	2
30	48	1
189	189	3
139	164	1
6	8	1
73	122	1
0	7	1
229	230	2
62	77	1
111	239	1
70	84	1
2	3	4
212	212	1
0	2	1
167	169	1
120	120	1
156	213	1
115	126	1
48	53	2
49	81	1
57	58	1
12	14	1
188	190	2
76	81	3
207	210	2
101	170	1
2	32	1
187	189	1
124	184	1
30	75	1
53	66	2
146	147	1
22	24	1
88	89	1
36	51	1
178	178	2
1	7	1
110	173	1
163	176	1
133	167	1
116	121	2
66	142	1
163	165	1
190	224	1
50	58	2
126	129	1
29	35	2
141	166	1
6	29	1
209	241	1
66	79	1
26	100	1
198	228	1
17	39	2
213	215	1
81	83	2
188	189	3
141	142	1
83	88	1
76	123	1
198	203	1
135	164	1
189	208	1
140	151	1
181	223	1
7	184	1
117	149	1
73	215	1
170	171	1
112	137	1
39	47	1
183	241	1
4	29	1
161	166	1
78	80	1
148	148	1
222	222	3
149	150	1
97	172	1
138	139	2
50	51	1
25	46	1
204	238	1
85	110	1
83	89	1
46	146	1
106	135	2
134	182	2
75	77	1
135	136	1
11	207	1
159	161	1
174	231	1
114	114	1
55	226	1
220	229	1
65	66	1
13	15	1
5	14	1
85	238	1
98	101	1
180	184	1
191	196	1
52	118	1
216	216	1
211	212	1
224	225	1
15	21	1
99	101	1
174	174	1
10	17	1
36	41	1
140	164	1
43	236	1
36	38	1
192	196	1
143	144	1
27	240	1
158	163	1
184	213	1
190	191	1
80	106	1
135	135	1
105	107	1
211	215	1
177	184	1
230	231	1
43	99	1
139	141	1
220	221	2
17	63	1
159	165	1
33	34	1
23	24	1
69	71	1
100	169	1
223	227	1
39	139	1
44	70	1
75	79	1
11	109	1
225	226	1
74	175	2
207	209	1
134	151	1
37	74	1
149	149	1
56	58	1
80	84	2
163	184	1
2	56	1
65	67	1
147	191	1
117	118	1
67	80	1
126	147	2
163	164	1
150	151	1
17	22	1
24	39	1
192	195	1
176	179	1
141	141	1
32	144	1
67	181	1
41	42	1
116	117	1
30	223	1
195	198	1
228	229	1
39	127	1
153	154	1
27	29	1
181	224	1
34	139	1
127	155	1
114	176	1
199	215	1
65	142	1
129	135	1
166	190	1
117	188	1
75	129	1
31	113	1
217	218	1
0	1	2
168	197	1
70	239	1
2	12	1
39	42	1
170	178	1
137	205	1
69	76	1
6	78	1
49	53	1
115	225	1
221	222	1
24	178	1
52	53	1
97	101	1
43	47	1
26	42	1
209	240	1
62	202	1
128	132	1
9	44	1
58	59	1
