7	7	4
84	87	1
108	108	4
132	133	1
116	135	1
146	146	3
134	137	2
54	54	3
81	91	2
154	154	5
51	53	1
27	27	6
117	118	1
103	103	4
36	36	6
141	143	1
88	88	5
144	147	1
6	23	2
125	134	1
1	1	3
81	81	3
111	120	3
101	102	2
113	116	2
66	66	1
62	62	3
73	73	3
103	106	3
57	67	1
107	109	1
30	30	2
148	148	6
43	43	2
118	119	2
13	19	1
132	137	1
158	158	1
72	72	4
49	54	1
37	38	5
18	34	1
79	148	1
67	71	1
121	135	1
17	17	4
111	111	4
118	118	6
77	80	1
94	114	1
7	35	2
90	93	1
37	37	2
125	141	1
11	11	3
150	150	5
4	4	5
70	70	5
3	4	3
38	52	1
36	37	2
94	94	2
16	16	2
42	42	1
120	150	1
12	13	2
99	99	3
114	114	6
90	90	6
101	136	1
38	38	3
155	155	1
68	69	3
129	129	3
26	27	2
99	132	1
3	127	1
105	121	1
90	91	2
9	157	1
28	29	1
45	68	1
114	115	3
110	111	2
24	24	6
30	71	1
18	18	5
6	6	1
45	45	4
50	50	1
10	116	1
70	91	1
125	133	1
93	93	4
41	41	5
51	51	2
129	157	1
120	142	2
85	85	7
43	44	1
125	125	5
34	34	3
142	158	2
121	147	1
105	114	1
68	68	3
121	121	4
105	105	7
1	2	1
112	113	3
136	136	4
106	106	3
69	69	4
0	0	5
131	132	1
86	86	5
16	18	2
121	133	1
24	91	4
86	88	2
24	107	1
5	7	2
57	63	1
133	134	2
14	34	2
114	151	1
123	150	2
66	133	2
87	89	1
134	134	5
91	91	2
62	72	1
26	26	3
135	137	1
149	149	2
40	52	1
141	141	5
10	10	3
63	63	2
143	151	1
65	90	2
4	14	1
23	24	4
8	8	4
44	44	4
77	84	3
49	49	7
71	72	1
27	43	4
28	33	1
17	18	1
136	142	2
78	78	2
98	99	2
69	71	2
156	156	4
123	124	3
1	12	1
124	126	2
97	98	2
72	143	1
100	100	4
24	72	2
104	104	5
127	143	1
149	150	1
79	150	2
77	83	3
88	95	2
121	122	3
116	117	2
34	125	3
20	20	3
1	144	1
145	145	3
28	28	4
33	33	3
125	126	1
154	155	3
127	127	3
86	89	1
110	113	1
70	84	1
82	82	4
13	14	2
130	131	3
100	101	1
124	124	3
17	40	1
130	158	1
41	50	1
103	121	1
42	43	1
25	47	1
10	11	1
110	115	1
14	15	1
4	25	2
77	81	1
9	39	1
33	35	1
157	157	7
45	66	1
139	139	6
56	71	1
86	104	2
23	23	3
144	145	4
130	130	2
81	82	2
92	139	1
77	77	2
149	157	2
138	138	1
65	67	1
105	106	2
126	144	1
17	19	1
79	109	1
12	12	5
71	71	4
112	132	1
98	98	4
127	140	1
135	146	1
20	94	1
155	158	1
92	129	1
25	28	3
50	52	3
142	142	3
110	156	1
140	140	2
118	122	1
93	94	1
39	39	3
128	128	1
44	148	2
31	31	4
118	139	1
117	119	1
52	52	6
63	64	3
105	117	1
128	130	1
153	154	4
78	79	1
36	49	1
116	116	4
50	53	1
122	143	1
31	56	1
101	101	5
82	83	2
80	144	1
90	111	1
88	112	1
78	82	2
16	19	1
7	9	1
34	39	2
21	143	2
35	35	4
11	12	1
151	151	3
108	109	1
22	23	2
124	139	1
31	62	1
126	127	1
109	129	1
61	61	1
132	132	2
22	22	4
113	132	2
77	79	1
63	68	2
25	25	3
1	29	1
28	31	1
82	92	1
0	19	2
19	19	2
135	135	1
123	127	1
114	116	2
75	75	2
51	52	1
152	152	3
54	56	1
56	68	2
3	3	2
129	152	1
110	127	1
4	5	1
42	153	1
84	85	2
77	82	2
51	55	1
29	29	1
67	67	4
144	144	3
135	141	1
107	111	1
155	156	2
38	148	2
5	5	3
6	53	1
107	120	1
9	9	4
9	11	1
122	146	1
49	64	1
56	56	1
63	72	1
22	28	1
127	129	3
137	137	5
139	140	3
26	44	1
84	93	1
122	123	3
39	40	3
44	45	1
2	5	1
129	135	2
87	87	1
40	40	1
31	32	1
77	78	4
92	94	2
63	78	1
127	145	1
90	98	1
71	90	2
52	57	1
42	45	1
84	84	2
134	157	1
131	156	1
88	146	1
8	46	1
51	81	1
80	80	3
0	1	1
43	134	1
88	89	2
153	153	2
104	142	1
70	85	1
104	105	1
10	97	1
123	123	3
120	135	1
119	119	3
147	147	2
102	105	1
57	57	2
46	46	3
140	141	1
95	96	1
129	130	1
8	9	5
86	87	1
9	10	3
82	86	1
12	14	3
91	149	1
27	32	1
152	153	1
2	6	2
41	42	2
120	121	1
21	21	5
140	142	1
71	76	1
106	107	1
3	121	1
96	119	1
124	125	1
133	148	1
3	29	2
108	110	2
51	152	1
53	53	1
20	21	1
71	89	1
32	32	1
79	94	1
5	149	1
133	137	1
10	150	1
78	85	1
116	120	1
117	151	1
34	37	2
110	158	1
31	34	1
40	41	3
147	148	3
137	140	1
98	112	2
30	54	1
112	112	1
33	130	1
134	138	1
113	136	1
76	80	1
23	73	2
92	92	1
50	51	3
97	97	2
33	88	1
1	3	1
113	138	1
126	142	1
45	51	1
2	2	2
15	15	1
133	133	2
70	76	1
42	44	1
137	151	1
31	70	1
1	46	1
109	113	1
147	157	2
6	52	1
34	35	1
84	89	1
52	54	1
99	104	1
5	23	1
115	116	1
85	95	1
141	154	2
74	74	1
92	116	1
39	88	1
89	89	1
48	48	2
69	70	1
64	67	1
65	65	1
96	98	1
85	92	1
141	144	2
32	40	1
131	131	1
96	97	1
13	13	1
46	47	1
26	45	1
14	17	1
15	16	1
145	146	1
28	30	1
110	155	1
127	128	1
13	15	3
40	51	1
18	19	1
122	122	1
7	8	1
3	20	1
97	141	1
86	120	1
31	36	1
9	90	1
27	155	1
53	65	1
118	120	1
1	4	1
128	157	1
109	109	1
137	138	1
23	25	1
113	114	1
46	53	1
87	91	1
138	148	1
128	129	2
17	21	1
23	65	2
96	96	1
112	158	1
16	20	1
121	141	1
101	151	1
129	158	1
45	47	1
80	94	1
141	142	1
49	50	1
