103	104	2
68	68	5
20	20	4
95	98	2
24	24	13
40	44	1
75	75	4
23	23	5
81	82	2
4	4	7
96	97	3
35	35	3
29	29	8
90	109	3
121	123	3
19	28	1
57	62	2
132	132	7
9	10	6
16	16	7
1	1	4
111	111	5
110	110	6
42	48	3
121	121	9
152	153	7
109	109	11
82	82	7
67	77	4
131	133	1
73	73	3
63	63	2
117	117	5
137	137	2
20	21	6
156	158	2
37	37	7
88	88	8
87	87	12
79	81	2
17	17	5
31	50	1
40	41	5
111	112	3
36	36	14
21	21	6
0	1	1
14	14	9
13	14	4
127	127	4
43	45	2
13	21	4
117	141	1
92	92	8
27	27	6
119	119	8
49	67	1
94	94	6
154	154	6
45	71	2
79	89	1
50	50	10
126	127	7
22	65	2
68	70	4
17	20	1
145	146	8
124	124	15
90	91	5
123	124	5
139	139	10
91	91	5
146	146	5
112	114	1
95	95	9
135	136	3
51	55	2
126	126	11
102	104	1
151	151	6
51	51	1
18	18	12
101	110	1
5	5	9
19	20	6
84	85	3
114	114	9
142	149	1
113	115	2
40	40	9
93	93	3
109	121	2
33	33	10
47	47	3
3	3	7
49	49	3
148	149	1
90	139	2
98	98	11
152	152	3
146	147	11
18	19	6
19	21	5
67	70	1
10	10	8
79	126	1
43	43	15
103	105	4
2	2	2
133	133	6
140	140	9
34	34	11
67	71	1
128	133	1
30	51	3
41	42	8
90	92	3
129	130	4
43	46	2
8	12	3
112	147	2
142	144	1
69	125	1
11	11	4
119	120	5
41	41	4
15	15	8
19	27	3
53	115	3
86	87	6
115	117	1
131	131	4
38	38	12
3	4	4
117	121	1
104	104	2
85	85	6
115	115	6
80	80	13
98	156	3
79	125	1
136	136	5
45	48	5
101	101	2
84	84	6
80	81	4
39	40	2
48	48	5
25	25	5
70	71	2
48	49	5
81	81	4
38	40	2
84	87	3
26	28	3
103	116	1
135	152	1
122	122	10
70	70	1
83	83	4
42	107	1
131	132	1
110	112	1
156	156	4
9	11	2
142	142	3
149	149	2
112	118	2
144	145	3
34	35	2
62	81	1
11	13	3
69	69	2
28	77	2
77	77	3
82	83	4
106	106	7
31	35	1
105	115	5
45	50	1
9	9	11
158	158	4
145	145	7
114	117	2
107	107	5
124	126	4
14	29	2
139	156	1
85	92	1
46	71	1
97	111	1
67	67	2
118	126	1
38	44	1
48	54	4
114	116	1
107	124	1
41	95	2
56	56	6
51	52	6
40	42	2
65	65	2
46	46	4
36	37	1
129	129	6
135	151	1
13	13	4
32	48	1
108	110	3
125	145	1
53	53	6
40	48	1
8	8	6
45	47	2
42	42	6
154	155	1
80	138	1
28	39	2
12	23	4
88	90	1
96	96	7
107	108	3
125	125	4
151	152	4
107	113	4
104	114	3
136	137	2
79	85	3
1	2	5
140	145	1
8	10	2
104	105	3
8	11	3
155	157	7
99	100	1
87	89	1
95	97	5
88	97	1
39	39	6
34	40	1
148	148	3
133	137	1
117	119	1
19	19	3
101	139	1
103	103	7
11	12	9
78	86	1
51	73	1
138	138	7
66	128	1
120	144	1
115	116	2
134	134	4
109	111	2
143	143	2
91	98	1
30	30	4
79	79	5
118	119	2
113	113	4
147	153	1
75	129	1
130	133	1
12	12	5
90	90	7
37	38	2
1	5	2
86	109	2
157	158	5
92	94	4
134	135	6
93	95	4
122	123	3
138	159	1
135	135	4
105	106	4
10	14	1
147	147	7
104	140	1
40	107	2
42	69	1
100	101	2
127	128	1
14	18	3
106	117	2
23	24	4
118	118	7
99	99	2
50	51	6
131	155	1
65	105	1
77	78	4
26	26	6
16	18	4
16	17	3
110	111	3
78	78	5
82	86	1
137	138	4
62	62	2
112	112	5
17	19	1
76	76	1
30	31	2
148	150	1
97	153	1
54	54	5
46	47	1
95	96	5
44	45	2
110	129	2
120	132	2
45	46	2
55	55	3
28	41	1
31	49	1
85	90	1
24	34	3
56	63	4
143	144	3
120	121	3
89	89	3
119	142	2
141	141	4
107	109	3
36	42	2
40	132	2
108	108	3
121	122	3
128	129	1
86	86	2
66	69	1
144	144	3
38	39	1
29	32	1
102	102	3
120	120	2
114	115	3
52	53	2
50	52	2
150	151	2
7	22	3
7	7	3
112	123	1
86	142	2
24	25	1
47	49	1
128	128	6
106	107	3
15	16	5
8	22	1
45	45	2
82	85	1
87	140	2
116	140	2
93	94	2
133	154	2
10	11	2
149	151	1
18	21	3
52	54	2
39	131	1
150	150	2
139	157	1
81	84	4
138	139	3
55	115	2
27	28	2
52	121	2
52	52	5
28	47	1
22	79	1
110	115	2
125	126	2
53	54	3
132	134	1
55	65	1
31	32	2
10	42	1
140	141	1
83	126	2
132	133	3
135	149	1
87	93	1
28	48	1
54	55	1
117	148	1
17	25	1
147	151	1
28	42	1
141	155	3
124	125	2
78	79	3
22	33	1
89	90	4
92	106	1
31	31	3
80	83	2
80	115	1
46	50	2
153	153	2
114	142	1
149	156	1
19	24	1
76	80	2
7	9	1
51	54	3
130	131	1
30	94	2
127	141	1
51	66	1
150	159	1
32	39	1
153	154	3
99	103	1
100	100	1
97	98	2
111	113	1
16	21	1
117	118	1
48	51	2
79	80	2
139	140	3
44	44	2
119	121	1
107	120	1
110	117	1
95	127	1
25	37	3
78	82	2
8	71	1
26	27	2
91	92	1
121	124	1
32	42	2
105	107	4
14	25	1
54	108	1
113	142	1
105	137	1
131	138	1
83	84	3
79	101	2
22	32	2
42	43	2
33	34	3
105	127	3
10	83	1
102	105	2
11	18	1
28	29	5
22	22	2
79	82	1
66	66	3
99	150	1
96	98	2
91	93	1
12	14	3
108	111	1
39	50	1
37	42	1
126	137	2
130	134	1
30	32	1
8	9	1
112	122	1
21	135	1
106	111	1
20	34	1
7	12	2
89	117	1
108	109	3
88	144	1
136	141	1
29	55	1
25	29	2
105	105	2
119	132	2
88	113	1
65	92	1
125	127	1
64	64	2
103	118	1
14	15	2
63	64	2
138	140	1
11	14	1
94	96	2
136	142	2
81	129	1
157	157	2
103	133	1
33	40	2
70	78	1
12	43	1
30	40	1
30	114	1
98	99	1
29	51	1
106	112	1
89	96	2
94	95	2
13	23	1
85	91	1
152	154	1
49	51	1
94	98	1
40	46	1
83	85	1
116	116	3
115	136	1
97	97	2
117	128	1
140	158	1
67	72	1
118	120	1
66	67	1
117	142	1
26	43	1
33	41	1
44	73	1
135	137	1
108	120	1
80	129	1
147	149	1
6	6	2
115	118	1
70	106	1
123	125	1
32	32	4
112	113	2
12	16	1
88	89	1
84	92	1
130	130	1
22	25	1
77	81	1
137	139	1
46	67	1
92	99	1
112	136	1
11	81	1
94	102	1
10	13	1
39	94	1
12	28	1
41	51	1
71	71	1
21	40	1
116	127	1
90	123	1
25	26	1
45	73	1
84	126	1
42	47	1
104	134	1
29	30	1
64	67	1
21	28	1
85	87	1
87	97	1
116	117	1
40	79	2
4	8	2
117	136	1
102	126	1
145	157	1
101	148	1
87	88	1
85	89	1
21	22	1
101	114	1
31	48	1
33	35	1
43	71	2
119	124	1
54	116	1
11	17	1
