75	76	1
107	107	5
81	81	1
82	84	2
99	99	4
90	91	3
68	73	1
88	88	4
91	91	8
77	105	3
32	72	1
97	102	1
60	60	2
58	72	3
110	110	5
55	57	2
73	73	7
86	87	2
27	27	5
86	88	1
101	108	2
56	56	3
105	105	5
65	65	4
106	106	6
76	76	1
54	57	4
55	56	2
45	79	1
111	112	2
80	102	1
62	68	1
22	74	1
25	34	2
58	59	2
70	70	4
32	66	1
67	67	3
57	70	2
101	101	2
23	24	1
95	98	3
101	103	2
104	104	6
91	94	2
61	61	8
66	67	6
38	38	4
88	104	2
106	107	4
37	37	2
84	85	4
105	106	3
98	98	6
51	52	2
85	87	2
34	35	3
48	48	2
80	95	1
49	50	2
39	39	3
103	104	7
86	86	1
81	83	1
59	59	7
32	35	2
87	88	3
69	69	4
78	85	1
35	36	1
86	89	3
82	98	1
68	69	2
38	39	4
89	89	12
35	35	5
41	41	2
93	94	1
79	83	2
33	69	1
51	51	2
103	103	1
39	103	3
63	64	7
98	102	1
81	85	3
105	107	4
24	24	5
59	61	3
62	71	1
57	58	2
21	22	2
83	90	1
39	40	2
69	107	1
53	53	1
66	68	3
21	21	2
102	102	6
60	73	1
43	43	1
75	75	3
94	108	2
26	44	2
81	82	2
93	93	5
93	112	4
45	48	1
37	38	5
100	103	2
49	49	4
72	74	1
43	111	1
97	97	2
100	101	2
85	90	1
34	36	4
72	73	3
22	24	1
26	26	1
69	70	4
88	89	2
25	30	2
82	91	1
103	106	2
27	109	1
50	50	1
104	107	1
97	98	1
47	48	4
36	102	1
71	71	6
65	69	2
25	25	2
62	64	1
94	100	2
61	62	2
104	108	1
19	55	1
40	41	2
73	76	1
64	66	2
96	96	2
20	20	2
91	98	1
114	115	1
111	111	3
87	87	1
72	72	3
82	82	2
55	55	2
113	113	5
109	109	6
79	79	4
89	90	2
41	42	1
33	34	1
88	91	1
23	28	2
31	32	1
71	73	1
37	91	1
64	64	4
80	80	8
42	43	4
25	29	1
68	68	5
60	61	4
113	114	1
34	70	1
45	46	1
32	32	2
62	62	2
102	103	3
70	71	3
22	22	2
85	85	5
30	30	2
31	31	1
87	93	2
77	78	5
52	58	2
66	66	1
38	99	1
26	42	1
22	28	1
84	84	1
33	41	1
59	60	4
78	105	1
46	103	1
79	95	2
62	63	1
26	46	1
83	84	2
108	108	1
95	95	2
45	45	2
33	51	1
57	57	1
35	106	1
114	114	6
78	79	1
92	94	2
32	60	1
44	111	1
74	75	1
87	90	2
45	103	1
77	77	2
22	25	2
29	29	2
103	109	1
24	53	1
67	69	2
77	90	3
47	77	1
42	42	2
63	63	4
78	98	1
50	74	1
19	19	1
74	74	2
36	36	2
56	67	1
85	97	1
64	69	3
50	51	1
28	28	3
34	41	3
74	89	1
82	108	1
49	51	1
60	70	1
33	38	1
35	40	1
42	77	1
32	34	2
65	68	1
96	97	2
78	80	1
59	72	1
95	105	1
63	66	1
65	78	1
80	81	1
109	110	1
62	65	1
73	74	1
82	93	2
76	106	1
94	94	2
84	86	1
87	94	2
46	99	3
36	38	1
97	103	1
85	86	1
47	49	1
81	107	1
34	40	1
83	91	1
46	46	1
50	113	1
67	78	1
54	54	1
80	82	1
112	112	1
77	104	1
30	101	1
103	108	1
24	74	1
32	102	1
93	109	1
54	56	1
33	33	1
81	88	1
111	113	1
74	77	1
34	90	1
40	103	1
76	77	1
89	91	1
75	77	1
107	111	1
83	83	1
43	44	1
24	30	1
44	44	1
28	54	1
43	91	1
65	76	1
