39	39	5
19	32	2
11	11	8
19	19	8
36	36	4
40	41	4
16	16	7
50	50	12
24	24	4
51	51	8
1	16	1
11	12	1
43	43	6
12	31	1
8	15	2
52	54	1
32	35	1
57	57	8
49	49	12
15	15	10
2	2	6
56	56	7
34	34	8
48	48	13
11	51	2
2	3	2
14	15	5
31	32	5
17	17	7
20	20	1
37	42	1
8	8	7
30	30	4
34	35	3
15	29	1
32	32	5
11	13	3
19	21	1
44	44	6
38	38	6
0	0	2
33	38	2
3	3	7
55	56	3
9	10	2
14	14	3
4	4	6
57	58	2
45	46	1
13	15	2
2	5	1
23	23	3
22	22	2
6	6	6
31	31	3
55	57	1
12	12	4
49	52	1
38	39	3
40	40	9
33	33	5
37	37	1
56	57	2
3	4	2
13	13	8
21	29	2
7	7	3
32	33	6
5	5	2
12	32	1
18	22	1
43	48	1
6	7	1
10	10	11
0	22	1
1	34	1
41	41	4
20	24	2
22	23	2
31	35	1
39	46	1
47	51	1
13	14	2
53	53	4
29	31	1
46	46	4
58	58	2
46	47	3
33	51	2
47	47	1
18	18	3
29	29	6
15	17	2
35	35	5
15	33	1
28	29	3
31	34	2
17	18	2
47	50	1
23	38	1
42	42	3
42	44	3
37	38	1
10	33	1
33	34	3
16	17	1
36	37	2
7	37	1
55	55	5
30	32	1
19	40	1
9	11	1
18	19	2
3	50	1
29	40	1
1	2	3
9	9	6
54	57	1
33	35	2
35	56	1
52	52	3
54	54	4
39	40	2
45	45	3
5	15	1
59	59	1
19	34	1
51	56	2
19	37	1
15	16	5
2	48	2
31	57	2
2	15	1
49	50	1
12	38	1
28	28	4
0	2	1
50	51	2
1	1	4
41	42	2
9	50	1
48	51	1
19	51	1
40	42	1
58	59	2
35	36	1
1	4	1
16	19	1
46	51	1
2	31	1
35	39	1
52	55	1
18	59	1
5	6	1
12	15	1
9	12	1
43	44	1
30	31	1
50	55	2
1	5	1
