41	52	8
36	36	8
56	57	2
16	17	9
14	14	20
33	34	2
13	13	6
32	32	3
48	48	13
4	4	17
46	46	7
44	44	17
34	38	12
5	5	16
6	6	20
31	32	5
15	16	7
41	41	16
12	12	14
23	23	5
18	18	22
33	33	4
10	10	12
2	48	3
47	47	15
13	39	5
43	44	2
19	19	5
24	24	7
40	40	13
8	8	11
45	45	4
17	17	13
34	34	11
5	53	5
38	38	13
54	54	6
19	21	8
22	22	1
48	49	3
52	52	5
35	35	14
56	56	8
2	2	11
29	29	5
11	11	4
10	11	3
15	52	2
30	34	3
18	49	3
4	5	5
3	3	9
19	50	2
55	56	2
39	52	3
42	42	4
13	14	5
11	12	2
36	51	6
7	7	6
49	49	12
15	15	6
14	17	3
39	39	10
13	34	4
45	46	4
55	55	12
17	18	12
16	16	14
0	1	1
30	32	2
8	17	1
38	53	1
36	52	1
43	43	3
41	51	1
19	22	2
18	43	4
53	53	6
0	15	1
23	24	2
21	21	6
19	20	2
57	57	5
1	3	2
59	59	3
7	24	1
5	10	2
42	50	1
0	0	1
6	53	4
50	50	1
30	30	2
50	51	1
3	13	3
31	31	2
7	19	2
28	31	1
36	56	1
54	57	2
15	17	2
41	50	2
35	36	2
14	51	1
34	50	2
30	55	2
14	15	3
1	2	1
52	53	1
28	29	2
17	44	3
51	51	1
11	45	1
14	50	2
9	9	1
39	40	1
28	28	2
20	22	1
46	47	1
51	52	2
21	34	2
20	21	2
0	12	3
18	19	4
11	13	2
15	49	2
38	39	2
53	54	1
19	33	1
1	1	1
7	12	1
58	58	1
