21	22	3
59	59	6
13	13	12
54	55	1
12	20	1
73	73	3
49	49	4
6	6	2
22	22	10
38	39	5
72	76	2
33	34	2
30	30	3
3	3	8
53	54	2
28	29	2
72	74	1
43	43	4
9	9	14
46	46	14
40	58	1
38	59	2
27	29	3
45	45	3
19	19	3
68	68	6
7	8	3
20	20	5
72	73	3
63	65	2
75	75	7
27	28	4
68	69	6
13	14	1
12	12	2
21	21	8
58	58	4
62	63	1
22	23	5
5	6	3
35	37	1
43	61	1
7	24	1
76	77	2
7	7	6
0	1	4
4	5	1
60	60	3
57	57	6
24	24	5
75	76	2
10	14	1
2	2	3
64	65	2
27	27	4
69	69	5
50	50	4
5	5	5
73	74	3
45	46	3
11	54	1
42	58	1
65	65	3
30	31	7
2	77	1
71	71	4
63	63	4
25	25	7
58	60	1
59	60	2
10	10	6
29	31	2
33	55	2
46	58	1
46	66	1
12	51	2
42	42	3
24	25	5
8	8	11
5	68	1
44	45	3
44	44	5
39	59	2
51	53	2
66	66	1
41	54	2
73	76	1
53	53	6
43	56	1
1	1	6
70	71	3
54	66	1
74	75	2
66	69	2
41	53	6
46	55	1
52	56	1
72	77	1
76	76	2
62	64	2
52	52	2
51	73	2
48	48	6
61	63	2
55	66	2
13	20	1
29	29	3
51	51	2
47	48	2
4	4	5
28	36	2
28	28	3
25	26	5
8	11	2
25	34	1
11	22	2
11	11	1
0	0	3
23	23	2
3	4	3
8	9	4
74	74	6
33	64	2
34	34	4
41	59	3
12	13	5
20	21	3
31	31	4
35	38	3
73	75	1
74	77	1
6	7	3
54	54	3
47	58	1
40	40	5
56	56	2
2	3	2
32	63	1
36	38	2
62	62	6
24	35	1
9	14	1
52	53	2
24	28	1
29	33	1
1	2	3
61	61	4
4	67	1
43	44	4
11	12	2
8	10	1
14	14	2
8	64	1
57	58	3
26	26	2
67	67	4
66	67	1
35	35	1
2	9	1
4	14	1
51	57	1
48	52	1
24	30	2
42	59	1
47	57	1
25	27	1
72	72	1
39	41	1
23	24	1
43	58	1
34	55	1
18	19	1
18	18	1
39	42	3
38	38	1
43	55	2
6	59	1
38	58	2
19	21	1
21	26	1
47	47	1
10	12	1
48	50	1
14	22	1
36	37	3
47	49	2
20	39	1
60	61	1
59	61	1
70	70	1
29	42	2
26	27	1
46	56	1
36	36	2
9	12	1
3	8	2
49	51	1
47	68	1
3	6	1
3	9	1
58	59	1
29	30	2
61	62	1
77	77	2
34	56	1
35	36	1
4	7	1
33	33	1
41	55	1
19	20	1
