111	111	11
52	53	14
74	74	14
93	93	28
94	94	23
4	4	27
30	30	5
60	61	11
3	3	11
112	112	18
59	59	36
92	119	3
28	28	15
61	61	15
78	78	19
70	70	21
56	126	1
126	127	19
100	100	19
57	57	10
121	121	26
76	77	7
97	97	22
128	128	7
102	102	23
97	123	5
85	86	6
109	110	16
2	2	12
21	22	4
100	102	2
25	26	3
61	62	4
24	24	30
44	44	17
105	119	1
73	73	20
5	5	19
72	72	19
109	119	3
111	112	9
125	125	23
52	52	13
116	116	29
68	85	1
15	15	9
113	120	3
53	53	12
17	19	2
88	88	9
108	108	6
11	11	8
19	19	3
1	1	9
113	113	36
35	37	3
124	125	14
87	87	22
80	80	9
22	23	3
81	81	14
62	62	9
86	87	9
16	16	8
60	63	8
10	16	2
79	81	9
7	7	7
13	13	10
50	52	9
108	114	6
76	76	18
37	37	8
128	134	2
34	34	16
64	64	16
60	60	32
23	25	11
84	84	8
91	92	6
6	7	9
91	91	17
122	122	21
58	58	10
104	105	4
95	95	15
68	68	20
106	106	25
119	119	21
72	80	6
96	102	1
80	85	2
114	116	11
94	95	23
128	131	6
43	43	9
134	134	24
98	98	14
103	104	6
118	119	5
19	21	6
110	110	16
67	68	7
91	110	1
90	90	21
10	12	4
54	56	1
101	101	25
31	31	8
91	123	4
10	10	11
26	26	29
85	85	10
24	43	2
120	120	27
111	113	9
89	89	10
123	123	20
48	48	1
99	99	30
79	87	8
119	121	3
83	83	12
21	21	15
117	117	13
108	110	2
116	119	3
12	12	13
99	102	4
23	23	12
54	55	2
72	82	3
29	29	9
56	56	5
132	132	3
70	133	4
73	74	13
62	64	11
25	25	15
130	131	13
105	105	28
0	0	5
48	52	3
12	30	4
80	82	3
65	67	3
49	50	2
14	15	3
79	82	4
20	43	5
93	94	5
22	53	3
92	118	2
29	30	2
79	79	14
50	50	33
53	54	2
71	72	10
96	96	22
104	104	14
75	75	24
18	18	11
52	93	5
107	107	6
36	36	4
25	30	3
114	114	28
96	105	3
126	126	18
14	14	17
119	120	9
86	114	3
44	47	1
63	70	2
71	71	39
24	30	3
9	9	1
13	16	6
127	127	20
131	131	9
114	115	20
7	9	3
3	15	8
24	25	4
35	35	6
128	129	10
100	101	6
79	80	3
45	46	2
60	64	2
115	116	15
28	32	4
27	27	17
47	50	1
49	54	2
120	121	8
69	69	20
106	115	8
65	66	16
88	90	4
108	109	9
9	10	7
103	103	12
96	100	5
6	6	16
25	43	2
33	33	7
28	29	2
92	117	6
22	22	9
86	86	7
48	116	2
96	123	2
63	65	4
92	92	21
71	76	10
78	87	2
66	70	7
98	123	3
112	116	4
6	9	7
64	117	3
79	86	2
108	111	1
90	124	2
124	126	7
66	67	4
11	12	2
20	57	3
65	65	12
22	50	4
81	82	1
63	63	5
8	8	3
67	67	3
14	32	1
121	122	3
21	25	2
10	11	4
45	45	8
89	105	2
3	5	3
91	93	3
125	126	6
113	115	2
77	77	13
124	124	26
36	38	4
106	119	2
8	10	1
74	75	5
61	63	2
87	88	5
21	43	3
89	102	2
92	120	1
77	78	8
88	115	4
54	54	7
80	105	2
115	115	19
72	73	6
4	28	1
103	126	2
31	32	10
66	66	7
46	46	2
26	30	1
69	81	1
17	62	2
85	113	2
17	18	1
59	63	1
59	60	3
16	17	4
99	104	2
49	75	4
95	98	1
55	55	3
15	46	2
71	80	3
31	33	5
25	95	1
34	44	5
56	59	1
127	128	4
33	77	4
83	88	2
78	79	1
61	65	4
95	96	3
90	91	2
13	31	2
92	114	2
20	20	6
111	120	2
27	28	5
0	1	3
122	123	6
27	29	2
48	49	2
77	87	5
106	109	3
101	102	9
82	109	3
85	97	4
69	70	7
82	82	14
112	114	4
87	114	2
80	81	3
135	135	6
36	79	3
118	118	5
60	67	1
96	97	6
43	44	5
105	106	9
23	43	3
130	130	3
64	65	8
120	123	5
121	126	1
70	71	3
133	133	7
129	132	2
98	124	5
79	88	1
46	48	1
33	34	4
8	11	6
21	23	2
29	99	2
125	127	5
56	60	5
97	98	4
13	14	3
88	106	4
24	94	1
96	99	1
42	42	4
71	77	1
105	114	5
123	124	5
15	59	4
16	56	1
117	119	4
50	63	2
110	111	4
32	34	2
60	70	3
122	125	2
90	102	2
87	115	2
80	87	1
53	80	2
127	129	3
89	128	3
69	71	1
65	69	1
116	117	4
106	110	2
99	100	2
42	43	4
129	129	2
117	118	4
16	93	2
89	90	6
16	18	1
83	84	1
27	47	2
82	83	3
82	87	3
88	89	2
15	57	6
129	130	4
69	77	1
55	61	1
81	88	5
23	24	7
21	52	3
71	81	3
79	105	3
133	134	2
105	109	2
88	134	2
94	124	1
72	87	3
72	74	1
102	125	1
6	8	1
72	81	2
108	115	2
25	29	5
92	93	2
63	80	1
112	113	1
23	29	2
20	54	2
47	47	6
107	108	1
62	63	2
56	58	2
47	71	1
61	117	3
29	32	1
16	61	1
32	32	2
58	59	2
90	97	2
17	17	6
54	64	1
19	57	1
113	114	2
130	132	3
98	105	1
134	135	1
64	79	1
67	69	5
93	95	2
45	77	5
54	63	1
4	10	1
78	80	2
53	85	1
104	121	1
22	52	1
4	5	1
52	63	1
96	98	1
132	133	1
18	62	2
120	122	1
30	31	1
62	65	2
18	19	1
102	103	1
69	93	1
78	83	4
56	57	2
15	16	1
112	121	3
26	33	1
46	66	2
51	51	1
83	109	2
14	34	1
75	81	1
115	117	2
2	4	1
109	109	2
54	78	1
75	76	1
79	107	1
27	76	2
58	60	2
92	116	1
50	79	1
63	78	1
91	112	2
105	111	2
93	103	1
49	53	1
73	93	1
0	2	1
