14	14	7
30	30	5
49	50	2
58	58	5
65	66	3
62	63	2
73	73	5
12	15	1
68	68	8
60	60	11
11	12	1
53	53	7
27	27	9
21	33	1
47	48	2
3	3	5
69	69	5
8	17	2
49	49	9
62	62	4
52	53	4
55	55	13
38	60	1
58	60	2
28	28	7
48	48	9
33	33	5
51	51	10
45	61	4
64	64	5
1	1	5
2	2	10
15	15	4
9	75	1
39	39	6
48	54	1
35	35	8
59	59	6
8	10	1
5	5	7
70	70	7
12	12	7
17	18	2
16	16	6
46	57	4
14	20	1
9	11	3
38	38	5
64	65	1
6	6	9
44	45	1
19	20	2
0	0	5
11	13	1
66	66	10
56	56	13
57	57	12
41	56	3
32	32	7
32	33	3
52	52	11
19	19	6
60	65	1
26	26	2
29	29	11
1	40	1
58	59	3
57	64	1
54	54	4
46	47	3
31	72	3
14	50	2
62	66	5
33	49	1
46	46	4
15	42	3
18	18	2
8	8	6
10	21	1
41	41	7
69	70	7
55	56	9
51	53	4
13	13	3
4	4	2
9	10	5
9	49	2
42	42	6
40	40	2
30	48	1
35	36	1
31	31	5
27	36	3
11	50	1
46	63	1
10	13	1
34	34	4
50	50	3
37	37	3
71	71	4
45	60	1
68	69	3
16	26	1
2	45	1
45	45	5
11	15	2
61	61	2
45	59	1
47	47	6
18	19	1
10	10	5
36	36	4
54	55	3
31	53	3
51	69	3
52	67	1
37	59	2
50	53	1
46	56	1
25	52	1
11	11	2
68	70	4
60	61	2
21	21	2
74	74	3
59	62	1
30	33	6
7	8	1
52	66	3
66	68	3
29	30	2
54	65	1
79	79	2
8	9	1
16	17	1
46	61	1
7	7	2
10	12	3
51	52	3
76	76	4
25	26	3
66	67	3
61	62	2
19	56	2
25	25	4
42	43	1
65	65	5
17	19	1
59	60	6
9	14	1
9	12	1
80	80	6
20	20	3
41	42	1
27	42	1
13	14	2
63	70	1
21	22	1
38	39	2
38	40	1
61	74	1
28	72	1
42	57	1
67	71	2
78	78	8
74	75	1
12	14	2
28	29	1
63	63	5
50	52	2
67	67	5
42	75	1
67	68	6
70	71	4
26	31	2
20	21	1
56	57	3
32	34	1
71	72	1
30	31	2
48	65	1
27	28	3
60	74	1
63	64	1
51	68	1
37	40	1
75	75	3
44	44	1
33	34	2
5	6	1
12	13	2
58	61	1
14	21	1
67	69	1
50	51	1
48	68	1
76	77	2
14	31	1
29	34	1
11	48	1
31	32	1
9	9	2
26	42	1
47	65	1
10	11	2
54	64	2
9	15	1
72	72	2
53	65	1
48	49	1
35	47	1
53	56	1
46	62	1
47	55	1
56	60	1
2	3	2
75	76	1
3	5	1
53	68	1
55	65	1
27	57	1
45	46	1
77	77	1
77	78	1
25	36	1
49	52	1
30	49	1
