24	26	1
109	112	2
121	122	8
25	26	2
48	48	3
18	18	8
85	86	4
46	46	10
11	12	6
67	67	9
131	136	1
55	55	11
53	54	3
99	101	2
76	84	1
22	22	11
15	15	4
40	41	5
73	74	2
70	70	5
65	76	1
118	118	3
31	31	14
139	144	2
102	128	1
40	117	2
13	13	4
137	148	1
82	82	5
27	27	4
13	16	2
132	132	5
43	44	3
125	129	1
142	147	3
100	102	1
30	49	1
53	53	7
75	76	4
139	139	5
64	65	3
135	135	5
67	68	4
106	106	4
138	139	3
32	32	11
64	64	3
38	38	8
34	38	3
114	114	4
146	146	2
63	63	10
65	66	6
24	24	16
54	57	1
36	36	9
120	121	3
122	122	8
77	78	6
50	50	9
123	123	7
106	107	5
104	104	9
62	62	5
134	136	1
71	71	6
137	137	7
138	138	3
69	75	2
65	69	1
97	97	7
6	6	16
41	41	10
100	132	3
153	153	6
40	40	8
44	44	7
14	16	1
115	120	1
73	73	9
135	148	1
22	23	4
120	120	4
110	113	5
74	74	7
29	29	7
108	108	9
99	99	9
19	19	12
9	9	5
121	127	1
39	40	3
113	114	1
25	29	1
109	129	1
145	146	2
26	29	1
3	3	3
31	32	7
100	128	3
81	83	2
116	117	3
10	11	1
151	151	5
76	79	1
63	71	1
92	93	1
66	66	5
90	90	2
47	48	7
109	117	1
53	118	1
80	80	11
129	129	3
87	87	8
79	80	1
14	14	7
14	17	1
111	111	4
7	8	5
65	67	1
33	34	6
136	151	2
86	86	9
112	112	3
26	26	5
50	51	5
105	105	9
21	21	15
16	130	1
75	78	1
149	149	5
131	131	2
69	70	5
78	78	5
87	123	2
39	39	5
62	65	2
93	94	5
98	98	5
116	120	1
151	152	2
17	19	2
37	37	3
73	96	2
141	141	5
102	102	7
47	54	2
72	72	1
56	56	7
131	150	1
3	6	1
119	121	1
42	43	3
116	119	1
118	119	1
68	69	4
10	13	2
100	100	9
142	142	4
64	85	4
72	76	1
130	130	10
69	69	6
130	131	1
16	16	8
77	77	5
75	75	6
34	35	5
8	9	6
84	86	1
36	37	1
17	17	12
141	142	4
75	77	2
57	57	2
47	47	4
134	138	1
33	33	6
25	25	2
20	22	2
83	83	4
126	127	3
46	53	2
85	85	3
70	78	1
6	8	1
148	149	1
125	125	2
117	118	3
14	28	1
39	45	1
8	8	6
63	84	2
94	95	6
148	152	1
43	45	1
23	26	2
147	148	5
36	147	3
12	12	7
16	132	1
121	128	3
87	96	1
67	70	1
109	109	4
89	89	1
92	92	6
127	128	5
48	53	1
139	145	1
51	56	1
93	95	2
21	25	1
18	19	4
94	98	1
99	100	2
80	93	1
113	113	9
126	128	1
138	152	1
74	78	2
95	99	2
98	99	4
54	87	1
52	52	2
115	118	1
73	130	1
39	144	1
20	20	4
92	104	1
58	58	1
10	10	1
23	23	5
23	25	1
78	80	3
10	14	1
110	112	2
120	152	1
49	51	2
127	127	4
82	83	3
54	54	3
11	15	1
7	10	1
101	112	2
41	54	1
84	84	4
21	22	7
101	101	5
85	93	1
27	66	1
148	148	2
41	43	2
128	128	9
150	150	3
20	21	3
89	92	2
17	28	2
105	143	1
41	42	3
122	132	1
42	44	1
67	81	1
19	102	1
55	56	4
133	142	2
152	152	2
111	113	1
140	143	2
56	139	1
4	4	8
34	34	9
69	93	1
3	4	2
62	84	1
40	96	1
116	151	1
22	148	1
149	150	2
20	23	1
115	116	4
90	124	1
125	127	1
110	110	5
21	101	2
131	132	1
19	20	1
49	57	1
81	82	1
107	115	1
105	106	3
135	136	1
24	38	1
68	68	3
27	28	4
19	40	2
130	139	1
2	6	1
38	80	1
120	125	1
30	32	1
12	15	1
9	35	1
78	79	5
24	25	1
93	99	1
154	154	3
63	75	1
130	133	4
126	130	1
145	145	3
34	37	2
28	29	2
81	84	1
147	147	6
16	18	1
121	129	3
35	35	6
118	149	1
106	108	2
11	11	3
18	20	3
134	137	1
5	5	9
70	71	2
76	77	2
87	89	1
105	145	1
33	83	1
25	31	1
21	30	1
94	96	1
14	15	5
28	28	5
122	125	1
64	66	1
136	138	1
102	103	1
51	52	1
118	122	1
34	90	1
109	110	1
20	102	1
128	130	2
132	135	3
127	135	2
93	93	4
50	67	1
9	10	1
66	90	1
45	46	2
47	53	3
29	30	2
133	134	1
19	100	1
121	121	3
79	97	1
67	71	1
107	107	5
96	97	4
124	124	4
136	136	4
41	44	3
135	138	2
5	6	5
64	71	2
62	64	1
65	82	1
86	87	1
13	14	1
86	132	1
62	63	1
49	50	2
16	17	3
124	126	2
83	84	2
38	41	1
105	114	2
108	111	1
30	30	5
95	97	1
88	94	2
53	119	1
120	153	1
122	127	1
13	103	1
76	76	4
56	62	2
134	153	1
86	93	1
56	57	1
42	42	3
89	99	1
117	117	2
69	87	1
146	148	2
2	7	1
78	81	1
116	116	3
116	122	2
95	95	3
133	133	2
103	103	4
79	96	2
74	75	1
4	5	1
73	75	3
32	33	3
61	61	1
80	94	1
22	24	1
7	7	6
16	19	1
123	124	1
129	146	2
79	79	3
70	72	1
28	32	1
119	119	2
110	111	2
21	23	2
45	45	3
53	85	1
142	143	1
48	50	1
46	47	2
77	80	1
113	115	2
14	39	1
136	137	1
95	96	3
144	145	2
100	130	1
62	86	1
23	131	1
88	88	1
129	130	2
109	128	1
132	152	1
45	50	1
48	49	1
80	81	4
6	27	1
94	94	2
111	112	3
143	143	2
52	54	1
41	46	1
51	51	4
139	140	2
8	10	1
87	88	2
17	18	2
4	36	1
22	144	1
143	144	3
13	15	1
54	55	2
23	24	1
26	42	2
104	114	2
63	86	1
29	32	1
122	124	1
11	18	1
103	107	1
81	81	2
115	115	2
24	48	1
21	100	1
22	105	1
11	17	1
124	125	1
4	26	1
21	29	1
101	102	2
90	93	2
28	33	1
120	124	1
88	92	1
15	17	1
140	142	2
18	29	2
77	79	1
4	34	1
87	93	1
108	114	1
78	86	1
17	47	1
97	98	1
37	40	1
72	77	1
29	63	1
5	27	2
49	49	1
30	34	1
38	39	1
127	147	1
108	113	1
39	41	3
107	109	1
122	130	1
24	87	1
135	147	1
27	29	1
89	90	1
34	36	1
96	100	1
105	110	1
125	131	1
48	52	1
131	139	1
33	35	1
70	80	1
44	45	1
72	73	1
19	34	1
70	153	1
26	27	1
84	112	1
130	136	1
54	56	1
123	154	1
113	153	1
4	10	1
107	112	1
72	75	1
65	65	2
123	125	1
127	149	1
71	74	1
48	51	1
46	48	1
75	81	1
96	96	2
29	86	1
107	108	1
140	141	1
138	141	1
57	58	1
10	17	1
35	36	1
45	100	1
36	45	1
46	51	1
12	39	1
70	76	1
10	21	1
25	79	1
51	87	1
46	49	1
63	72	1
132	133	1
2	3	1
6	14	1
84	85	1
