47	47	3
29	29	8
78	79	2
63	64	4
81	81	5
52	52	6
85	86	4
37	86	1
36	37	1
95	96	3
67	67	5
97	97	7
42	43	5
77	77	4
51	52	3
64	64	7
92	94	7
82	84	3
88	88	6
59	59	7
50	52	1
34	34	2
20	20	4
37	76	1
79	79	5
98	98	5
80	80	4
90	91	1
61	63	1
79	83	1
37	38	2
79	80	3
47	48	5
61	61	6
65	65	2
33	58	2
50	51	2
51	51	10
32	32	4
71	77	5
31	31	3
46	83	2
42	46	1
58	58	4
59	101	1
56	56	8
48	54	2
102	102	2
50	53	1
39	39	5
66	82	1
70	70	3
68	68	7
54	54	1
105	105	2
69	91	2
28	61	3
45	45	1
62	63	1
60	82	3
62	64	3
23	24	2
27	41	1
64	68	3
38	38	8
87	88	2
93	103	1
49	87	1
60	60	7
100	100	4
93	96	1
89	90	3
31	49	3
103	103	5
96	97	3
40	42	1
82	82	6
35	35	7
99	99	3
20	21	2
55	56	3
29	33	3
84	85	7
70	71	3
47	87	1
23	62	1
83	107	1
83	85	1
42	47	1
24	43	1
89	97	1
23	23	3
73	73	4
61	62	5
97	98	5
24	25	3
41	83	1
104	104	6
40	45	2
90	90	2
46	47	4
84	84	4
71	76	1
41	41	1
72	72	2
55	55	3
22	22	1
45	57	2
61	88	1
43	43	4
85	85	5
86	86	5
75	75	5
22	26	1
53	96	1
35	104	1
33	33	7
30	30	7
37	37	6
41	43	1
43	90	1
59	106	1
50	50	11
76	76	4
29	30	7
83	84	2
82	88	3
77	102	1
79	81	5
57	88	1
71	71	3
30	60	1
47	78	1
96	99	2
24	74	1
46	97	2
93	94	1
26	26	1
36	36	2
57	81	2
77	97	1
66	66	6
69	69	2
37	49	1
26	28	1
25	25	5
49	99	1
29	43	2
96	96	2
92	92	3
67	103	2
28	28	2
65	69	1
78	87	2
22	25	2
68	69	3
29	31	2
81	106	1
58	59	1
75	76	3
91	91	3
94	94	2
83	83	1
44	44	1
106	107	2
53	53	3
44	45	1
47	49	3
53	54	1
91	92	1
62	62	4
42	44	1
52	53	1
46	46	3
32	77	1
73	75	2
78	88	1
45	46	2
92	93	1
40	41	1
72	97	2
106	106	1
104	105	1
74	74	4
45	59	1
71	72	2
76	77	1
69	71	1
94	106	1
102	104	1
23	43	1
21	21	2
80	81	1
38	39	2
27	27	2
95	97	1
49	97	1
85	88	1
95	95	1
71	73	1
32	33	2
54	55	2
72	101	1
74	75	2
53	101	2
100	102	1
42	71	1
72	77	1
25	44	1
59	95	1
60	61	1
59	77	1
24	62	1
59	60	1
101	104	1
25	65	1
82	83	1
52	58	1
48	79	1
28	29	1
81	83	1
90	99	1
44	47	2
101	101	1
98	99	2
99	105	1
42	42	1
40	40	1
76	81	1
48	48	1
43	45	1
31	35	1
26	27	1
57	61	1
25	26	1
56	57	1
72	73	1
86	87	1
