92	101	6
102	102	7
58	60	3
21	21	4
43	43	19
96	97	5
110	110	1
73	82	2
64	65	11
107	107	10
52	52	5
55	57	2
61	63	5
54	55	2
73	113	2
96	96	4
48	49	7
81	81	8
92	102	1
56	56	13
107	108	2
93	93	8
63	63	3
109	109	8
61	61	5
79	101	3
54	61	2
77	77	7
31	46	6
60	72	1
67	67	5
50	50	7
46	48	3
70	71	9
38	38	8
44	44	16
92	92	3
112	112	7
39	39	15
66	67	5
81	82	5
34	34	11
41	41	5
30	31	9
26	27	2
37	39	3
115	115	1
89	89	7
73	100	4
32	32	9
79	98	2
100	100	13
83	84	8
82	92	3
74	76	3
99	99	8
82	84	8
76	102	5
31	34	1
70	74	4
101	101	6
79	86	3
62	62	10
95	95	2
72	72	3
106	106	15
88	88	9
113	113	8
51	51	10
74	74	7
36	39	7
28	28	4
81	84	6
58	59	8
98	98	8
40	40	11
83	83	5
33	33	16
79	79	4
75	75	6
78	78	11
93	95	2
36	72	4
57	61	3
97	98	3
46	73	3
80	92	1
25	25	2
76	76	5
20	20	7
72	73	3
69	70	5
71	78	3
111	111	10
55	55	5
75	76	3
64	64	6
97	109	4
49	49	6
94	97	2
98	99	6
45	45	10
81	83	2
103	103	3
31	31	8
26	43	2
69	69	7
61	74	4
70	70	7
80	86	3
94	98	1
104	104	3
60	60	14
82	82	9
88	98	4
97	108	2
71	90	2
36	47	2
81	86	10
48	48	2
24	24	9
47	48	2
46	46	2
72	80	5
84	84	3
54	56	3
31	40	3
64	94	2
33	52	4
78	85	3
105	107	2
80	80	6
40	48	1
76	103	1
69	74	1
104	105	2
114	114	2
113	114	2
87	87	1
71	71	4
75	81	3
32	65	2
89	92	5
64	98	1
32	37	3
54	54	3
35	35	5
100	103	3
53	107	2
63	65	2
69	80	3
61	77	2
83	87	5
65	65	4
37	37	1
97	97	2
79	85	2
84	85	3
95	98	2
20	21	2
88	89	3
110	111	2
26	26	3
108	108	2
77	82	3
79	95	1
73	73	4
87	90	1
71	75	1
61	109	3
75	85	4
75	100	3
34	35	5
35	36	1
36	36	5
19	19	3
109	110	2
61	106	2
74	111	3
73	75	2
63	66	2
68	68	2
66	66	1
23	23	2
78	79	1
103	106	1
26	29	1
107	110	2
82	83	2
85	85	2
58	78	2
29	41	1
111	112	1
44	45	3
30	30	4
53	53	2
75	95	1
61	62	1
102	103	3
40	41	2
54	85	2
22	59	1
28	30	1
50	51	1
29	30	1
64	95	1
32	62	1
60	74	1
43	44	3
27	27	1
99	109	1
65	110	1
26	30	2
77	78	1
74	75	2
35	111	1
49	53	1
22	22	1
