25	26	4
120	120	7
53	54	2
114	117	2
40	73	1
111	123	1
115	115	2
72	72	3
118	118	5
46	46	11
4	4	4
108	108	3
61	62	5
67	69	2
10	10	5
126	127	5
11	11	3
53	53	6
44	44	5
27	27	6
63	64	2
85	85	2
41	41	5
47	47	2
100	101	3
122	122	8
85	87	1
14	16	1
130	131	1
114	114	5
33	33	6
28	28	9
105	105	6
23	23	4
82	83	1
82	82	3
107	107	6
119	120	1
18	23	1
44	63	1
16	16	2
101	104	1
81	82	5
55	55	3
102	106	1
107	108	4
101	102	1
94	94	2
132	132	1
51	51	4
91	105	1
81	83	1
80	81	1
2	2	5
106	106	4
38	38	5
109	110	3
45	51	3
60	60	3
0	0	4
46	47	3
48	48	8
119	119	3
1	1	3
27	28	2
104	105	3
121	121	7
12	13	4
85	86	2
51	52	2
126	126	5
25	27	4
105	107	2
113	113	4
54	54	12
125	127	1
12	12	5
59	59	3
109	109	5
116	116	3
81	102	1
125	125	7
74	74	3
90	91	2
114	115	2
13	13	5
91	91	1
123	123	4
52	52	9
30	30	5
10	11	5
99	99	1
21	22	1
117	127	1
39	40	3
64	64	1
112	112	5
24	24	6
102	102	4
29	29	3
16	17	1
42	44	1
110	110	6
43	44	2
130	130	6
79	79	2
8	132	2
129	129	3
68	69	3
27	46	2
40	40	9
6	6	4
69	69	4
89	90	1
1	67	1
50	50	8
53	76	1
82	87	1
59	60	3
118	119	2
127	127	3
113	117	1
65	65	3
62	62	3
103	125	1
5	5	2
114	131	1
84	84	6
93	94	2
58	59	4
69	70	3
56	58	1
20	20	3
58	62	2
22	78	1
58	58	6
111	112	2
11	106	1
17	18	1
128	128	4
127	128	1
22	42	2
49	49	3
77	85	1
67	86	1
57	57	5
27	53	1
26	27	3
94	95	3
88	101	1
96	120	4
18	18	3
52	53	3
26	26	1
71	73	1
30	31	2
73	73	3
45	45	2
83	87	1
92	92	2
81	81	5
43	45	1
29	56	2
108	119	1
19	20	2
63	63	3
22	23	1
99	100	3
48	54	1
62	63	2
110	112	1
14	90	1
8	8	2
58	60	1
122	124	1
105	106	2
78	78	2
106	107	4
13	14	2
94	97	1
72	74	2
56	56	5
67	67	2
132	133	1
84	99	1
122	123	4
9	9	5
78	79	2
96	96	4
5	6	2
75	76	1
75	102	1
11	24	1
73	74	2
29	30	2
17	24	1
25	25	1
127	133	1
74	75	1
61	61	1
108	113	1
82	84	1
7	8	1
42	42	7
42	43	1
88	89	1
74	76	1
7	7	4
20	44	2
103	103	1
34	34	1
26	54	1
16	22	1
131	131	6
93	131	2
45	46	1
84	91	1
19	19	2
47	48	2
40	41	2
108	109	1
90	90	1
43	43	4
70	70	1
78	105	1
121	122	1
11	12	1
98	99	1
86	86	1
45	65	1
110	111	2
17	17	1
80	82	1
20	21	1
68	68	2
33	34	1
115	116	3
76	77	1
98	98	2
45	64	1
96	113	1
26	28	1
28	32	1
40	44	1
104	106	1
88	90	1
54	64	1
66	66	1
77	77	1
69	71	1
60	63	1
39	62	1
111	124	1
89	91	1
133	133	2
4	13	1
26	53	1
15	16	1
58	61	1
60	92	1
83	86	1
110	123	1
50	51	1
97	97	2
62	74	1
101	118	1
8	11	1
32	39	1
58	68	1
125	128	1
4	6	1
84	88	1
108	111	2
20	48	1
88	88	1
66	68	1
67	68	1
59	84	2
101	103	1
124	125	1
117	117	1
80	80	1
54	55	1
112	121	1
8	9	1
87	88	1
39	39	2
125	132	1
24	27	1
16	24	1
46	48	1
6	25	1
87	87	1
80	83	1
50	55	1
21	21	2
0	1	2
46	54	1
25	29	2
50	57	1
7	21	1
99	114	1
51	53	1
59	62	1
67	70	1
101	101	2
15	15	2
129	130	1
62	87	1
120	121	1
104	104	1
86	88	1
