99	101	4
51	60	1
84	84	4
46	80	1
68	78	1
69	69	9
60	60	6
96	96	8
47	71	1
93	94	6
61	62	4
53	53	14
42	42	10
49	50	7
55	55	1
25	26	5
37	37	8
84	95	1
39	39	11
65	65	8
95	97	6
45	48	3
72	72	9
83	99	4
24	27	1
91	91	7
55	56	2
50	59	3
32	37	2
90	91	5
84	86	2
85	86	6
44	44	5
83	84	5
89	102	1
43	43	5
40	44	1
58	68	1
52	53	5
50	50	10
58	60	1
62	62	7
33	47	2
85	99	1
44	49	3
47	47	4
95	95	7
86	89	5
48	48	7
64	64	12
92	93	1
41	41	12
39	44	3
51	51	5
26	26	6
56	56	5
60	61	2
91	94	1
81	81	8
97	97	10
25	56	1
81	82	2
86	96	3
35	35	7
20	28	3
38	39	5
30	30	2
25	25	5
79	79	4
61	92	1
57	58	3
97	98	7
22	22	1
85	85	7
42	65	4
63	63	3
76	80	1
93	98	2
22	38	2
72	73	3
79	81	6
89	98	4
37	39	3
94	94	4
86	87	5
53	96	2
59	59	3
24	26	3
92	92	10
87	87	8
60	75	1
94	95	4
87	88	5
26	27	3
34	34	2
50	72	1
67	68	2
32	32	3
78	79	6
73	75	1
78	78	10
61	88	3
100	100	4
100	101	5
57	57	5
95	96	4
94	96	4
43	49	1
62	63	3
58	59	1
33	34	5
66	66	6
80	84	1
75	75	4
61	61	3
76	77	6
80	80	6
90	90	9
99	99	8
101	101	2
47	48	5
54	54	8
58	58	3
52	56	4
35	36	2
54	59	2
52	52	3
53	54	3
29	31	1
98	100	3
86	86	8
79	80	4
67	67	6
77	81	1
57	69	1
69	70	6
22	62	2
39	40	2
45	49	1
80	87	2
36	39	1
89	91	1
41	63	1
32	33	2
94	97	1
36	37	2
68	69	3
60	62	1
38	38	7
34	48	1
76	76	4
47	60	1
85	100	1
53	92	1
82	89	1
89	96	1
96	97	5
70	70	3
71	71	5
79	85	2
46	46	2
33	33	3
22	23	1
78	90	1
42	43	3
73	74	2
71	72	5
45	45	3
80	81	2
56	57	3
35	89	3
98	99	2
77	77	1
79	83	1
37	38	2
25	27	1
28	33	1
49	49	6
83	87	2
74	75	1
54	99	1
96	98	2
24	24	2
88	94	1
58	61	1
85	91	1
67	71	1
20	20	3
98	98	2
47	91	1
56	58	1
73	73	2
48	50	2
94	98	1
27	27	4
31	31	2
41	89	2
20	27	1
53	55	1
39	42	1
92	100	3
44	45	1
92	94	1
61	87	1
42	63	1
45	51	1
41	59	1
57	59	1
89	89	2
54	55	5
58	62	1
34	38	1
30	33	4
82	84	2
55	60	2
101	102	1
23	23	2
75	76	1
73	79	1
29	46	1
45	46	1
55	59	2
36	36	1
93	97	1
40	40	2
91	92	1
28	29	1
52	59	1
47	49	1
32	36	1
89	101	1
48	49	1
98	101	1
46	91	1
95	98	2
49	51	1
70	73	1
92	95	1
63	70	1
52	63	1
102	102	1
45	57	1
50	51	1
82	95	1
59	62	1
48	69	1
59	64	1
82	82	1
