0	0	8
66	66	6
39	39	6
73	73	3
32	73	1
54	101	2
116	117	3
151	151	4
59	119	1
8	40	1
10	31	1
109	110	5
57	59	3
37	37	12
25	120	2
25	28	2
168	168	7
132	132	8
77	77	12
3	3	5
59	59	3
32	33	8
156	164	2
88	88	8
52	52	11
67	67	10
157	166	2
24	24	7
104	129	2
102	146	1
152	152	5
58	64	3
39	115	2
129	129	2
149	150	2
28	36	4
87	87	16
133	133	6
161	161	8
1	1	6
90	90	5
95	95	4
94	94	7
9	9	11
156	157	5
74	74	4
39	40	9
156	167	1
24	26	6
51	51	5
174	177	1
78	148	1
6	9	1
6	10	2
40	41	5
5	5	7
52	53	3
121	134	1
99	100	4
155	155	3
39	41	6
22	49	2
165	165	8
137	137	3
30	30	14
6	6	16
18	35	2
36	36	9
154	154	4
1	3	1
25	26	2
133	148	2
38	54	2
81	82	4
113	113	9
32	32	14
167	167	9
14	15	2
110	110	7
8	9	5
24	29	1
7	7	5
134	134	9
41	41	18
80	80	2
89	123	1
73	126	2
142	143	7
78	79	5
132	179	2
113	114	2
143	143	1
17	19	1
33	34	4
127	127	2
175	176	4
18	18	6
51	125	2
98	99	1
45	45	4
23	27	3
163	166	1
164	164	6
157	164	1
165	167	2
3	4	7
111	111	8
65	66	7
64	167	1
8	19	1
28	28	15
5	6	5
29	29	10
113	116	1
42	42	6
11	11	11
166	167	2
150	151	1
89	115	1
142	142	4
99	114	1
83	83	5
65	167	1
53	61	1
119	121	2
21	21	8
99	112	1
161	162	4
53	66	2
117	117	7
128	169	1
43	44	1
27	27	14
74	144	4
13	13	9
144	144	4
25	27	1
14	14	13
107	107	3
104	104	7
54	55	1
30	157	2
126	126	2
15	15	7
5	9	1
150	150	6
86	110	2
96	96	3
151	160	1
1	15	1
83	84	4
156	159	3
167	180	3
31	116	2
110	111	3
19	19	6
109	170	1
3	9	1
111	160	1
29	43	3
6	13	3
37	38	2
81	81	4
42	44	2
135	136	6
23	23	11
108	108	9
23	26	2
16	16	13
63	64	1
35	36	5
57	58	1
20	21	3
37	39	3
30	40	1
113	166	3
24	32	1
108	109	1
121	174	1
4	25	2
115	121	1
25	25	7
169	169	4
159	159	4
73	118	2
59	64	1
90	91	4
146	146	4
164	166	2
12	13	4
31	35	2
2	2	16
134	150	1
105	105	4
103	105	4
15	26	2
25	31	2
115	117	6
83	85	2
120	120	3
160	160	4
106	106	6
76	77	3
130	163	3
64	64	7
15	16	3
75	75	7
97	152	3
151	153	3
121	131	2
38	38	5
86	88	2
156	156	4
104	128	2
51	131	2
86	151	1
38	39	3
56	56	4
88	115	2
116	116	6
30	37	2
54	113	1
4	5	2
149	149	5
22	23	1
171	172	1
32	72	1
4	4	12
119	120	4
128	159	1
10	22	1
118	120	3
108	146	2
27	28	3
125	128	3
117	118	3
156	158	2
61	61	2
118	155	2
121	154	2
30	135	2
64	85	1
17	77	2
155	156	2
82	99	1
25	78	1
90	92	3
34	34	3
125	125	9
177	177	4
115	115	13
115	154	5
4	6	1
154	155	2
57	57	2
143	145	1
55	55	9
8	8	5
82	130	1
46	46	1
160	170	2
29	31	1
28	35	2
63	114	1
17	20	2
20	20	2
59	61	3
67	68	2
20	23	2
123	125	2
0	1	5
162	179	3
31	158	3
84	130	3
124	125	4
30	136	2
26	26	14
170	171	1
140	151	2
26	27	4
58	90	1
50	52	2
14	42	1
22	22	8
19	21	2
110	114	1
170	170	5
141	141	4
10	40	3
153	153	3
71	71	5
128	164	2
54	86	3
152	153	4
120	121	1
43	43	5
111	113	1
172	172	1
5	62	2
50	50	6
100	109	2
62	65	3
145	146	4
33	33	8
137	139	3
76	132	1
10	12	1
8	43	2
85	86	2
37	52	1
38	41	1
6	20	1
21	68	1
141	145	1
70	77	1
173	173	9
39	88	2
127	128	5
26	70	2
11	12	5
103	104	3
175	175	1
173	175	3
16	35	1
4	7	2
163	163	5
140	158	2
61	84	1
179	179	1
136	136	3
27	29	3
53	53	5
180	180	4
35	43	2
165	166	3
27	36	1
59	75	1
6	7	2
58	121	3
13	16	3
10	41	1
3	8	1
86	86	3
28	134	1
102	102	4
66	73	2
3	5	2
79	79	4
7	19	2
91	92	1
9	18	2
130	130	4
164	168	1
79	81	2
40	42	1
129	130	1
8	45	2
89	89	3
103	129	1
58	72	2
79	80	4
166	166	1
158	161	3
50	93	2
6	14	1
9	13	2
4	8	1
85	110	2
66	95	1
101	129	1
163	164	4
77	79	2
40	40	6
18	19	5
122	122	1
100	110	1
157	157	2
145	145	3
165	168	1
17	17	4
87	91	1
25	29	1
64	165	1
65	68	1
53	114	1
62	62	8
114	114	2
162	162	1
109	141	2
65	65	3
90	94	1
92	94	1
97	97	5
121	128	1
13	15	1
123	124	4
32	102	1
12	43	1
119	119	7
136	151	3
111	112	2
18	20	3
155	157	1
16	81	1
11	36	1
95	131	2
114	126	2
72	73	3
65	163	1
27	159	1
108	174	1
105	106	2
128	157	1
112	112	5
5	7	1
58	59	3
19	20	2
140	140	3
154	166	1
66	67	1
72	72	7
4	44	1
157	158	2
158	158	6
80	90	1
157	163	1
34	100	1
36	99	1
32	36	2
109	124	3
148	148	4
2	4	2
125	140	1
15	45	2
98	102	1
33	73	2
84	84	5
98	100	4
77	132	1
85	115	1
56	57	4
97	99	2
97	108	1
109	126	1
34	36	5
25	44	1
52	112	1
130	139	1
14	39	3
55	56	2
101	102	4
109	109	3
33	36	1
62	64	1
23	25	4
122	133	1
121	129	1
38	133	1
103	103	2
93	93	1
154	162	1
91	107	1
128	128	5
40	43	2
28	42	2
31	31	3
83	120	1
35	35	8
119	155	2
87	124	1
147	159	2
2	3	5
53	57	1
130	147	1
67	89	2
44	45	2
102	113	3
28	29	4
36	72	1
30	31	7
89	90	1
152	162	1
119	154	1
60	62	1
94	101	2
4	46	1
21	63	2
118	121	1
29	42	2
60	81	1
16	17	2
110	113	1
44	44	6
39	133	1
143	157	1
24	30	1
168	169	2
90	93	1
61	107	1
7	13	2
121	132	1
34	35	1
153	162	1
21	64	1
115	123	1
6	45	1
85	126	1
122	145	4
68	92	2
71	72	2
144	158	2
12	12	3
96	97	1
145	154	1
17	18	3
85	85	6
156	161	1
178	178	2
149	168	1
12	41	1
100	100	3
147	148	3
118	118	2
0	30	1
123	129	1
94	160	1
27	30	1
140	145	1
44	176	2
68	114	1
137	138	3
68	90	1
85	177	1
33	44	2
2	14	1
67	75	2
11	14	1
32	34	1
20	99	1
121	161	1
102	175	2
115	166	1
131	131	3
62	119	1
98	112	1
107	108	6
124	126	1
82	89	1
102	105	1
128	129	2
176	176	4
10	10	4
52	59	2
23	24	1
63	63	2
94	153	1
21	31	1
4	45	1
76	79	2
102	111	1
80	130	1
22	35	1
26	76	1
49	76	1
117	125	1
54	54	4
41	44	1
8	14	1
80	81	2
86	126	1
51	76	2
62	117	2
22	89	2
95	107	1
160	167	1
80	120	1
56	59	1
9	10	4
54	114	2
50	54	1
114	116	1
50	51	2
20	27	1
29	30	1
31	33	1
151	156	2
38	53	2
75	161	2
2	41	1
130	161	1
139	147	1
10	11	4
63	164	1
28	30	2
122	123	3
123	130	1
60	65	3
65	81	1
39	118	2
101	115	1
81	107	2
19	63	2
126	131	1
49	50	5
15	19	3
35	73	1
36	38	2
159	161	2
16	20	1
7	8	1
91	91	3
43	81	1
114	167	1
24	134	1
26	61	1
35	99	1
75	116	1
61	122	1
174	174	1
51	52	3
12	33	1
58	61	1
135	145	1
82	145	1
116	119	1
24	60	1
95	105	1
115	116	2
81	108	1
103	106	1
60	60	3
151	174	2
3	40	1
110	155	1
80	83	1
17	36	3
132	160	2
147	147	1
41	43	1
24	25	3
53	54	1
93	94	2
61	73	2
60	64	1
10	16	1
22	50	1
99	99	3
98	101	1
88	127	1
143	144	1
99	170	1
52	126	1
14	44	2
13	14	2
148	176	1
103	156	1
170	178	1
5	42	2
39	90	2
28	31	2
2	21	1
68	117	1
107	151	1
135	135	1
98	114	1
13	34	1
124	156	1
62	63	1
104	105	3
96	108	1
27	45	1
142	150	1
32	41	1
100	101	1
90	114	2
108	159	1
127	158	1
82	82	3
91	103	1
131	173	1
113	165	2
112	147	1
162	163	2
55	120	1
24	135	1
51	67	1
61	75	2
11	23	1
156	166	1
75	81	2
53	111	1
98	98	2
61	66	1
17	24	2
152	168	1
61	130	1
167	168	1
84	85	1
6	37	1
114	115	2
80	82	2
97	110	1
120	132	3
67	119	2
64	73	2
127	143	1
91	131	1
8	10	2
123	123	2
106	128	1
97	98	1
99	109	1
92	93	1
140	146	1
59	60	2
76	76	1
115	132	1
140	154	1
80	88	1
119	124	1
8	17	1
38	114	1
21	22	1
71	120	2
24	37	1
18	36	1
21	27	2
17	23	2
76	108	1
52	76	1
66	111	1
18	28	1
105	107	1
65	82	2
153	154	3
71	74	1
85	128	1
21	23	2
9	12	1
43	177	1
32	165	2
20	35	1
42	43	2
40	51	1
11	15	1
61	94	1
126	128	1
125	127	1
23	50	1
155	164	1
90	174	1
5	14	1
11	41	1
101	101	2
14	36	1
22	70	1
64	79	2
101	154	1
7	9	1
54	65	2
71	75	1
14	19	1
60	120	2
146	157	1
160	161	1
125	126	1
62	130	1
23	41	1
156	162	1
89	153	1
73	85	1
78	78	1
15	25	1
27	62	1
41	42	1
4	20	1
27	33	2
86	87	1
81	115	1
30	51	1
9	20	2
4	9	1
146	147	1
57	92	1
17	28	1
122	126	1
14	32	1
71	83	1
63	156	1
121	121	3
61	115	1
88	89	3
84	126	1
113	115	1
40	44	1
61	64	1
2	23	1
6	12	1
125	130	1
151	173	1
16	154	1
90	132	1
3	23	1
178	179	1
160	162	1
26	38	1
119	167	1
81	83	1
104	173	1
0	104	2
1	35	1
29	45	1
49	140	1
159	160	1
93	96	1
124	124	1
142	171	1
21	66	1
27	44	1
16	30	1
24	36	1
70	78	1
28	40	1
140	150	1
35	38	1
142	145	1
13	99	1
134	164	1
26	29	1
75	76	1
14	134	1
15	46	1
23	45	1
33	35	1
10	34	1
140	162	1
24	139	1
25	109	1
55	57	1
49	71	1
