58	60	1
7	19	3
31	31	5
23	56	1
10	16	1
5	14	1
32	44	3
57	57	6
46	47	3
39	39	4
34	55	1
39	56	1
41	41	6
48	48	6
40	50	1
30	30	6
53	53	5
62	62	5
45	60	1
38	38	7
18	19	3
44	47	1
45	45	4
51	51	5
58	58	5
40	58	1
40	42	1
59	59	1
40	40	7
39	41	2
56	56	2
46	46	2
57	62	1
21	21	1
15	15	2
55	55	7
42	42	5
23	24	2
34	34	6
3	3	4
30	50	1
32	33	3
56	59	2
22	59	1
20	20	1
38	41	4
36	39	1
12	23	1
19	24	1
6	6	2
7	7	2
54	56	2
0	12	1
8	13	1
47	47	4
50	50	1
1	7	1
7	13	1
45	48	3
42	47	1
6	7	3
17	20	3
41	52	1
16	16	3
52	58	1
42	57	1
32	32	3
42	49	1
7	29	1
39	40	3
29	29	2
41	46	1
43	43	3
11	11	3
35	36	2
10	10	2
25	25	2
33	33	8
31	59	2
26	50	1
46	49	1
38	39	1
26	56	1
51	59	1
17	42	2
14	14	2
8	9	1
42	43	3
41	53	1
34	61	1
61	61	4
52	52	3
38	40	1
5	52	1
9	9	3
8	12	1
8	41	1
44	56	1
1	3	1
52	53	2
54	54	1
0	11	1
11	12	3
45	51	3
31	53	1
40	41	1
0	0	2
40	52	1
36	45	1
19	21	1
0	62	1
48	49	1
59	60	1
8	61	1
44	44	6
4	4	2
42	59	1
32	49	2
60	60	1
9	37	1
7	12	1
37	38	2
0	2	1
38	51	1
35	35	2
12	12	2
5	12	1
53	57	1
7	8	3
22	22	2
19	20	1
20	21	1
17	17	3
53	55	1
47	55	1
50	51	2
39	51	1
44	62	1
2	2	1
2	3	1
1	1	1
45	46	1
49	49	1
13	14	1
32	52	1
0	4	1
55	56	1
24	24	2
26	45	1
36	36	4
47	48	1
44	46	1
5	57	1
9	12	1
52	54	1
50	52	1
56	62	1
18	22	1
17	18	1
51	53	1
55	57	1
14	16	1
