27	27	12
47	47	3
15	16	2
15	42	2
31	32	2
16	17	3
41	41	9
32	33	3
40	40	3
22	22	2
31	31	7
30	30	6
22	23	3
28	29	2
43	43	2
22	41	1
44	45	1
25	26	3
36	36	6
17	43	2
27	42	3
18	18	2
20	20	3
24	27	1
25	25	7
10	24	1
22	46	2
17	17	1
48	48	1
25	27	1
34	35	3
37	44	1
19	19	4
39	39	3
16	16	6
44	44	3
39	40	3
34	34	4
29	29	3
25	31	2
30	31	2
37	38	1
37	37	5
41	42	3
23	23	3
24	26	1
23	29	1
21	26	1
28	43	2
17	18	2
24	24	1
34	38	1
21	21	3
29	30	2
16	19	1
30	32	1
38	38	1
28	28	2
45	45	2
19	22	1
21	33	2
19	24	2
27	33	1
27	28	2
36	37	1
19	41	1
19	20	1
35	35	1
24	25	1
37	39	1
35	42	2
33	35	1
27	39	1
42	43	1
19	26	1
40	42	2
32	32	1
40	41	1
20	21	1
27	30	1
34	44	1
32	41	1
