31	31	2
65	65	1
13	35	2
66	66	3
2	2	4
14	14	2
23	23	5
25	26	3
56	57	1
42	55	1
52	52	4
60	60	9
41	42	5
64	67	1
1	25	1
7	7	3
18	18	4
21	21	5
64	64	1
3	6	1
51	51	3
48	63	1
37	39	1
61	61	3
26	30	1
4	4	2
28	28	2
6	6	1
10	10	4
30	53	1
33	62	1
27	27	6
67	67	1
19	19	3
49	51	1
41	41	2
63	64	1
61	62	4
49	57	1
72	73	3
32	63	2
44	45	2
22	22	6
2	66	1
14	40	1
68	68	3
11	11	2
36	36	3
74	74	3
47	47	4
71	71	2
23	30	3
6	7	1
54	75	1
50	50	2
24	71	2
1	13	1
24	25	1
52	58	2
76	77	1
30	30	5
11	12	1
57	67	3
7	8	2
44	70	1
4	5	2
40	51	2
43	44	3
5	5	4
19	21	1
5	6	6
56	56	1
6	9	1
27	36	1
3	8	2
64	65	1
3	5	3
48	48	1
69	69	2
24	35	3
20	20	4
62	62	4
71	72	2
70	71	2
68	69	2
26	27	3
8	19	1
45	45	1
59	60	1
5	14	1
33	33	3
25	49	1
39	40	1
1	1	6
24	24	7
70	74	2
34	34	2
67	70	3
0	0	3
2	6	3
3	3	4
13	45	2
1	30	1
52	55	2
0	1	1
28	30	4
48	66	3
45	77	1
77	77	2
14	39	1
7	13	2
5	69	1
8	8	2
75	75	2
12	13	1
43	51	1
33	40	1
41	45	2
7	23	1
6	63	1
9	9	1
35	36	4
45	46	2
20	21	1
46	46	2
2	4	1
72	74	1
21	34	1
24	34	1
22	32	1
26	26	2
41	54	1
38	39	2
1	3	1
37	37	1
40	40	1
43	43	1
13	33	1
19	20	5
24	27	1
11	23	1
8	9	2
8	11	1
40	50	1
63	63	2
29	29	3
32	65	1
22	30	1
10	11	1
12	45	1
9	12	1
55	55	3
35	35	1
23	31	1
13	37	1
35	37	1
27	28	1
45	48	1
4	6	1
21	22	2
57	57	2
33	57	1
13	13	1
52	57	1
0	24	1
25	27	1
28	52	1
38	38	1
12	23	1
50	51	2
36	37	1
61	66	1
55	56	1
44	44	1
49	49	2
12	34	1
26	67	1
22	33	1
54	72	1
61	65	2
22	23	1
47	48	1
3	4	1
5	24	1
21	37	1
9	13	1
19	24	1
