157	157	7
107	121	1
146	146	9
9	31	1
102	102	9
111	149	1
38	38	10
51	74	3
63	65	4
53	58	3
36	36	27
159	159	8
54	54	8
23	23	21
176	176	2
158	159	7
71	129	1
28	29	5
25	27	3
19	19	30
8	15	2
3	3	6
30	30	25
113	119	1
4	4	15
1	16	3
20	20	17
129	131	2
63	91	2
84	84	11
57	57	7
7	7	9
74	74	6
17	17	12
86	86	3
34	34	7
57	59	2
50	71	1
71	125	2
35	43	1
160	160	13
35	44	1
94	94	8
68	68	3
12	12	28
159	161	2
105	106	6
153	154	4
119	119	9
140	141	3
126	126	9
13	31	1
156	163	1
22	22	25
61	61	17
130	130	14
102	109	1
151	152	6
95	95	8
61	64	2
159	168	2
108	108	11
95	96	6
144	144	11
51	51	8
50	169	2
86	88	1
39	39	15
67	67	11
129	129	14
60	124	1
118	118	6
23	24	6
14	14	16
116	117	11
49	170	1
123	124	3
7	18	2
152	156	3
154	155	6
28	30	4
100	162	2
53	53	8
16	16	26
32	35	4
21	40	4
73	100	3
35	37	5
43	43	8
26	64	1
55	56	13
29	29	25
42	43	4
18	22	3
45	45	21
12	13	21
114	114	12
16	30	1
81	82	5
26	27	12
119	120	12
40	42	2
14	20	2
67	68	5
135	135	14
100	120	5
24	24	26
51	52	4
110	111	11
133	134	4
9	10	10
62	62	4
6	6	16
130	150	1
152	153	10
1	2	2
2	29	3
166	168	3
146	164	3
44	44	20
11	12	21
164	166	7
6	7	9
26	26	20
66	88	2
163	170	3
128	160	2
40	40	14
166	169	2
18	18	18
4	16	2
147	147	15
15	18	3
92	92	8
73	75	2
32	32	13
74	114	2
41	42	6
164	165	5
14	38	2
146	148	1
179	179	5
122	132	2
11	15	7
51	53	2
85	85	7
39	40	19
64	93	1
6	16	3
82	82	8
24	25	18
136	136	8
78	79	11
37	37	8
59	61	5
91	125	1
52	53	6
118	148	1
102	107	1
126	151	1
2	23	2
76	105	4
107	117	2
13	13	21
42	44	5
66	66	8
25	36	1
161	162	14
79	79	13
153	159	2
147	169	2
133	137	1
45	46	2
124	124	6
80	80	16
63	63	12
127	127	18
78	78	6
54	70	1
6	10	3
153	153	7
5	5	17
35	63	2
100	100	10
117	170	1
9	9	19
105	107	2
134	138	1
76	95	1
30	31	5
58	60	1
57	58	3
106	107	7
163	166	2
96	97	3
60	100	3
70	71	6
103	103	14
87	87	15
41	43	2
151	166	2
67	101	1
28	28	22
11	16	1
71	126	2
73	73	7
35	35	10
127	129	1
5	7	5
61	85	1
14	15	5
99	126	1
94	95	3
113	113	14
97	98	4
12	15	1
13	14	9
98	104	1
93	93	9
97	97	8
13	17	1
71	76	1
25	26	7
28	71	3
73	76	1
80	81	7
161	161	9
41	41	21
168	169	3
122	122	15
9	15	5
59	89	2
13	15	3
12	19	3
3	9	2
76	92	2
29	30	5
110	110	7
154	156	1
121	121	6
171	172	4
106	106	12
62	63	8
60	88	3
165	165	6
14	43	2
85	98	1
18	19	14
162	165	1
111	112	2
91	106	1
11	11	16
21	21	16
3	4	9
42	162	1
56	72	3
15	15	15
90	90	4
135	147	2
172	172	12
158	158	10
54	57	2
137	149	1
102	129	2
180	180	3
50	51	5
163	165	4
117	150	1
145	145	9
170	171	5
10	10	20
34	38	1
151	155	1
105	105	12
66	67	9
166	166	6
7	8	4
2	38	1
83	99	1
71	71	6
60	60	11
135	162	2
2	2	12
99	118	1
138	138	11
96	96	8
63	83	1
10	14	5
81	81	11
11	17	3
94	96	2
1	8	2
162	162	10
64	64	10
150	152	3
152	152	7
118	119	3
39	41	3
12	34	1
8	9	17
142	142	16
133	147	1
56	60	2
9	11	1
83	101	1
1	24	1
79	82	2
84	86	4
88	88	2
111	163	5
25	25	23
120	120	6
115	116	8
155	155	7
65	113	1
173	173	3
22	33	1
1	10	1
137	154	1
102	103	3
51	112	1
50	87	2
51	111	1
98	99	8
56	57	7
14	19	4
161	166	2
31	31	7
71	124	1
97	110	2
137	137	6
10	13	1
10	11	6
101	101	9
134	162	1
88	89	6
169	169	5
16	33	1
20	21	6
157	165	6
131	132	3
159	166	3
93	139	1
91	92	11
146	170	3
38	40	1
154	154	14
10	26	1
24	110	1
120	130	1
77	77	7
25	29	2
14	16	1
112	116	1
82	107	2
52	88	1
86	175	1
110	161	2
50	50	11
84	85	8
9	42	1
33	33	15
152	155	7
125	125	9
84	98	2
107	109	3
115	115	7
178	179	3
158	170	3
23	41	3
95	163	2
112	112	7
56	133	1
8	21	1
26	28	6
27	89	1
106	117	1
13	24	1
41	161	1
62	91	1
6	43	1
167	167	7
162	169	4
158	160	1
117	117	4
9	12	3
78	80	3
98	98	8
94	97	1
3	35	4
163	164	9
2	42	3
148	148	11
117	118	5
65	96	2
68	109	1
143	143	8
29	157	3
130	159	1
84	136	2
41	152	4
7	9	9
42	42	7
83	83	10
75	75	10
178	180	6
19	23	3
16	19	1
65	107	1
50	86	2
137	138	1
92	93	4
53	72	2
159	169	1
175	175	8
8	8	13
178	178	6
104	104	8
34	76	1
24	26	5
22	84	2
11	26	1
35	77	1
166	167	3
116	123	1
93	162	1
170	170	5
25	55	3
42	63	1
49	51	3
135	136	3
2	3	8
20	41	1
5	13	2
95	97	1
22	30	2
17	39	2
131	131	10
110	120	5
137	142	2
53	111	2
26	34	2
19	25	3
82	175	3
163	163	8
50	57	2
44	45	8
134	175	1
18	34	2
122	123	4
22	42	3
110	135	1
16	21	3
171	171	7
90	91	3
51	90	1
109	109	10
36	43	1
108	109	4
32	33	6
77	88	1
24	44	1
150	155	2
148	169	2
147	148	2
15	17	1
165	168	3
87	89	6
21	22	9
85	101	2
107	173	1
62	99	2
88	100	3
15	36	1
137	148	2
113	120	1
103	105	5
144	146	2
34	49	1
140	153	3
2	9	2
23	26	5
10	39	1
27	27	16
151	169	1
156	164	1
103	104	4
35	125	3
156	157	3
4	5	10
133	133	12
58	58	7
78	84	1
16	17	9
103	106	4
37	40	2
145	149	2
20	33	1
99	100	12
19	21	6
133	135	1
66	132	3
11	44	1
168	168	7
35	62	1
143	145	7
64	73	1
19	26	1
4	15	1
104	105	3
20	60	1
124	130	1
89	89	4
121	125	2
154	159	1
114	129	1
1	36	1
52	60	2
19	20	9
7	15	2
10	20	1
123	123	6
116	116	6
152	159	1
144	145	3
53	77	2
11	13	7
128	128	7
95	140	2
130	131	3
2	6	2
134	134	4
26	30	2
165	166	3
107	107	4
139	139	6
87	96	2
112	125	1
56	56	8
16	18	4
96	137	1
59	59	5
141	147	1
85	89	1
62	88	2
0	1	1
76	76	7
19	105	1
27	117	1
61	84	1
161	167	2
98	101	2
15	41	5
54	60	3
99	117	1
14	18	3
126	127	4
91	140	2
27	28	4
173	174	1
166	170	3
105	148	1
91	91	5
84	146	1
35	49	1
45	55	1
53	59	1
157	170	1
67	121	3
86	87	2
37	43	1
120	121	2
32	37	1
124	159	2
12	85	1
109	113	3
15	26	3
155	163	1
60	71	4
40	174	1
99	122	1
112	113	2
4	19	2
43	44	8
130	165	2
38	126	1
33	44	1
65	66	6
36	38	3
148	149	2
90	92	5
64	82	2
75	99	3
170	174	2
161	164	4
114	125	5
6	8	3
141	141	9
8	16	1
6	9	1
73	81	1
3	29	1
64	65	1
120	157	1
156	166	2
151	151	9
10	28	1
31	32	8
108	118	1
5	6	8
2	7	1
79	80	2
19	28	1
4	22	1
121	122	5
144	162	3
145	146	1
110	123	1
21	24	3
66	123	2
70	125	1
123	125	3
136	151	1
37	38	6
22	26	2
156	156	3
164	164	9
158	169	1
82	174	1
122	127	1
92	122	1
152	154	2
22	23	6
14	17	4
136	143	1
1	32	1
18	65	3
150	158	4
85	118	1
8	10	1
165	169	2
52	96	1
12	31	1
9	20	1
17	18	5
113	114	10
33	34	3
130	147	1
156	168	1
130	152	2
96	145	2
104	123	1
62	130	1
138	148	1
49	55	2
105	121	2
59	60	2
156	158	2
82	83	1
21	34	1
63	64	2
49	49	1
2	45	1
34	35	4
65	65	3
64	146	1
115	117	3
53	54	2
19	30	2
35	57	1
172	173	1
101	107	1
174	174	7
1	17	1
143	164	2
145	148	2
53	56	2
94	98	1
62	100	1
129	165	1
146	147	2
25	42	1
160	161	2
25	83	1
115	119	2
135	167	2
110	126	1
149	150	2
103	133	3
2	12	2
12	22	1
154	161	2
68	122	3
91	95	3
56	79	1
121	124	2
55	55	1
56	86	1
87	97	2
129	130	3
129	136	1
3	11	1
124	125	2
34	56	1
14	35	1
5	11	2
125	142	2
50	74	1
174	175	1
64	94	1
129	162	1
156	167	1
145	173	1
146	174	1
97	99	1
49	75	1
2	14	1
100	102	1
9	13	3
7	37	1
109	112	4
26	36	2
137	153	2
66	89	1
8	11	1
82	113	1
17	31	2
38	87	2
111	111	8
71	72	4
98	100	1
19	22	2
15	16	3
3	18	1
134	167	1
71	74	1
45	66	1
13	30	2
83	123	1
50	64	1
155	160	2
3	19	6
18	20	3
33	98	1
66	74	2
91	123	1
129	160	1
82	101	4
36	37	5
6	23	1
13	44	1
149	149	3
21	33	2
35	42	3
70	70	1
97	101	1
83	175	2
2	19	4
50	170	3
54	55	2
108	110	3
8	44	1
62	89	2
40	41	5
10	19	3
10	12	1
3	5	1
28	31	2
153	156	1
51	165	1
83	85	2
14	26	3
49	71	4
16	46	2
153	167	1
160	167	1
4	12	1
131	150	1
73	82	1
118	120	1
74	115	2
131	169	1
162	163	4
118	172	1
125	143	1
27	55	1
114	117	1
111	151	1
77	78	1
56	132	1
15	43	1
74	77	2
55	78	1
15	44	1
35	36	2
52	75	1
10	22	1
138	174	1
111	152	1
102	112	1
115	135	2
122	130	1
151	162	1
111	120	1
67	99	1
169	177	2
2	32	3
127	159	1
110	116	1
158	167	1
177	178	1
4	11	1
83	124	1
83	84	2
112	124	2
13	36	1
107	108	2
7	33	2
56	59	2
34	88	1
155	156	3
34	36	2
126	132	1
62	64	1
0	43	1
7	22	2
74	99	1
44	142	1
9	23	1
142	147	1
109	110	1
19	50	1
114	118	1
70	79	1
85	86	3
126	167	2
130	156	2
11	25	1
134	150	3
12	18	2
141	142	1
131	147	1
50	84	1
100	115	1
92	98	2
131	151	2
12	14	1
159	176	1
108	119	1
92	102	1
21	46	1
149	156	2
117	162	1
94	140	1
132	142	1
72	72	2
127	128	3
131	139	1
64	84	1
119	122	1
16	42	1
24	29	2
11	20	1
106	128	1
36	174	1
38	96	2
143	172	1
80	84	1
49	171	1
72	73	1
63	130	2
30	55	3
17	88	1
172	174	1
102	105	1
127	130	1
149	153	1
85	115	1
7	11	1
111	129	1
159	160	1
101	121	1
100	112	1
7	10	1
28	44	3
26	139	1
126	146	1
114	154	2
1	1	6
8	27	2
35	67	1
71	148	2
58	77	1
169	170	2
72	103	1
21	101	2
27	29	4
61	87	1
5	41	1
63	67	1
38	59	2
119	123	1
159	162	2
28	67	1
51	94	2
128	129	2
71	77	2
38	95	1
117	123	1
76	121	1
112	114	4
39	43	1
60	93	1
2	4	4
55	97	1
15	19	2
51	113	2
157	164	1
101	102	1
6	42	4
65	82	1
118	121	1
139	140	1
18	33	1
11	35	1
86	147	1
30	75	1
86	102	1
143	165	1
150	156	3
77	86	1
72	180	1
153	169	3
12	39	1
104	116	1
66	68	3
87	144	2
35	88	1
85	87	1
139	142	1
118	124	2
150	150	5
83	113	1
4	20	1
88	96	1
119	136	2
78	111	1
51	80	2
159	174	2
61	78	2
90	172	1
103	110	1
49	89	1
12	17	1
5	12	1
99	101	4
179	180	1
36	82	1
40	58	2
26	32	1
23	30	2
78	85	1
125	127	2
35	122	1
129	151	2
29	44	1
89	97	1
5	8	1
38	153	1
121	133	1
21	23	5
104	132	2
34	41	1
38	39	3
33	168	1
72	124	1
8	80	2
135	158	1
13	22	1
87	98	2
42	62	1
27	30	1
82	84	1
10	15	2
122	149	1
73	101	1
76	85	1
36	77	3
101	106	1
83	89	1
56	95	1
5	16	6
104	166	2
36	68	1
53	57	1
74	94	1
121	126	2
152	165	1
25	28	1
7	12	1
21	25	1
8	33	2
18	23	1
146	161	1
35	99	1
4	7	2
147	159	1
112	115	1
11	19	2
84	113	1
154	160	1
157	168	1
10	17	1
123	171	1
43	45	3
33	46	1
142	143	2
31	33	1
132	148	1
59	126	1
158	166	1
68	73	2
41	84	1
58	127	1
36	42	1
8	18	1
170	176	1
17	27	3
41	162	2
140	140	2
119	137	1
62	66	1
99	99	3
131	156	1
78	101	1
87	141	1
132	133	1
92	94	1
73	98	1
12	106	2
64	83	1
154	167	1
29	33	1
165	167	4
4	6	2
118	173	1
42	105	1
78	172	1
107	110	1
54	171	1
43	67	1
17	24	1
71	96	1
5	26	1
0	10	1
137	147	1
116	119	1
101	115	2
66	101	1
177	179	1
132	132	2
173	175	2
3	22	1
33	36	2
26	29	2
96	98	4
126	130	1
86	97	1
108	113	2
52	52	4
100	122	2
140	148	1
151	153	1
133	153	1
113	118	1
102	108	2
110	162	1
24	72	1
50	81	1
127	152	1
55	71	1
134	135	1
50	72	1
100	109	1
72	107	1
37	39	1
21	102	1
130	161	1
53	60	1
56	175	1
100	101	2
9	30	1
126	128	1
5	31	1
128	170	1
155	157	1
120	129	2
122	167	1
74	88	1
158	175	2
5	32	1
66	107	1
129	166	2
95	162	1
12	68	1
76	79	1
11	31	1
50	110	1
11	14	1
30	32	1
154	158	1
18	45	1
26	145	1
143	146	2
11	43	1
76	171	1
33	41	1
106	108	1
13	68	1
78	82	1
168	175	2
16	36	1
142	145	1
25	44	1
160	164	1
17	54	1
136	148	1
43	49	1
114	115	1
35	41	1
0	17	1
96	119	1
2	20	1
51	73	1
9	150	1
61	62	1
37	41	2
145	163	1
76	86	1
95	130	1
34	42	1
39	124	1
155	162	1
20	34	1
80	90	1
174	180	1
90	96	1
3	8	1
123	143	1
128	150	1
82	89	1
88	94	1
34	37	1
76	94	1
86	96	1
139	147	1
1	29	1
87	143	1
41	153	1
52	73	1
173	180	1
115	120	2
59	64	1
24	27	1
32	36	1
23	44	1
142	144	1
108	112	1
64	99	1
0	9	1
66	112	1
5	42	1
15	33	1
51	64	1
30	34	1
9	91	1
110	113	1
9	16	1
15	20	1
77	121	1
14	33	1
133	148	1
73	86	1
80	116	1
24	28	1
64	66	1
11	45	2
144	164	1
166	178	1
25	58	1
156	159	1
36	140	1
80	112	1
153	164	1
52	54	1
131	141	1
104	106	1
32	44	1
162	166	1
138	142	1
18	30	1
22	25	1
75	76	1
44	57	1
20	45	1
3	42	1
73	74	1
135	152	1
97	111	1
139	163	1
36	40	1
4	34	1
157	173	1
115	170	1
3	6	1
152	168	1
100	139	1
