67	69	1
109	109	18
78	98	3
75	76	6
73	73	10
41	42	4
54	56	2
67	68	9
47	48	5
86	90	1
32	35	1
99	99	15
81	82	4
54	54	10
86	88	2
48	48	16
72	73	5
76	76	24
69	69	6
107	107	4
47	47	11
57	62	4
113	113	9
63	63	9
87	91	4
49	50	3
56	56	7
56	110	6
86	99	8
58	59	6
91	91	9
101	102	3
25	29	6
43	44	2
82	84	6
89	89	9
100	100	4
20	55	4
112	112	22
60	61	4
95	96	3
77	77	12
79	91	5
114	114	10
111	111	11
62	62	9
98	99	9
74	75	9
79	79	12
84	89	3
86	86	9
96	98	2
98	100	6
78	78	8
84	85	4
58	58	10
59	59	4
61	61	11
84	97	2
105	105	8
112	113	3
44	44	8
96	97	5
82	83	7
97	97	17
90	90	5
19	61	1
98	98	4
80	80	9
40	40	4
105	106	7
30	30	11
65	68	1
49	49	17
94	94	21
31	36	3
111	112	7
53	53	7
20	21	3
42	42	2
39	41	3
101	101	6
88	89	8
103	104	1
47	49	4
19	19	4
110	110	13
77	78	4
66	66	4
60	66	3
22	24	1
35	35	5
91	93	1
64	65	2
91	92	3
89	90	4
38	39	7
40	41	4
35	37	3
60	60	14
97	99	4
48	49	4
55	57	5
29	29	11
66	68	5
87	89	2
74	85	2
42	43	4
62	69	2
45	45	4
33	34	9
93	94	6
31	34	1
32	62	6
24	24	10
46	46	6
82	82	8
83	84	1
57	58	2
80	85	4
50	50	11
62	64	6
20	22	5
94	95	5
83	96	1
72	72	6
28	34	4
103	103	9
90	91	5
72	74	2
55	55	2
65	65	11
71	73	2
86	87	1
66	69	2
34	63	2
81	81	7
51	52	3
87	87	9
68	68	7
29	34	5
24	25	1
28	28	3
102	102	4
84	84	4
70	86	1
63	71	2
33	33	1
93	93	14
72	75	2
36	41	8
72	77	3
102	105	1
30	32	4
85	85	3
106	106	5
79	80	5
102	111	3
81	83	2
67	106	1
110	114	3
58	73	6
51	60	1
109	110	2
71	71	4
37	37	8
77	85	3
100	101	4
35	38	2
41	41	5
80	81	5
32	32	2
44	49	4
108	108	1
96	96	6
67	67	4
82	85	1
61	63	3
75	77	1
82	94	1
73	75	4
93	95	2
91	98	1
26	26	3
107	109	3
99	100	1
72	78	2
88	88	3
71	81	1
95	95	5
41	43	1
83	83	3
22	22	2
71	78	1
34	40	3
69	70	1
59	72	2
70	70	2
99	101	1
64	68	4
79	95	3
72	81	1
74	74	1
107	108	3
73	74	1
71	83	3
45	46	1
76	78	2
51	51	2
78	79	5
75	75	2
90	97	3
88	95	3
68	69	2
71	86	3
80	93	2
52	52	1
30	31	1
30	52	2
106	109	1
23	24	1
100	103	2
21	37	5
70	81	1
27	27	5
39	39	1
37	40	1
63	64	2
27	31	4
92	92	5
63	73	1
20	56	1
62	63	2
64	64	3
38	38	6
69	71	3
59	60	3
111	113	1
92	93	1
81	86	1
31	33	2
91	95	5
100	109	2
89	98	1
55	56	2
70	71	1
63	74	1
57	57	4
102	103	2
92	94	2
27	28	1
94	97	1
89	94	1
20	23	1
64	66	1
23	23	2
56	109	1
25	25	1
65	67	1
65	79	1
31	50	1
20	20	1
70	84	1
34	34	1
