116	116	13
82	82	7
77	77	14
129	129	11
83	84	2
70	72	2
101	102	5
139	141	4
29	29	12
28	28	22
13	13	6
87	88	3
61	68	3
24	24	17
99	99	11
8	23	2
14	16	3
66	67	3
122	123	6
121	122	3
58	59	4
27	27	14
54	54	14
57	58	7
5	5	9
91	92	5
18	19	9
59	59	15
119	119	18
104	106	4
10	10	11
29	30	6
118	118	14
63	63	12
132	132	11
144	145	2
63	65	3
35	36	7
144	144	13
93	93	16
137	137	3
56	58	1
94	94	8
9	9	10
62	65	3
20	32	1
69	71	5
124	127	1
16	16	9
37	37	7
47	47	13
60	79	1
69	69	8
114	114	6
38	40	1
34	34	3
39	39	10
118	119	11
56	57	5
124	124	16
123	123	7
106	107	3
107	108	4
108	110	2
36	36	6
64	65	4
130	130	11
131	131	14
119	120	11
135	135	15
64	64	6
17	17	12
12	131	1
25	80	4
23	23	7
109	109	15
139	139	13
21	21	6
115	116	1
20	26	7
116	134	1
61	62	2
8	9	5
130	131	9
139	140	4
30	31	1
48	48	15
56	84	1
97	97	7
89	90	5
128	129	4
116	118	3
126	128	2
76	79	2
122	134	2
82	83	3
141	144	1
62	62	8
49	49	13
4	32	1
26	27	3
118	126	1
69	70	3
50	50	13
142	142	4
87	91	1
104	104	11
25	25	11
31	42	2
15	33	3
81	81	10
94	97	3
61	63	1
0	1	3
134	137	1
22	22	18
30	30	11
111	111	9
125	127	10
117	117	11
102	103	6
134	135	7
126	129	1
97	98	5
63	64	7
57	57	14
31	31	9
18	18	10
107	107	12
93	99	2
88	89	6
24	25	4
105	105	4
125	125	6
17	81	1
53	54	6
133	134	8
31	32	2
60	60	4
100	100	5
140	140	12
144	146	1
91	91	11
15	15	6
14	14	4
79	80	5
88	88	8
56	56	12
140	141	3
72	72	6
112	114	7
102	102	10
111	112	7
3	3	3
4	5	3
51	51	8
1	1	10
78	78	9
108	116	1
92	93	5
49	50	7
100	101	9
67	67	2
19	32	1
64	66	2
32	32	8
123	124	6
17	18	4
61	61	12
11	11	7
113	113	3
73	73	4
2	5	2
77	78	2
119	121	2
3	4	3
78	79	2
138	139	3
73	75	4
70	70	2
95	95	3
133	140	1
103	126	1
65	65	6
31	33	2
135	136	6
132	135	7
96	130	1
134	140	3
80	81	11
92	92	5
51	54	1
75	76	2
70	73	2
0	0	6
127	130	4
121	121	12
93	97	1
88	128	5
23	24	9
47	52	1
38	38	9
70	71	4
110	110	11
138	138	6
85	85	4
85	86	1
10	121	1
127	129	2
27	28	4
105	107	5
28	29	5
20	27	3
13	31	2
19	19	15
109	132	2
39	64	2
126	126	8
6	6	4
89	89	3
119	133	1
9	104	1
127	127	15
101	101	14
5	30	1
59	74	2
53	53	9
76	76	11
2	3	3
106	108	2
117	119	2
35	43	1
122	122	5
17	23	2
136	138	4
120	120	10
35	35	7
14	114	4
65	67	2
8	8	5
42	42	8
49	51	1
14	82	1
103	105	1
14	112	1
51	52	7
26	28	1
79	79	5
90	90	7
66	66	7
74	74	8
102	104	3
65	79	1
17	19	4
3	5	3
63	66	1
123	126	1
96	126	2
59	67	1
17	114	1
20	21	4
52	52	8
94	128	1
136	136	11
95	96	3
117	132	1
121	132	2
90	91	4
96	97	6
136	140	3
75	75	10
104	105	5
29	87	1
120	132	3
132	136	5
98	98	4
19	20	1
25	26	4
42	57	2
1	114	1
106	106	6
105	106	10
127	128	3
88	91	5
6	10	1
107	118	1
145	145	3
25	95	4
55	57	2
58	58	5
50	51	1
93	94	6
40	40	6
18	33	2
25	27	2
87	87	10
67	68	10
62	63	8
37	43	1
64	69	1
87	90	2
38	42	3
16	81	1
54	55	1
68	68	9
39	41	4
92	99	3
48	49	2
52	53	7
86	86	3
103	103	6
116	129	3
134	134	7
24	27	1
20	25	1
90	125	2
129	130	3
36	80	1
120	122	2
33	33	7
133	133	8
108	109	7
4	4	4
128	128	8
114	116	1
42	47	2
127	134	2
143	144	2
117	131	2
2	59	1
39	53	1
132	134	5
116	117	5
137	138	8
59	60	3
27	30	1
16	22	1
112	112	2
119	141	1
36	37	4
128	140	3
86	88	1
5	6	4
99	100	6
67	77	1
86	92	1
16	17	4
141	141	9
80	80	6
42	56	3
146	146	4
143	143	5
67	70	2
112	140	1
136	137	3
35	37	1
110	111	3
88	90	6
55	55	10
22	23	3
135	142	1
25	32	1
121	133	1
16	24	1
19	27	2
113	140	1
34	82	2
29	90	2
50	53	3
118	121	4
108	108	4
71	71	6
59	63	2
40	55	1
17	95	1
16	74	2
141	142	8
96	96	15
124	130	1
96	101	1
131	135	3
79	81	1
104	123	2
126	127	2
131	133	4
121	123	4
20	20	8
14	32	2
40	53	3
108	133	3
13	33	2
47	50	1
38	43	1
9	10	4
13	25	1
15	17	1
73	74	3
102	105	1
41	42	4
47	49	4
21	32	3
26	26	9
97	123	3
10	11	3
16	18	3
10	30	1
89	129	2
42	80	1
101	104	1
15	16	4
117	118	10
36	38	2
83	83	4
11	20	2
113	114	2
118	131	3
42	43	3
126	130	1
118	120	3
75	79	1
97	105	3
89	99	1
124	125	6
1	28	1
53	57	2
125	130	4
33	36	1
137	139	1
21	24	3
94	95	3
4	13	1
113	115	2
53	55	5
23	31	1
113	116	3
13	98	1
38	41	1
62	67	1
71	72	3
37	39	2
28	30	3
83	85	2
47	48	4
112	117	1
22	26	2
10	21	2
122	131	1
30	90	3
40	42	4
109	120	1
128	132	2
70	74	1
142	143	1
43	43	4
1	2	1
20	22	2
4	139	2
131	134	2
38	39	2
41	41	6
27	29	2
4	35	1
111	116	2
135	140	2
120	121	2
88	102	2
49	52	1
2	2	2
15	111	1
55	79	1
103	124	1
12	31	1
37	42	1
12	12	2
128	130	3
89	100	1
59	61	2
0	12	1
100	131	1
39	40	3
136	139	1
40	41	2
15	32	1
121	124	2
112	115	1
53	56	2
72	75	2
33	82	1
29	88	1
16	23	1
37	38	6
119	135	1
125	129	3
96	124	2
66	68	3
137	140	1
112	113	3
71	74	1
4	6	1
86	90	2
55	60	1
32	33	2
88	92	3
84	85	1
88	94	1
16	33	2
61	64	1
19	22	1
1	3	1
93	95	1
69	73	1
145	146	3
115	115	1
82	87	1
12	26	1
1	6	1
54	82	2
132	133	3
38	80	1
80	86	1
24	26	2
131	132	1
84	84	2
125	126	2
20	30	1
66	79	1
97	121	1
8	101	2
118	127	2
15	19	1
43	83	1
17	24	1
74	76	1
33	34	1
60	62	1
68	69	1
23	27	2
26	79	1
10	28	1
80	89	1
65	66	1
30	33	1
3	10	1
127	136	1
12	13	1
2	35	1
57	59	1
46	47	1
86	87	1
13	21	1
20	31	1
11	121	1
111	137	1
62	64	1
103	104	1
21	22	2
87	92	1
92	110	1
68	74	1
6	121	1
128	131	1
99	101	1
22	25	1
18	20	1
34	35	1
119	125	1
114	115	1
13	14	1
10	22	1
6	11	1
117	141	1
96	123	1
18	24	1
106	121	3
21	27	1
48	51	1
90	124	1
69	74	1
85	92	1
54	56	1
5	13	1
117	143	1
96	105	1
119	140	2
98	132	1
93	96	1
38	83	1
122	133	2
99	129	1
16	110	1
14	111	1
11	30	1
33	40	1
123	125	1
18	22	1
52	58	1
100	129	1
98	104	1
88	125	1
34	36	1
55	84	1
23	26	1
118	130	1
82	86	1
59	66	1
113	141	1
87	89	1
97	104	1
48	50	1
79	82	1
38	79	1
31	87	1
123	134	1
18	32	1
37	81	1
135	141	1
