22	23	5
180	180	6
181	181	8
52	53	2
12	12	4
32	34	1
241	241	3
40	40	4
20	20	6
120	120	4
27	30	1
45	230	1
71	72	3
47	47	2
11	12	3
239	246	1
114	152	1
182	182	2
99	103	2
69	69	3
110	110	5
8	8	14
178	178	2
7	64	1
155	208	1
234	234	5
184	184	7
110	111	5
4	18	1
204	204	4
55	55	2
209	209	4
230	231	3
88	89	2
226	226	4
146	146	1
15	15	10
194	194	2
190	190	5
5	5	4
84	84	4
42	42	7
78	81	1
183	185	2
202	202	3
31	65	1
98	98	6
246	246	1
82	82	3
156	156	13
68	68	14
150	153	1
191	191	8
112	112	8
174	174	3
47	48	4
237	237	8
9	9	5
9	10	6
53	54	4
3	3	5
50	51	1
241	242	2
30	30	5
60	60	6
7	10	3
160	160	3
212	212	3
37	38	6
214	240	1
31	32	3
6	9	1
5	6	3
233	233	2
231	231	5
70	71	2
42	43	2
113	113	6
198	198	7
91	92	7
238	238	7
236	236	6
92	92	6
90	91	2
207	207	12
99	99	5
247	247	3
48	50	1
100	101	1
1	16	1
220	220	4
94	94	5
80	83	1
185	185	3
164	166	1
169	240	2
168	168	7
236	237	3
6	6	10
77	77	5
29	32	1
4	14	1
153	153	9
117	117	9
152	154	2
205	232	2
238	240	2
25	29	2
243	245	2
238	239	6
166	166	5
30	31	2
173	173	11
227	228	3
21	22	1
20	22	1
192	192	3
19	19	3
54	54	2
198	199	6
45	45	1
188	189	7
163	163	4
118	119	5
24	24	5
169	173	1
160	161	4
155	155	7
101	101	6
28	31	1
185	244	3
170	175	1
65	67	1
206	207	5
221	221	9
230	233	2
109	109	10
169	172	2
168	171	2
197	198	4
116	118	2
205	205	2
243	244	3
11	11	4
46	46	4
18	30	1
230	230	3
73	74	1
184	244	1
38	38	1
162	162	3
71	71	3
172	172	9
70	70	7
99	109	2
57	96	1
166	186	1
91	95	1
219	220	1
93	94	1
164	164	3
52	52	3
197	199	1
53	53	6
229	230	3
26	33	1
51	51	4
43	116	1
94	95	2
113	115	3
200	213	1
179	179	5
35	36	4
107	116	1
113	117	1
112	113	4
44	44	5
81	81	2
56	58	2
179	180	4
104	104	1
31	31	3
18	19	2
29	44	1
211	212	6
171	174	1
57	58	3
114	151	1
62	62	2
75	191	1
34	35	1
95	107	1
61	61	3
194	195	4
111	111	7
95	95	3
14	15	8
62	164	1
152	152	5
33	33	3
152	153	2
193	193	8
199	200	3
108	116	1
197	197	2
171	171	2
22	22	4
111	113	1
35	35	5
199	199	2
26	26	6
154	154	4
203	203	7
2	37	2
168	169	3
25	25	5
96	98	1
60	61	1
200	201	2
4	4	4
218	234	1
102	103	1
115	115	8
86	86	3
225	225	4
151	151	7
199	244	1
61	92	1
233	243	1
42	44	3
175	177	2
43	43	6
156	206	1
207	208	1
153	155	1
26	28	1
19	20	5
17	18	1
96	118	2
27	27	6
33	34	5
39	39	3
221	222	3
93	93	7
106	106	3
32	32	5
96	97	5
36	36	3
59	88	1
168	194	2
152	165	2
220	223	1
41	41	4
145	145	2
108	108	3
215	217	1
78	78	3
42	149	1
44	45	2
28	29	3
162	163	3
229	233	1
56	59	1
17	17	3
3	5	1
97	97	7
9	11	2
15	35	3
163	179	1
175	176	1
228	229	1
216	216	3
7	7	2
227	229	2
193	196	1
41	42	1
244	244	5
177	181	2
201	201	3
151	152	4
242	247	1
105	105	2
165	166	1
152	164	1
158	158	2
161	161	4
89	89	3
245	248	1
239	240	2
29	31	2
24	182	1
193	195	1
33	44	2
218	218	1
94	104	1
24	25	1
245	245	2
192	193	2
181	223	1
21	21	7
90	90	2
118	244	1
87	89	1
207	212	1
212	213	4
6	7	4
185	186	2
104	107	1
87	87	3
18	20	1
243	243	6
166	167	1
23	53	1
198	210	2
50	222	1
50	50	2
7	8	5
224	224	2
183	236	1
33	53	1
119	120	1
187	190	1
48	48	2
64	65	2
165	165	4
157	158	1
242	242	3
51	55	3
95	97	3
216	217	1
163	165	3
186	186	4
56	57	1
180	181	2
68	71	1
21	78	1
55	56	1
114	115	2
235	236	2
88	147	1
79	85	1
205	208	1
246	247	3
169	169	5
16	20	1
203	204	5
34	34	3
168	240	2
110	207	1
217	217	1
184	185	1
27	28	1
65	66	2
152	160	1
210	210	3
37	37	3
85	144	1
107	107	1
2	3	3
163	164	3
111	236	2
35	39	1
23	23	4
117	120	1
10	10	9
219	219	4
187	191	1
109	110	4
204	205	1
211	214	2
238	241	1
62	92	1
57	57	2
200	200	6
149	149	1
223	223	1
66	67	2
150	151	2
95	98	1
183	183	5
29	30	1
183	224	1
186	188	2
215	241	1
72	77	1
165	167	2
114	114	4
187	193	1
16	17	1
53	55	2
113	114	2
116	117	1
29	37	1
238	247	2
195	195	2
108	113	1
61	68	1
152	155	1
2	4	3
16	16	2
186	192	3
188	188	2
154	155	1
1	1	2
207	209	2
73	89	1
208	208	4
9	235	2
40	46	1
206	206	4
228	228	3
48	203	1
162	180	1
182	183	3
48	49	2
4	5	2
61	67	2
199	245	1
176	193	1
222	222	1
54	59	2
69	70	3
68	72	2
230	235	2
91	91	1
80	81	2
119	145	2
102	102	3
169	170	3
39	40	2
37	39	2
43	44	1
19	22	1
215	215	1
202	203	1
73	73	2
168	192	1
49	49	3
10	40	1
103	104	2
213	213	1
170	171	2
177	177	1
83	84	1
81	82	2
96	117	1
214	241	1
37	40	1
116	116	1
114	240	1
217	240	1
203	205	1
105	107	1
15	76	1
69	72	1
120	247	1
16	22	2
214	237	1
201	202	2
2	2	1
118	118	2
66	66	2
55	70	1
153	157	1
49	50	4
111	238	2
8	236	1
223	225	1
63	63	3
157	209	1
161	187	1
80	93	1
75	75	1
220	221	2
156	157	1
2	15	1
237	239	1
84	118	1
108	241	1
1	2	1
172	198	2
240	240	3
234	235	1
156	167	1
235	235	3
71	74	1
98	110	1
195	196	2
88	88	2
92	93	1
176	177	1
24	34	3
171	172	2
220	222	1
154	161	1
187	188	1
179	181	1
190	191	2
54	55	2
213	214	2
191	192	1
104	106	1
101	103	1
174	175	1
51	52	2
62	65	1
186	190	1
225	235	1
55	71	1
65	65	1
40	230	1
85	86	2
181	182	1
198	211	1
18	56	1
53	78	1
25	179	1
211	211	2
3	7	1
216	218	2
161	162	1
62	68	1
111	112	2
219	221	1
217	218	1
119	119	2
100	100	1
103	111	1
62	63	1
51	149	1
208	209	1
78	79	1
172	173	2
12	14	1
168	200	1
16	71	1
8	9	1
42	117	1
222	223	1
155	156	1
183	188	1
164	167	1
240	243	1
206	246	1
119	247	1
74	74	1
205	229	1
109	113	1
68	70	1
18	18	2
63	64	3
76	91	1
214	214	1
113	211	1
203	208	1
56	70	1
84	85	1
47	51	1
180	214	2
188	198	1
112	114	1
102	104	1
85	90	1
56	56	1
93	95	1
36	47	1
108	145	1
29	29	2
188	190	2
40	41	1
72	72	2
229	229	2
6	19	1
8	11	1
167	167	2
104	105	2
197	211	1
113	152	2
117	119	1
155	167	1
189	189	1
99	118	1
58	58	1
73	75	1
4	16	1
193	194	1
192	194	1
200	212	1
245	246	1
173	196	1
161	169	1
87	88	1
80	80	2
95	96	4
0	1	2
147	158	1
34	36	1
14	47	1
237	241	1
61	62	2
153	154	1
109	114	1
5	13	1
192	224	1
57	59	1
209	210	1
91	101	1
221	233	1
233	234	1
87	101	1
236	245	1
67	68	1
151	153	1
115	116	1
36	38	2
64	64	1
39	42	1
6	47	1
60	62	1
230	240	1
35	230	1
117	242	1
230	232	1
239	239	1
235	244	1
76	87	1
