46	48	5
61	63	2
132	132	2
11	12	1
123	123	4
93	94	1
15	22	2
96	104	2
70	70	7
46	46	7
18	18	5
45	45	4
32	32	2
19	51	1
78	78	7
25	25	4
99	101	1
119	119	10
111	112	3
22	77	1
11	107	2
66	66	4
49	50	2
67	67	10
77	118	2
69	70	2
41	45	1
76	77	7
97	97	8
77	80	1
49	49	7
124	124	3
75	77	2
102	103	1
26	30	1
62	62	3
14	14	6
2	3	6
118	119	1
127	127	7
108	113	1
40	55	2
114	114	5
66	115	1
77	77	9
29	29	9
81	81	8
84	86	3
64	64	1
0	7	1
86	89	3
47	48	1
83	85	2
14	16	4
42	42	6
74	77	2
58	58	3
51	53	1
3	5	3
40	40	8
19	32	2
89	89	5
49	55	2
91	93	5
66	82	3
61	61	5
65	66	4
31	32	4
80	108	1
55	55	4
122	122	5
21	21	10
87	87	5
83	83	8
71	81	1
73	84	3
13	13	5
102	127	2
60	131	2
124	125	1
4	5	2
9	9	3
69	69	9
72	77	1
75	76	4
56	62	2
128	128	4
72	75	3
120	120	5
32	33	1
111	111	4
77	103	1
125	125	6
121	121	5
63	65	3
43	62	1
112	112	4
44	44	7
31	31	4
51	117	1
115	116	4
96	96	4
126	126	7
116	116	5
104	104	4
91	95	2
54	54	6
62	117	1
2	114	2
27	27	5
12	12	6
33	50	2
28	29	1
41	43	4
94	94	3
7	7	6
87	88	3
17	17	6
93	93	2
56	56	8
17	72	1
11	11	4
47	47	7
17	18	1
120	121	3
92	92	5
14	15	5
19	53	2
101	101	3
32	39	3
45	67	1
99	103	2
61	62	2
19	21	2
64	66	2
124	126	7
50	50	12
24	44	1
1	1	6
88	96	1
65	65	7
113	113	4
113	117	1
105	109	1
30	30	1
88	88	6
41	41	4
34	34	3
62	63	5
87	93	1
75	78	1
76	76	4
79	80	2
108	108	5
28	28	7
39	39	11
6	6	6
110	110	3
30	75	3
95	95	3
66	67	7
19	20	2
86	87	2
11	13	1
97	98	6
20	31	3
129	129	3
57	57	4
4	19	2
71	76	1
105	106	3
115	117	2
81	99	1
102	102	7
82	84	2
115	115	8
128	129	3
131	133	3
85	86	4
23	24	1
92	93	3
90	90	6
130	130	2
45	48	3
108	117	3
113	114	1
45	46	4
79	79	11
52	63	1
97	99	4
90	91	3
16	17	3
99	99	4
83	84	4
11	34	1
131	131	5
19	19	2
52	52	8
100	108	2
83	87	2
52	53	1
99	100	3
29	30	5
23	23	4
14	18	1
50	54	1
126	128	2
116	126	1
94	95	1
100	118	2
41	42	1
18	19	1
71	82	1
20	25	1
94	111	3
42	43	5
22	22	3
13	14	1
28	30	1
24	24	2
108	118	1
121	123	2
47	66	1
115	119	3
60	61	1
85	85	4
74	74	2
91	92	4
88	89	3
109	121	1
91	91	6
33	33	5
114	115	4
81	82	7
78	79	4
73	74	6
40	41	1
98	98	4
55	62	2
105	105	6
74	75	3
4	4	2
105	107	1
42	71	2
96	97	2
90	92	5
112	124	1
52	55	2
104	105	4
15	73	1
67	68	4
73	77	2
100	100	3
48	49	2
3	3	3
119	120	1
2	51	1
17	107	2
86	86	2
80	80	4
19	115	1
25	26	4
0	0	5
22	26	2
3	32	1
48	48	2
70	87	1
72	72	5
98	108	1
86	88	2
43	46	1
2	2	4
55	85	4
100	101	1
26	26	4
107	107	4
43	43	6
28	116	2
26	27	1
114	116	4
59	85	1
26	50	2
89	91	3
10	10	4
80	81	4
110	112	1
93	121	1
125	126	2
58	117	1
60	60	4
106	106	2
7	8	2
102	104	2
10	13	2
71	71	7
5	5	4
82	82	3
9	10	2
50	52	3
114	126	2
13	15	1
15	62	1
109	110	1
16	16	5
94	96	1
118	118	4
130	131	1
72	79	3
51	51	3
44	45	2
59	126	1
56	57	2
126	132	2
88	91	1
116	117	1
29	49	1
30	118	1
62	111	1
38	40	1
16	22	4
33	34	1
14	17	1
8	8	1
61	72	1
53	53	3
59	60	2
31	54	1
118	127	1
72	73	2
126	129	2
68	103	1
68	68	5
46	51	1
94	122	2
15	16	2
109	109	2
113	129	1
38	38	3
103	108	1
44	65	1
64	82	1
27	28	2
129	130	2
75	75	6
54	55	1
18	21	2
61	106	1
70	71	2
8	9	2
123	124	2
37	37	1
66	79	3
92	116	1
32	50	1
101	104	1
9	25	1
27	29	1
61	97	1
99	117	1
9	106	1
128	130	1
77	78	3
122	123	1
46	47	1
60	63	1
49	92	1
59	63	1
7	9	2
65	73	2
50	51	6
51	52	1
98	99	2
85	87	1
117	130	1
68	69	1
22	44	1
108	109	2
53	92	1
43	44	1
62	77	1
84	85	1
85	106	1
24	25	1
26	69	1
88	105	1
59	59	1
49	51	1
47	49	2
62	100	1
53	54	1
39	42	1
4	63	1
63	63	2
133	133	1
13	19	1
73	102	1
70	116	1
64	91	1
14	87	1
1	49	1
54	78	2
93	95	1
20	49	1
58	59	1
93	111	1
24	79	1
57	125	2
64	75	2
15	21	1
103	114	1
64	76	1
33	52	1
64	65	1
65	97	1
15	17	1
55	68	1
10	11	1
32	40	1
58	125	1
62	97	1
113	130	1
20	56	1
103	103	1
78	96	1
84	84	1
38	41	1
5	11	1
