34	34	1
12	13	1
73	73	8
21	21	5
58	77	2
22	53	1
85	85	6
57	57	12
30	69	1
23	24	6
48	48	6
30	30	14
75	75	10
82	82	9
57	58	4
13	13	8
19	20	1
74	74	15
67	68	6
24	25	1
89	89	8
69	69	15
4	4	10
69	75	1
3	4	3
20	20	5
31	31	9
15	16	2
86	87	3
80	80	6
25	27	4
51	52	6
15	17	1
60	60	7
58	58	11
51	51	10
12	16	1
77	77	2
49	49	6
71	71	4
49	56	2
15	15	4
13	15	1
10	10	11
24	24	12
46	74	1
70	71	2
54	54	14
53	54	4
78	82	2
29	29	6
21	22	8
46	79	1
14	14	9
1	1	7
65	66	3
67	67	16
55	55	5
84	86	3
52	59	3
80	87	1
5	6	6
10	26	1
56	56	6
18	18	2
19	30	2
66	66	9
24	89	2
79	79	5
22	23	5
25	25	6
30	53	4
12	12	12
55	56	3
29	50	1
81	86	3
58	66	1
88	88	3
1	2	2
64	82	1
64	65	3
64	68	1
84	84	5
3	3	11
9	9	10
69	70	4
6	7	4
27	27	5
77	87	2
72	72	3
80	83	2
23	23	12
46	48	2
81	83	4
22	56	2
52	52	7
76	76	4
81	81	7
74	75	2
63	63	4
68	68	11
67	85	1
7	7	1
83	83	7
56	57	4
87	87	10
81	88	3
60	63	1
69	74	2
80	81	3
81	82	3
50	77	1
59	62	2
65	81	3
72	80	1
29	61	1
59	63	1
0	1	4
64	64	4
53	53	2
13	17	1
23	57	1
71	85	1
71	86	2
19	59	1
78	78	6
60	62	1
6	10	1
54	81	1
61	61	2
75	76	2
66	69	1
67	71	1
19	19	6
26	26	4
55	59	1
6	6	5
61	62	6
4	24	3
5	5	5
13	52	1
2	3	2
47	73	1
30	31	4
9	18	1
52	77	1
8	8	3
49	50	3
49	60	2
22	22	8
5	7	1
56	59	2
10	12	1
27	28	1
47	57	1
86	86	4
76	77	3
68	69	2
34	35	2
27	31	1
72	73	2
55	70	2
31	32	1
64	66	4
77	78	3
65	89	1
34	76	1
80	85	3
2	2	6
70	70	5
65	73	2
78	79	3
28	28	4
53	81	3
4	5	1
46	46	1
67	88	1
16	16	2
48	64	1
47	65	2
58	75	1
48	50	1
74	85	1
26	57	1
58	60	2
14	22	1
88	89	3
10	11	1
50	52	1
14	15	4
53	82	1
8	9	1
8	63	1
17	52	1
56	89	1
11	11	6
16	62	2
65	68	2
74	86	1
59	59	2
74	87	2
78	80	2
17	17	2
0	0	2
82	83	3
77	80	1
46	57	1
55	74	2
13	21	2
59	60	1
76	79	1
9	25	1
17	27	1
6	26	1
25	26	1
7	10	2
50	50	1
7	25	1
84	85	1
57	90	1
29	30	2
63	64	2
52	73	2
79	80	1
19	53	1
47	47	2
72	75	1
60	61	1
54	58	1
4	25	1
53	58	1
12	14	2
68	70	2
26	78	1
71	72	1
47	48	2
53	88	1
50	51	1
6	8	2
24	27	2
64	77	1
74	84	1
49	63	1
28	29	1
20	21	1
82	85	1
5	53	1
5	8	1
53	59	2
24	81	2
81	84	1
73	74	2
75	77	2
67	89	1
51	53	1
13	23	1
66	67	2
48	53	3
52	65	2
7	17	1
20	24	1
67	84	1
30	87	1
13	14	1
6	9	2
67	74	1
60	66	1
48	66	1
62	65	1
70	75	1
72	83	1
26	75	1
6	59	2
58	59	1
58	69	1
11	23	1
56	58	1
49	52	1
27	56	1
54	55	1
17	18	1
87	88	1
54	57	1
