128	128	4
110	125	2
101	102	6
27	28	1
109	109	9
55	57	1
127	128	3
72	74	2
122	123	2
13	13	7
87	91	3
114	114	3
60	62	2
119	119	11
21	66	2
78	80	3
83	83	6
40	40	8
129	130	4
8	110	2
125	128	1
4	4	7
84	89	1
126	127	4
54	54	13
113	113	11
88	89	10
58	59	2
116	117	6
63	63	4
10	10	8
45	45	6
94	94	11
38	39	4
79	79	10
57	57	6
32	70	1
38	40	1
128	129	2
99	100	4
114	118	1
6	6	3
5	5	12
72	72	10
111	111	6
84	84	8
85	86	4
130	130	2
93	93	5
7	7	6
98	100	1
75	78	4
66	66	9
14	14	6
40	41	2
27	127	1
104	104	5
69	69	13
51	51	9
131	131	10
25	26	3
97	97	6
95	95	5
98	98	8
63	64	1
73	93	2
93	94	3
115	116	4
106	106	11
9	14	1
87	87	4
113	116	1
73	73	4
109	114	2
125	125	6
91	91	3
108	108	4
70	77	1
92	92	13
7	8	1
32	32	8
18	18	5
89	89	3
29	29	5
62	66	1
43	45	2
71	71	3
14	15	2
21	21	6
111	112	2
53	53	7
123	123	8
52	52	9
26	26	5
65	113	2
86	87	3
20	20	8
66	68	1
61	61	4
89	90	3
15	128	1
42	42	9
86	86	7
56	56	14
22	22	2
19	19	6
87	88	4
69	70	3
5	111	1
94	95	4
14	51	2
30	30	2
44	66	2
16	17	6
17	86	2
1	1	5
54	55	2
0	1	2
67	68	2
53	54	2
13	20	2
40	96	3
18	21	1
95	96	6
70	70	6
76	76	9
39	39	7
59	63	1
100	100	5
96	96	5
120	120	7
108	120	3
67	67	12
92	94	2
50	50	5
48	48	8
77	77	3
102	102	1
129	129	7
12	28	1
69	102	2
39	40	1
130	131	1
115	115	4
46	102	1
108	114	1
107	111	4
41	41	6
121	121	12
104	105	6
118	118	3
61	90	1
112	112	8
2	2	7
33	45	1
16	21	1
28	28	2
74	75	2
126	126	9
68	68	2
105	105	5
99	99	6
132	132	3
41	43	3
46	47	8
74	76	1
8	8	2
65	66	3
80	80	2
56	58	1
91	93	1
45	47	7
31	32	2
92	93	3
63	66	1
110	110	4
11	12	5
105	127	1
61	62	2
72	75	2
84	85	6
44	45	1
88	91	1
66	67	4
49	49	10
24	34	1
45	46	5
96	101	1
78	79	3
70	104	1
46	46	3
37	37	1
11	14	4
0	0	6
103	103	9
16	86	2
58	62	1
97	101	2
83	98	2
115	118	3
124	131	1
17	17	5
124	125	2
33	34	3
55	55	1
117	117	7
113	118	2
18	23	3
43	43	7
58	64	1
16	16	10
13	14	2
33	33	4
60	61	2
108	121	1
133	133	3
62	62	5
96	102	2
65	69	1
102	103	2
1	12	2
16	128	2
41	42	3
89	91	3
59	60	5
80	81	1
31	31	5
91	92	3
8	19	1
77	80	1
72	105	1
65	65	2
7	9	2
108	110	2
114	132	1
78	78	6
131	132	3
69	83	1
58	63	1
48	63	1
113	114	3
21	67	1
81	84	3
75	75	4
18	22	1
52	53	3
82	84	3
101	101	4
42	50	1
13	15	1
28	29	2
50	96	1
24	25	2
62	65	2
64	64	3
124	124	3
84	86	3
82	82	1
23	23	4
42	44	2
2	3	3
108	109	3
96	123	1
85	98	1
5	6	2
116	116	8
11	11	1
127	127	4
14	114	1
81	81	6
49	51	1
34	34	5
85	85	4
64	65	2
112	113	2
72	76	2
88	90	1
39	44	1
32	39	3
78	82	1
71	77	1
67	102	1
59	59	4
108	123	1
59	62	2
4	57	1
12	12	1
130	132	2
80	94	2
46	69	1
96	99	1
93	105	2
9	9	3
23	24	3
66	92	1
21	91	2
24	33	2
30	32	1
11	58	1
48	49	2
81	85	2
44	44	3
31	114	1
92	98	1
93	124	1
88	88	2
93	95	1
77	98	1
16	68	2
97	103	1
55	56	1
47	47	3
114	131	1
6	7	2
12	14	1
43	80	1
122	122	1
92	95	1
87	89	1
114	115	2
90	91	2
90	90	3
15	15	2
27	27	3
76	77	2
50	51	3
21	65	1
75	98	1
132	133	1
10	11	1
15	17	2
82	99	2
118	119	4
109	110	1
113	132	1
19	21	3
60	63	2
71	72	1
51	52	2
107	108	4
52	55	1
114	116	3
18	19	2
111	114	1
22	23	2
3	3	4
46	65	1
106	131	1
86	89	1
107	107	1
54	67	2
97	100	3
5	7	1
49	50	4
117	120	1
94	103	1
126	129	1
3	5	2
14	18	1
120	121	2
1	3	1
88	128	1
121	122	2
22	24	1
103	104	1
97	99	1
9	12	1
3	56	2
76	89	1
20	65	1
92	96	1
16	62	1
45	119	1
21	22	2
101	103	2
4	6	1
75	76	3
15	34	1
96	104	1
70	84	1
0	50	1
96	97	2
27	30	1
47	48	1
5	108	1
125	127	1
83	84	2
60	65	1
120	131	1
64	83	1
27	32	1
79	88	1
22	64	1
42	43	1
17	88	1
105	133	1
1	2	2
70	92	1
19	41	1
8	10	1
109	113	1
52	112	1
46	56	1
95	104	1
97	98	1
97	102	1
100	102	1
25	25	3
75	97	1
81	82	2
19	23	1
4	5	2
124	132	1
32	93	1
68	87	1
90	94	1
60	60	1
38	38	1
21	51	2
108	113	1
34	39	1
27	128	1
29	30	1
70	71	2
73	75	1
30	31	1
105	110	1
98	99	1
98	122	1
21	24	1
126	132	1
106	129	1
65	67	1
20	66	1
59	61	1
82	97	1
50	62	1
52	64	1
113	119	1
88	96	1
51	55	1
74	74	2
16	20	1
34	40	1
43	44	1
28	122	1
117	126	1
125	126	1
29	116	1
13	129	1
117	128	1
38	43	1
59	86	1
27	29	1
119	120	1
108	118	1
58	58	1
11	20	1
117	118	1
10	12	1
19	20	1
25	39	1
25	28	1
20	110	1
43	77	1
22	66	1
14	20	1
29	124	1
117	119	1
26	34	1
