39	41	2
81	81	4
164	164	4
79	79	2
6	7	4
17	18	3
93	94	2
93	95	2
126	127	4
121	123	2
80	81	2
56	57	3
33	42	1
128	128	2
9	9	7
69	70	3
17	42	2
133	148	1
50	58	1
106	107	1
105	106	4
153	154	1
108	108	9
10	11	1
56	56	4
107	107	5
2	77	1
115	116	2
73	90	1
117	120	1
33	33	4
162	162	1
101	102	2
72	72	2
116	116	3
100	105	1
53	54	1
26	26	3
154	154	1
28	28	2
94	99	1
149	149	1
76	76	3
96	97	3
85	85	1
43	43	4
37	38	3
51	116	1
97	97	3
88	89	3
111	111	2
148	148	4
139	140	2
158	158	12
91	93	3
95	96	2
112	143	1
4	27	2
151	151	7
6	16	2
1	1	8
131	143	1
83	83	3
112	113	6
156	157	2
39	63	1
85	99	1
115	124	3
118	124	2
41	41	5
84	85	1
147	149	1
117	118	2
68	85	1
135	135	1
26	34	1
9	12	2
24	24	15
2	107	1
86	87	2
34	35	4
144	145	3
10	10	6
129	130	2
7	7	8
109	110	3
129	131	2
80	80	3
35	43	1
42	42	9
128	151	2
127	127	2
34	34	4
76	80	1
134	165	1
141	150	1
35	35	2
5	149	1
23	23	4
37	37	2
134	134	7
136	136	4
25	43	1
4	5	4
44	46	4
64	64	3
118	119	3
53	106	2
77	77	2
3	3	4
131	133	1
46	54	1
114	131	1
49	50	2
76	77	2
6	9	1
40	40	3
6	6	7
98	98	1
52	56	2
153	153	4
11	11	6
12	13	5
100	100	2
0	46	2
143	143	1
27	27	3
140	159	1
22	22	9
24	25	4
112	112	3
146	146	4
103	103	2
35	36	3
94	94	3
107	108	3
7	10	1
111	145	1
80	83	1
154	158	2
52	52	3
2	141	1
141	141	4
13	96	1
20	21	5
132	151	2
165	166	3
138	138	2
14	14	6
110	118	1
91	91	2
43	44	5
1	4	1
147	150	1
133	133	1
36	36	9
3	111	2
77	78	4
44	44	2
8	12	3
78	80	2
19	19	4
167	168	1
137	137	2
125	149	3
116	137	1
62	86	1
56	72	1
104	104	3
45	45	5
18	18	4
48	49	1
13	98	1
148	150	1
25	25	2
112	135	1
155	155	2
94	126	2
55	55	2
150	150	3
110	110	2
157	169	1
14	16	1
38	40	2
21	21	4
5	6	1
10	127	1
48	53	1
91	97	1
163	163	4
2	3	5
3	25	1
90	91	2
114	116	1
25	27	1
158	167	3
9	13	1
81	109	2
52	57	1
52	75	1
52	53	1
91	133	1
154	155	2
145	146	1
66	66	1
113	113	2
146	147	3
42	43	1
105	105	2
147	148	2
90	92	1
17	55	1
89	118	1
89	90	1
105	126	1
86	86	3
71	71	6
114	115	2
119	121	1
20	53	1
15	16	1
75	80	2
1	2	5
50	50	2
69	71	1
114	114	4
25	45	2
144	149	2
53	53	7
2	2	7
78	78	5
16	17	2
170	170	4
16	25	1
78	85	1
130	130	1
92	92	2
35	110	2
160	161	2
139	148	1
40	46	2
76	118	2
13	16	1
40	41	1
71	73	2
57	64	1
47	47	3
152	152	2
6	27	1
10	120	1
63	63	1
101	101	1
72	75	1
15	15	2
17	17	1
100	101	2
70	81	1
142	149	1
18	20	1
103	104	1
19	25	1
74	74	4
0	17	1
93	117	1
51	51	1
5	5	3
124	124	3
85	135	1
81	83	1
9	109	1
62	62	4
125	154	1
1	140	1
40	62	1
144	144	1
157	157	2
164	166	1
38	38	2
5	16	1
123	124	4
45	46	2
100	106	2
101	104	1
8	8	1
160	160	2
63	83	3
122	124	1
56	67	1
79	139	1
145	145	2
146	150	1
78	79	1
121	132	1
168	168	1
166	166	2
99	126	1
10	18	1
39	39	4
69	84	1
119	120	1
147	147	3
130	133	2
88	99	1
75	75	3
83	114	1
46	46	2
39	40	1
109	109	5
88	88	1
69	89	2
45	122	1
167	167	1
102	102	2
127	152	1
135	168	1
58	62	1
143	160	1
121	128	1
74	75	1
51	69	1
113	114	1
53	108	1
0	18	1
116	117	2
125	132	1
63	87	3
63	64	1
35	81	1
126	136	1
82	82	1
131	131	3
98	99	4
130	131	1
134	135	2
143	144	1
79	80	2
2	6	1
89	89	5
65	66	3
133	155	1
169	169	1
162	163	1
62	63	1
40	55	2
22	23	3
65	65	2
17	25	1
13	26	1
72	74	3
164	167	1
49	49	1
140	141	2
46	130	1
119	145	1
114	132	1
55	56	1
103	111	1
47	48	2
13	19	1
56	69	2
149	157	1
12	15	2
169	170	3
45	135	2
111	112	3
5	75	1
36	41	1
53	57	1
148	149	1
132	132	5
64	65	1
18	19	1
54	147	2
99	154	1
154	156	2
75	98	1
167	170	1
97	99	2
90	90	3
53	58	2
163	164	1
81	90	1
73	73	3
140	140	1
124	126	1
23	24	1
84	84	1
75	76	1
47	62	1
8	10	1
20	20	1
147	162	1
69	69	3
69	75	1
38	39	1
116	125	2
99	99	1
39	49	1
103	116	2
88	115	1
52	62	1
119	122	1
36	43	1
21	24	1
22	24	1
132	133	1
28	37	1
133	151	1
17	23	1
161	162	1
89	91	1
7	8	1
128	130	1
76	100	2
139	139	1
159	160	3
168	170	1
0	0	1
67	67	2
53	65	1
135	136	2
92	93	2
98	132	1
165	165	2
156	156	2
50	51	1
65	68	1
5	34	1
121	129	1
150	151	1
162	165	1
19	89	1
63	69	1
103	143	1
4	4	1
41	69	1
74	81	1
128	137	1
93	110	1
57	57	1
118	145	1
76	78	1
51	52	1
13	13	1
7	24	1
121	148	1
28	36	1
133	135	1
159	159	1
145	161	1
23	46	1
86	88	1
120	120	1
139	144	1
33	34	1
27	49	1
38	51	1
54	54	3
3	4	1
110	112	1
122	123	1
152	153	1
142	142	1
155	157	1
75	128	1
102	146	1
144	167	1
0	14	1
48	48	2
83	89	1
118	118	1
12	12	1
25	68	1
52	64	2
5	15	1
103	124	2
159	161	1
63	65	1
105	108	1
70	110	1
162	166	1
136	141	1
132	161	1
85	86	1
38	46	1
13	15	1
124	125	1
16	19	1
77	107	1
111	113	1
