154	154	10
8	8	7
73	73	12
51	52	2
54	55	6
133	133	8
111	112	2
48	49	6
89	106	3
84	84	3
108	113	5
11	11	13
152	152	3
3	4	5
8	10	5
51	51	6
96	118	2
28	28	11
42	42	12
34	34	22
136	136	8
97	97	6
23	24	9
67	67	5
114	114	6
127	127	16
6	6	8
66	77	4
6	7	5
23	23	21
40	40	14
153	153	7
48	123	2
130	130	10
85	85	5
70	72	3
146	147	9
68	70	7
84	85	6
123	123	3
81	81	2
90	90	9
66	72	3
44	44	17
117	117	9
91	91	9
147	147	10
113	113	13
151	152	3
53	53	10
50	50	5
77	77	15
52	54	5
5	5	13
105	112	3
80	80	6
126	126	16
128	128	17
82	145	1
19	21	3
142	142	9
13	13	7
103	103	13
31	32	6
48	48	11
14	14	11
68	68	11
30	38	2
24	24	17
121	121	5
27	27	9
137	137	16
80	81	1
79	79	5
65	65	10
89	89	18
83	85	8
99	99	19
1	1	7
144	144	11
39	41	2
122	122	12
96	96	14
87	87	16
146	146	10
78	145	8
78	78	6
2	2	4
21	21	8
47	49	4
9	12	10
108	109	3
15	16	8
157	157	18
105	118	1
2	99	2
67	69	6
69	69	9
100	100	4
25	26	5
11	13	9
110	110	16
22	23	5
102	102	2
95	96	12
92	92	4
14	16	3
150	150	6
93	122	5
113	115	8
30	81	3
30	30	14
41	43	2
67	71	3
139	139	10
38	85	2
141	141	13
111	111	7
75	78	2
131	131	13
32	87	2
3	3	14
36	36	16
132	151	6
75	75	4
142	148	7
132	133	3
130	137	1
45	47	6
143	143	3
24	26	6
57	57	6
64	130	1
85	89	8
57	115	4
55	55	10
7	7	6
132	132	2
118	120	3
25	25	2
79	80	6
98	98	7
40	41	5
47	47	6
67	68	6
33	33	4
138	138	9
97	147	4
91	134	7
14	110	4
115	115	13
78	144	6
109	112	3
43	43	5
38	50	5
68	72	4
70	70	9
68	71	2
105	105	8
4	4	6
153	154	15
148	148	7
149	149	12
140	141	3
6	101	7
140	140	4
145	145	3
81	83	5
82	82	3
51	53	1
56	56	4
112	112	6
7	8	4
86	89	2
17	19	7
36	37	6
78	79	1
132	137	2
107	152	3
52	52	4
62	62	1
141	147	2
123	124	8
64	65	5
140	143	2
130	135	5
2	3	7
32	136	5
71	71	19
29	97	2
10	10	3
143	153	1
95	97	3
124	124	5
9	11	2
97	146	3
117	122	1
1	4	3
52	53	5
8	42	1
9	109	3
90	132	1
102	103	1
93	93	4
103	125	4
83	83	8
126	128	3
117	118	5
33	99	2
125	126	8
18	19	5
123	125	1
101	101	3
114	116	2
12	12	3
26	26	7
1	2	3
115	118	1
22	22	8
115	130	1
133	137	2
85	88	2
150	152	6
12	32	3
41	41	9
32	32	8
145	148	1
150	151	2
50	56	4
91	112	3
100	101	5
125	125	10
135	138	3
12	33	3
0	1	4
38	79	1
29	29	4
10	15	3
116	116	3
115	117	4
18	18	9
107	127	2
29	118	3
102	104	5
42	124	1
106	107	5
38	38	4
118	124	6
24	25	2
122	123	1
9	43	2
70	78	1
118	118	3
76	76	4
50	51	3
119	119	1
27	28	3
71	77	2
135	135	13
9	9	7
122	150	2
66	66	7
75	94	2
133	148	2
115	122	4
0	114	2
108	114	2
46	47	1
95	95	3
13	14	1
149	150	3
154	156	3
152	156	3
6	8	1
16	17	6
15	149	1
119	120	6
30	31	3
12	13	1
152	157	1
18	37	1
92	93	3
86	86	11
98	99	2
3	128	4
124	125	1
76	77	2
107	108	2
56	123	1
139	148	2
22	115	1
93	142	2
154	155	3
113	127	3
105	115	2
107	107	2
26	104	2
66	71	2
114	129	1
133	134	2
122	124	3
63	64	2
5	6	1
139	144	1
103	104	2
89	91	1
109	111	3
39	40	1
53	54	1
20	21	2
35	36	2
108	108	1
104	105	2
50	52	2
36	85	3
39	39	1
137	138	2
94	94	2
46	46	3
55	56	4
44	45	2
37	37	1
124	128	1
116	117	4
109	115	1
77	78	5
109	109	3
93	94	1
131	132	2
33	46	3
103	105	3
54	54	2
88	88	2
152	154	1
35	35	5
72	77	1
4	5	1
9	40	3
11	23	1
144	145	2
146	148	2
32	33	1
120	121	1
135	137	4
144	147	1
16	16	1
29	55	2
51	56	4
66	67	1
131	133	3
6	98	1
46	108	2
15	15	3
155	156	1
23	143	1
9	10	1
116	123	2
83	145	1
106	106	1
71	72	2
0	0	1
64	129	1
32	88	1
45	48	2
15	37	1
54	125	2
19	19	1
28	96	1
69	71	2
121	123	1
15	19	1
39	79	1
38	45	1
73	105	2
20	20	1
75	149	1
77	79	1
135	136	1
4	45	1
151	151	1
17	18	1
120	120	1
54	122	1
126	127	1
148	150	1
38	83	2
8	40	1
110	127	1
85	87	1
