92	95	1
57	58	4
65	65	1
66	66	7
61	61	2
85	86	4
25	27	1
66	67	3
56	56	3
82	84	1
28	54	3
51	51	6
67	76	1
85	85	4
83	83	2
67	72	3
67	68	5
95	97	2
99	99	7
39	39	9
29	29	3
67	90	2
36	36	15
69	70	3
91	92	1
63	63	10
71	71	4
41	41	5
89	93	1
90	91	1
73	73	7
37	86	1
45	46	3
93	102	1
31	37	1
40	40	2
46	46	6
88	88	12
86	90	3
52	52	6
72	74	2
53	54	2
78	78	4
72	72	4
81	81	4
54	55	1
49	50	2
87	89	5
45	75	1
81	84	2
82	83	1
58	58	6
27	27	5
41	42	3
97	97	7
71	73	6
91	91	6
53	53	6
31	32	1
98	99	2
26	26	4
21	22	1
52	55	1
44	44	5
47	48	4
58	59	1
60	79	2
71	72	3
101	102	3
42	42	6
49	49	11
73	92	3
34	36	2
35	38	1
46	48	1
49	75	2
55	55	5
60	72	2
59	59	8
40	50	3
96	96	4
98	98	4
68	69	3
28	28	1
91	93	2
96	98	1
53	58	1
20	22	1
48	50	1
50	65	2
101	101	7
76	76	4
82	82	3
56	57	1
70	70	1
93	94	1
77	77	2
48	51	1
46	88	1
60	60	6
69	69	7
87	88	4
20	98	1
60	61	4
89	89	2
87	87	3
86	87	2
57	79	1
23	101	3
64	65	1
98	101	1
69	72	2
78	85	1
25	26	2
94	97	3
75	75	5
76	77	1
93	93	3
86	86	2
48	48	3
64	76	1
95	100	1
74	74	2
33	33	6
88	94	1
63	85	2
83	84	1
96	97	1
67	67	6
90	90	5
49	90	1
84	84	4
100	100	1
66	90	1
94	98	1
25	25	2
42	43	1
45	45	1
95	98	3
57	59	1
59	62	2
31	36	1
66	76	1
35	35	1
34	38	2
37	38	2
68	85	3
63	64	2
66	79	1
51	52	2
46	47	1
78	93	2
57	80	1
32	32	3
40	59	1
63	65	1
31	33	1
59	74	1
43	43	1
61	74	1
50	99	1
64	64	1
62	64	1
72	76	1
34	34	3
57	57	2
63	93	1
93	98	2
61	62	1
62	62	1
27	54	2
36	37	1
72	73	1
67	69	1
52	53	1
34	35	1
25	37	1
29	54	1
69	73	1
33	35	1
55	91	1
24	24	1
44	54	1
81	86	1
67	79	1
98	100	2
56	59	1
95	101	1
38	38	1
86	102	1
80	80	1
29	87	1
88	101	1
70	71	1
79	79	1
31	35	1
29	46	1
45	48	1
40	41	1
53	92	1
94	95	1
47	47	1
95	96	1
47	98	1
