119	119	7
183	194	1
80	80	2
227	228	3
155	155	3
202	221	2
161	162	3
14	22	1
166	168	1
41	41	8
101	248	1
167	168	1
178	179	2
116	116	6
234	234	4
98	99	1
15	15	3
85	211	1
180	180	2
31	32	2
240	240	5
84	85	3
76	76	3
195	195	5
233	233	2
26	26	7
243	243	1
229	229	4
150	150	7
203	203	3
157	158	2
25	25	3
90	90	1
173	174	4
88	211	2
93	93	4
182	183	2
207	208	1
100	101	1
57	60	1
160	160	2
145	222	1
61	65	1
64	64	5
216	240	2
199	199	3
185	187	1
3	58	1
209	243	3
82	82	5
56	56	9
35	35	2
182	184	2
240	241	5
168	168	4
161	163	1
154	154	5
178	238	1
21	21	2
232	247	2
11	11	3
104	104	1
70	76	1
58	58	5
84	98	2
73	74	2
27	27	2
184	185	4
24	24	2
223	223	4
161	161	1
239	245	1
55	55	4
203	204	2
194	194	2
89	90	2
16	16	7
55	56	2
102	104	3
173	190	2
77	77	7
188	190	2
8	8	8
192	192	6
163	163	5
120	145	2
196	242	2
159	159	4
226	227	3
202	203	1
70	70	4
187	192	2
84	84	1
36	36	4
225	226	5
239	240	2
242	242	9
13	13	1
196	217	2
224	224	5
178	178	8
208	208	2
209	209	2
71	89	5
43	44	1
91	92	3
20	31	1
45	47	2
54	86	1
57	57	3
167	167	6
211	211	4
205	206	1
189	189	1
166	166	3
31	33	1
157	157	5
30	38	2
96	97	2
115	115	5
43	43	3
62	62	4
153	153	2
117	229	1
29	40	1
193	193	2
113	113	5
61	62	5
212	214	1
200	200	5
200	213	1
51	52	1
29	30	1
21	26	1
33	33	3
45	45	3
195	197	1
118	119	2
2	2	1
34	34	1
59	59	4
185	185	6
237	237	6
32	33	2
237	241	1
108	111	1
87	88	2
165	165	8
220	235	1
40	40	2
26	93	1
72	72	4
208	245	1
152	152	4
69	69	5
94	155	1
86	87	2
209	236	1
162	162	2
7	8	4
17	17	4
241	244	1
221	222	2
39	58	4
23	29	1
117	117	7
239	239	3
222	222	7
227	229	2
113	151	2
212	212	6
95	100	2
203	224	2
4	5	1
169	169	1
68	74	1
32	32	9
34	35	1
40	144	2
78	79	2
176	176	3
57	58	5
198	198	5
97	102	1
224	225	1
205	205	2
181	181	4
114	147	1
56	212	2
181	182	2
162	164	3
187	187	2
50	71	2
170	170	4
171	172	2
210	211	2
99	99	1
1	227	1
207	207	8
81	81	1
27	28	1
89	89	2
247	248	2
226	226	3
177	177	2
222	225	1
117	118	3
114	114	4
52	59	1
29	45	2
5	5	4
54	78	1
146	147	2
3	6	1
63	64	2
101	152	1
210	234	1
165	166	2
189	190	3
0	204	1
80	81	1
160	161	4
198	200	1
230	230	3
208	237	1
10	11	1
232	246	1
34	213	2
156	156	5
50	60	1
105	107	1
93	94	2
70	80	3
227	235	1
215	215	3
59	60	3
97	97	2
44	44	4
162	165	2
215	216	3
161	167	2
202	202	3
49	51	1
198	199	1
19	20	1
63	63	4
77	79	2
10	10	4
145	183	2
94	94	4
19	19	2
47	49	1
13	14	1
217	218	3
56	58	1
95	95	1
77	78	1
65	65	2
83	86	1
43	55	1
183	183	1
39	39	5
60	60	2
1	22	1
211	212	4
191	201	3
75	76	1
67	68	2
31	31	6
83	83	2
235	235	3
41	43	1
188	223	1
248	248	1
198	231	1
175	176	2
190	190	3
10	94	1
198	232	2
201	202	3
153	154	4
231	234	4
220	220	3
164	165	1
119	246	1
17	230	1
175	175	4
54	54	2
218	236	1
62	66	1
228	229	2
114	115	3
2	6	2
12	12	3
197	198	3
228	228	2
4	17	1
67	67	4
152	153	1
235	236	1
56	213	1
226	239	2
115	166	2
9	10	1
46	51	2
49	50	2
81	82	2
27	54	1
245	248	1
57	59	1
50	64	1
162	182	1
231	232	2
235	240	1
246	247	4
11	31	1
197	199	2
90	98	1
109	203	2
203	206	1
111	111	5
216	218	1
168	207	1
22	23	3
241	241	3
192	201	1
33	35	1
58	60	2
107	107	4
225	228	1
85	85	3
107	118	1
1	1	2
83	84	1
39	64	1
109	109	1
52	52	4
61	61	3
74	74	2
213	213	1
48	59	1
194	212	2
52	230	1
173	173	6
76	107	1
205	218	1
105	106	1
24	31	1
183	184	2
48	50	2
158	204	1
151	151	3
201	201	7
238	238	2
110	110	1
207	214	2
115	116	2
168	170	1
55	62	1
196	221	2
177	181	1
147	147	1
155	156	1
111	112	1
107	109	2
246	246	4
45	57	1
163	165	2
222	223	1
168	169	1
31	34	1
7	7	1
71	71	2
68	84	1
227	227	2
112	112	3
64	65	1
145	151	1
150	168	1
8	28	1
70	74	1
37	37	4
2	3	1
56	57	3
72	73	1
156	173	1
28	28	3
233	234	1
157	166	1
76	82	2
104	105	1
169	214	1
150	178	1
209	213	2
66	66	3
172	173	2
178	205	1
168	213	1
40	41	1
47	47	1
199	201	2
157	160	2
59	62	1
92	92	5
4	211	1
14	14	1
101	101	1
154	155	1
89	96	3
72	79	1
199	238	1
22	22	2
82	83	2
207	219	1
44	45	1
209	244	1
247	247	3
208	209	2
17	190	1
5	163	1
206	207	4
193	194	1
30	31	1
206	208	1
45	46	1
46	46	2
189	217	1
111	151	1
11	37	1
99	100	3
96	96	2
116	117	1
36	37	1
190	192	4
1	155	1
1	3	1
4	4	2
206	244	1
145	147	2
20	21	1
55	61	1
209	238	1
115	119	1
117	192	1
240	242	1
48	65	1
174	175	1
218	219	3
232	233	1
79	79	1
84	112	1
185	186	1
5	20	1
159	169	1
243	247	1
172	172	3
245	247	1
188	214	1
188	188	1
43	54	1
121	149	1
50	63	1
191	191	4
108	109	3
54	55	1
192	200	1
20	34	1
41	42	1
242	244	1
35	36	3
48	48	1
225	225	1
200	211	1
153	161	1
23	26	1
188	211	1
174	174	1
5	211	1
61	72	1
189	191	1
49	49	3
160	165	1
28	51	1
104	106	2
119	202	1
44	54	1
51	58	2
94	95	1
50	55	1
197	197	4
212	220	1
222	227	1
188	189	2
1	8	1
1	78	1
217	217	1
170	171	1
219	219	2
238	239	1
159	166	1
23	23	1
160	163	1
112	113	1
11	19	1
245	245	1
197	221	1
113	114	4
204	204	2
101	102	1
119	195	1
221	221	1
42	42	2
20	20	2
2	161	1
9	9	3
172	174	2
7	9	1
32	84	1
183	237	1
73	170	1
188	192	1
77	160	1
50	72	2
224	232	1
61	63	1
41	59	1
30	30	3
159	163	1
196	200	1
9	31	1
170	176	1
9	32	1
175	177	1
119	120	2
48	49	1
178	185	1
204	205	1
166	177	1
71	76	1
13	34	1
5	6	1
184	184	1
106	106	1
209	210	1
42	54	1
37	230	1
5	247	1
27	42	1
25	62	1
203	205	1
29	29	1
110	112	1
246	248	2
159	160	1
183	216	1
218	218	1
86	95	1
56	66	1
200	201	1
19	34	1
97	111	1
157	162	1
94	110	1
171	173	1
241	246	1
166	167	1
194	196	1
208	215	1
96	111	1
235	241	1
157	159	1
112	119	1
100	100	1
31	38	1
92	94	1
22	30	1
31	204	1
34	57	2
220	227	1
86	86	3
201	218	1
74	75	1
168	174	1
103	103	1
73	89	1
190	191	1
16	27	1
173	204	1
15	22	1
77	112	1
50	50	1
152	160	2
61	90	2
164	164	2
108	108	2
207	241	1
232	232	2
33	201	1
97	98	1
174	176	1
233	235	1
40	58	1
245	246	1
84	87	1
171	187	1
33	36	1
51	51	1
112	210	1
179	191	1
78	151	1
22	40	1
68	180	1
108	110	1
113	243	1
193	196	1
73	76	1
178	210	1
68	68	1
242	243	1
118	118	1
78	80	1
86	94	1
21	25	1
57	113	1
14	15	1
180	182	1
214	234	1
213	249	1
179	180	1
54	218	1
29	39	1
214	214	1
116	147	1
223	224	1
216	216	1
102	102	1
91	91	1
103	153	1
219	220	1
71	74	1
177	178	1
