118	118	4
85	85	9
82	83	3
43	43	9
92	93	7
90	90	7
154	154	10
159	164	5
52	52	9
115	116	6
76	78	2
50	87	5
114	114	16
142	142	6
110	117	3
49	63	4
50	51	8
162	162	9
93	93	5
55	56	2
139	141	5
17	18	10
5	7	6
150	150	4
71	71	5
67	67	2
133	133	2
137	163	3
127	127	3
150	151	11
27	27	8
62	63	6
125	127	3
53	108	5
159	159	8
161	161	11
85	86	6
131	131	8
80	84	4
21	21	8
101	102	3
111	111	10
89	90	2
103	114	3
101	101	6
26	44	2
74	76	2
137	137	8
42	42	6
72	72	4
79	80	9
52	53	5
86	86	3
10	10	7
144	144	7
83	87	3
164	164	8
83	84	10
152	152	11
63	63	3
2	3	3
87	89	4
79	79	3
42	43	7
97	98	9
122	122	5
104	104	4
112	113	5
131	137	5
70	70	7
19	19	10
8	17	4
100	100	2
111	113	3
25	25	13
6	6	10
27	28	6
87	100	7
35	35	9
125	129	1
108	109	2
110	110	8
0	1	10
123	131	3
34	34	15
2	2	9
3	138	4
81	82	13
0	46	6
44	44	10
9	10	3
14	15	3
87	88	20
41	41	7
4	4	13
69	73	1
0	23	4
125	125	7
37	38	13
143	143	8
126	126	8
124	124	3
20	46	2
20	20	5
16	18	5
154	155	4
119	120	8
105	105	5
113	114	2
96	97	6
22	24	4
86	132	4
142	145	9
73	73	6
46	52	1
95	96	4
81	81	5
23	23	1
51	58	1
7	10	2
74	75	3
10	18	1
57	100	2
12	12	10
14	14	4
147	147	4
2	25	1
130	159	1
27	102	3
7	8	1
129	129	11
163	164	4
23	50	3
155	155	9
7	15	9
13	13	7
79	93	2
40	57	5
75	76	5
75	75	5
54	54	8
169	170	2
104	106	3
104	105	1
88	88	5
64	64	10
83	83	4
38	53	2
140	142	2
33	33	12
3	145	3
78	78	7
40	40	2
39	40	7
87	96	1
4	144	2
57	57	5
69	70	10
100	102	1
63	71	3
132	132	6
129	131	2
146	147	4
136	136	2
47	47	9
12	13	6
99	99	8
156	160	4
66	66	3
113	116	2
128	161	3
64	77	3
127	165	3
58	71	3
10	23	2
40	54	2
74	74	10
20	21	3
15	16	1
22	46	1
90	91	2
55	55	1
0	45	3
103	103	4
85	108	3
26	26	1
82	82	1
11	37	1
102	114	3
113	113	12
91	91	6
96	96	3
148	150	4
109	109	3
4	5	2
98	98	7
13	139	3
15	15	4
84	110	1
65	74	2
43	44	2
51	52	2
38	38	9
152	153	3
167	167	7
36	36	1
106	106	2
152	163	1
9	19	5
124	130	5
95	95	2
46	46	7
10	16	4
55	80	5
45	45	2
106	107	2
90	112	4
154	170	5
110	111	2
170	170	1
141	145	4
128	128	6
7	7	2
91	98	1
84	84	6
51	51	7
119	121	1
80	80	5
80	81	1
16	16	6
158	159	3
113	115	3
40	169	2
13	145	1
134	135	1
111	112	1
119	119	7
12	154	2
49	49	1
6	37	1
145	165	2
134	158	4
17	20	3
138	138	2
12	163	1
102	102	5
15	17	4
87	99	2
116	120	3
56	56	2
11	11	1
103	105	2
117	124	2
152	155	1
13	14	1
24	24	3
15	151	2
157	158	1
149	149	1
139	144	1
118	132	2
4	36	1
129	160	4
166	167	2
9	9	1
17	17	2
3	3	3
120	120	1
36	37	2
51	103	1
97	97	3
142	143	2
145	166	4
14	169	5
10	11	1
55	82	1
55	66	1
108	108	8
76	77	2
23	24	1
123	123	2
2	6	1
7	25	2
56	57	2
117	130	1
120	121	3
55	68	1
86	112	1
129	130	4
14	154	1
84	113	1
0	0	2
56	58	2
44	58	1
68	92	4
37	37	2
90	114	3
77	81	2
92	92	2
21	23	2
84	111	1
24	46	1
101	103	1
84	85	1
112	112	3
6	11	1
67	69	1
11	12	2
33	34	1
115	115	1
21	22	1
5	5	3
98	99	1
40	44	2
92	98	2
3	15	1
1	27	2
1	3	1
77	80	1
143	144	1
38	84	1
116	122	1
72	74	2
82	108	2
133	134	2
24	44	1
158	158	2
155	156	1
47	52	1
26	27	2
100	103	1
124	161	1
20	23	1
35	112	2
132	135	1
160	160	3
146	146	1
144	155	2
1	2	1
39	39	1
93	94	2
65	65	1
122	123	1
39	55	1
163	166	1
100	114	1
57	63	1
121	121	1
35	36	1
20	22	1
157	159	1
75	80	1
44	45	2
159	160	1
