114	114	8
49	50	4
132	134	3
142	142	10
42	42	14
125	131	5
128	129	8
78	78	4
37	37	17
116	116	13
135	135	8
22	25	1
107	107	9
28	43	4
140	140	38
121	121	15
42	58	3
131	132	3
49	49	14
38	39	6
25	31	3
16	21	2
66	66	7
85	85	5
145	145	15
81	81	4
90	90	10
101	142	1
82	82	5
41	41	8
135	136	3
134	135	11
36	38	10
133	133	11
79	80	1
101	105	5
31	33	2
145	146	3
141	142	4
5	140	2
135	137	9
73	85	3
99	102	5
128	128	26
126	126	28
56	57	1
103	103	14
93	93	10
20	21	15
131	133	1
98	123	4
66	68	3
32	35	5
87	87	5
146	146	2
89	98	4
19	19	8
11	11	4
25	25	8
109	110	5
63	63	6
134	134	16
98	98	13
122	122	7
27	27	10
84	84	9
34	34	4
68	82	1
30	39	3
91	91	19
48	48	9
130	130	28
123	123	13
97	97	5
25	33	1
15	15	7
62	64	1
10	11	9
124	124	10
26	27	9
77	77	7
127	129	4
74	84	2
2	2	9
24	24	8
119	119	11
118	119	10
9	17	3
49	66	1
127	128	1
23	23	15
8	8	10
64	64	5
105	105	3
102	102	1
0	1	6
28	29	4
39	39	8
17	17	11
125	125	16
4	11	3
136	136	9
120	120	13
131	131	18
101	101	12
110	111	2
100	100	13
107	124	5
137	139	3
124	130	2
72	72	11
13	15	2
47	47	6
16	18	3
109	109	6
109	127	3
84	85	4
95	95	2
96	98	4
40	41	6
54	54	20
36	40	3
13	13	9
78	80	3
111	111	8
2	4	2
104	104	9
80	80	6
74	75	5
74	74	3
66	67	1
39	116	1
96	96	4
54	57	7
6	6	7
94	123	3
53	53	10
144	144	10
9	141	2
89	90	10
66	78	2
89	89	6
70	110	9
31	32	1
126	131	3
142	143	2
39	48	2
62	62	8
57	65	5
57	57	6
121	122	5
101	102	2
65	69	2
74	76	4
29	29	3
21	21	8
65	65	9
58	59	2
59	60	1
99	123	3
104	105	7
22	23	5
52	52	4
14	15	3
133	134	6
141	141	7
135	140	3
22	22	13
98	102	1
26	26	5
138	138	5
115	115	1
43	43	8
0	0	1
106	107	8
54	55	5
23	25	8
27	29	3
144	145	3
17	27	2
79	79	7
57	58	3
105	109	1
130	131	1
13	14	1
31	119	4
30	30	16
31	31	6
102	126	1
69	69	1
30	31	1
59	59	8
92	92	1
72	75	1
51	51	4
55	55	6
123	131	3
10	10	11
20	20	7
127	127	4
14	14	5
101	103	3
113	113	6
62	63	2
33	33	3
131	141	3
65	66	1
99	99	3
71	82	1
95	96	6
22	87	4
64	72	7
118	118	10
136	137	3
5	5	3
128	136	3
107	111	4
106	106	2
12	16	3
107	121	2
135	139	1
127	130	5
55	56	6
139	139	5
13	16	2
103	116	2
16	16	2
101	135	1
92	93	5
39	41	2
117	117	4
83	88	2
70	80	4
143	143	6
66	80	3
80	104	3
37	38	1
80	81	1
133	141	1
38	38	12
80	84	1
86	93	1
18	20	3
41	42	4
3	3	6
75	75	7
34	35	5
94	94	9
58	58	5
119	120	6
61	69	4
99	100	1
127	136	2
113	114	2
97	121	2
9	9	5
99	101	5
18	18	8
110	110	2
109	120	1
56	56	8
119	123	1
124	125	6
120	134	2
126	127	2
83	83	7
9	15	1
87	90	5
1	1	2
132	143	1
36	37	7
67	67	5
12	23	3
101	144	2
102	123	1
117	118	5
51	52	2
72	86	2
25	26	3
23	24	1
124	135	2
118	144	1
68	68	5
31	34	2
103	124	1
137	138	1
123	124	1
137	137	7
88	88	3
120	135	4
9	25	2
128	130	1
11	41	1
18	28	1
17	51	3
121	123	5
86	86	1
73	79	1
97	127	2
139	140	1
136	138	2
96	97	2
16	134	3
109	121	2
122	131	1
37	39	2
68	69	3
56	63	3
108	108	3
82	83	1
128	139	1
129	129	6
4	4	4
112	114	2
73	73	4
35	35	2
98	99	1
112	113	1
67	68	4
15	17	3
57	61	3
56	67	3
15	16	3
137	140	4
36	36	2
34	36	3
125	126	3
136	139	1
33	36	1
11	17	2
28	28	2
32	32	3
102	103	1
138	139	1
56	60	1
48	56	2
104	109	2
124	131	2
75	76	1
78	79	3
84	96	1
73	82	1
71	80	1
87	89	1
140	142	1
89	91	1
99	103	1
125	127	3
8	18	2
81	99	2
24	29	2
56	61	1
64	97	1
5	6	2
24	25	1
31	37	1
81	83	1
103	123	1
71	72	1
60	63	1
90	129	1
120	121	1
141	144	2
39	40	1
80	99	1
84	88	1
70	85	1
120	131	1
119	121	1
69	70	1
8	16	1
105	106	1
9	14	1
18	19	1
50	50	2
132	136	2
132	132	1
9	13	1
4	5	1
12	12	1
91	98	1
109	130	2
72	88	1
70	70	1
36	39	1
54	63	1
